#list of inequivalent Hadamard difference sets in order 4, 16, and 36 groups
#organized by group size, entry format is [ [groupsize, groupnumber], [differencesets] ]


DifSets4 := [
[ [ 4, 1 ], [ [ 1 ] ] ],
[ [ 4, 2 ], [ [ 1 ] ] ]
];


DifSets16 := [
[ [ 16, 1 ], [  ] ],
[ [ 16, 2 ], [ [ 1, 2, 3, 4, 8, 15 ], [ 1, 2, 3, 4, 10, 14 ], 
  [ 1, 2, 3, 8, 9, 11 ] ] ],
[ [ 16, 3 ], [ [ 1, 2, 3, 4, 8, 15 ], [ 1, 2, 3, 4, 10, 14 ], 
  [ 1, 2, 3, 5, 7, 15 ], [ 1, 2, 3, 7, 10, 11 ] ] ],
[ [ 16, 4 ], [ [ 1, 2, 3, 4, 8, 15 ], [ 1, 2, 3, 4, 10, 14 ], 
  [ 1, 2, 3, 5, 7, 15 ] ] ],
[ [ 16, 5 ], [ [ 1, 2, 3, 4, 8, 15 ], [ 1, 2, 3, 4, 11, 13 ] ] ],
[ [ 16, 6 ], [ [ 1, 2, 3, 4, 8, 15 ], [ 1, 2, 3, 8, 9, 11 ] ] ],
[ [ 16, 7 ], [  ] ],
[ [ 16, 8 ], [ [ 1, 2, 3, 4, 7, 10 ], [ 1, 2, 3, 4, 10, 14 ] ] ],
[ [ 16, 9 ], [ [ 1, 2, 3, 4, 7, 10 ], [ 1, 2, 3, 4, 8, 9 ] ] ],
[ [ 16, 10 ], [ [ 1, 2, 3, 4, 5, 16 ], [ 1, 2, 3, 4, 8, 15 ] ] ],
[ [ 16, 11 ], [ [ 1, 2, 3, 4, 8, 15 ], [ 1, 2, 3, 5, 7, 15 ] ] ],
[ [ 16, 12 ], [ [ 1, 2, 3, 4, 5, 12 ], [ 1, 2, 3, 4, 8, 15 ] ] ],
[ [ 16, 13 ], [ [ 1, 2, 3, 4, 5, 12 ], [ 1, 2, 3, 4, 8, 15 ] ] ],
[ [ 16, 14 ], [ [ 1, 2, 3, 4, 5, 16 ] ] ]
];


DifSets36 := [
[ [ 36, 1 ], [  ] ],
[ [ 36, 2 ], [  ] ],
[ [ 36, 3 ], [  ] ],
[ [ 36, 4 ], [  ] ],
[ [ 36, 5 ], [  ] ],
[ [ 36, 6 ], [ [ 1, 4, 9, 11, 13, 14, 20, 21, 22, 25, 28, 33, 34, 35, 36 ], 
  [ 1, 4, 8, 11, 16, 18, 24, 25, 27, 29, 30, 31, 32, 33, 36 ], 
  [ 1, 4, 6, 11, 14, 16, 25, 27, 28, 29, 30, 31, 33, 34, 36 ], 
  [ 1, 4, 6, 9, 11, 13, 16, 20, 21, 22, 27, 28, 34, 35, 36 ], 
  [ 1, 3, 4, 8, 9, 12, 14, 19, 23, 24, 26, 27, 28, 29, 35 ], 
  [ 1, 3, 4, 6, 9, 12, 13, 18, 22, 23, 24, 25, 26, 28, 30 ] ] ],
[ [ 36, 7 ], [ [ 1, 3, 11, 12, 13, 16, 20, 22, 23, 26, 27, 33, 34, 35, 36 ] 
 ] ],
[ [ 36, 8 ], [ [ 1, 5, 9, 10, 12, 14, 19, 21, 22, 24, 28, 32, 34, 35, 36 ], 
  [ 1, 5, 7, 10, 15, 17, 24, 25, 26, 29, 30, 31, 32, 33, 36 ], 
  [ 1, 5, 7, 9, 10, 12, 15, 19, 21, 22, 24, 25, 33, 35, 36 ], 
  [ 1, 5, 6, 9, 10, 12, 15, 18, 19, 21, 22, 26, 27, 33, 35 ] ] ],
[ [ 36, 9 ], [ [ 1, 2, 3, 4, 6, 8, 11, 14, 18, 25, 26, 29, 30, 32, 36 ], 
  [ 1, 2, 3, 4, 6, 11, 14, 15, 17, 25, 26, 29, 30, 33, 34 ], 
  [ 1, 2, 3, 4, 11, 14, 17, 24, 25, 29, 30, 32, 33, 34, 36 ], 
  [ 1, 2, 4, 6, 9, 10, 11, 14, 15, 17, 25, 26, 33, 34, 35 ], 
  [ 1, 2, 4, 6, 9, 10, 11, 15, 17, 24, 26, 32, 34, 35, 36 ] ] ],
[ [ 36, 10 ], [ [ 1, 3, 4, 5, 6, 9, 16, 19, 22, 23, 25, 27, 31, 34, 36 ], 
  [ 1, 3, 5, 6, 9, 11, 12, 16, 19, 23, 27, 31, 32, 33, 34 ], 
  [ 1, 2, 4, 5, 6, 7, 16, 19, 22, 23, 25, 29, 31, 35, 36 ], 
  [ 1, 2, 4, 5, 7, 15, 16, 19, 22, 23, 24, 29, 31, 33, 35 ], 
  [ 1, 2, 3, 4, 5, 11, 12, 17, 22, 24, 29, 30, 32, 34, 36 ], 
  [ 1, 2, 3, 4, 5, 11, 12, 20, 22, 24, 27, 28, 32, 35, 36 ] ] ],
[ [ 36, 11 ], [ [ 1, 3, 4, 5, 6, 8, 10, 13, 14, 19, 24, 26, 27, 32, 35 ], 
  [ 1, 3, 4, 5, 6, 8, 10, 14, 19, 20, 23, 24, 26, 32, 34 ], 
  [ 1, 3, 4, 6, 8, 9, 10, 12, 14, 16, 20, 24, 25, 31, 36 ] ] ],
[ [ 36, 12 ], [ [ 1, 3, 11, 12, 13, 16, 20, 22, 23, 26, 27, 33, 34, 35, 36 ], 
  [ 1, 3, 8, 12, 17, 18, 24, 27, 28, 29, 30, 31, 32, 34, 36 ], 
  [ 1, 3, 7, 12, 16, 17, 26, 27, 28, 29, 30, 31, 33, 34, 36 ], 
  [ 1, 3, 7, 11, 12, 13, 17, 20, 22, 23, 26, 28, 33, 35, 36 ], 
  [ 1, 3, 4, 8, 10, 11, 16, 19, 21, 24, 25, 26, 28, 29, 35 ], 
  [ 1, 3, 4, 7, 10, 11, 13, 18, 21, 23, 24, 25, 26, 27, 31 ] ] ],
[ [ 36, 13 ], [ [ 1, 3, 11, 12, 13, 16, 20, 22, 23, 26, 27, 33, 34, 35, 36 ] 
 ] ],
[ [ 36, 14 ], [ [ 1, 3, 11, 12, 13, 16, 20, 22, 23, 26, 27, 33, 34, 35, 36 ], 
  [ 1, 3, 8, 12, 17, 18, 24, 27, 28, 29, 30, 31, 32, 34, 36 ], 
  [ 1, 3, 7, 11, 12, 13, 15, 17, 20, 22, 23, 25, 28, 32, 35 ] ] ]
];