## Group: [96, 167]
## Difference Sets: 56
## Time:  0:06:23.447

return [
[ 1, 6, 10, 16, 22, 33, 40, 41, 44, 57, 60, 61, 63, 65, 68, 70, 73, 74, 83, 
  96 ],
[ 1, 6, 10, 16, 22, 33, 40, 41, 44, 56, 57, 63, 65, 68, 70, 73, 78, 79, 83, 
  94 ],
[ 1, 6, 10, 16, 22, 33, 40, 41, 42, 44, 47, 57, 60, 61, 65, 74, 83, 85, 88, 
  96 ],
[ 1, 6, 10, 16, 22, 33, 40, 41, 42, 44, 47, 56, 57, 65, 78, 79, 83, 85, 88, 
  94 ],
[ 1, 6, 10, 16, 22, 33, 38, 40, 41, 44, 46, 57, 60, 61, 65, 74, 83, 86, 89, 
  96 ],
[ 1, 6, 10, 16, 22, 33, 38, 40, 41, 44, 46, 56, 57, 65, 78, 79, 83, 86, 89, 
  94 ],
[ 1, 6, 10, 16, 20, 22, 33, 40, 41, 44, 57, 60, 61, 65, 67, 71, 74, 83, 95, 
  96 ],
[ 1, 6, 10, 16, 20, 22, 33, 40, 41, 44, 56, 57, 65, 67, 71, 78, 79, 83, 94, 
  95 ],
[ 1, 6, 7, 22, 23, 33, 40, 44, 49, 52, 53, 56, 58, 61, 68, 70, 73, 85, 87, 96 
 ],
[ 1, 6, 7, 22, 23, 33, 40, 42, 44, 47, 49, 58, 60, 64, 74, 78, 80, 86, 88, 94 
 ],
[ 1, 6, 7, 22, 23, 33, 35, 40, 44, 52, 54, 56, 57, 60, 68, 70, 73, 86, 92, 96 
 ],
[ 1, 6, 7, 22, 23, 33, 35, 38, 40, 44, 46, 54, 57, 63, 79, 82, 84, 89, 90, 92 
 ],
[ 1, 6, 7, 22, 23, 25, 33, 40, 44, 57, 61, 63, 65, 68, 70, 73, 74, 78, 92, 94 
 ],
[ 1, 6, 7, 22, 23, 25, 33, 40, 44, 56, 57, 60, 63, 65, 68, 70, 73, 79, 92, 96 
 ],
[ 1, 6, 7, 22, 23, 25, 33, 40, 44, 52, 57, 63, 65, 68, 70, 73, 82, 84, 90, 92 
 ],
[ 1, 6, 7, 22, 23, 25, 33, 40, 42, 44, 47, 57, 61, 65, 74, 78, 85, 88, 92, 94 
 ],
[ 1, 6, 7, 22, 23, 25, 33, 40, 42, 44, 47, 56, 57, 60, 65, 79, 85, 88, 92, 96 
 ],
[ 1, 6, 7, 22, 23, 25, 33, 38, 40, 44, 46, 52, 57, 65, 82, 84, 86, 89, 90, 92 
 ],
[ 1, 6, 7, 12, 14, 22, 23, 27, 30, 43, 47, 49, 51, 54, 57, 62, 63, 67, 87, 89 
 ],
[ 1, 6, 7, 12, 14, 22, 23, 27, 30, 42, 43, 46, 49, 51, 54, 57, 62, 68, 87, 95 
 ],
[ 1, 6, 7, 12, 14, 22, 23, 27, 30, 38, 43, 49, 51, 54, 57, 62, 71, 73, 85, 87 
 ],
[ 1, 6, 7, 12, 14, 22, 23, 27, 28, 30, 33, 43, 47, 51, 63, 67, 75, 80, 87, 89 
 ],
[ 1, 6, 7, 12, 14, 22, 23, 27, 28, 30, 33, 42, 43, 46, 51, 68, 75, 80, 87, 95 
 ],
[ 1, 6, 7, 12, 14, 22, 23, 25, 27, 30, 32, 38, 43, 51, 71, 73, 76, 83, 85, 87 
 ],
[ 1, 5, 6, 12, 16, 22, 27, 30, 41, 43, 46, 47, 49, 51, 54, 57, 62, 63, 72, 95 
 ],
[ 1, 5, 6, 12, 16, 22, 27, 30, 41, 42, 43, 49, 51, 54, 57, 62, 67, 68, 72, 89 
 ],
[ 1, 5, 6, 12, 16, 22, 27, 30, 38, 41, 43, 49, 51, 54, 57, 62, 70, 71, 72, 88 
 ],
[ 1, 5, 6, 12, 16, 22, 27, 28, 30, 33, 41, 43, 46, 47, 51, 63, 72, 75, 80, 95 
 ],
[ 1, 5, 6, 12, 16, 22, 27, 28, 30, 33, 41, 42, 43, 51, 67, 68, 72, 75, 80, 89 
 ],
[ 1, 5, 6, 12, 16, 22, 27, 28, 30, 33, 38, 41, 43, 51, 70, 71, 72, 75, 80, 88 
 ],
[ 1, 5, 6, 12, 16, 22, 25, 27, 30, 32, 41, 43, 46, 47, 51, 63, 72, 76, 83, 95 
 ],
[ 1, 5, 6, 12, 16, 22, 25, 27, 30, 32, 41, 42, 43, 51, 67, 68, 72, 76, 83, 89 
 ],
[ 1, 5, 6, 12, 16, 22, 25, 27, 30, 32, 38, 41, 43, 51, 70, 71, 72, 76, 83, 88 
 ],
[ 1, 5, 6, 12, 16, 20, 22, 27, 30, 41, 43, 49, 51, 54, 57, 62, 72, 73, 85, 86 
 ],
[ 1, 5, 6, 12, 16, 20, 22, 27, 28, 30, 33, 41, 43, 51, 72, 73, 75, 80, 85, 86 
 ],
[ 1, 5, 6, 12, 16, 20, 22, 25, 27, 30, 32, 41, 43, 51, 72, 73, 76, 83, 85, 86 
 ],
[ 1, 5, 6, 10, 14, 16, 33, 41, 44, 57, 65, 68, 73, 78, 79, 81, 82, 83, 86, 89 
 ],
[ 1, 5, 6, 10, 14, 16, 33, 41, 44, 47, 57, 65, 71, 78, 79, 81, 82, 83, 88, 95 
 ],
[ 1, 5, 6, 10, 14, 16, 33, 38, 41, 44, 46, 57, 60, 61, 63, 65, 70, 83, 90, 91 
 ],
[ 1, 5, 6, 10, 14, 16, 20, 33, 41, 42, 44, 57, 60, 61, 65, 67, 83, 85, 90, 91 
 ],
[ 1, 2, 6, 9, 12, 16, 22, 30, 40, 41, 47, 53, 54, 57, 58, 63, 70, 72, 87, 88 ],
[ 1, 2, 6, 9, 12, 16, 22, 30, 40, 41, 42, 53, 54, 57, 58, 68, 72, 73, 85, 87 ],
[ 1, 2, 6, 9, 12, 16, 22, 30, 38, 40, 41, 46, 53, 54, 57, 58, 71, 72, 87, 95 ],
[ 1, 2, 6, 9, 12, 16, 22, 30, 32, 33, 40, 41, 47, 63, 70, 72, 75, 76, 87, 88 ],
[ 1, 2, 6, 9, 12, 16, 22, 30, 32, 33, 40, 41, 43, 49, 64, 68, 71, 73, 92, 95 ],
[ 1, 2, 6, 9, 12, 16, 22, 30, 32, 33, 38, 40, 41, 46, 71, 72, 75, 76, 87, 95 ],
[ 1, 2, 6, 9, 12, 16, 20, 22, 30, 40, 41, 53, 54, 57, 58, 67, 72, 86, 87, 89 ],
[ 1, 2, 6, 9, 12, 16, 20, 22, 30, 32, 33, 40, 41, 67, 72, 75, 76, 86, 87, 89 ],
[ 1, 2, 5, 6, 9, 12, 14, 16, 30, 41, 43, 47, 53, 54, 57, 58, 63, 64, 70, 88 ],
[ 1, 2, 5, 6, 9, 12, 14, 16, 30, 41, 42, 43, 53, 54, 57, 58, 64, 68, 73, 85 ],
[ 1, 2, 5, 6, 9, 12, 14, 16, 30, 38, 41, 43, 46, 53, 54, 57, 58, 64, 71, 95 ],
[ 1, 2, 5, 6, 9, 12, 14, 16, 30, 32, 33, 41, 49, 68, 71, 72, 73, 87, 92, 95 ],
[ 1, 2, 5, 6, 9, 12, 14, 16, 30, 32, 33, 41, 47, 49, 72, 86, 87, 88, 89, 92 ],
[ 1, 2, 5, 6, 9, 12, 14, 16, 30, 32, 33, 38, 41, 43, 46, 64, 71, 75, 76, 95 ],
[ 1, 2, 5, 6, 9, 12, 14, 16, 20, 30, 41, 43, 53, 54, 57, 58, 64, 67, 86, 89 ],
[ 1, 2, 5, 6, 9, 12, 14, 16, 20, 30, 32, 33, 41, 49, 63, 67, 70, 72, 87, 92 ]
];

