## Group: [96, 151]
## Difference Sets: 36
## Time:  7:08:00.567

return [
[ 1, 5, 6, 11, 20, 22, 26, 37, 40, 44, 49, 55, 56, 61, 69, 72, 73, 82, 86, 92 
 ],
[ 1, 5, 6, 11, 20, 22, 26, 37, 40, 41, 44, 45, 47, 49, 56, 77, 80, 84, 94, 95 
 ],
[ 1, 5, 6, 11, 20, 22, 26, 33, 37, 40, 41, 44, 45, 47, 49, 56, 58, 75, 78, 95 
 ],
[ 1, 5, 6, 11, 20, 22, 26, 33, 37, 39, 41, 44, 45, 48, 50, 56, 57, 75, 78, 95 
 ],
[ 1, 5, 6, 11, 20, 22, 26, 32, 37, 40, 44, 45, 48, 49, 51, 53, 56, 58, 69, 87 
 ],
[ 1, 5, 6, 11, 20, 22, 26, 29, 37, 39, 41, 44, 45, 62, 73, 74, 77, 80, 82, 87 
 ],
[ 1, 5, 6, 11, 20, 22, 26, 29, 34, 37, 39, 44, 47, 55, 66, 69, 72, 74, 92, 94 
 ],
[ 1, 5, 6, 11, 20, 22, 26, 29, 32, 37, 39, 41, 44, 45, 53, 58, 73, 74, 87, 90 
 ],
[ 1, 5, 6, 11, 20, 22, 26, 29, 30, 37, 39, 44, 47, 60, 66, 69, 72, 74, 75, 78 
 ],
[ 1, 5, 6, 11, 20, 22, 26, 29, 30, 33, 39, 41, 43, 50, 51, 54, 65, 72, 73, 86 
 ],
[ 1, 5, 6, 11, 20, 22, 26, 29, 30, 33, 37, 39, 47, 50, 51, 54, 69, 70, 72, 86 
 ],
[ 1, 5, 6, 11, 20, 22, 26, 28, 40, 41, 44, 45, 47, 50, 59, 62, 64, 87, 92, 93 
 ],
[ 1, 5, 6, 11, 20, 22, 26, 28, 40, 41, 44, 45, 47, 50, 54, 57, 60, 64, 87, 90 
 ],
[ 1, 5, 6, 11, 20, 22, 26, 28, 37, 40, 44, 48, 55, 61, 72, 74, 83, 86, 88, 91 
 ],
[ 1, 5, 6, 11, 20, 22, 26, 28, 34, 40, 44, 50, 64, 66, 69, 72, 73, 77, 79, 83 
 ],
[ 1, 5, 6, 11, 20, 22, 25, 27, 29, 40, 44, 45, 48, 49, 57, 60, 65, 66, 69, 76 
 ],
[ 1, 5, 6, 11, 20, 22, 25, 27, 28, 40, 44, 45, 48, 50, 58, 60, 65, 66, 69, 75 
 ],
[ 1, 5, 6, 11, 20, 22, 24, 26, 29, 30, 33, 40, 47, 54, 64, 66, 68, 70, 72, 76 
 ],
[ 1, 5, 6, 11, 20, 22, 24, 25, 32, 40, 44, 45, 48, 54, 56, 58, 65, 66, 69, 75 
 ],
[ 1, 5, 6, 11, 20, 22, 23, 26, 30, 37, 40, 41, 44, 49, 56, 60, 66, 72, 76, 78 
 ],
[ 1, 5, 6, 11, 20, 22, 23, 25, 28, 30, 32, 40, 41, 44, 50, 54, 65, 72, 87, 90 
 ],
[ 1, 5, 6, 11, 20, 22, 23, 24, 25, 29, 40, 41, 44, 61, 77, 80, 83, 85, 87, 89 
 ],
[ 1, 5, 6, 11, 20, 22, 23, 24, 25, 29, 33, 40, 41, 44, 53, 57, 85, 87, 89, 90 
 ],
[ 1, 5, 6, 11, 20, 22, 23, 24, 25, 27, 30, 40, 41, 44, 56, 60, 65, 72, 87, 90 
 ],
[ 1, 5, 6, 11, 19, 20, 22, 26, 29, 32, 49, 53, 58, 65, 66, 67, 69, 72, 73, 75 
 ],
[ 1, 5, 6, 11, 19, 20, 22, 26, 29, 32, 39, 41, 53, 58, 65, 66, 72, 73, 74, 90 
 ],
[ 1, 5, 6, 11, 19, 20, 22, 25, 29, 32, 37, 40, 48, 49, 51, 54, 69, 72, 81, 87 
 ],
[ 1, 5, 6, 11, 19, 20, 22, 23, 24, 25, 29, 40, 41, 61, 64, 66, 71, 77, 80, 83 
 ],
[ 1, 5, 6, 11, 16, 20, 22, 26, 37, 44, 47, 55, 56, 61, 69, 72, 74, 86, 92, 94 
 ],
[ 1, 5, 6, 11, 16, 20, 22, 26, 37, 41, 44, 45, 56, 73, 74, 77, 80, 82, 84, 95 
 ],
[ 1, 5, 6, 11, 16, 20, 22, 26, 33, 37, 44, 45, 48, 51, 56, 57, 68, 74, 78, 95 
 ],
[ 1, 5, 6, 11, 16, 20, 22, 26, 30, 33, 37, 41, 44, 45, 56, 73, 74, 75, 78, 95 
 ],
[ 1, 5, 6, 11, 16, 20, 22, 24, 26, 28, 34, 44, 47, 59, 64, 66, 69, 72, 77, 79 
 ],
[ 1, 5, 6, 11, 16, 20, 22, 24, 26, 27, 28, 32, 44, 47, 57, 64, 66, 69, 72, 75 
 ],
[ 1, 5, 6, 11, 12, 20, 22, 26, 28, 37, 40, 44, 48, 51, 53, 72, 74, 81, 86, 88 
 ],
[ 1, 5, 6, 11, 12, 16, 20, 22, 26, 37, 44, 47, 53, 56, 58, 69, 72, 74, 86, 90 
 ]
];

