## Group: [96, 169]
## Difference Sets: 8
## Time:  0:13:48.040

return [
[ 1, 6, 7, 22, 23, 28, 33, 35, 40, 44, 47, 54, 60, 68, 74, 76, 78, 82, 85, 89 
 ],
[ 1, 6, 7, 22, 23, 28, 33, 35, 40, 44, 46, 54, 63, 67, 71, 74, 76, 82, 84, 93 
 ],
[ 1, 6, 7, 22, 23, 28, 33, 35, 40, 42, 44, 54, 56, 60, 73, 76, 78, 86, 88, 91 
 ],
[ 1, 6, 7, 22, 23, 28, 33, 35, 40, 42, 44, 46, 54, 61, 67, 76, 79, 81, 86, 96 
 ],
[ 1, 6, 7, 22, 23, 28, 31, 33, 35, 40, 44, 52, 54, 63, 71, 73, 76, 88, 90, 94 
 ],
[ 1, 6, 7, 22, 23, 28, 31, 33, 35, 40, 44, 47, 52, 54, 68, 70, 76, 81, 95, 96 
 ],
[ 1, 6, 7, 20, 22, 23, 28, 33, 35, 38, 40, 44, 54, 61, 76, 79, 85, 89, 90, 94 
 ],
[ 1, 6, 7, 20, 22, 23, 28, 33, 35, 38, 40, 44, 54, 56, 70, 76, 84, 91, 93, 95 
 ]
];

