## Group: [96, 188]
## Difference Sets: 52
## Time:  0:02:28.819

return [
[ 1, 3, 8, 13, 15, 18, 23, 24, 26, 30, 35, 38, 44, 46, 50, 53, 54, 84, 89, 95 
 ],
[ 1, 3, 8, 11, 24, 27, 34, 37, 38, 39, 43, 45, 46, 48, 64, 77, 78, 79, 85, 89 
 ],
[ 1, 3, 8, 11, 13, 18, 24, 27, 34, 39, 43, 45, 48, 64, 68, 77, 78, 79, 85, 89 
 ],
[ 1, 3, 8, 9, 13, 15, 20, 23, 26, 43, 46, 50, 51, 53, 54, 63, 67, 72, 84, 86 ],
[ 1, 3, 8, 9, 13, 15, 20, 23, 26, 42, 46, 50, 51, 53, 54, 64, 67, 71, 84, 87 ],
[ 1, 3, 8, 9, 13, 15, 17, 18, 23, 26, 29, 38, 46, 51, 53, 54, 65, 89, 93, 95 ],
[ 1, 3, 8, 9, 11, 27, 34, 37, 38, 39, 43, 45, 46, 48, 59, 60, 61, 64, 85, 89 ],
[ 1, 3, 8, 9, 11, 13, 18, 27, 34, 39, 43, 45, 48, 59, 60, 61, 64, 68, 85, 89 ],
[ 1, 3, 7, 8, 13, 16, 25, 30, 32, 34, 35, 36, 37, 42, 52, 60, 64, 70, 77, 88 ],
[ 1, 3, 7, 8, 13, 16, 24, 25, 29, 32, 34, 36, 37, 61, 65, 71, 87, 88, 89, 93 ],
[ 1, 3, 7, 8, 13, 16, 24, 25, 26, 36, 42, 45, 47, 59, 60, 65, 72, 79, 80, 85 ],
[ 1, 3, 7, 8, 13, 16, 24, 25, 26, 29, 36, 43, 45, 47, 51, 59, 65, 71, 80, 85 ],
[ 1, 3, 7, 8, 13, 16, 19, 25, 35, 36, 42, 43, 51, 52, 53, 55, 59, 60, 73, 85 ],
[ 1, 3, 7, 8, 13, 16, 19, 24, 25, 29, 36, 53, 55, 65, 71, 72, 73, 79, 84, 95 ],
[ 1, 3, 7, 8, 13, 16, 17, 25, 31, 32, 34, 36, 37, 43, 51, 59, 63, 78, 85, 88 ],
[ 1, 3, 7, 8, 13, 16, 17, 19, 25, 30, 31, 36, 53, 55, 63, 64, 70, 73, 77, 78 ],
[ 1, 3, 7, 8, 11, 13, 16, 24, 25, 36, 42, 60, 61, 62, 65, 66, 68, 70, 77, 87 ],
[ 1, 3, 7, 8, 11, 13, 16, 24, 25, 29, 36, 37, 61, 62, 64, 65, 70, 71, 88, 93 ],
[ 1, 3, 7, 8, 11, 13, 16, 24, 25, 29, 30, 36, 62, 64, 65, 66, 68, 70, 71, 77 ],
[ 1, 3, 7, 8, 10, 13, 16, 18, 19, 24, 26, 50, 61, 62, 64, 65, 84, 85, 86, 88 ],
[ 1, 3, 7, 8, 10, 11, 13, 16, 18, 24, 45, 63, 65, 68, 70, 72, 77, 78, 79, 80 ],
[ 1, 3, 7, 8, 10, 11, 13, 16, 18, 24, 37, 43, 50, 65, 70, 73, 79, 80, 86, 93 ],
[ 1, 3, 7, 8, 9, 13, 16, 25, 26, 36, 44, 45, 47, 61, 63, 70, 77, 78, 80, 87 ],
[ 1, 3, 7, 8, 9, 13, 16, 25, 26, 30, 36, 44, 45, 47, 50, 64, 70, 77, 80, 86 ],
[ 1, 3, 7, 8, 9, 13, 16, 19, 25, 26, 36, 44, 50, 61, 64, 70, 73, 80, 86, 93 ],
[ 1, 3, 7, 8, 9, 13, 16, 19, 25, 26, 30, 36, 44, 63, 70, 73, 78, 80, 87, 93 ],
[ 1, 3, 7, 8, 9, 11, 13, 16, 25, 36, 44, 59, 62, 63, 66, 68, 72, 78, 79, 85 ],
[ 1, 3, 7, 8, 9, 10, 11, 13, 16, 18, 42, 44, 45, 59, 60, 61, 68, 80, 85, 87 ],
[ 1, 3, 6, 8, 13, 20, 24, 26, 29, 30, 41, 43, 46, 53, 54, 63, 67, 72, 86, 93 ],
[ 1, 3, 6, 8, 13, 20, 24, 26, 29, 30, 41, 42, 46, 53, 54, 64, 67, 71, 87, 93 ],
[ 1, 3, 6, 8, 13, 17, 18, 24, 26, 30, 38, 41, 46, 50, 53, 54, 65, 84, 89, 95 ],
[ 1, 3, 6, 8, 9, 13, 18, 26, 29, 35, 38, 41, 44, 46, 51, 53, 54, 89, 93, 95 ],
[ 1, 3, 4, 8, 13, 15, 23, 26, 29, 36, 43, 46, 52, 53, 54, 61, 63, 72, 86, 93 ],
[ 1, 3, 4, 8, 13, 15, 23, 26, 29, 36, 42, 46, 52, 53, 54, 61, 64, 71, 87, 93 ],
[ 1, 3, 4, 8, 13, 15, 23, 26, 29, 35, 36, 46, 52, 53, 54, 61, 65, 70, 89, 93 ],
[ 1, 3, 4, 8, 13, 15, 17, 23, 26, 29, 36, 44, 46, 52, 53, 54, 61, 85, 93, 95 ],
[ 1, 3, 4, 8, 10, 13, 21, 24, 27, 33, 37, 47, 50, 63, 65, 69, 72, 79, 89, 93 ],
[ 1, 3, 4, 8, 10, 13, 21, 24, 27, 33, 37, 43, 47, 50, 65, 69, 70, 79, 86, 93 ],
[ 1, 3, 4, 8, 9, 10, 13, 21, 27, 29, 33, 37, 47, 61, 63, 65, 69, 72, 84, 89 ],
[ 1, 3, 4, 8, 9, 10, 13, 21, 27, 29, 33, 37, 43, 47, 61, 65, 69, 70, 84, 86 ],
[ 1, 2, 8, 12, 13, 14, 17, 18, 24, 27, 41, 48, 50, 64, 68, 71, 73, 79, 85, 93 
 ],
[ 1, 2, 8, 12, 13, 14, 15, 18, 24, 27, 42, 44, 48, 68, 73, 77, 78, 79, 85, 87 
 ],
[ 1, 2, 8, 12, 13, 14, 15, 18, 24, 27, 37, 42, 44, 48, 51, 73, 78, 85, 87, 93 
 ],
[ 1, 2, 8, 12, 13, 14, 15, 17, 18, 24, 27, 48, 64, 68, 71, 73, 77, 78, 79, 85 
 ],
[ 1, 2, 5, 8, 12, 13, 17, 18, 24, 27, 41, 43, 47, 51, 69, 77, 78, 85, 86, 88 ],
[ 1, 2, 5, 8, 12, 13, 17, 18, 24, 27, 39, 41, 43, 47, 50, 51, 85, 86, 88, 93 ],
[ 1, 2, 5, 8, 12, 13, 15, 18, 24, 27, 44, 47, 50, 51, 63, 69, 72, 85, 88, 93 ],
[ 1, 2, 5, 8, 12, 13, 15, 17, 18, 24, 27, 43, 47, 50, 51, 69, 85, 86, 88, 93 ],
[ 1, 2, 4, 8, 12, 14, 21, 24, 27, 35, 36, 41, 43, 47, 50, 70, 79, 86, 88, 93 ],
[ 1, 2, 4, 8, 12, 14, 15, 21, 24, 27, 35, 36, 43, 47, 70, 77, 78, 79, 86, 88 ],
[ 1, 2, 4, 8, 12, 14, 15, 19, 24, 27, 36, 44, 48, 51, 64, 66, 71, 78, 93, 95 ],
[ 1, 2, 4, 8, 12, 14, 15, 19, 21, 24, 27, 36, 44, 50, 51, 64, 66, 71, 77, 95 ]
];

