## Group: [96, 177]
## Difference Sets: 16
## Time:  0:01:48.672

return [
[ 1, 4, 7, 17, 19, 28, 35, 43, 46, 52, 54, 56, 62, 63, 64, 71, 75, 88, 93, 94 
 ],
[ 1, 4, 7, 17, 19, 28, 35, 43, 46, 52, 53, 54, 56, 63, 64, 71, 83, 84, 88, 96 
 ],
[ 1, 4, 7, 17, 19, 28, 35, 42, 43, 46, 54, 57, 61, 64, 78, 80, 81, 86, 88, 91 
 ],
[ 1, 4, 7, 17, 19, 28, 35, 38, 43, 47, 52, 54, 56, 57, 64, 80, 84, 85, 89, 96 
 ],
[ 1, 4, 7, 17, 19, 28, 32, 35, 43, 52, 54, 56, 63, 64, 67, 71, 73, 92, 93, 94 
 ],
[ 1, 4, 7, 17, 19, 28, 32, 35, 42, 43, 46, 54, 64, 78, 79, 81, 82, 86, 88, 92 
 ],
[ 1, 4, 7, 17, 19, 28, 31, 35, 43, 54, 57, 63, 64, 67, 71, 73, 74, 80, 93, 94 
 ],
[ 1, 4, 7, 17, 19, 28, 31, 35, 42, 43, 54, 57, 64, 67, 73, 74, 78, 80, 81, 86 
 ],
[ 1, 4, 7, 17, 19, 28, 31, 35, 38, 43, 47, 54, 62, 64, 70, 74, 75, 84, 95, 96 
 ],
[ 1, 4, 7, 17, 19, 28, 31, 35, 38, 43, 47, 53, 54, 64, 70, 74, 83, 93, 94, 95 
 ],
[ 1, 4, 7, 17, 19, 28, 31, 32, 35, 42, 43, 54, 60, 64, 67, 73, 74, 86, 90, 92 
 ],
[ 1, 4, 7, 17, 19, 28, 31, 32, 35, 38, 43, 47, 54, 64, 74, 84, 85, 89, 92, 96 
 ],
[ 1, 4, 7, 17, 19, 25, 28, 35, 38, 43, 47, 53, 56, 57, 64, 79, 84, 85, 89, 90 
 ],
[ 1, 4, 7, 17, 19, 25, 28, 31, 35, 38, 43, 47, 64, 70, 78, 80, 83, 91, 94, 95 
 ],
[ 1, 4, 7, 17, 19, 25, 28, 31, 35, 38, 43, 47, 62, 64, 70, 84, 90, 91, 92, 95 
 ],
[ 1, 4, 7, 17, 19, 25, 28, 31, 32, 35, 38, 43, 47, 64, 75, 84, 85, 89, 90, 91 
 ]
];

