## Group: [96, 135]
## Difference Sets: 12
## Time:  4:12:06.174

return [
[ 1, 5, 6, 10, 20, 21, 23, 25, 29, 32, 40, 43, 45, 49, 58, 64, 68, 78, 87, 90 
 ],
[ 1, 5, 6, 10, 16, 20, 21, 25, 43, 48, 50, 53, 56, 57, 60, 64, 66, 68, 72, 76 
 ],
[ 1, 5, 6, 10, 16, 20, 21, 25, 43, 47, 50, 55, 56, 59, 62, 64, 69, 71, 95, 96 
 ],
[ 1, 5, 6, 10, 16, 20, 21, 25, 28, 37, 44, 48, 50, 68, 71, 79, 84, 86, 92, 94 
 ],
[ 1, 5, 6, 10, 16, 20, 21, 25, 28, 37, 41, 44, 45, 50, 55, 62, 66, 73, 83, 96 
 ],
[ 1, 5, 6, 10, 16, 20, 21, 25, 27, 30, 33, 41, 43, 50, 56, 64, 73, 86, 89, 90 
 ],
[ 1, 5, 6, 10, 16, 20, 21, 24, 25, 28, 45, 48, 61, 68, 70, 82, 85, 87, 92, 93 
 ],
[ 1, 5, 6, 10, 16, 20, 21, 24, 25, 28, 34, 41, 59, 70, 71, 73, 80, 85, 95, 96 
 ],
[ 1, 5, 6, 10, 16, 20, 21, 23, 25, 43, 45, 50, 56, 64, 79, 82, 84, 87, 88, 92 
 ],
[ 1, 5, 6, 10, 16, 20, 21, 23, 25, 32, 43, 45, 50, 51, 56, 64, 78, 81, 87, 88 
 ],
[ 1, 5, 6, 10, 12, 20, 21, 25, 29, 40, 41, 43, 47, 49, 54, 64, 71, 76, 81, 95 
 ],
[ 1, 5, 6, 10, 12, 16, 20, 21, 25, 43, 47, 50, 54, 56, 58, 64, 69, 71, 75, 95 
 ]
];

