## Group: [96, 159]
## Difference Sets: 20
## Time:  2:44:19.846

return [
[ 1, 8, 9, 11, 13, 14, 16, 24, 27, 33, 39, 40, 42, 45, 48, 57, 67, 75, 88, 95 
 ],
[ 1, 8, 9, 11, 13, 14, 16, 24, 27, 33, 39, 40, 41, 42, 47, 67, 71, 81, 87, 90 
 ],
[ 1, 8, 9, 11, 12, 13, 14, 16, 24, 39, 40, 42, 54, 57, 66, 67, 69, 73, 75, 89 
 ],
[ 1, 8, 9, 11, 12, 13, 14, 16, 23, 24, 39, 40, 42, 54, 67, 68, 72, 81, 86, 90 
 ],
[ 1, 4, 8, 11, 13, 14, 16, 24, 39, 40, 45, 53, 56, 57, 60, 66, 67, 69, 73, 76 
 ],
[ 1, 4, 8, 11, 13, 14, 16, 24, 32, 39, 40, 45, 48, 56, 58, 66, 67, 75, 78, 88 
 ],
[ 1, 4, 8, 11, 13, 14, 16, 24, 27, 33, 39, 40, 41, 47, 56, 57, 67, 76, 89, 95 
 ],
[ 1, 4, 8, 11, 13, 14, 16, 24, 27, 30, 33, 39, 40, 48, 56, 67, 71, 86, 88, 90 
 ],
[ 1, 4, 8, 11, 12, 13, 14, 16, 24, 39, 40, 51, 54, 56, 67, 69, 71, 73, 81, 86 
 ],
[ 1, 4, 8, 11, 12, 13, 14, 16, 23, 24, 39, 40, 54, 56, 58, 67, 68, 75, 89, 95 
 ],
[ 1, 4, 8, 10, 13, 16, 24, 27, 29, 32, 38, 39, 40, 41, 67, 72, 73, 75, 81, 87 
 ],
[ 1, 4, 8, 10, 12, 13, 16, 23, 24, 29, 38, 39, 40, 53, 57, 67, 72, 87, 88, 90 
 ],
[ 1, 3, 4, 8, 11, 13, 16, 25, 27, 31, 48, 54, 57, 64, 65, 66, 67, 71, 81, 88 ],
[ 1, 3, 4, 8, 11, 13, 16, 25, 27, 31, 45, 54, 57, 64, 65, 67, 69, 73, 81, 86 ],
[ 1, 3, 4, 8, 11, 13, 16, 25, 27, 31, 41, 47, 54, 57, 64, 65, 67, 72, 81, 95 ],
[ 1, 3, 4, 8, 11, 13, 16, 23, 25, 27, 31, 54, 57, 64, 65, 67, 68, 81, 87, 89 ],
[ 1, 3, 4, 8, 11, 13, 16, 21, 25, 27, 31, 45, 54, 65, 68, 69, 70, 75, 89, 90 ],
[ 1, 3, 4, 8, 11, 13, 16, 21, 23, 25, 27, 31, 54, 65, 70, 73, 75, 86, 87, 90 ],
[ 1, 3, 4, 8, 10, 11, 13, 16, 27, 44, 45, 46, 48, 52, 54, 57, 64, 71, 73, 81 ],
[ 1, 3, 4, 8, 10, 11, 13, 16, 27, 41, 44, 46, 52, 54, 57, 64, 68, 81, 87, 95 ]
];

