## Group: [96, 175]
## Difference Sets: 8
## Time:  0:04:49.664

return [
[ 1, 6, 7, 22, 23, 33, 35, 40, 42, 44, 46, 49, 54, 58, 61, 67, 79, 86, 90, 94 
 ],
[ 1, 6, 7, 22, 23, 33, 35, 38, 40, 44, 46, 49, 54, 58, 61, 71, 81, 85, 91, 93 
 ],
[ 1, 6, 7, 22, 23, 31, 33, 35, 40, 44, 49, 52, 54, 58, 63, 71, 73, 81, 88, 96 
 ],
[ 1, 6, 7, 22, 23, 31, 33, 35, 40, 44, 47, 49, 54, 58, 70, 74, 78, 86, 88, 94 
 ],
[ 1, 6, 7, 22, 23, 31, 33, 35, 40, 44, 47, 49, 52, 54, 58, 68, 81, 85, 89, 96 
 ],
[ 1, 6, 7, 22, 23, 31, 33, 35, 40, 42, 44, 49, 54, 58, 68, 73, 74, 78, 94, 95 
 ],
[ 1, 6, 7, 22, 23, 25, 28, 33, 35, 40, 42, 44, 46, 49, 52, 61, 67, 81, 86, 90 
 ],
[ 1, 6, 7, 22, 23, 25, 28, 31, 33, 35, 38, 40, 44, 46, 49, 71, 74, 81, 85, 93 
 ]
];

