## Group: [96, 105]
## Difference Sets: 8
## Time:  5:17:26.833

return [
[ 1, 5, 6, 11, 20, 22, 26, 29, 32, 44, 45, 53, 58, 65, 66, 67, 69, 73, 74, 90 
 ],
[ 1, 5, 6, 11, 20, 22, 26, 29, 30, 41, 44, 47, 60, 65, 67, 72, 74, 75, 78, 87 
 ],
[ 1, 5, 6, 11, 20, 22, 23, 29, 33, 40, 41, 44, 50, 52, 57, 75, 78, 85, 87, 89 
 ],
[ 1, 5, 6, 11, 19, 20, 22, 26, 29, 32, 37, 39, 41, 49, 53, 58, 72, 73, 75, 87 
 ],
[ 1, 5, 6, 11, 19, 20, 22, 26, 29, 30, 37, 39, 45, 47, 49, 60, 66, 69, 78, 90 
 ],
[ 1, 5, 6, 11, 19, 20, 22, 23, 25, 29, 33, 40, 41, 50, 53, 57, 71, 75, 85, 87 
 ],
[ 1, 5, 6, 11, 12, 20, 22, 29, 40, 44, 48, 50, 52, 53, 66, 69, 71, 81, 85, 90 
 ],
[ 1, 5, 6, 11, 12, 19, 20, 22, 25, 29, 40, 48, 50, 66, 69, 78, 81, 85, 89, 90 
 ]
];

