## Group: [96, 171]
## Difference Sets: 16
## Time:  0:07:43.555

return [
[ 1, 6, 7, 22, 23, 33, 40, 44, 52, 53, 56, 58, 61, 63, 65, 68, 70, 73, 75, 91 
 ],
[ 1, 6, 7, 22, 23, 33, 40, 42, 44, 47, 58, 60, 65, 78, 80, 85, 88, 92, 94, 96 
 ],
[ 1, 6, 7, 22, 23, 33, 40, 42, 44, 47, 53, 58, 65, 75, 78, 81, 84, 85, 88, 96 
 ],
[ 1, 6, 7, 22, 23, 33, 38, 40, 44, 46, 56, 58, 61, 65, 74, 79, 80, 86, 89, 92 
 ],
[ 1, 6, 7, 22, 23, 31, 33, 40, 44, 52, 58, 63, 65, 68, 70, 73, 80, 82, 91, 92 
 ],
[ 1, 6, 7, 22, 23, 31, 33, 38, 40, 44, 46, 53, 58, 65, 74, 75, 79, 82, 86, 89 
 ],
[ 1, 6, 7, 22, 23, 28, 33, 40, 44, 47, 52, 54, 60, 64, 74, 82, 85, 88, 89, 92 
 ],
[ 1, 6, 7, 22, 23, 28, 33, 40, 44, 46, 52, 54, 61, 64, 82, 86, 88, 89, 92, 96 
 ],
[ 1, 6, 7, 22, 23, 28, 31, 33, 40, 44, 54, 63, 64, 68, 71, 73, 78, 90, 92, 94 
 ],
[ 1, 6, 7, 22, 23, 28, 31, 33, 40, 44, 54, 56, 63, 64, 67, 70, 73, 79, 90, 92 
 ],
[ 1, 6, 7, 22, 23, 28, 31, 33, 40, 44, 49, 54, 56, 63, 65, 68, 70, 73, 78, 90 
 ],
[ 1, 6, 7, 22, 23, 25, 28, 33, 40, 44, 61, 63, 65, 68, 70, 73, 76, 78, 82, 90 
 ],
[ 1, 6, 7, 16, 19, 22, 23, 25, 27, 30, 31, 40, 43, 62, 63, 65, 73, 83, 92, 96 
 ],
[ 1, 6, 7, 16, 19, 20, 22, 23, 27, 28, 30, 39, 44, 62, 65, 74, 80, 84, 92, 95 
 ],
[ 1, 6, 7, 16, 17, 19, 22, 23, 27, 30, 47, 53, 58, 60, 62, 65, 69, 85, 91, 92 
 ],
[ 1, 6, 7, 14, 16, 19, 22, 23, 27, 30, 46, 54, 57, 61, 62, 65, 72, 86, 90, 92 
 ]
];

