## Group: [96, 152]
## Difference Sets: 12
## Time:  4:16:20.206

return [
[ 1, 5, 6, 10, 20, 21, 26, 28, 39, 43, 47, 49, 55, 59, 65, 68, 72, 77, 84, 86 
 ],
[ 1, 5, 6, 10, 20, 21, 25, 29, 39, 41, 43, 45, 49, 61, 65, 66, 73, 80, 82, 91 
 ],
[ 1, 5, 6, 10, 20, 21, 25, 29, 34, 39, 43, 48, 49, 59, 65, 68, 71, 77, 86, 93 
 ],
[ 1, 5, 6, 10, 20, 21, 24, 26, 28, 39, 43, 47, 55, 59, 66, 68, 72, 84, 85, 91 
 ],
[ 1, 5, 6, 10, 20, 21, 24, 25, 29, 39, 41, 43, 45, 61, 73, 77, 80, 82, 85, 86 
 ],
[ 1, 5, 6, 10, 20, 21, 24, 25, 29, 34, 39, 43, 48, 59, 66, 68, 71, 85, 91, 93 
 ],
[ 1, 5, 6, 10, 20, 21, 24, 25, 29, 33, 39, 41, 43, 45, 53, 58, 73, 85, 86, 90 
 ],
[ 1, 5, 6, 10, 20, 21, 24, 25, 27, 29, 39, 43, 48, 60, 66, 68, 71, 76, 81, 85 
 ],
[ 1, 5, 6, 10, 20, 21, 23, 26, 28, 39, 41, 43, 49, 62, 65, 66, 79, 82, 89, 91 
 ],
[ 1, 5, 6, 10, 20, 21, 23, 24, 26, 28, 39, 41, 43, 62, 77, 79, 82, 85, 86, 89 
 ],
[ 1, 5, 6, 10, 20, 21, 23, 24, 26, 28, 32, 39, 41, 43, 54, 58, 85, 86, 89, 90 
 ],
[ 1, 5, 6, 10, 12, 20, 21, 24, 26, 28, 39, 43, 47, 66, 68, 72, 76, 78, 81, 85 
 ]
];

