## Group: [96, 197]
## Difference Sets: 72
## Time: 28:56:32.590

return [
[ 1, 10, 18, 21, 30, 32, 33, 37, 40, 41, 47, 51, 59, 62, 63, 65, 67, 70, 72, 
  77 ],
[ 1, 10, 18, 21, 30, 32, 33, 37, 40, 41, 42, 44, 47, 51, 59, 62, 67, 77, 85, 
  87 ],
[ 1, 10, 18, 21, 30, 32, 33, 35, 37, 40, 41, 43, 47, 51, 59, 62, 67, 77, 86, 
  89 ],
[ 1, 10, 17, 18, 21, 30, 32, 33, 37, 40, 41, 47, 51, 59, 62, 64, 67, 71, 77, 
  95 ],
[ 1, 10, 12, 14, 15, 18, 21, 30, 32, 34, 37, 38, 52, 59, 70, 73, 78, 85, 89, 
  95 ],
[ 1, 10, 12, 14, 15, 18, 21, 30, 32, 34, 37, 38, 43, 52, 59, 64, 72, 73, 78, 
  87 ],
[ 1, 10, 12, 14, 15, 18, 21, 30, 32, 34, 37, 38, 42, 52, 59, 63, 71, 73, 78, 
  86 ],
[ 1, 10, 12, 14, 15, 17, 18, 21, 30, 32, 34, 35, 37, 38, 44, 52, 59, 65, 73, 
  78 ],
[ 1, 9, 10, 18, 21, 24, 29, 32, 33, 37, 40, 41, 47, 50, 62, 63, 65, 67, 70, 
  72 ],
[ 1, 9, 10, 18, 21, 24, 29, 32, 33, 37, 40, 41, 42, 44, 47, 50, 62, 67, 85, 
  87 ],
[ 1, 9, 10, 18, 21, 24, 29, 32, 33, 35, 37, 40, 41, 43, 47, 50, 62, 67, 86, 
  89 ],
[ 1, 9, 10, 17, 18, 21, 24, 29, 32, 33, 37, 40, 41, 47, 50, 62, 64, 67, 71, 
  95 ],
[ 1, 9, 10, 12, 14, 15, 18, 21, 29, 32, 34, 37, 38, 70, 73, 79, 85, 89, 93, 
  95 ],
[ 1, 9, 10, 12, 14, 15, 18, 21, 29, 32, 34, 37, 38, 43, 64, 72, 73, 79, 87, 
  93 ],
[ 1, 9, 10, 12, 14, 15, 18, 21, 29, 32, 34, 37, 38, 42, 63, 71, 73, 79, 86, 
  93 ],
[ 1, 9, 10, 12, 14, 15, 17, 18, 21, 29, 32, 34, 35, 37, 38, 44, 65, 73, 79, 
  93 ],
[ 1, 6, 10, 11, 18, 22, 30, 37, 38, 48, 51, 54, 55, 59, 63, 70, 73, 77, 86, 
  89 ],
[ 1, 6, 10, 11, 18, 22, 30, 37, 38, 42, 48, 51, 54, 55, 59, 71, 73, 77, 85, 
  95 ],
[ 1, 6, 10, 11, 18, 22, 30, 35, 37, 38, 43, 48, 51, 54, 55, 59, 65, 72, 73, 
  77 ],
[ 1, 6, 10, 11, 17, 18, 22, 30, 37, 38, 44, 48, 51, 54, 55, 59, 64, 73, 77, 
  87 ],
[ 1, 6, 9, 10, 11, 18, 22, 24, 29, 37, 38, 48, 50, 54, 55, 63, 70, 73, 86, 89 
 ],
[ 1, 6, 9, 10, 11, 18, 22, 24, 29, 37, 38, 42, 48, 50, 54, 55, 71, 73, 85, 95 
 ],
[ 1, 6, 9, 10, 11, 18, 22, 24, 29, 35, 37, 38, 43, 48, 50, 54, 55, 65, 72, 73 
 ],
[ 1, 6, 9, 10, 11, 17, 18, 22, 24, 29, 37, 38, 44, 48, 50, 54, 55, 64, 73, 87 
 ],
[ 1, 5, 6, 18, 21, 38, 43, 47, 51, 52, 56, 59, 60, 63, 65, 66, 74, 82, 89, 91 
 ],
[ 1, 5, 6, 18, 21, 38, 42, 44, 47, 51, 52, 59, 60, 64, 66, 81, 90, 94, 95, 96 
 ],
[ 1, 5, 6, 18, 21, 38, 42, 44, 47, 51, 52, 57, 59, 60, 64, 66, 75, 83, 92, 95 
 ],
[ 1, 5, 6, 18, 21, 31, 37, 38, 43, 47, 49, 51, 52, 56, 58, 59, 63, 76, 86, 89 
 ],
[ 1, 5, 6, 18, 21, 29, 38, 50, 57, 63, 65, 66, 70, 73, 75, 79, 83, 84, 89, 96 
 ],
[ 1, 5, 6, 18, 21, 29, 38, 43, 50, 63, 65, 66, 72, 73, 75, 79, 81, 84, 94, 96 
 ],
[ 1, 5, 6, 18, 21, 29, 37, 47, 50, 63, 65, 67, 70, 72, 75, 81, 84, 92, 93, 94 
 ],
[ 1, 5, 6, 18, 21, 29, 37, 47, 50, 57, 63, 65, 67, 70, 72, 83, 84, 90, 93, 96 
 ],
[ 1, 5, 6, 18, 21, 29, 37, 47, 49, 50, 56, 63, 65, 67, 70, 72, 76, 82, 84, 93 
 ],
[ 1, 5, 6, 18, 21, 29, 37, 42, 44, 47, 50, 67, 75, 81, 84, 85, 87, 92, 93, 94 
 ],
[ 1, 5, 6, 18, 21, 29, 37, 42, 44, 47, 50, 57, 67, 83, 84, 85, 87, 90, 93, 96 
 ],
[ 1, 5, 6, 18, 21, 29, 37, 42, 44, 47, 49, 50, 56, 67, 76, 82, 84, 85, 87, 93 
 ],
[ 1, 5, 6, 18, 21, 29, 36, 52, 57, 64, 68, 70, 73, 74, 76, 77, 83, 84, 89, 95 
 ],
[ 1, 5, 6, 18, 21, 29, 36, 51, 56, 58, 61, 64, 70, 73, 78, 87, 88, 89, 90, 92 
 ],
[ 1, 5, 6, 18, 21, 29, 36, 43, 52, 64, 68, 72, 73, 74, 76, 77, 81, 84, 94, 95 
 ],
[ 1, 5, 6, 18, 21, 29, 36, 43, 51, 56, 58, 61, 72, 73, 78, 85, 88, 90, 92, 95 
 ],
[ 1, 5, 6, 18, 21, 29, 35, 36, 42, 51, 56, 58, 61, 65, 71, 73, 78, 88, 90, 92 
 ],
[ 1, 5, 6, 18, 21, 28, 29, 38, 42, 50, 58, 64, 66, 71, 73, 74, 76, 79, 84, 95 
 ],
[ 1, 5, 6, 18, 21, 28, 29, 37, 47, 50, 58, 63, 65, 67, 70, 72, 74, 84, 91, 93 
 ],
[ 1, 5, 6, 18, 21, 28, 29, 37, 42, 44, 47, 50, 58, 67, 74, 84, 85, 87, 91, 93 
 ],
[ 1, 5, 6, 18, 21, 28, 29, 36, 42, 52, 58, 64, 68, 71, 73, 74, 76, 77, 84, 95 
 ],
[ 1, 5, 6, 17, 18, 21, 29, 38, 44, 50, 56, 64, 66, 73, 74, 76, 79, 82, 84, 95 
 ],
[ 1, 5, 6, 17, 18, 21, 29, 36, 44, 52, 56, 64, 68, 73, 74, 76, 77, 82, 84, 95 
 ],
[ 1, 5, 6, 17, 18, 21, 29, 36, 44, 52, 56, 63, 65, 68, 73, 75, 77, 82, 84, 96 
 ],
[ 1, 4, 10, 14, 15, 18, 21, 30, 32, 33, 50, 60, 62, 68, 70, 72, 79, 85, 87, 
  88 ],
[ 1, 4, 10, 14, 15, 18, 21, 30, 32, 33, 43, 50, 60, 62, 64, 68, 79, 88, 89, 
  95 ],
[ 1, 4, 10, 14, 15, 18, 21, 30, 32, 33, 42, 44, 50, 60, 62, 63, 65, 68, 79, 
  88 ],
[ 1, 4, 10, 14, 15, 18, 21, 29, 32, 33, 51, 61, 62, 68, 70, 72, 78, 85, 87, 
  88 ],
[ 1, 4, 10, 14, 15, 18, 21, 29, 32, 33, 43, 51, 61, 62, 64, 68, 78, 88, 89, 
  95 ],
[ 1, 4, 10, 14, 15, 18, 21, 29, 32, 33, 42, 44, 51, 61, 62, 63, 65, 68, 78, 
  88 ],
[ 1, 4, 10, 14, 15, 18, 21, 24, 31, 32, 33, 59, 62, 68, 70, 72, 85, 87, 88, 
  93 ],
[ 1, 4, 10, 14, 15, 18, 21, 24, 31, 32, 33, 43, 59, 62, 64, 68, 88, 89, 93, 
  95 ],
[ 1, 4, 10, 14, 15, 18, 21, 24, 31, 32, 33, 42, 44, 59, 62, 63, 65, 68, 88, 
  93 ],
[ 1, 4, 10, 14, 15, 17, 18, 21, 30, 32, 33, 35, 50, 60, 62, 68, 71, 79, 86, 
  88 ],
[ 1, 4, 10, 14, 15, 17, 18, 21, 29, 32, 33, 35, 51, 61, 62, 68, 71, 78, 86, 
  88 ],
[ 1, 4, 10, 14, 15, 17, 18, 21, 24, 31, 32, 33, 35, 59, 62, 68, 71, 86, 88, 
  93 ],
[ 1, 4, 9, 10, 14, 15, 18, 21, 32, 33, 52, 62, 68, 70, 72, 77, 84, 85, 87, 88 
 ],
[ 1, 4, 9, 10, 14, 15, 18, 21, 32, 33, 43, 52, 62, 64, 68, 77, 84, 88, 89, 95 
 ],
[ 1, 4, 9, 10, 14, 15, 18, 21, 32, 33, 42, 44, 52, 62, 63, 65, 68, 77, 84, 88 
 ],
[ 1, 4, 9, 10, 14, 15, 17, 18, 21, 32, 33, 35, 52, 62, 68, 71, 77, 84, 86, 88 
 ],
[ 1, 4, 6, 10, 11, 22, 30, 47, 48, 51, 54, 55, 59, 63, 66, 67, 70, 77, 86, 89 
 ],
[ 1, 4, 6, 10, 11, 22, 30, 42, 47, 48, 51, 54, 55, 59, 66, 67, 71, 77, 85, 95 
 ],
[ 1, 4, 6, 10, 11, 22, 30, 35, 43, 47, 48, 51, 54, 55, 59, 65, 66, 67, 72, 77 
 ],
[ 1, 4, 6, 10, 11, 17, 22, 30, 44, 47, 48, 51, 54, 55, 59, 64, 66, 67, 77, 87 
 ],
[ 1, 4, 6, 9, 10, 11, 22, 24, 29, 47, 48, 50, 54, 55, 63, 66, 67, 70, 86, 89 ],
[ 1, 4, 6, 9, 10, 11, 22, 24, 29, 42, 47, 48, 50, 54, 55, 66, 67, 71, 85, 95 ],
[ 1, 4, 6, 9, 10, 11, 22, 24, 29, 35, 43, 47, 48, 50, 54, 55, 65, 66, 67, 72 ],
[ 1, 4, 6, 9, 10, 11, 17, 22, 24, 29, 44, 47, 48, 50, 54, 55, 64, 66, 67, 87 ]
];

