## Group: [96, 168]
## Difference Sets: 24
## Time:  0:16:32.784

return [
[ 1, 6, 7, 22, 23, 33, 40, 44, 52, 54, 56, 57, 60, 64, 68, 70, 73, 76, 91, 95 
 ],
[ 1, 6, 7, 22, 23, 33, 38, 40, 44, 46, 54, 57, 64, 74, 76, 79, 82, 84, 85, 89 
 ],
[ 1, 6, 7, 22, 23, 31, 33, 40, 42, 44, 47, 54, 57, 64, 76, 78, 81, 86, 88, 96 
 ],
[ 1, 6, 7, 22, 23, 28, 33, 40, 42, 44, 47, 52, 54, 60, 64, 81, 86, 88, 92, 96 
 ],
[ 1, 6, 7, 22, 23, 28, 33, 38, 40, 44, 46, 54, 61, 64, 74, 82, 85, 89, 92, 93 
 ],
[ 1, 6, 7, 22, 23, 28, 31, 33, 40, 44, 54, 56, 64, 68, 70, 73, 78, 91, 92, 95 
 ],
[ 1, 6, 7, 22, 23, 25, 33, 40, 44, 49, 52, 61, 63, 70, 73, 81, 83, 87, 88, 91 
 ],
[ 1, 6, 7, 22, 23, 25, 33, 40, 42, 44, 47, 49, 56, 68, 78, 83, 84, 85, 87, 96 
 ],
[ 1, 6, 7, 22, 23, 25, 31, 33, 40, 44, 46, 49, 67, 74, 79, 83, 86, 87, 89, 94 
 ],
[ 1, 6, 7, 22, 23, 25, 28, 33, 40, 44, 52, 61, 63, 70, 73, 82, 87, 88, 90, 92 
 ],
[ 1, 6, 7, 22, 23, 25, 28, 33, 40, 42, 44, 47, 68, 74, 78, 84, 85, 87, 92, 94 
 ],
[ 1, 6, 7, 22, 23, 25, 28, 31, 33, 40, 44, 46, 56, 67, 79, 86, 87, 89, 92, 96 
 ],
[ 1, 6, 7, 20, 22, 23, 33, 40, 44, 54, 57, 61, 63, 64, 67, 71, 76, 90, 93, 94 
 ],
[ 1, 6, 7, 20, 22, 23, 28, 33, 40, 44, 54, 63, 64, 67, 71, 79, 84, 90, 92, 94 
 ],
[ 1, 6, 7, 20, 22, 23, 25, 33, 38, 40, 44, 49, 60, 71, 82, 83, 87, 90, 93, 95 
 ],
[ 1, 6, 7, 20, 22, 23, 25, 28, 33, 38, 40, 44, 60, 71, 81, 87, 91, 92, 93, 95 
 ],
[ 1, 6, 7, 19, 22, 23, 25, 30, 31, 33, 35, 37, 39, 43, 58, 67, 73, 76, 77, 93 
 ],
[ 1, 6, 7, 19, 22, 23, 25, 28, 30, 33, 37, 39, 46, 49, 61, 65, 72, 77, 78, 88 
 ],
[ 1, 6, 7, 19, 20, 22, 23, 25, 30, 33, 37, 39, 44, 52, 57, 68, 75, 77, 84, 87 
 ],
[ 1, 6, 7, 17, 19, 22, 23, 25, 30, 33, 37, 38, 39, 47, 60, 64, 77, 79, 83, 92 
 ],
[ 1, 6, 7, 10, 19, 22, 23, 30, 35, 37, 39, 43, 51, 52, 58, 61, 67, 73, 80, 92 
 ],
[ 1, 6, 7, 10, 19, 22, 23, 28, 30, 31, 37, 39, 46, 51, 65, 72, 75, 79, 80, 88 
 ],
[ 1, 6, 7, 10, 19, 20, 22, 23, 30, 37, 39, 44, 49, 51, 57, 60, 68, 80, 87, 93 
 ],
[ 1, 6, 7, 10, 17, 19, 22, 23, 30, 37, 38, 39, 47, 51, 64, 76, 78, 80, 83, 84 
 ]
];

