## Group: [96, 186]
## Difference Sets: 16
## Time:  2:21:42.968

return [
[ 1, 4, 6, 9, 17, 18, 34, 35, 46, 49, 50, 51, 57, 62, 67, 69, 72, 73, 76, 95 ],
[ 1, 4, 6, 9, 17, 18, 26, 35, 48, 49, 51, 54, 57, 59, 67, 70, 73, 83, 87, 88 ],
[ 1, 4, 6, 9, 17, 18, 26, 28, 35, 38, 42, 47, 48, 51, 58, 59, 68, 75, 80, 87 ],
[ 1, 4, 6, 9, 17, 18, 25, 32, 34, 35, 50, 51, 54, 69, 70, 72, 83, 85, 88, 89 ],
[ 1, 4, 6, 9, 17, 18, 25, 26, 32, 35, 46, 48, 51, 59, 62, 76, 85, 87, 89, 95 ],
[ 1, 4, 6, 9, 17, 18, 24, 38, 46, 48, 55, 57, 59, 64, 65, 68, 75, 80, 83, 89 ],
[ 1, 4, 6, 9, 17, 18, 24, 34, 39, 53, 57, 62, 63, 65, 68, 70, 72, 77, 80, 89 ],
[ 1, 4, 6, 9, 17, 18, 24, 32, 48, 53, 55, 59, 62, 63, 64, 65, 70, 73, 86, 92 ],
[ 1, 4, 6, 9, 17, 18, 24, 32, 34, 38, 39, 46, 65, 72, 73, 75, 77, 83, 86, 92 ],
[ 1, 4, 6, 9, 17, 18, 24, 25, 28, 33, 34, 39, 42, 54, 65, 71, 72, 77, 85, 88 ],
[ 1, 4, 6, 9, 17, 18, 20, 28, 33, 34, 35, 38, 47, 50, 51, 69, 72, 75, 86, 92 ],
[ 1, 4, 6, 9, 17, 18, 20, 24, 28, 48, 49, 54, 55, 58, 59, 64, 65, 67, 71, 88 ],
[ 1, 4, 6, 9, 10, 17, 18, 34, 35, 42, 50, 51, 53, 58, 63, 68, 69, 71, 72, 80 ],
[ 1, 4, 6, 9, 10, 17, 18, 24, 25, 33, 42, 47, 48, 55, 59, 64, 65, 76, 85, 95 ],
[ 1, 4, 6, 9, 10, 17, 18, 20, 26, 33, 35, 48, 51, 53, 59, 63, 71, 86, 87, 92 ],
[ 1, 4, 6, 9, 10, 17, 18, 20, 24, 34, 39, 47, 49, 58, 65, 67, 72, 76, 77, 95 ]
];

