## Group: [96, 172]
## Difference Sets: 16
## Time:  0:07:12.457

return [
[ 1, 6, 7, 22, 23, 33, 40, 44, 46, 49, 54, 57, 61, 67, 79, 86, 87, 89, 91, 94 
 ],
[ 1, 6, 7, 22, 23, 33, 40, 42, 44, 49, 52, 54, 57, 60, 63, 68, 73, 81, 87, 90 
 ],
[ 1, 6, 7, 22, 23, 33, 40, 42, 44, 47, 49, 54, 56, 57, 60, 68, 78, 85, 87, 90 
 ],
[ 1, 6, 7, 22, 23, 33, 38, 40, 44, 46, 49, 54, 57, 71, 79, 84, 86, 87, 94, 96 
 ],
[ 1, 6, 7, 22, 23, 33, 35, 40, 44, 49, 52, 54, 58, 60, 63, 68, 73, 81, 89, 91 
 ],
[ 1, 6, 7, 22, 23, 33, 35, 40, 44, 46, 49, 52, 54, 58, 68, 74, 81, 84, 86, 89 
 ],
[ 1, 6, 7, 22, 23, 33, 35, 38, 40, 44, 49, 54, 58, 60, 63, 70, 73, 79, 91, 94 
 ],
[ 1, 6, 7, 22, 23, 33, 35, 38, 40, 44, 46, 49, 54, 58, 70, 74, 79, 84, 86, 94 
 ],
[ 1, 6, 7, 22, 23, 31, 33, 40, 44, 49, 52, 54, 57, 63, 70, 73, 74, 81, 87, 88 
 ],
[ 1, 6, 7, 22, 23, 31, 33, 40, 44, 47, 49, 54, 56, 57, 70, 74, 78, 85, 87, 88 
 ],
[ 1, 6, 7, 22, 23, 31, 33, 35, 40, 44, 47, 49, 54, 56, 58, 71, 78, 85, 88, 96 
 ],
[ 1, 6, 7, 22, 23, 31, 33, 35, 40, 42, 44, 47, 49, 54, 58, 67, 82, 85, 93, 96 
 ],
[ 1, 6, 7, 22, 23, 28, 33, 35, 40, 44, 60, 63, 68, 73, 78, 80, 89, 90, 92, 94 
 ],
[ 1, 6, 7, 22, 23, 28, 33, 35, 38, 40, 44, 60, 63, 70, 73, 80, 81, 90, 92, 93 
 ],
[ 1, 6, 7, 22, 23, 25, 33, 40, 44, 49, 52, 61, 63, 70, 73, 81, 83, 87, 88, 91 
 ],
[ 1, 6, 7, 22, 23, 25, 33, 40, 42, 44, 49, 52, 63, 68, 73, 81, 83, 84, 87, 96 
 ]
];

