## Group: [96, 191]
## Difference Sets: 8
## Time:  2:21:44.142

return [
[ 1, 10, 12, 15, 16, 20, 23, 30, 34, 36, 38, 44, 46, 50, 61, 62, 64, 70, 78, 
  86 ],
[ 1, 10, 12, 15, 16, 20, 23, 24, 34, 36, 38, 44, 46, 52, 59, 62, 64, 70, 84, 
  86 ],
[ 1, 9, 11, 12, 16, 20, 23, 31, 33, 41, 46, 50, 62, 63, 64, 68, 71, 72, 78, 
  88 ],
[ 1, 9, 11, 12, 15, 16, 20, 23, 31, 33, 46, 50, 62, 64, 66, 68, 71, 72, 78, 
  86 ],
[ 1, 9, 10, 12, 15, 16, 20, 23, 31, 34, 36, 38, 44, 46, 62, 64, 70, 77, 86, 
  93 ],
[ 1, 6, 10, 12, 15, 16, 17, 18, 20, 30, 34, 36, 38, 50, 61, 62, 63, 70, 78, 
  87 ],
[ 1, 6, 10, 12, 15, 16, 17, 18, 20, 24, 34, 36, 38, 52, 59, 62, 63, 70, 84, 
  87 ],
[ 1, 6, 9, 10, 12, 15, 16, 17, 18, 20, 31, 34, 36, 38, 62, 63, 70, 77, 87, 93 
 ]
];

