## Group: [96, 144]
## Difference Sets: 8
## Time:  3:07:46.042

return [
[ 1, 5, 6, 11, 20, 22, 26, 27, 29, 30, 33, 37, 39, 44, 69, 71, 73, 74, 86, 90 
 ],
[ 1, 5, 6, 11, 20, 22, 24, 25, 29, 40, 41, 44, 45, 48, 54, 57, 60, 75, 85, 95 
 ],
[ 1, 5, 6, 11, 20, 22, 23, 24, 25, 27, 29, 32, 40, 44, 69, 72, 81, 85, 86, 90 
 ],
[ 1, 5, 6, 11, 19, 20, 22, 26, 27, 29, 33, 41, 49, 58, 65, 67, 71, 73, 86, 90 
 ],
[ 1, 5, 6, 11, 19, 20, 22, 24, 27, 29, 40, 41, 45, 48, 52, 60, 81, 85, 86, 90 
 ],
[ 1, 5, 6, 11, 19, 20, 22, 23, 24, 29, 32, 40, 52, 54, 57, 69, 72, 75, 85, 95 
 ],
[ 1, 5, 6, 11, 12, 20, 22, 26, 29, 37, 39, 41, 44, 47, 54, 58, 74, 75, 89, 95 
 ],
[ 1, 5, 6, 11, 12, 19, 20, 22, 26, 29, 30, 47, 49, 54, 65, 67, 69, 75, 89, 95 
 ]
];

