## Group: [96, 162]
## Difference Sets: 28
## Time:  0:02:59.393

return [
[ 1, 9, 11, 13, 16, 17, 19, 28, 30, 34, 35, 54, 57, 68, 72, 73, 80, 86, 87, 
  89 ],
[ 1, 9, 11, 13, 16, 17, 19, 28, 30, 34, 35, 47, 54, 57, 71, 72, 80, 87, 88, 
  95 ],
[ 1, 9, 11, 13, 16, 17, 19, 28, 30, 34, 35, 38, 46, 54, 57, 63, 70, 72, 80, 
  87 ],
[ 1, 9, 11, 13, 16, 17, 19, 20, 28, 30, 34, 35, 42, 54, 57, 67, 72, 80, 85, 
  87 ],
[ 1, 7, 9, 11, 12, 13, 17, 28, 35, 37, 48, 57, 59, 68, 69, 73, 76, 86, 89, 92 
 ],
[ 1, 7, 9, 11, 12, 13, 17, 28, 35, 37, 47, 48, 57, 59, 69, 71, 76, 88, 92, 95 
 ],
[ 1, 7, 9, 11, 12, 13, 17, 28, 35, 37, 38, 46, 48, 57, 59, 63, 69, 70, 76, 92 
 ],
[ 1, 7, 9, 11, 12, 13, 17, 20, 28, 35, 37, 42, 48, 57, 59, 67, 69, 76, 85, 92 
 ],
[ 1, 6, 7, 14, 17, 21, 23, 28, 35, 47, 49, 52, 54, 56, 62, 67, 84, 85, 89, 91 
 ],
[ 1, 6, 7, 14, 17, 21, 23, 28, 35, 38, 49, 54, 61, 62, 63, 71, 73, 78, 81, 96 
 ],
[ 1, 6, 7, 14, 17, 21, 23, 28, 31, 35, 42, 46, 49, 54, 62, 68, 86, 90, 93, 94 
 ],
[ 1, 6, 7, 14, 17, 20, 21, 23, 28, 35, 49, 54, 56, 62, 68, 70, 78, 84, 86, 96 
 ],
[ 1, 5, 9, 11, 13, 16, 17, 19, 28, 30, 34, 46, 47, 49, 57, 63, 69, 75, 87, 95 
 ],
[ 1, 5, 9, 11, 13, 16, 17, 19, 28, 30, 34, 42, 49, 57, 67, 68, 69, 75, 87, 89 
 ],
[ 1, 5, 9, 11, 13, 16, 17, 19, 28, 30, 34, 38, 49, 57, 69, 70, 71, 75, 87, 88 
 ],
[ 1, 5, 9, 11, 13, 16, 17, 19, 20, 28, 30, 34, 49, 57, 69, 73, 75, 85, 86, 87 
 ],
[ 1, 5, 9, 11, 13, 14, 16, 19, 28, 30, 34, 48, 54, 57, 68, 69, 73, 80, 86, 89 
 ],
[ 1, 5, 9, 11, 13, 14, 16, 19, 28, 30, 34, 47, 48, 54, 57, 69, 71, 80, 88, 95 
 ],
[ 1, 5, 9, 11, 13, 14, 16, 19, 28, 30, 34, 38, 46, 48, 54, 57, 63, 69, 70, 80 
 ],
[ 1, 5, 9, 11, 13, 14, 16, 19, 20, 28, 30, 34, 42, 48, 54, 57, 67, 69, 80, 85 
 ],
[ 1, 5, 9, 11, 12, 13, 17, 28, 40, 41, 45, 46, 49, 57, 59, 63, 65, 73, 75, 86 
 ],
[ 1, 5, 9, 11, 12, 13, 17, 28, 40, 41, 42, 45, 49, 57, 59, 65, 67, 71, 75, 88 
 ],
[ 1, 5, 9, 11, 12, 13, 17, 28, 38, 40, 41, 45, 49, 57, 59, 65, 68, 70, 75, 89 
 ],
[ 1, 5, 9, 11, 12, 13, 17, 20, 28, 40, 41, 45, 47, 49, 57, 59, 65, 75, 85, 95 
 ],
[ 1, 5, 7, 9, 11, 12, 13, 17, 28, 37, 46, 49, 57, 59, 63, 69, 71, 75, 87, 88 ],
[ 1, 5, 7, 9, 11, 12, 13, 17, 28, 37, 42, 49, 57, 59, 67, 69, 73, 75, 86, 87 ],
[ 1, 5, 7, 9, 11, 12, 13, 17, 28, 37, 38, 47, 49, 57, 59, 69, 70, 75, 87, 95 ],
[ 1, 5, 7, 9, 11, 12, 13, 17, 20, 28, 37, 49, 57, 59, 68, 69, 75, 85, 87, 89 ]
];

