## Group: [96, 173]
## Difference Sets: 16
## Time:  0:09:27.830

return [
[ 1, 6, 7, 22, 23, 33, 40, 44, 57, 60, 64, 68, 73, 78, 80, 82, 85, 89, 90, 92 
 ],
[ 1, 6, 7, 22, 23, 33, 40, 44, 56, 60, 64, 68, 73, 75, 78, 80, 83, 85, 89, 96 
 ],
[ 1, 6, 7, 22, 23, 33, 40, 44, 52, 54, 57, 60, 64, 68, 73, 74, 76, 82, 85, 89 
 ],
[ 1, 6, 7, 22, 23, 33, 40, 44, 49, 52, 54, 56, 60, 64, 68, 73, 83, 85, 89, 91 
 ],
[ 1, 6, 7, 22, 23, 33, 40, 44, 47, 52, 53, 57, 63, 68, 70, 84, 87, 90, 92, 94 
 ],
[ 1, 6, 7, 22, 23, 33, 40, 44, 47, 49, 52, 53, 56, 58, 63, 68, 70, 84, 87, 91 
 ],
[ 1, 6, 7, 22, 23, 33, 40, 44, 46, 56, 58, 61, 65, 78, 80, 85, 88, 89, 92, 96 
 ],
[ 1, 6, 7, 22, 23, 33, 40, 42, 44, 53, 57, 61, 73, 74, 78, 82, 85, 87, 88, 92 
 ],
[ 1, 6, 7, 22, 23, 33, 40, 42, 44, 49, 53, 58, 61, 73, 78, 81, 85, 87, 88, 96 
 ],
[ 1, 6, 7, 22, 23, 33, 38, 40, 44, 46, 64, 70, 75, 80, 82, 83, 84, 90, 93, 95 
 ],
[ 1, 6, 7, 22, 23, 33, 38, 40, 44, 46, 56, 57, 64, 70, 80, 84, 92, 93, 95, 96 
 ],
[ 1, 6, 7, 22, 23, 33, 38, 40, 44, 46, 54, 56, 57, 64, 70, 76, 79, 84, 91, 95 
 ],
[ 1, 6, 7, 22, 23, 33, 38, 40, 44, 46, 49, 54, 64, 70, 74, 79, 82, 83, 84, 95 
 ],
[ 1, 6, 7, 22, 23, 33, 38, 40, 42, 44, 47, 58, 60, 65, 74, 79, 80, 86, 92, 94 
 ],
[ 1, 6, 7, 22, 23, 31, 33, 40, 44, 47, 52, 57, 63, 64, 71, 74, 80, 88, 92, 94 
 ],
[ 1, 6, 7, 22, 23, 28, 33, 40, 44, 46, 53, 61, 65, 82, 85, 88, 89, 92, 93, 96 
 ]
];

