## Group: [96, 136]
## Difference Sets: 8
## Time:  3:08:17.280

return [
[ 1, 5, 6, 11, 20, 22, 26, 29, 44, 45, 47, 53, 58, 60, 65, 67, 69, 74, 75, 87 
 ],
[ 1, 5, 6, 11, 20, 22, 26, 29, 30, 32, 41, 44, 65, 66, 67, 72, 73, 74, 78, 90 
 ],
[ 1, 5, 6, 11, 20, 22, 23, 29, 33, 40, 44, 50, 52, 53, 69, 71, 75, 81, 85, 87 
 ],
[ 1, 5, 6, 11, 19, 20, 22, 25, 27, 29, 30, 32, 40, 41, 48, 65, 71, 74, 86, 90 
 ],
[ 1, 5, 6, 11, 19, 20, 22, 24, 26, 27, 29, 33, 39, 41, 47, 64, 72, 81, 86, 90 
 ],
[ 1, 5, 6, 11, 19, 20, 22, 23, 25, 29, 40, 54, 58, 60, 65, 69, 74, 75, 89, 95 
 ],
[ 1, 5, 6, 11, 12, 20, 22, 29, 40, 41, 44, 48, 50, 52, 57, 66, 78, 85, 89, 90 
 ],
[ 1, 5, 6, 11, 12, 19, 20, 22, 24, 26, 29, 39, 45, 54, 57, 64, 69, 73, 75, 95 
 ]
];

