## Group: [96, 142]
## Difference Sets: 64
## Time:  3:11:44.155

return [
[ 1, 5, 6, 11, 20, 22, 29, 37, 40, 44, 47, 49, 52, 55, 59, 72, 84, 87, 88, 91 
 ],
[ 1, 5, 6, 11, 20, 22, 29, 37, 40, 44, 45, 49, 52, 61, 66, 68, 73, 80, 83, 96 
 ],
[ 1, 5, 6, 11, 20, 22, 29, 37, 40, 41, 44, 48, 49, 52, 55, 59, 71, 84, 86, 91 
 ],
[ 1, 5, 6, 11, 20, 22, 29, 33, 40, 41, 43, 45, 48, 49, 52, 53, 66, 76, 81, 85 
 ],
[ 1, 5, 6, 11, 20, 22, 29, 32, 40, 41, 44, 45, 48, 50, 52, 54, 75, 81, 85, 95 
 ],
[ 1, 5, 6, 11, 20, 22, 27, 29, 40, 41, 44, 45, 48, 50, 52, 57, 60, 85, 90, 95 
 ],
[ 1, 5, 6, 11, 20, 22, 26, 29, 32, 37, 39, 44, 45, 58, 66, 69, 73, 74, 75, 78 
 ],
[ 1, 5, 6, 11, 20, 22, 26, 29, 30, 37, 39, 41, 44, 47, 53, 60, 72, 74, 87, 90 
 ],
[ 1, 5, 6, 11, 20, 22, 26, 27, 29, 30, 33, 44, 47, 65, 67, 69, 74, 86, 89, 90 
 ],
[ 1, 5, 6, 11, 20, 22, 26, 27, 29, 30, 33, 41, 44, 65, 67, 71, 73, 74, 90, 95 
 ],
[ 1, 5, 6, 11, 20, 22, 26, 27, 29, 30, 33, 37, 44, 47, 49, 67, 69, 75, 89, 95 
 ],
[ 1, 5, 6, 11, 20, 22, 26, 27, 29, 30, 33, 37, 39, 41, 44, 47, 74, 89, 90, 95 
 ],
[ 1, 5, 6, 11, 20, 22, 25, 29, 33, 40, 41, 43, 45, 48, 49, 64, 76, 78, 81, 87 
 ],
[ 1, 5, 6, 11, 20, 22, 24, 29, 32, 40, 41, 44, 45, 48, 52, 54, 64, 81, 86, 90 
 ],
[ 1, 5, 6, 11, 20, 22, 24, 26, 29, 41, 44, 45, 55, 62, 64, 67, 73, 82, 86, 91 
 ],
[ 1, 5, 6, 11, 20, 22, 24, 26, 29, 34, 44, 47, 64, 67, 69, 72, 80, 94, 95, 96 
 ],
[ 1, 5, 6, 11, 20, 22, 24, 25, 27, 29, 32, 40, 41, 44, 45, 48, 81, 85, 90, 95 
 ],
[ 1, 5, 6, 11, 20, 22, 23, 29, 37, 40, 44, 49, 52, 61, 69, 80, 83, 89, 95, 96 
 ],
[ 1, 5, 6, 11, 20, 22, 23, 29, 33, 40, 52, 53, 57, 66, 69, 70, 72, 74, 76, 85 
 ],
[ 1, 5, 6, 11, 20, 22, 23, 29, 32, 40, 44, 50, 52, 54, 69, 72, 75, 81, 85, 86 
 ],
[ 1, 5, 6, 11, 20, 22, 23, 27, 29, 40, 44, 50, 52, 57, 60, 69, 72, 85, 86, 90 
 ],
[ 1, 5, 6, 11, 20, 22, 23, 25, 29, 33, 40, 43, 45, 57, 66, 69, 74, 76, 78, 85 
 ],
[ 1, 5, 6, 11, 20, 22, 23, 24, 27, 29, 40, 44, 52, 57, 60, 64, 69, 72, 75, 95 
 ],
[ 1, 5, 6, 11, 20, 22, 23, 24, 25, 29, 40, 44, 54, 57, 60, 69, 72, 75, 85, 86 
 ],
[ 1, 5, 6, 11, 20, 22, 23, 24, 25, 29, 33, 40, 44, 57, 66, 69, 75, 78, 85, 89 
 ],
[ 1, 5, 6, 11, 19, 20, 22, 29, 37, 40, 47, 52, 59, 61, 66, 72, 74, 80, 88, 96 
 ],
[ 1, 5, 6, 11, 19, 20, 22, 29, 37, 40, 45, 52, 55, 68, 73, 74, 83, 84, 87, 91 
 ],
[ 1, 5, 6, 11, 19, 20, 22, 29, 37, 40, 41, 48, 52, 55, 71, 74, 83, 84, 91, 95 
 ],
[ 1, 5, 6, 11, 19, 20, 22, 26, 29, 41, 45, 50, 55, 62, 64, 67, 73, 91, 94, 95 
 ],
[ 1, 5, 6, 11, 19, 20, 22, 26, 29, 41, 45, 49, 53, 58, 60, 65, 66, 67, 73, 90 
 ],
[ 1, 5, 6, 11, 19, 20, 22, 26, 29, 39, 50, 55, 62, 69, 72, 73, 82, 85, 95, 96 
 ],
[ 1, 5, 6, 11, 19, 20, 22, 26, 29, 39, 45, 53, 58, 60, 65, 66, 69, 73, 74, 75 
 ],
[ 1, 5, 6, 11, 19, 20, 22, 26, 29, 32, 41, 49, 58, 65, 67, 72, 73, 78, 87, 90 
 ],
[ 1, 5, 6, 11, 19, 20, 22, 26, 29, 30, 45, 47, 49, 53, 60, 65, 66, 67, 69, 75 
 ],
[ 1, 5, 6, 11, 19, 20, 22, 26, 29, 30, 32, 47, 49, 65, 67, 69, 72, 75, 78, 87 
 ],
[ 1, 5, 6, 11, 19, 20, 22, 26, 29, 30, 32, 39, 41, 47, 65, 72, 74, 78, 87, 90 
 ],
[ 1, 5, 6, 11, 19, 20, 22, 26, 27, 29, 33, 41, 49, 58, 65, 67, 71, 73, 86, 90 
 ],
[ 1, 5, 6, 11, 19, 20, 22, 26, 27, 29, 30, 33, 47, 49, 65, 67, 69, 71, 75, 86 
 ],
[ 1, 5, 6, 11, 19, 20, 22, 26, 27, 29, 30, 33, 39, 65, 69, 73, 74, 89, 90, 95 
 ],
[ 1, 5, 6, 11, 19, 20, 22, 26, 27, 29, 30, 33, 39, 41, 47, 65, 71, 74, 86, 90 
 ],
[ 1, 5, 6, 11, 19, 20, 22, 24, 29, 33, 40, 41, 48, 52, 53, 66, 71, 81, 85, 90 
 ],
[ 1, 5, 6, 11, 19, 20, 22, 24, 29, 32, 40, 41, 48, 52, 54, 72, 81, 85, 90, 95 
 ],
[ 1, 5, 6, 11, 19, 20, 22, 24, 27, 29, 40, 41, 45, 48, 52, 60, 81, 85, 86, 90 
 ],
[ 1, 5, 6, 11, 19, 20, 22, 24, 25, 29, 40, 41, 48, 54, 57, 60, 64, 72, 75, 86 
 ],
[ 1, 5, 6, 11, 19, 20, 22, 24, 25, 29, 33, 40, 41, 48, 64, 71, 78, 81, 87, 90 
 ],
[ 1, 5, 6, 11, 19, 20, 22, 24, 25, 27, 29, 32, 40, 41, 48, 64, 72, 81, 86, 90 
 ],
[ 1, 5, 6, 11, 19, 20, 22, 23, 29, 37, 40, 52, 59, 61, 69, 74, 80, 86, 89, 96 
 ],
[ 1, 5, 6, 11, 19, 20, 22, 23, 24, 29, 33, 40, 52, 53, 57, 66, 69, 71, 75, 85 
 ],
[ 1, 5, 6, 11, 19, 20, 22, 23, 24, 29, 32, 40, 52, 54, 57, 69, 72, 75, 85, 95 
 ],
[ 1, 5, 6, 11, 19, 20, 22, 23, 24, 27, 29, 40, 45, 52, 57, 60, 69, 75, 85, 86 
 ],
[ 1, 5, 6, 11, 19, 20, 22, 23, 24, 25, 29, 40, 45, 54, 57, 60, 64, 69, 75, 95 
 ],
[ 1, 5, 6, 11, 19, 20, 22, 23, 24, 25, 27, 29, 32, 40, 45, 64, 69, 81, 90, 95 
 ],
[ 1, 5, 6, 11, 12, 20, 22, 26, 29, 44, 47, 54, 58, 65, 67, 69, 74, 75, 86, 89 
 ],
[ 1, 5, 6, 11, 12, 20, 22, 26, 29, 41, 44, 54, 58, 65, 67, 71, 73, 74, 75, 95 
 ],
[ 1, 5, 6, 11, 12, 20, 22, 26, 29, 37, 41, 44, 49, 54, 58, 67, 71, 73, 86, 90 
 ],
[ 1, 5, 6, 11, 12, 20, 22, 26, 29, 37, 39, 44, 54, 58, 69, 71, 73, 74, 75, 86 
 ],
[ 1, 5, 6, 11, 12, 20, 22, 24, 25, 29, 40, 41, 44, 48, 53, 71, 81, 85, 87, 90 
 ],
[ 1, 5, 6, 11, 12, 19, 20, 22, 26, 29, 41, 49, 54, 58, 65, 67, 73, 89, 90, 95 
 ],
[ 1, 5, 6, 11, 12, 19, 20, 22, 26, 29, 39, 54, 58, 65, 69, 73, 74, 75, 89, 95 
 ],
[ 1, 5, 6, 11, 12, 19, 20, 22, 26, 29, 39, 41, 47, 54, 58, 65, 71, 74, 75, 86 
 ],
[ 1, 5, 6, 11, 12, 19, 20, 22, 26, 29, 30, 47, 49, 54, 65, 67, 69, 75, 89, 95 
 ],
[ 1, 5, 6, 11, 12, 19, 20, 22, 24, 29, 40, 41, 48, 52, 78, 81, 85, 87, 89, 90 
 ],
[ 1, 5, 6, 11, 12, 19, 20, 22, 23, 24, 29, 40, 52, 57, 69, 75, 78, 85, 87, 89 
 ],
[ 1, 5, 6, 11, 12, 19, 20, 22, 23, 24, 25, 29, 40, 53, 57, 64, 66, 69, 75, 89 
 ]
];

