## Group: [96, 141]
## Difference Sets: 60
## Time:  2:47:58.096

return [
[ 1, 5, 6, 10, 20, 21, 26, 28, 32, 39, 41, 44, 45, 47, 49, 64, 76, 78, 81, 87 
 ],
[ 1, 5, 6, 10, 20, 21, 25, 29, 39, 41, 43, 45, 48, 49, 53, 58, 60, 65, 86, 90 
 ],
[ 1, 5, 6, 10, 20, 21, 25, 29, 37, 39, 43, 55, 59, 62, 68, 72, 73, 74, 86, 96 
 ],
[ 1, 5, 6, 10, 20, 21, 25, 29, 37, 39, 41, 43, 48, 66, 74, 79, 82, 84, 89, 92 
 ],
[ 1, 5, 6, 10, 20, 21, 25, 28, 39, 41, 44, 45, 48, 50, 53, 58, 60, 64, 86, 90 
 ],
[ 1, 5, 6, 10, 20, 21, 25, 27, 29, 33, 39, 43, 49, 65, 66, 68, 71, 73, 76, 81 
 ],
[ 1, 5, 6, 10, 20, 21, 25, 27, 28, 33, 39, 44, 50, 64, 66, 68, 71, 73, 76, 81 
 ],
[ 1, 5, 6, 10, 20, 21, 24, 26, 28, 32, 39, 41, 45, 47, 58, 64, 70, 76, 78, 95 
 ],
[ 1, 5, 6, 10, 20, 21, 24, 26, 28, 32, 37, 39, 41, 44, 45, 47, 78, 81, 90, 95 
 ],
[ 1, 5, 6, 10, 20, 21, 23, 26, 28, 32, 37, 39, 43, 51, 68, 72, 74, 78, 81, 87 
 ],
[ 1, 5, 6, 10, 20, 21, 23, 25, 28, 32, 39, 44, 50, 64, 66, 69, 71, 76, 78, 81 
 ],
[ 1, 5, 6, 10, 20, 21, 23, 24, 28, 32, 37, 39, 45, 52, 54, 68, 70, 81, 87, 90 
 ],
[ 1, 5, 6, 10, 20, 21, 23, 24, 26, 28, 32, 37, 39, 44, 68, 71, 78, 81, 87, 90 
 ],
[ 1, 5, 6, 10, 19, 20, 21, 28, 32, 39, 41, 47, 50, 52, 54, 64, 72, 75, 81, 87 
 ],
[ 1, 5, 6, 10, 19, 20, 21, 28, 32, 37, 39, 41, 47, 52, 54, 58, 74, 75, 87, 89 
 ],
[ 1, 5, 6, 10, 19, 20, 21, 28, 32, 37, 39, 41, 47, 51, 52, 54, 72, 74, 81, 95 
 ],
[ 1, 5, 6, 10, 19, 20, 21, 23, 28, 32, 37, 39, 51, 52, 54, 68, 74, 81, 87, 89 
 ],
[ 1, 5, 6, 10, 16, 20, 21, 25, 43, 48, 50, 55, 56, 62, 64, 68, 82, 86, 89, 92 
 ],
[ 1, 5, 6, 10, 16, 20, 21, 25, 41, 43, 50, 56, 59, 64, 66, 72, 73, 79, 84, 96 
 ],
[ 1, 5, 6, 10, 16, 20, 21, 25, 37, 43, 55, 56, 59, 66, 68, 72, 73, 74, 84, 96 
 ],
[ 1, 5, 6, 10, 16, 20, 21, 25, 37, 43, 48, 56, 59, 66, 68, 74, 79, 84, 89, 92 
 ],
[ 1, 5, 6, 10, 16, 20, 21, 25, 37, 43, 48, 55, 56, 62, 66, 68, 74, 82, 89, 96 
 ],
[ 1, 5, 6, 10, 16, 20, 21, 25, 37, 41, 43, 56, 59, 72, 73, 74, 79, 84, 86, 92 
 ],
[ 1, 5, 6, 10, 16, 20, 21, 25, 37, 41, 43, 55, 56, 62, 72, 73, 74, 82, 86, 96 
 ],
[ 1, 5, 6, 10, 16, 20, 21, 25, 37, 41, 43, 48, 56, 62, 74, 79, 82, 86, 89, 92 
 ],
[ 1, 5, 6, 10, 16, 20, 21, 25, 29, 43, 45, 48, 49, 53, 58, 60, 66, 68, 85, 90 
 ],
[ 1, 5, 6, 10, 16, 20, 21, 25, 29, 33, 41, 43, 45, 48, 49, 53, 81, 85, 86, 90 
 ],
[ 1, 5, 6, 10, 16, 20, 21, 25, 28, 41, 45, 50, 53, 58, 60, 64, 66, 70, 73, 90 
 ],
[ 1, 5, 6, 10, 16, 20, 21, 25, 28, 37, 48, 53, 58, 60, 66, 68, 70, 71, 74, 76 
 ],
[ 1, 5, 6, 10, 16, 20, 21, 25, 28, 37, 41, 45, 53, 58, 60, 70, 73, 74, 76, 86 
 ],
[ 1, 5, 6, 10, 16, 20, 21, 25, 28, 33, 37, 41, 48, 53, 70, 71, 74, 76, 81, 86 
 ],
[ 1, 5, 6, 10, 16, 20, 21, 25, 28, 32, 45, 47, 50, 58, 64, 66, 69, 70, 78, 90 
 ],
[ 1, 5, 6, 10, 16, 20, 21, 25, 28, 32, 37, 44, 45, 47, 50, 54, 81, 86, 88, 90 
 ],
[ 1, 5, 6, 10, 16, 20, 21, 25, 27, 29, 43, 49, 58, 60, 66, 68, 71, 73, 76, 85 
 ],
[ 1, 5, 6, 10, 16, 20, 21, 25, 27, 29, 33, 41, 43, 49, 71, 73, 76, 81, 85, 86 
 ],
[ 1, 5, 6, 10, 16, 20, 21, 25, 27, 28, 37, 45, 58, 60, 66, 68, 70, 73, 74, 90 
 ],
[ 1, 5, 6, 10, 16, 20, 21, 25, 27, 28, 33, 48, 50, 64, 68, 70, 71, 76, 81, 86 
 ],
[ 1, 5, 6, 10, 16, 20, 21, 25, 27, 28, 33, 37, 48, 66, 68, 70, 71, 74, 81, 90 
 ],
[ 1, 5, 6, 10, 16, 20, 21, 25, 27, 28, 33, 37, 41, 45, 70, 73, 74, 81, 86, 90 
 ],
[ 1, 5, 6, 10, 16, 20, 21, 24, 25, 43, 45, 48, 53, 56, 60, 66, 68, 76, 81, 85 
 ],
[ 1, 5, 6, 10, 16, 20, 21, 24, 25, 41, 43, 45, 53, 56, 58, 60, 66, 73, 85, 90 
 ],
[ 1, 5, 6, 10, 16, 20, 21, 24, 25, 27, 33, 43, 48, 56, 68, 71, 76, 81, 85, 86 
 ],
[ 1, 5, 6, 10, 16, 20, 21, 24, 25, 27, 33, 41, 43, 56, 58, 71, 73, 85, 86, 90 
 ],
[ 1, 5, 6, 10, 16, 20, 21, 23, 25, 28, 32, 45, 50, 64, 66, 70, 76, 78, 81, 88 
 ],
[ 1, 5, 6, 10, 16, 20, 21, 23, 25, 28, 32, 37, 44, 50, 71, 76, 78, 81, 86, 88 
 ],
[ 1, 5, 6, 10, 12, 20, 21, 26, 28, 37, 39, 41, 43, 47, 54, 58, 74, 75, 89, 95 
 ],
[ 1, 5, 6, 10, 12, 20, 21, 25, 28, 39, 44, 45, 47, 50, 54, 58, 64, 86, 88, 90 
 ],
[ 1, 5, 6, 10, 12, 20, 21, 24, 28, 37, 39, 41, 47, 52, 58, 70, 71, 76, 78, 95 
 ],
[ 1, 5, 6, 10, 12, 20, 21, 24, 26, 28, 37, 39, 41, 44, 45, 47, 54, 58, 76, 95 
 ],
[ 1, 5, 6, 10, 12, 20, 21, 23, 26, 28, 39, 44, 49, 54, 58, 64, 68, 71, 90, 95 
 ],
[ 1, 5, 6, 10, 12, 20, 21, 23, 24, 26, 28, 39, 54, 64, 68, 70, 71, 81, 87, 90 
 ],
[ 1, 5, 6, 10, 12, 20, 21, 23, 24, 26, 28, 37, 39, 44, 54, 58, 68, 71, 76, 87 
 ],
[ 1, 5, 6, 10, 12, 19, 20, 21, 28, 37, 39, 41, 47, 52, 58, 72, 74, 75, 78, 95 
 ],
[ 1, 5, 6, 10, 12, 19, 20, 21, 23, 28, 39, 50, 51, 52, 58, 64, 68, 78, 89, 95 
 ],
[ 1, 5, 6, 10, 12, 19, 20, 21, 23, 28, 37, 39, 52, 58, 68, 74, 75, 78, 87, 89 
 ],
[ 1, 5, 6, 10, 12, 19, 20, 21, 23, 28, 37, 39, 51, 52, 68, 72, 74, 78, 81, 95 
 ],
[ 1, 5, 6, 10, 12, 16, 20, 21, 25, 28, 47, 50, 54, 58, 64, 69, 70, 71, 86, 90 
 ],
[ 1, 5, 6, 10, 12, 16, 20, 21, 25, 28, 37, 44, 45, 47, 50, 54, 58, 66, 69, 90 
 ],
[ 1, 5, 6, 10, 12, 16, 20, 21, 23, 25, 28, 50, 54, 64, 70, 71, 76, 81, 86, 88 
 ],
[ 1, 5, 6, 10, 12, 16, 20, 21, 23, 25, 28, 37, 44, 50, 58, 66, 69, 71, 76, 78 
 ]
];

