## Group: [96, 131]
## Difference Sets: 40
## Time:  3:07:22.987

return [
[ 1, 5, 6, 11, 20, 22, 26, 29, 37, 44, 45, 47, 49, 53, 58, 60, 66, 67, 69, 90 
 ],
[ 1, 5, 6, 11, 20, 22, 26, 29, 32, 37, 39, 41, 44, 45, 53, 58, 73, 74, 87, 90 
 ],
[ 1, 5, 6, 11, 20, 22, 26, 29, 30, 37, 39, 44, 47, 60, 66, 69, 72, 74, 75, 78 
 ],
[ 1, 5, 6, 11, 20, 22, 26, 29, 30, 33, 37, 41, 44, 47, 49, 54, 67, 86, 89, 90 
 ],
[ 1, 5, 6, 11, 20, 22, 26, 29, 30, 32, 37, 41, 44, 49, 67, 72, 73, 75, 78, 87 
 ],
[ 1, 5, 6, 11, 20, 22, 26, 27, 29, 30, 33, 37, 39, 44, 69, 71, 73, 74, 86, 90 
 ],
[ 1, 5, 6, 11, 20, 22, 25, 29, 37, 40, 44, 47, 55, 59, 66, 68, 72, 74, 84, 91 
 ],
[ 1, 5, 6, 11, 20, 22, 25, 29, 37, 40, 44, 45, 61, 73, 74, 80, 83, 87, 88, 96 
 ],
[ 1, 5, 6, 11, 20, 22, 25, 29, 37, 40, 44, 45, 47, 54, 58, 60, 66, 74, 75, 88 
 ],
[ 1, 5, 6, 11, 20, 22, 25, 29, 37, 40, 41, 44, 48, 55, 59, 61, 74, 89, 95, 96 
 ],
[ 1, 5, 6, 11, 20, 22, 25, 27, 29, 30, 37, 40, 44, 48, 60, 69, 71, 74, 75, 95 
 ],
[ 1, 5, 6, 11, 20, 22, 25, 27, 29, 30, 32, 37, 40, 44, 68, 72, 73, 74, 87, 90 
 ],
[ 1, 5, 6, 11, 20, 22, 24, 27, 29, 32, 40, 44, 45, 48, 52, 64, 69, 75, 81, 95 
 ],
[ 1, 5, 6, 11, 20, 22, 24, 26, 29, 39, 41, 44, 45, 47, 55, 62, 85, 94, 95, 96 
 ],
[ 1, 5, 6, 11, 20, 22, 24, 26, 29, 34, 39, 44, 69, 72, 73, 80, 82, 85, 86, 91 
 ],
[ 1, 5, 6, 11, 20, 22, 24, 26, 29, 33, 39, 41, 44, 45, 54, 57, 73, 85, 86, 90 
 ],
[ 1, 5, 6, 11, 20, 22, 24, 25, 29, 40, 41, 44, 45, 48, 54, 57, 60, 75, 85, 95 
 ],
[ 1, 5, 6, 11, 20, 22, 23, 29, 33, 40, 41, 49, 52, 57, 64, 66, 70, 72, 76, 78 
 ],
[ 1, 5, 6, 11, 20, 22, 23, 25, 29, 37, 40, 44, 69, 71, 74, 80, 83, 84, 86, 91 
 ],
[ 1, 5, 6, 11, 20, 22, 23, 25, 29, 33, 37, 40, 44, 51, 69, 71, 74, 78, 81, 86 
 ],
[ 1, 5, 6, 11, 20, 22, 23, 25, 29, 32, 37, 40, 41, 44, 54, 58, 74, 86, 89, 90 
 ],
[ 1, 5, 6, 11, 20, 22, 23, 24, 29, 40, 41, 44, 52, 54, 57, 60, 64, 72, 86, 90 
 ],
[ 1, 5, 6, 11, 20, 22, 23, 24, 29, 33, 40, 44, 52, 53, 64, 66, 69, 71, 81, 90 
 ],
[ 1, 5, 6, 11, 20, 22, 23, 24, 25, 29, 33, 40, 41, 44, 53, 57, 85, 87, 89, 90 
 ],
[ 1, 5, 6, 11, 20, 22, 23, 24, 25, 27, 29, 32, 40, 44, 69, 72, 81, 85, 86, 90 
 ],
[ 1, 5, 6, 11, 19, 20, 22, 29, 33, 40, 41, 48, 49, 52, 53, 65, 71, 76, 81, 86 
 ],
[ 1, 5, 6, 11, 19, 20, 22, 29, 32, 40, 41, 48, 50, 52, 54, 64, 72, 75, 81, 86 
 ],
[ 1, 5, 6, 11, 19, 20, 22, 26, 29, 32, 37, 53, 58, 67, 69, 72, 73, 74, 87, 90 
 ],
[ 1, 5, 6, 11, 19, 20, 22, 26, 29, 30, 37, 41, 45, 47, 60, 66, 67, 74, 75, 78 
 ],
[ 1, 5, 6, 11, 19, 20, 22, 26, 27, 29, 30, 33, 37, 47, 67, 69, 71, 74, 90, 95 
 ],
[ 1, 5, 6, 11, 19, 20, 22, 23, 29, 33, 40, 41, 50, 52, 57, 64, 66, 71, 75, 78 
 ],
[ 1, 5, 6, 11, 19, 20, 22, 23, 27, 29, 40, 45, 50, 52, 57, 60, 64, 69, 90, 95 
 ],
[ 1, 5, 6, 11, 12, 20, 22, 29, 40, 45, 48, 49, 51, 52, 53, 64, 69, 70, 81, 87 
 ],
[ 1, 5, 6, 11, 12, 20, 22, 26, 29, 37, 39, 41, 44, 47, 54, 58, 74, 75, 89, 95 
 ],
[ 1, 5, 6, 11, 12, 20, 22, 26, 27, 29, 37, 44, 49, 58, 67, 69, 71, 73, 75, 95 
 ],
[ 1, 5, 6, 11, 12, 20, 22, 24, 29, 40, 41, 44, 48, 52, 57, 64, 75, 78, 87, 89 
 ],
[ 1, 5, 6, 11, 12, 20, 22, 24, 26, 27, 29, 39, 44, 47, 69, 72, 75, 81, 85, 95 
 ],
[ 1, 5, 6, 11, 12, 20, 22, 24, 25, 29, 40, 44, 48, 66, 69, 71, 75, 78, 81, 85 
 ],
[ 1, 5, 6, 11, 12, 19, 20, 22, 29, 40, 48, 50, 52, 53, 64, 69, 81, 87, 89, 90 
 ],
[ 1, 5, 6, 11, 12, 19, 20, 22, 26, 29, 37, 41, 54, 58, 67, 73, 74, 75, 86, 89 
 ]
];

