## Group: [96, 165]
## Difference Sets: 16
## Time:  0:16:06.148

return [
[ 1, 6, 7, 22, 23, 33, 40, 44, 47, 53, 58, 60, 63, 64, 71, 74, 76, 81, 88, 93 
 ],
[ 1, 6, 7, 22, 23, 33, 40, 44, 46, 53, 56, 58, 61, 64, 76, 86, 88, 89, 91, 93 
 ],
[ 1, 6, 7, 22, 23, 33, 38, 40, 44, 46, 52, 53, 58, 61, 64, 70, 76, 82, 95, 96 
 ],
[ 1, 6, 7, 22, 23, 33, 38, 40, 42, 44, 47, 52, 53, 58, 60, 64, 76, 85, 90, 94 
 ],
[ 1, 6, 7, 22, 23, 31, 33, 40, 44, 53, 58, 63, 64, 67, 70, 73, 74, 76, 78, 82 
 ],
[ 1, 6, 7, 22, 23, 31, 33, 40, 44, 53, 56, 58, 64, 68, 73, 76, 79, 85, 89, 90 
 ],
[ 1, 6, 7, 22, 23, 25, 33, 40, 44, 47, 58, 60, 63, 64, 71, 79, 81, 88, 90, 92 
 ],
[ 1, 6, 7, 22, 23, 25, 33, 40, 44, 46, 56, 58, 61, 64, 79, 86, 88, 89, 92, 96 
 ],
[ 1, 6, 7, 22, 23, 25, 33, 38, 40, 44, 46, 58, 61, 64, 70, 78, 82, 91, 92, 95 
 ],
[ 1, 6, 7, 22, 23, 25, 33, 38, 40, 42, 44, 47, 58, 60, 64, 74, 78, 85, 92, 94 
 ],
[ 1, 6, 7, 22, 23, 25, 31, 33, 40, 44, 56, 58, 64, 68, 73, 74, 85, 89, 92, 93 
 ],
[ 1, 6, 7, 22, 23, 25, 31, 33, 40, 44, 52, 58, 63, 64, 67, 70, 73, 82, 90, 92 
 ],
[ 1, 6, 7, 20, 22, 23, 33, 40, 44, 53, 58, 64, 68, 71, 76, 79, 81, 84, 95, 96 
 ],
[ 1, 6, 7, 20, 22, 23, 33, 40, 42, 44, 53, 58, 64, 67, 76, 78, 84, 86, 91, 94 
 ],
[ 1, 6, 7, 20, 22, 23, 25, 33, 40, 44, 58, 64, 68, 71, 81, 84, 91, 92, 93, 95 
 ],
[ 1, 6, 7, 20, 22, 23, 25, 33, 40, 42, 44, 52, 58, 64, 67, 84, 86, 92, 94, 96 
 ]
];

