## Group: [96, 130]
## Difference Sets: 88
## Time:  6:07:21.781

return [
[ 1, 8, 9, 10, 13, 15, 16, 24, 30, 39, 40, 42, 51, 54, 60, 67, 68, 72, 73, 86 
 ],
[ 1, 8, 9, 10, 13, 15, 16, 24, 30, 33, 39, 40, 42, 47, 51, 67, 71, 78, 87, 88 
 ],
[ 1, 8, 9, 10, 13, 15, 16, 24, 27, 32, 39, 40, 42, 45, 47, 58, 67, 76, 88, 95 
 ],
[ 1, 8, 9, 10, 13, 15, 16, 24, 27, 32, 39, 40, 41, 42, 48, 67, 72, 81, 86, 90 
 ],
[ 1, 8, 9, 10, 13, 15, 16, 22, 24, 33, 37, 41, 42, 57, 68, 69, 70, 75, 78, 88 
 ],
[ 1, 8, 9, 10, 12, 13, 15, 16, 24, 39, 40, 42, 53, 58, 66, 67, 68, 73, 76, 89 
 ],
[ 1, 8, 9, 10, 12, 13, 15, 16, 23, 24, 39, 40, 42, 53, 67, 69, 71, 81, 87, 90 
 ],
[ 1, 7, 8, 9, 10, 13, 15, 19, 24, 40, 41, 42, 54, 57, 60, 68, 69, 75, 85, 88 ],
[ 1, 4, 8, 13, 15, 16, 24, 27, 28, 31, 33, 39, 40, 41, 57, 67, 72, 73, 75, 95 
 ],
[ 1, 4, 8, 13, 15, 16, 19, 24, 27, 28, 31, 33, 41, 46, 64, 68, 69, 81, 88, 90 
 ],
[ 1, 4, 8, 13, 15, 16, 19, 23, 24, 27, 28, 31, 33, 46, 47, 48, 64, 73, 81, 90 
 ],
[ 1, 4, 8, 12, 13, 15, 16, 23, 24, 28, 31, 39, 40, 54, 57, 67, 75, 87, 88, 89 
 ],
[ 1, 4, 8, 11, 13, 15, 16, 27, 39, 40, 41, 56, 60, 67, 72, 73, 74, 76, 81, 95 
 ],
[ 1, 4, 8, 11, 13, 15, 16, 27, 28, 37, 41, 43, 46, 49, 58, 60, 68, 69, 88, 90 
 ],
[ 1, 4, 8, 11, 13, 15, 16, 23, 27, 28, 37, 43, 46, 47, 48, 49, 58, 60, 73, 90 
 ],
[ 1, 4, 8, 11, 12, 13, 15, 16, 23, 39, 40, 56, 67, 72, 74, 76, 78, 81, 88, 95 
 ],
[ 1, 4, 7, 8, 13, 15, 21, 22, 24, 27, 28, 31, 33, 41, 46, 57, 72, 73, 75, 95 ],
[ 1, 4, 7, 8, 12, 13, 15, 24, 28, 31, 37, 41, 43, 54, 67, 68, 69, 81, 88, 90 ],
[ 1, 4, 7, 8, 12, 13, 15, 23, 24, 28, 31, 37, 43, 47, 48, 54, 67, 73, 81, 90 ],
[ 1, 4, 7, 8, 12, 13, 15, 21, 22, 23, 24, 28, 31, 46, 54, 57, 75, 87, 88, 89 ],
[ 1, 4, 7, 8, 11, 13, 15, 21, 22, 27, 41, 46, 56, 60, 72, 73, 74, 76, 81, 95 ],
[ 1, 4, 7, 8, 11, 12, 13, 15, 28, 37, 41, 43, 49, 58, 67, 68, 69, 78, 88, 90 ],
[ 1, 4, 7, 8, 11, 12, 13, 15, 23, 28, 37, 43, 47, 48, 49, 58, 67, 73, 78, 90 ],
[ 1, 4, 7, 8, 11, 12, 13, 15, 21, 22, 23, 46, 56, 72, 74, 76, 78, 81, 88, 95 ],
[ 1, 3, 5, 8, 14, 16, 26, 27, 37, 41, 45, 46, 48, 49, 57, 58, 70, 74, 78, 87 ],
[ 1, 3, 5, 8, 14, 16, 24, 27, 31, 33, 37, 41, 45, 56, 57, 67, 69, 72, 85, 90 ],
[ 1, 3, 5, 8, 14, 16, 23, 26, 27, 37, 46, 49, 57, 58, 66, 69, 70, 72, 74, 78 ],
[ 1, 3, 5, 8, 14, 16, 23, 24, 27, 31, 33, 37, 48, 56, 57, 66, 67, 85, 87, 90 ],
[ 1, 3, 5, 8, 14, 16, 22, 26, 37, 44, 47, 49, 55, 66, 69, 74, 82, 83, 89, 93 ],
[ 1, 3, 5, 8, 14, 16, 22, 26, 37, 44, 45, 48, 49, 55, 68, 74, 82, 83, 93, 95 ],
[ 1, 3, 5, 8, 14, 16, 22, 26, 34, 37, 44, 47, 49, 66, 69, 74, 84, 89, 91, 92 ],
[ 1, 3, 5, 8, 14, 16, 22, 26, 34, 37, 44, 45, 48, 49, 68, 74, 84, 91, 92, 95 ],
[ 1, 3, 5, 8, 14, 16, 22, 26, 27, 37, 44, 47, 49, 57, 58, 66, 69, 74, 78, 89 ],
[ 1, 3, 5, 8, 14, 16, 22, 24, 27, 37, 41, 44, 45, 52, 54, 57, 73, 74, 81, 95 ],
[ 1, 3, 5, 8, 14, 16, 22, 23, 26, 27, 28, 37, 44, 56, 66, 75, 76, 78, 88, 89 ],
[ 1, 3, 5, 8, 14, 16, 19, 24, 31, 40, 44, 55, 56, 62, 66, 68, 69, 82, 95, 96 ],
[ 1, 3, 5, 8, 14, 16, 19, 24, 31, 40, 44, 45, 47, 48, 55, 56, 62, 82, 89, 96 ],
[ 1, 3, 5, 8, 14, 16, 19, 24, 31, 34, 40, 44, 56, 66, 68, 69, 80, 91, 94, 95 ],
[ 1, 3, 5, 8, 14, 16, 19, 24, 31, 34, 40, 44, 45, 47, 48, 56, 80, 89, 91, 94 ],
[ 1, 3, 5, 8, 14, 16, 19, 24, 27, 31, 33, 40, 44, 45, 47, 48, 56, 57, 89, 90 ],
[ 1, 3, 5, 8, 14, 16, 19, 23, 24, 27, 31, 33, 40, 44, 45, 56, 57, 73, 89, 90 ],
[ 1, 3, 5, 8, 14, 16, 19, 22, 24, 48, 52, 55, 65, 66, 68, 74, 80, 82, 89, 94 ],
[ 1, 3, 5, 8, 14, 16, 19, 22, 24, 34, 48, 52, 62, 65, 66, 68, 74, 89, 91, 96 ],
[ 1, 3, 5, 8, 14, 16, 19, 22, 24, 34, 45, 47, 52, 62, 65, 69, 74, 91, 95, 96 ],
[ 1, 3, 5, 8, 12, 14, 16, 26, 37, 41, 45, 46, 48, 49, 60, 70, 74, 75, 76, 87 ],
[ 1, 3, 5, 8, 12, 14, 16, 24, 31, 37, 41, 45, 54, 56, 67, 69, 72, 75, 81, 85 ],
[ 1, 3, 5, 8, 12, 14, 16, 23, 24, 31, 37, 48, 54, 56, 66, 67, 75, 81, 85, 87 ],
[ 1, 3, 5, 8, 12, 14, 16, 22, 26, 37, 44, 47, 49, 60, 66, 69, 74, 75, 76, 89 ],
[ 1, 3, 5, 8, 12, 14, 16, 22, 24, 33, 37, 41, 44, 45, 52, 73, 74, 75, 90, 95 ],
[ 1, 3, 5, 8, 12, 14, 16, 22, 23, 26, 28, 37, 44, 56, 57, 58, 60, 66, 88, 89 ],
[ 1, 3, 5, 8, 12, 14, 16, 19, 24, 31, 40, 44, 45, 47, 48, 54, 56, 75, 81, 89 ],
[ 1, 3, 5, 8, 12, 14, 16, 19, 23, 24, 31, 40, 44, 45, 54, 56, 73, 75, 81, 89 ],
[ 1, 3, 5, 8, 11, 14, 16, 28, 37, 40, 45, 55, 65, 68, 69, 74, 83, 84, 89, 91 ],
[ 1, 3, 5, 8, 11, 14, 16, 28, 34, 37, 40, 45, 65, 68, 69, 74, 82, 89, 92, 93 ],
[ 1, 3, 5, 8, 11, 14, 16, 27, 37, 41, 45, 49, 56, 57, 60, 67, 69, 72, 76, 85 ],
[ 1, 3, 5, 8, 11, 12, 14, 16, 37, 41, 45, 49, 56, 58, 67, 69, 72, 75, 78, 85 ],
[ 1, 3, 4, 8, 13, 16, 24, 31, 39, 40, 48, 55, 56, 62, 66, 67, 71, 82, 88, 96 ],
[ 1, 3, 4, 8, 13, 16, 24, 31, 39, 40, 45, 55, 56, 62, 67, 69, 73, 82, 86, 96 ],
[ 1, 3, 4, 8, 13, 16, 24, 31, 34, 39, 40, 48, 56, 66, 67, 71, 80, 88, 91, 94 ],
[ 1, 3, 4, 8, 13, 16, 24, 31, 34, 39, 40, 45, 56, 67, 69, 73, 80, 86, 91, 94 ],
[ 1, 3, 4, 8, 13, 16, 24, 27, 31, 33, 39, 40, 48, 56, 57, 66, 67, 71, 88, 90 ],
[ 1, 3, 4, 8, 13, 16, 24, 27, 31, 33, 39, 40, 45, 56, 57, 67, 69, 73, 86, 90 ],
[ 1, 3, 4, 8, 13, 16, 24, 27, 31, 33, 39, 40, 41, 47, 56, 57, 67, 72, 90, 95 ],
[ 1, 3, 4, 8, 13, 16, 23, 24, 27, 31, 33, 39, 40, 56, 57, 67, 68, 87, 89, 90 ],
[ 1, 3, 4, 8, 13, 16, 21, 24, 27, 31, 33, 41, 44, 56, 57, 68, 69, 85, 88, 90 ],
[ 1, 3, 4, 8, 13, 16, 21, 23, 24, 27, 31, 33, 44, 47, 48, 56, 57, 73, 85, 90 ],
[ 1, 3, 4, 8, 12, 13, 16, 24, 31, 39, 40, 48, 54, 56, 66, 67, 71, 75, 81, 88 ],
[ 1, 3, 4, 8, 12, 13, 16, 24, 31, 39, 40, 45, 54, 56, 67, 69, 73, 75, 81, 86 ],
[ 1, 3, 4, 8, 12, 13, 16, 24, 31, 39, 40, 41, 47, 54, 56, 67, 72, 75, 81, 95 ],
[ 1, 3, 4, 8, 12, 13, 16, 23, 24, 31, 39, 40, 54, 56, 67, 68, 75, 81, 87, 89 ],
[ 1, 3, 4, 8, 12, 13, 16, 21, 24, 31, 41, 44, 54, 56, 68, 69, 75, 81, 85, 88 ],
[ 1, 3, 4, 8, 12, 13, 16, 21, 23, 24, 31, 44, 47, 48, 54, 56, 73, 75, 81, 85 ],
[ 1, 3, 4, 8, 11, 13, 16, 39, 40, 48, 49, 55, 56, 66, 67, 71, 82, 84, 88, 92 ],
[ 1, 3, 4, 8, 11, 13, 16, 39, 40, 45, 49, 55, 56, 67, 69, 73, 82, 84, 86, 92 ],
[ 1, 3, 4, 8, 11, 13, 16, 34, 39, 40, 48, 49, 56, 66, 67, 71, 83, 88, 91, 93 ],
[ 1, 3, 4, 8, 11, 13, 16, 34, 39, 40, 45, 49, 56, 67, 69, 73, 83, 86, 91, 93 ],
[ 1, 3, 4, 8, 11, 13, 16, 27, 39, 40, 48, 49, 56, 57, 60, 66, 67, 71, 76, 88 ],
[ 1, 3, 4, 8, 11, 13, 16, 27, 39, 40, 45, 49, 56, 57, 60, 67, 69, 73, 76, 86 ],
[ 1, 3, 4, 8, 11, 13, 16, 27, 39, 40, 41, 47, 49, 56, 57, 60, 67, 72, 76, 95 ],
[ 1, 3, 4, 8, 11, 13, 16, 23, 27, 39, 40, 49, 56, 57, 60, 67, 68, 76, 87, 89 ],
[ 1, 3, 4, 8, 11, 13, 16, 21, 27, 41, 44, 49, 56, 57, 60, 68, 69, 76, 85, 88 ],
[ 1, 3, 4, 8, 11, 13, 16, 21, 23, 27, 44, 47, 48, 49, 56, 57, 60, 73, 76, 85 ],
[ 1, 3, 4, 8, 11, 12, 13, 16, 39, 40, 48, 49, 56, 58, 66, 67, 71, 75, 78, 88 ],
[ 1, 3, 4, 8, 11, 12, 13, 16, 39, 40, 45, 49, 56, 58, 67, 69, 73, 75, 78, 86 ],
[ 1, 3, 4, 8, 11, 12, 13, 16, 39, 40, 41, 47, 49, 56, 58, 67, 72, 75, 78, 95 ],
[ 1, 3, 4, 8, 11, 12, 13, 16, 23, 39, 40, 49, 56, 58, 67, 68, 75, 78, 87, 89 ],
[ 1, 3, 4, 8, 11, 12, 13, 16, 21, 41, 44, 49, 56, 58, 68, 69, 75, 78, 85, 88 ],
[ 1, 3, 4, 8, 11, 12, 13, 16, 21, 23, 44, 47, 48, 49, 56, 58, 73, 75, 78, 85 ]
];

