## Group: [96, 170]
## Difference Sets: 44
## Time:  0:14:05.659

return [
[ 1, 6, 7, 22, 23, 33, 40, 44, 53, 56, 57, 60, 63, 65, 68, 70, 73, 76, 91, 93 
 ],
[ 1, 6, 7, 22, 23, 33, 40, 44, 52, 53, 56, 58, 61, 63, 65, 68, 70, 73, 75, 91 
 ],
[ 1, 6, 7, 22, 23, 33, 40, 44, 49, 53, 56, 63, 65, 68, 70, 73, 78, 83, 84, 91 
 ],
[ 1, 6, 7, 22, 23, 33, 40, 44, 47, 53, 57, 63, 65, 70, 76, 78, 84, 88, 90, 94 
 ],
[ 1, 6, 7, 22, 23, 33, 40, 44, 47, 53, 56, 58, 63, 65, 70, 75, 78, 84, 88, 91 
 ],
[ 1, 6, 7, 22, 23, 33, 40, 44, 47, 49, 56, 58, 60, 64, 78, 80, 85, 88, 89, 96 
 ],
[ 1, 6, 7, 22, 23, 33, 40, 44, 47, 49, 53, 63, 65, 70, 78, 81, 83, 84, 88, 96 
 ],
[ 1, 6, 7, 22, 23, 33, 40, 44, 47, 49, 53, 56, 58, 70, 78, 84, 85, 87, 88, 96 
 ],
[ 1, 6, 7, 22, 23, 33, 40, 42, 44, 52, 53, 58, 61, 65, 68, 73, 75, 81, 85, 96 
 ],
[ 1, 6, 7, 22, 23, 33, 40, 42, 44, 52, 53, 57, 61, 65, 68, 73, 74, 76, 82, 85 
 ],
[ 1, 6, 7, 22, 23, 33, 40, 42, 44, 49, 52, 53, 58, 61, 63, 68, 73, 81, 87, 91 
 ],
[ 1, 6, 7, 22, 23, 33, 40, 42, 44, 49, 52, 53, 56, 61, 65, 68, 73, 83, 85, 91 
 ],
[ 1, 6, 7, 22, 23, 33, 40, 42, 44, 47, 53, 58, 65, 75, 78, 81, 84, 85, 88, 96 
 ],
[ 1, 6, 7, 22, 23, 33, 40, 42, 44, 47, 49, 52, 53, 61, 65, 81, 83, 85, 88, 96 
 ],
[ 1, 6, 7, 22, 23, 33, 38, 40, 44, 46, 53, 57, 65, 74, 76, 78, 82, 84, 86, 89 
 ],
[ 1, 6, 7, 22, 23, 33, 38, 40, 44, 46, 49, 53, 60, 65, 74, 82, 83, 86, 89, 93 
 ],
[ 1, 6, 7, 22, 23, 33, 38, 40, 42, 44, 46, 49, 58, 61, 64, 74, 79, 80, 86, 94 
 ],
[ 1, 6, 7, 22, 23, 33, 35, 40, 44, 52, 54, 57, 60, 63, 68, 73, 82, 89, 90, 92 
 ],
[ 1, 6, 7, 22, 23, 33, 35, 40, 44, 49, 56, 60, 63, 68, 73, 78, 80, 83, 89, 91 
 ],
[ 1, 6, 7, 22, 23, 33, 35, 38, 40, 44, 46, 54, 56, 57, 70, 79, 84, 86, 92, 96 
 ],
[ 1, 6, 7, 22, 23, 33, 35, 38, 40, 44, 46, 49, 70, 74, 80, 82, 83, 84, 86, 93 
 ],
[ 1, 6, 7, 22, 23, 31, 33, 40, 42, 44, 47, 53, 57, 65, 76, 79, 81, 85, 88, 96 
 ],
[ 1, 6, 7, 22, 23, 31, 33, 38, 40, 44, 46, 53, 58, 65, 74, 75, 79, 82, 86, 89 
 ],
[ 1, 6, 7, 22, 23, 31, 33, 38, 40, 44, 46, 53, 58, 65, 71, 75, 79, 90, 94, 95 
 ],
[ 1, 6, 7, 22, 23, 31, 33, 38, 40, 44, 46, 53, 56, 57, 65, 71, 76, 79, 91, 95 
 ],
[ 1, 6, 7, 22, 23, 31, 33, 38, 40, 44, 46, 49, 53, 65, 71, 74, 79, 82, 83, 95 
 ],
[ 1, 6, 7, 22, 23, 31, 33, 38, 40, 44, 46, 49, 53, 58, 71, 74, 79, 86, 87, 94 
 ],
[ 1, 6, 7, 22, 23, 31, 33, 35, 40, 44, 47, 54, 57, 71, 74, 78, 85, 88, 92, 94 
 ],
[ 1, 6, 7, 22, 23, 28, 33, 40, 44, 47, 53, 63, 65, 70, 74, 78, 82, 84, 88, 92 
 ],
[ 1, 6, 7, 22, 23, 28, 33, 40, 42, 44, 52, 53, 61, 65, 68, 73, 85, 90, 92, 94 
 ],
[ 1, 6, 7, 22, 23, 28, 33, 40, 42, 44, 47, 53, 60, 65, 81, 85, 88, 92, 93, 96 
 ],
[ 1, 6, 7, 22, 23, 28, 33, 38, 40, 44, 46, 52, 53, 61, 65, 74, 82, 86, 89, 92 
 ],
[ 1, 6, 7, 22, 23, 28, 33, 38, 40, 42, 44, 46, 54, 61, 64, 81, 86, 92, 93, 96 
 ],
[ 1, 6, 7, 22, 23, 28, 31, 33, 40, 44, 53, 56, 63, 65, 68, 70, 73, 79, 91, 92 
 ],
[ 1, 6, 7, 22, 23, 28, 31, 33, 38, 40, 44, 46, 53, 65, 71, 79, 81, 92, 95, 96 
 ],
[ 1, 6, 7, 22, 23, 25, 33, 38, 40, 44, 46, 56, 57, 60, 65, 79, 86, 89, 92, 96 
 ],
[ 1, 6, 7, 22, 23, 25, 33, 38, 40, 44, 46, 52, 56, 65, 75, 83, 84, 86, 89, 96 
 ],
[ 1, 6, 7, 22, 23, 25, 33, 38, 40, 44, 46, 49, 56, 58, 61, 65, 78, 86, 89, 96 
 ],
[ 1, 6, 7, 22, 23, 25, 31, 33, 38, 40, 44, 46, 65, 71, 75, 82, 83, 90, 93, 95 
 ],
[ 1, 6, 7, 22, 23, 25, 31, 33, 38, 40, 44, 46, 56, 57, 65, 71, 92, 93, 95, 96 
 ],
[ 1, 6, 7, 22, 23, 25, 31, 33, 38, 40, 44, 46, 49, 58, 65, 71, 74, 93, 94, 95 
 ],
[ 1, 6, 7, 22, 23, 25, 28, 31, 33, 38, 40, 44, 46, 71, 81, 86, 87, 92, 93, 96 
 ],
[ 1, 6, 7, 22, 23, 25, 28, 31, 33, 38, 40, 44, 46, 65, 71, 76, 81, 91, 93, 95 
 ],
[ 1, 6, 7, 22, 23, 25, 28, 31, 33, 38, 40, 44, 46, 56, 65, 76, 86, 89, 93, 96 
 ]
];

