## Group: [96, 174]
## Difference Sets: 6
## Time:  0:03:02.808

return [
[ 1, 6, 7, 22, 23, 28, 33, 40, 42, 44, 47, 52, 54, 60, 64, 81, 86, 88, 92, 96 
 ],
[ 1, 6, 7, 22, 23, 28, 33, 38, 40, 44, 46, 54, 61, 64, 74, 82, 85, 89, 92, 93 
 ],
[ 1, 6, 7, 12, 16, 17, 19, 22, 23, 33, 47, 49, 52, 53, 64, 69, 77, 81, 83, 86 
 ],
[ 1, 6, 7, 12, 14, 16, 19, 22, 23, 28, 33, 46, 49, 54, 64, 72, 77, 82, 85, 93 
 ],
[ 1, 6, 7, 10, 12, 16, 19, 22, 23, 28, 40, 43, 54, 56, 64, 73, 76, 77, 78, 95 
 ],
[ 1, 6, 7, 10, 12, 16, 19, 22, 23, 24, 40, 43, 52, 58, 64, 73, 75, 80, 82, 95 
 ]
];

