## Group: [96, 185]
## Difference Sets: 20
## Time:  2:21:32.792

return [
[ 1, 4, 6, 9, 17, 18, 34, 35, 42, 47, 49, 50, 51, 54, 57, 63, 69, 72, 83, 86 ],
[ 1, 4, 6, 9, 17, 18, 32, 34, 35, 46, 49, 50, 51, 69, 72, 73, 76, 83, 85, 88 ],
[ 1, 4, 6, 9, 17, 18, 28, 34, 35, 50, 51, 58, 69, 70, 72, 73, 75, 80, 85, 95 ],
[ 1, 4, 6, 9, 17, 18, 28, 33, 34, 35, 38, 42, 50, 51, 53, 69, 71, 72, 80, 86 ],
[ 1, 4, 6, 9, 17, 18, 26, 32, 35, 48, 49, 51, 54, 59, 62, 70, 73, 85, 87, 95 ],
[ 1, 4, 6, 9, 17, 18, 25, 34, 35, 50, 51, 54, 57, 62, 67, 69, 70, 72, 89, 95 ],
[ 1, 4, 6, 9, 17, 18, 25, 26, 35, 46, 48, 51, 57, 59, 67, 76, 83, 87, 88, 89 ],
[ 1, 4, 6, 9, 17, 18, 24, 42, 48, 55, 57, 59, 62, 64, 65, 71, 75, 85, 88, 92 ],
[ 1, 4, 6, 9, 17, 18, 24, 38, 48, 53, 55, 57, 59, 64, 65, 68, 70, 73, 83, 92 ],
[ 1, 4, 6, 9, 17, 18, 24, 38, 40, 46, 55, 57, 59, 64, 72, 73, 75, 80, 83, 86 ],
[ 1, 4, 6, 9, 17, 18, 24, 34, 38, 39, 40, 46, 48, 53, 57, 62, 68, 77, 80, 89 ],
[ 1, 4, 6, 9, 17, 18, 24, 32, 40, 53, 55, 59, 62, 63, 64, 68, 70, 72, 89, 92 ],
[ 1, 4, 6, 9, 17, 18, 24, 28, 34, 38, 39, 40, 48, 49, 54, 58, 70, 77, 86, 89 ],
[ 1, 4, 6, 9, 17, 18, 24, 25, 28, 42, 47, 48, 55, 58, 59, 64, 65, 67, 76, 88 ],
[ 1, 4, 6, 9, 17, 18, 20, 27, 28, 35, 38, 47, 50, 58, 59, 69, 72, 75, 80, 86 ],
[ 1, 4, 6, 9, 17, 18, 20, 26, 28, 35, 38, 48, 51, 53, 58, 59, 68, 71, 87, 92 ],
[ 1, 4, 6, 9, 17, 18, 20, 26, 27, 28, 33, 34, 35, 48, 63, 71, 75, 86, 87, 92 ],
[ 1, 4, 6, 9, 17, 18, 20, 24, 28, 40, 47, 49, 54, 55, 58, 59, 64, 67, 72, 95 ],
[ 1, 4, 6, 9, 17, 18, 20, 24, 25, 28, 33, 34, 39, 40, 48, 54, 67, 71, 77, 88 ],
[ 1, 4, 6, 9, 10, 17, 18, 24, 25, 34, 39, 42, 54, 58, 65, 67, 71, 72, 77, 95 ]
];

