## Group: [96, 190]
## Difference Sets: 40
## Time:  2:21:47.522

return [
[ 1, 9, 12, 20, 22, 24, 31, 33, 34, 36, 37, 39, 41, 45, 52, 62, 65, 70, 71, 
  87 ],
[ 1, 9, 12, 20, 22, 24, 31, 33, 34, 36, 37, 39, 41, 45, 52, 62, 64, 65, 70, 
  71 ],
[ 1, 9, 12, 20, 22, 24, 31, 33, 34, 35, 36, 37, 39, 41, 45, 52, 62, 70, 71, 
  87 ],
[ 1, 9, 12, 20, 22, 24, 31, 33, 34, 35, 36, 37, 39, 41, 45, 52, 62, 64, 70, 
  71 ],
[ 1, 7, 11, 12, 15, 18, 20, 31, 33, 35, 38, 41, 44, 50, 61, 62, 67, 70, 85, 
  93 ],
[ 1, 7, 11, 12, 15, 17, 18, 20, 30, 31, 33, 35, 38, 41, 50, 62, 67, 77, 85, 
  89 ],
[ 1, 7, 10, 11, 12, 15, 20, 29, 32, 36, 38, 41, 43, 46, 52, 71, 79, 84, 86, 
  87 ],
[ 1, 7, 10, 11, 12, 15, 20, 29, 32, 36, 38, 41, 42, 46, 51, 52, 59, 72, 86, 
  87 ],
[ 1, 7, 10, 11, 12, 15, 20, 24, 32, 36, 38, 41, 43, 46, 60, 63, 64, 71, 79, 
  84 ],
[ 1, 7, 10, 11, 12, 15, 20, 24, 32, 36, 38, 41, 42, 46, 51, 59, 60, 63, 64, 
  72 ],
[ 1, 7, 9, 11, 12, 15, 18, 20, 33, 38, 41, 44, 61, 62, 65, 67, 70, 78, 93, 95 
 ],
[ 1, 7, 9, 11, 12, 15, 17, 18, 20, 30, 33, 38, 41, 62, 65, 67, 77, 78, 89, 95 
 ],
[ 1, 6, 10, 11, 12, 20, 32, 40, 43, 46, 59, 65, 66, 68, 69, 71, 77, 84, 93, 
  95 ],
[ 1, 6, 10, 11, 12, 20, 32, 40, 43, 46, 59, 65, 66, 68, 69, 71, 77, 84, 85, 
  93 ],
[ 1, 6, 9, 10, 11, 12, 20, 24, 31, 32, 40, 43, 46, 52, 65, 66, 68, 69, 71, 95 
 ],
[ 1, 6, 9, 10, 11, 12, 20, 24, 31, 32, 40, 43, 46, 52, 65, 66, 68, 69, 71, 85 
 ],
[ 1, 6, 9, 10, 11, 12, 15, 16, 20, 31, 32, 43, 46, 50, 68, 71, 78, 86, 87, 88 
 ],
[ 1, 4, 6, 10, 11, 12, 15, 16, 18, 30, 32, 35, 36, 38, 43, 50, 61, 71, 78, 95 
 ],
[ 1, 4, 6, 10, 11, 12, 15, 16, 18, 30, 32, 35, 36, 38, 42, 50, 61, 72, 78, 85 
 ],
[ 1, 4, 6, 10, 11, 12, 15, 16, 18, 24, 32, 35, 36, 38, 43, 52, 59, 71, 84, 95 
 ],
[ 1, 4, 6, 10, 11, 12, 15, 16, 18, 24, 32, 35, 36, 38, 42, 52, 59, 72, 84, 85 
 ],
[ 1, 4, 6, 9, 10, 11, 12, 18, 24, 31, 32, 37, 40, 43, 52, 65, 66, 69, 71, 95 ],
[ 1, 4, 6, 9, 10, 11, 12, 18, 24, 31, 32, 37, 39, 40, 43, 52, 65, 66, 71, 95 ],
[ 1, 4, 6, 9, 10, 11, 12, 18, 24, 31, 32, 35, 39, 40, 42, 52, 68, 72, 88, 95 ],
[ 1, 4, 6, 9, 10, 11, 12, 18, 24, 31, 32, 35, 39, 40, 42, 52, 66, 68, 72, 95 ],
[ 1, 4, 6, 9, 10, 11, 12, 15, 16, 18, 31, 32, 43, 50, 63, 64, 66, 68, 71, 78 ],
[ 1, 4, 6, 9, 10, 11, 12, 15, 16, 18, 31, 32, 35, 36, 38, 43, 71, 77, 93, 95 ],
[ 1, 4, 6, 9, 10, 11, 12, 15, 16, 18, 31, 32, 35, 36, 38, 42, 72, 77, 85, 93 ],
[ 1, 4, 5, 6, 10, 12, 13, 20, 21, 31, 38, 44, 50, 55, 59, 72, 79, 80, 85, 86 ],
[ 1, 4, 5, 6, 10, 12, 13, 17, 20, 21, 31, 38, 51, 55, 59, 72, 78, 80, 86, 95 ],
[ 1, 4, 5, 6, 9, 10, 12, 13, 20, 21, 38, 43, 44, 50, 55, 63, 79, 80, 84, 85 ],
[ 1, 4, 5, 6, 9, 10, 12, 13, 17, 20, 21, 38, 43, 51, 55, 63, 78, 80, 84, 95 ],
[ 1, 3, 7, 11, 12, 16, 18, 20, 31, 33, 44, 50, 61, 62, 64, 68, 70, 77, 86, 88 
 ],
[ 1, 3, 7, 11, 12, 16, 17, 18, 20, 30, 31, 33, 62, 64, 68, 77, 78, 86, 88, 89 
 ],
[ 1, 3, 7, 10, 11, 12, 16, 20, 32, 42, 46, 51, 52, 59, 60, 65, 66, 68, 72, 85 
 ],
[ 1, 3, 7, 10, 11, 12, 16, 20, 32, 35, 37, 43, 46, 52, 60, 71, 79, 84, 88, 95 
 ],
[ 1, 3, 7, 10, 11, 12, 16, 20, 29, 32, 37, 43, 46, 51, 52, 65, 71, 84, 85, 88 
 ],
[ 1, 3, 7, 10, 11, 12, 16, 20, 29, 32, 35, 42, 46, 52, 59, 66, 68, 72, 79, 95 
 ],
[ 1, 3, 7, 9, 11, 12, 16, 18, 20, 33, 44, 50, 61, 62, 63, 68, 70, 87, 88, 93 ],
[ 1, 3, 7, 9, 11, 12, 16, 17, 18, 20, 30, 33, 62, 63, 68, 78, 87, 88, 89, 93 ]
];

