## Group: [96, 194]
## Difference Sets: 72
## Time:  5:27:51.952

return [
[ 1, 8, 10, 14, 19, 22, 25, 26, 27, 28, 36, 38, 41, 46, 49, 55, 64, 71, 72, 
  95 ],
[ 1, 8, 10, 14, 18, 22, 25, 26, 27, 28, 37, 38, 41, 43, 46, 49, 55, 86, 87, 
  89 ],
[ 1, 8, 10, 14, 16, 21, 25, 26, 27, 28, 36, 45, 47, 49, 55, 63, 65, 67, 72, 
  89 ],
[ 1, 8, 10, 14, 16, 21, 25, 26, 27, 28, 36, 38, 45, 49, 55, 65, 71, 72, 73, 
  85 ],
[ 1, 8, 10, 14, 16, 18, 21, 25, 26, 27, 28, 38, 44, 49, 55, 66, 70, 73, 86, 
  87 ],
[ 1, 5, 8, 10, 19, 20, 25, 26, 27, 28, 36, 40, 41, 43, 49, 55, 67, 86, 87, 89 
 ],
[ 1, 3, 8, 14, 19, 21, 26, 27, 35, 37, 43, 47, 49, 53, 55, 58, 62, 67, 70, 86 
 ],
[ 1, 3, 8, 14, 19, 21, 26, 27, 35, 37, 43, 46, 49, 53, 55, 58, 62, 68, 71, 85 
 ],
[ 1, 3, 8, 14, 19, 21, 26, 27, 35, 37, 38, 42, 43, 49, 53, 55, 58, 62, 73, 95 
 ],
[ 1, 3, 8, 14, 19, 21, 26, 27, 28, 32, 35, 37, 43, 47, 55, 67, 70, 76, 80, 86 
 ],
[ 1, 3, 8, 14, 19, 21, 26, 27, 28, 32, 35, 37, 43, 46, 55, 68, 71, 76, 80, 85 
 ],
[ 1, 3, 8, 14, 19, 21, 26, 27, 28, 32, 35, 37, 38, 42, 43, 55, 73, 76, 80, 95 
 ],
[ 1, 3, 8, 14, 19, 21, 25, 26, 27, 33, 35, 37, 43, 47, 55, 67, 70, 75, 83, 86 
 ],
[ 1, 3, 8, 14, 19, 21, 25, 26, 27, 33, 35, 37, 43, 46, 55, 68, 71, 75, 83, 85 
 ],
[ 1, 3, 8, 14, 19, 21, 25, 26, 27, 33, 35, 37, 38, 42, 43, 55, 73, 75, 83, 95 
 ],
[ 1, 3, 8, 14, 19, 20, 21, 26, 27, 35, 37, 43, 49, 53, 55, 58, 62, 63, 88, 89 
 ],
[ 1, 3, 8, 14, 19, 20, 21, 26, 27, 28, 32, 35, 37, 43, 55, 63, 76, 80, 88, 89 
 ],
[ 1, 3, 8, 14, 19, 20, 21, 25, 26, 27, 33, 35, 37, 43, 55, 63, 75, 83, 88, 89 
 ],
[ 1, 3, 8, 14, 17, 19, 21, 26, 27, 28, 37, 38, 53, 55, 62, 63, 64, 73, 76, 89 
 ],
[ 1, 3, 8, 14, 17, 19, 21, 25, 26, 27, 33, 37, 47, 55, 57, 64, 67, 71, 85, 92 
 ],
[ 1, 3, 8, 14, 17, 19, 21, 25, 26, 27, 33, 37, 46, 55, 57, 64, 68, 70, 86, 92 
 ],
[ 1, 3, 8, 14, 17, 19, 20, 21, 26, 27, 28, 37, 42, 53, 55, 62, 64, 76, 88, 95 
 ],
[ 1, 3, 8, 12, 14, 15, 17, 18, 26, 33, 48, 49, 57, 59, 67, 69, 85, 88, 92, 95 
 ],
[ 1, 3, 8, 12, 14, 15, 17, 18, 26, 33, 46, 48, 49, 57, 59, 69, 70, 73, 89, 92 
 ],
[ 1, 3, 8, 12, 14, 15, 17, 18, 26, 33, 38, 48, 49, 57, 59, 63, 68, 69, 86, 92 
 ],
[ 1, 3, 8, 12, 14, 15, 17, 18, 20, 26, 33, 42, 47, 48, 49, 57, 59, 69, 71, 92 
 ],
[ 1, 3, 8, 11, 14, 15, 18, 27, 33, 35, 49, 53, 59, 62, 67, 69, 70, 87, 89, 95 
 ],
[ 1, 3, 8, 11, 14, 15, 18, 27, 28, 32, 35, 46, 54, 59, 69, 80, 85, 87, 89, 95 
 ],
[ 1, 3, 8, 11, 14, 15, 18, 20, 25, 27, 35, 53, 58, 59, 62, 63, 69, 71, 86, 87 
 ],
[ 1, 3, 8, 10, 11, 14, 15, 18, 27, 32, 35, 38, 42, 59, 69, 71, 76, 80, 86, 87 
 ],
[ 1, 3, 6, 8, 14, 15, 29, 34, 35, 49, 51, 53, 58, 62, 67, 69, 70, 87, 88, 89 ],
[ 1, 3, 6, 8, 14, 15, 29, 34, 35, 46, 49, 51, 53, 58, 62, 69, 73, 85, 87, 95 ],
[ 1, 3, 6, 8, 14, 15, 29, 34, 35, 38, 42, 49, 51, 53, 58, 62, 68, 69, 71, 87 ],
[ 1, 3, 6, 8, 14, 15, 28, 29, 32, 34, 35, 51, 67, 69, 70, 76, 80, 87, 88, 89 ],
[ 1, 3, 6, 8, 14, 15, 28, 29, 32, 34, 35, 46, 51, 69, 73, 76, 80, 85, 87, 95 ],
[ 1, 3, 6, 8, 14, 15, 28, 29, 32, 34, 35, 38, 42, 51, 68, 69, 71, 76, 80, 87 ],
[ 1, 3, 6, 8, 14, 15, 25, 29, 33, 34, 35, 38, 42, 51, 68, 69, 71, 75, 83, 87 ],
[ 1, 3, 6, 8, 14, 15, 24, 43, 48, 53, 55, 57, 63, 65, 67, 71, 73, 77, 80, 83 ],
[ 1, 3, 6, 8, 14, 15, 24, 42, 43, 46, 48, 53, 55, 57, 65, 77, 80, 83, 86, 88 ],
[ 1, 3, 6, 8, 14, 15, 24, 38, 43, 47, 48, 53, 55, 57, 65, 77, 80, 83, 85, 89 ],
[ 1, 3, 6, 8, 14, 15, 24, 25, 28, 43, 48, 54, 55, 58, 63, 65, 67, 71, 73, 77 ],
[ 1, 3, 6, 8, 14, 15, 24, 25, 28, 42, 43, 46, 48, 54, 55, 58, 65, 77, 86, 88 ],
[ 1, 3, 6, 8, 14, 15, 24, 25, 28, 38, 43, 47, 48, 54, 55, 58, 65, 77, 85, 89 ],
[ 1, 3, 6, 8, 14, 15, 20, 29, 34, 35, 47, 49, 51, 53, 58, 62, 63, 69, 86, 87 ],
[ 1, 3, 6, 8, 14, 15, 20, 28, 29, 32, 34, 35, 47, 51, 63, 69, 76, 80, 86, 87 ],
[ 1, 3, 6, 8, 14, 15, 20, 25, 29, 33, 34, 35, 47, 51, 63, 69, 75, 83, 86, 87 ],
[ 1, 3, 6, 8, 14, 15, 20, 24, 43, 48, 53, 55, 57, 65, 68, 70, 77, 80, 83, 95 ],
[ 1, 3, 6, 8, 14, 15, 20, 24, 25, 28, 43, 48, 54, 55, 58, 65, 68, 70, 77, 95 ],
[ 1, 3, 6, 8, 14, 15, 17, 25, 30, 33, 34, 50, 57, 67, 69, 72, 85, 88, 92, 95 ],
[ 1, 3, 6, 8, 14, 15, 17, 25, 30, 33, 34, 46, 50, 57, 69, 70, 72, 73, 89, 92 ],
[ 1, 3, 6, 8, 11, 14, 27, 28, 32, 35, 36, 54, 59, 67, 69, 70, 80, 87, 89, 95 ],
[ 1, 3, 6, 8, 11, 14, 25, 27, 35, 36, 38, 42, 53, 58, 59, 62, 69, 71, 86, 87 ],
[ 1, 2, 7, 8, 9, 14, 15, 24, 25, 33, 38, 39, 41, 65, 70, 71, 75, 83, 87, 88 ],
[ 1, 2, 7, 8, 9, 14, 15, 20, 24, 25, 33, 39, 41, 65, 73, 75, 83, 85, 86, 87 ],
[ 1, 2, 6, 8, 14, 16, 27, 30, 35, 38, 54, 58, 62, 66, 69, 70, 80, 86, 87, 89 ],
[ 1, 2, 6, 8, 14, 16, 25, 27, 28, 30, 32, 35, 42, 53, 66, 67, 69, 71, 87, 95 ],
[ 1, 2, 6, 8, 14, 16, 21, 25, 26, 28, 29, 44, 66, 67, 69, 83, 85, 88, 92, 95 ],
[ 1, 2, 6, 8, 14, 16, 21, 25, 26, 28, 29, 38, 44, 63, 66, 68, 69, 83, 86, 92 ],
[ 1, 2, 5, 7, 8, 9, 15, 21, 24, 25, 33, 38, 41, 57, 65, 85, 86, 87, 88, 92 ],
[ 1, 2, 5, 7, 8, 9, 15, 20, 21, 24, 25, 33, 41, 57, 65, 70, 71, 73, 87, 92 ],
[ 1, 2, 5, 6, 8, 16, 17, 27, 30, 38, 48, 54, 58, 62, 66, 70, 72, 80, 86, 89 ],
[ 1, 2, 5, 6, 8, 16, 17, 25, 27, 28, 30, 32, 42, 48, 53, 66, 67, 71, 72, 95 ],
[ 1, 2, 5, 6, 8, 11, 16, 25, 28, 39, 48, 50, 65, 66, 67, 83, 85, 88, 92, 95 ],
[ 1, 2, 5, 6, 8, 11, 16, 25, 28, 39, 46, 48, 50, 65, 66, 70, 73, 83, 89, 92 ],
[ 1, 2, 5, 6, 8, 11, 16, 25, 28, 38, 39, 48, 50, 63, 65, 66, 68, 83, 86, 92 ],
[ 1, 2, 5, 6, 8, 11, 16, 20, 25, 28, 39, 42, 47, 48, 50, 65, 66, 71, 83, 92 ],
[ 1, 2, 4, 6, 8, 14, 18, 22, 34, 43, 53, 55, 57, 63, 68, 70, 73, 80, 83, 87 ],
[ 1, 2, 4, 6, 8, 14, 18, 22, 34, 42, 43, 47, 53, 55, 57, 80, 83, 85, 87, 88 ],
[ 1, 2, 4, 6, 8, 14, 18, 22, 25, 28, 34, 43, 54, 55, 58, 63, 68, 70, 73, 87 ],
[ 1, 2, 4, 6, 8, 14, 18, 22, 25, 28, 34, 42, 43, 47, 54, 55, 58, 85, 87, 88 ],
[ 1, 2, 4, 6, 8, 14, 18, 22, 25, 28, 34, 38, 43, 46, 54, 55, 58, 86, 87, 89 ],
[ 1, 2, 4, 6, 8, 14, 18, 20, 22, 34, 43, 53, 55, 57, 67, 71, 80, 83, 87, 95 ]
];

