## Group: [96, 129]
## Difference Sets: 36
## Time:  4:21:12.097

return [
[ 1, 8, 9, 11, 13, 14, 16, 24, 27, 33, 39, 40, 42, 45, 48, 57, 67, 75, 88, 95 
 ],
[ 1, 8, 9, 11, 13, 14, 16, 24, 27, 33, 39, 40, 41, 42, 47, 67, 71, 81, 87, 90 
 ],
[ 1, 8, 9, 11, 12, 13, 14, 16, 24, 39, 40, 42, 54, 57, 66, 67, 69, 73, 75, 89 
 ],
[ 1, 8, 9, 11, 12, 13, 14, 16, 23, 24, 39, 40, 42, 54, 67, 68, 72, 81, 86, 90 
 ],
[ 1, 4, 8, 10, 13, 14, 16, 27, 33, 39, 40, 41, 48, 56, 57, 66, 67, 74, 76, 89 
 ],
[ 1, 4, 8, 10, 13, 14, 16, 22, 27, 33, 37, 41, 56, 57, 68, 69, 70, 74, 76, 88 
 ],
[ 1, 4, 8, 10, 13, 14, 16, 22, 23, 27, 33, 37, 47, 48, 56, 57, 70, 73, 74, 76 
 ],
[ 1, 4, 8, 10, 12, 13, 14, 16, 23, 39, 40, 54, 56, 57, 66, 67, 69, 74, 76, 89 
 ],
[ 1, 4, 7, 8, 10, 13, 14, 21, 22, 27, 33, 41, 46, 48, 56, 57, 66, 74, 76, 89 ],
[ 1, 4, 7, 8, 10, 12, 13, 14, 37, 40, 41, 54, 56, 57, 68, 69, 70, 74, 76, 88 ],
[ 1, 4, 7, 8, 10, 12, 13, 14, 23, 37, 40, 47, 48, 54, 56, 57, 70, 73, 74, 76 ],
[ 1, 4, 7, 8, 10, 12, 13, 14, 21, 22, 23, 46, 54, 56, 57, 66, 69, 74, 76, 89 ],
[ 1, 3, 8, 11, 13, 16, 23, 24, 27, 28, 39, 40, 42, 45, 60, 67, 68, 81, 87, 90 
 ],
[ 1, 3, 8, 9, 11, 13, 16, 27, 39, 40, 41, 42, 45, 47, 49, 60, 67, 81, 87, 90 ],
[ 1, 3, 8, 9, 11, 13, 16, 19, 21, 27, 41, 42, 49, 60, 65, 68, 69, 81, 88, 90 ],
[ 1, 3, 8, 9, 11, 13, 16, 19, 21, 23, 27, 42, 47, 48, 49, 60, 65, 73, 81, 90 ],
[ 1, 3, 6, 8, 15, 16, 24, 27, 31, 32, 37, 41, 45, 56, 58, 67, 68, 71, 85, 90 ],
[ 1, 3, 6, 8, 15, 16, 23, 24, 27, 31, 32, 37, 47, 56, 58, 66, 67, 85, 86, 90 ],
[ 1, 3, 6, 8, 15, 16, 21, 25, 37, 43, 48, 50, 55, 66, 68, 74, 82, 83, 89, 93 ],
[ 1, 3, 6, 8, 15, 16, 21, 25, 37, 43, 45, 47, 50, 55, 69, 74, 82, 83, 93, 95 ],
[ 1, 3, 6, 8, 15, 16, 21, 25, 27, 37, 43, 48, 50, 57, 58, 66, 68, 74, 78, 89 ],
[ 1, 3, 6, 8, 15, 16, 21, 24, 27, 37, 41, 43, 45, 52, 53, 58, 73, 74, 81, 95 ],
[ 1, 3, 6, 8, 15, 16, 19, 23, 24, 27, 31, 32, 39, 43, 45, 56, 58, 73, 89, 90 ],
[ 1, 3, 6, 8, 10, 15, 16, 29, 37, 39, 45, 55, 64, 68, 69, 74, 82, 84, 89, 92 ],
[ 1, 3, 4, 8, 13, 16, 24, 27, 31, 32, 39, 40, 47, 56, 58, 66, 67, 72, 88, 90 ],
[ 1, 3, 4, 8, 13, 16, 24, 27, 31, 32, 39, 40, 45, 56, 58, 67, 68, 73, 87, 90 ],
[ 1, 3, 4, 8, 13, 16, 24, 27, 31, 32, 39, 40, 41, 48, 56, 58, 67, 71, 90, 95 ],
[ 1, 3, 4, 8, 13, 16, 23, 24, 27, 31, 32, 39, 40, 56, 58, 67, 69, 86, 89, 90 ],
[ 1, 3, 4, 8, 12, 13, 16, 24, 31, 39, 40, 47, 53, 56, 66, 67, 72, 76, 81, 88 ],
[ 1, 3, 4, 8, 12, 13, 16, 24, 31, 39, 40, 45, 53, 56, 67, 68, 73, 76, 81, 87 ],
[ 1, 3, 4, 8, 12, 13, 16, 24, 31, 39, 40, 41, 48, 53, 56, 67, 71, 76, 81, 95 ],
[ 1, 3, 4, 8, 12, 13, 16, 23, 24, 31, 39, 40, 53, 56, 67, 69, 76, 81, 86, 89 ],
[ 1, 2, 4, 8, 13, 16, 24, 27, 32, 38, 39, 40, 41, 48, 56, 67, 75, 81, 87, 89 ],
[ 1, 2, 4, 8, 13, 16, 22, 24, 27, 32, 38, 41, 56, 65, 68, 69, 70, 75, 81, 88 ],
[ 1, 2, 4, 8, 13, 16, 22, 23, 24, 27, 32, 38, 47, 48, 56, 65, 70, 73, 75, 81 ],
[ 1, 2, 4, 7, 8, 13, 21, 22, 24, 27, 32, 38, 41, 46, 48, 56, 75, 81, 87, 89 ]
];

