## Group: [96, 146]
## Difference Sets: 32
## Time:  4:09:02.542

return [
[ 1, 5, 6, 11, 20, 22, 29, 33, 40, 41, 43, 45, 48, 51, 52, 53, 64, 74, 81, 87 
 ],
[ 1, 5, 6, 11, 20, 22, 29, 33, 40, 41, 43, 45, 48, 49, 52, 53, 66, 76, 81, 85 
 ],
[ 1, 5, 6, 11, 20, 22, 29, 33, 37, 40, 41, 43, 45, 48, 50, 52, 53, 75, 81, 95 
 ],
[ 1, 5, 6, 11, 20, 22, 29, 32, 40, 41, 44, 45, 48, 50, 52, 54, 75, 81, 85, 95 
 ],
[ 1, 5, 6, 11, 20, 22, 28, 30, 32, 40, 41, 44, 45, 48, 51, 52, 54, 64, 74, 86 
 ],
[ 1, 5, 6, 11, 20, 22, 26, 27, 29, 30, 33, 44, 47, 65, 67, 69, 74, 86, 89, 90 
 ],
[ 1, 5, 6, 11, 20, 22, 26, 27, 29, 30, 33, 43, 45, 47, 49, 66, 67, 69, 75, 85 
 ],
[ 1, 5, 6, 11, 20, 22, 24, 29, 33, 40, 41, 43, 45, 48, 52, 53, 65, 81, 86, 90 
 ],
[ 1, 5, 6, 11, 20, 22, 23, 27, 29, 40, 44, 50, 52, 57, 60, 69, 72, 85, 86, 90 
 ],
[ 1, 5, 6, 11, 20, 22, 23, 27, 28, 40, 44, 52, 58, 60, 64, 69, 72, 74, 76, 95 
 ],
[ 1, 5, 6, 11, 19, 20, 22, 26, 29, 39, 45, 65, 66, 69, 73, 74, 79, 83, 84, 91 
 ],
[ 1, 5, 6, 11, 19, 20, 22, 26, 29, 39, 45, 50, 55, 62, 69, 73, 85, 86, 91, 94 
 ],
[ 1, 5, 6, 11, 19, 20, 22, 26, 29, 39, 41, 47, 59, 61, 65, 72, 74, 87, 93, 96 
 ],
[ 1, 5, 6, 11, 19, 20, 22, 26, 29, 37, 39, 45, 49, 69, 73, 79, 83, 84, 87, 96 
 ],
[ 1, 5, 6, 11, 19, 20, 22, 26, 29, 37, 39, 41, 47, 49, 59, 61, 66, 72, 91, 93 
 ],
[ 1, 5, 6, 11, 19, 20, 22, 26, 29, 34, 39, 41, 47, 50, 72, 80, 82, 85, 95, 96 
 ],
[ 1, 5, 6, 11, 19, 20, 22, 25, 29, 40, 47, 55, 59, 61, 65, 72, 74, 87, 88, 96 
 ],
[ 1, 5, 6, 11, 19, 20, 22, 25, 29, 40, 45, 65, 66, 68, 73, 74, 80, 83, 84, 91 
 ],
[ 1, 5, 6, 11, 19, 20, 22, 25, 29, 40, 41, 48, 65, 71, 74, 80, 83, 84, 86, 91 
 ],
[ 1, 5, 6, 11, 19, 20, 22, 25, 29, 37, 40, 47, 49, 55, 59, 61, 66, 72, 88, 91 
 ],
[ 1, 5, 6, 11, 19, 20, 22, 25, 29, 37, 40, 45, 49, 68, 73, 80, 83, 84, 87, 96 
 ],
[ 1, 5, 6, 11, 19, 20, 22, 25, 29, 37, 40, 41, 48, 49, 71, 80, 83, 84, 95, 96 
 ],
[ 1, 5, 6, 11, 19, 20, 22, 24, 26, 29, 39, 45, 55, 62, 64, 69, 73, 94, 95, 96 
 ],
[ 1, 5, 6, 11, 19, 20, 22, 24, 26, 29, 34, 39, 41, 47, 64, 72, 80, 82, 86, 91 
 ],
[ 1, 5, 6, 11, 19, 20, 22, 23, 25, 29, 40, 55, 59, 61, 65, 69, 74, 89, 95, 96 
 ],
[ 1, 5, 6, 11, 19, 20, 22, 23, 25, 29, 37, 40, 49, 55, 59, 61, 69, 86, 89, 91 
 ],
[ 1, 5, 6, 11, 12, 20, 22, 26, 29, 41, 44, 54, 58, 65, 67, 71, 73, 74, 75, 95 
 ],
[ 1, 5, 6, 11, 12, 20, 22, 26, 29, 41, 43, 49, 54, 58, 67, 72, 73, 85, 87, 90 
 ],
[ 1, 5, 6, 11, 12, 20, 22, 23, 29, 40, 43, 52, 57, 64, 66, 69, 72, 74, 76, 78 
 ],
[ 1, 5, 6, 11, 12, 20, 22, 23, 29, 40, 43, 49, 51, 52, 57, 69, 72, 78, 85, 87 
 ],
[ 1, 5, 6, 11, 12, 20, 22, 23, 29, 37, 40, 43, 50, 52, 57, 69, 72, 78, 86, 90 
 ],
[ 1, 5, 6, 11, 12, 20, 22, 23, 24, 29, 40, 43, 52, 57, 65, 69, 72, 75, 78, 95 
 ]
];

