## Group: [96, 160]
## Difference Sets: 30
## Time:  2:18:05.988

return [
[ 1, 5, 6, 11, 19, 20, 22, 26, 29, 39, 45, 53, 58, 60, 65, 66, 69, 73, 74, 75 
 ],
[ 1, 5, 6, 11, 19, 20, 22, 26, 29, 37, 39, 45, 49, 53, 58, 60, 69, 73, 87, 90 
 ],
[ 1, 5, 6, 11, 19, 20, 22, 26, 29, 30, 32, 39, 41, 47, 65, 72, 74, 78, 87, 90 
 ],
[ 1, 5, 6, 11, 19, 20, 22, 26, 27, 29, 33, 39, 45, 50, 69, 73, 75, 81, 85, 86 
 ],
[ 1, 5, 6, 11, 19, 20, 22, 25, 29, 37, 40, 47, 49, 54, 58, 60, 66, 72, 88, 90 
 ],
[ 1, 5, 6, 11, 19, 20, 22, 25, 29, 37, 40, 45, 49, 54, 58, 60, 68, 73, 87, 90 
 ],
[ 1, 5, 6, 11, 19, 20, 22, 25, 29, 37, 40, 41, 48, 49, 54, 58, 60, 71, 90, 95 
 ],
[ 1, 5, 6, 11, 19, 20, 22, 25, 29, 33, 40, 41, 48, 51, 65, 71, 74, 78, 81, 86 
 ],
[ 1, 5, 6, 11, 19, 20, 22, 25, 29, 33, 37, 40, 41, 48, 49, 71, 76, 78, 81, 95 
 ],
[ 1, 5, 6, 11, 19, 20, 22, 25, 27, 29, 30, 32, 37, 40, 45, 49, 68, 73, 75, 87 
 ],
[ 1, 3, 6, 11, 15, 21, 29, 31, 32, 33, 40, 44, 51, 56, 64, 66, 69, 71, 73, 90 
 ],
[ 1, 3, 6, 11, 15, 21, 29, 31, 32, 33, 40, 41, 44, 47, 51, 56, 64, 87, 89, 90 
 ],
[ 1, 3, 6, 11, 15, 19, 22, 29, 33, 43, 46, 51, 52, 53, 68, 69, 71, 72, 74, 81 
 ],
[ 1, 3, 6, 11, 15, 19, 22, 29, 33, 43, 46, 47, 48, 51, 52, 53, 74, 81, 86, 87 
 ],
[ 1, 3, 6, 11, 15, 19, 22, 29, 33, 41, 43, 45, 46, 51, 52, 53, 74, 81, 88, 89 
 ],
[ 1, 3, 6, 11, 15, 19, 22, 29, 31, 47, 56, 59, 64, 67, 69, 72, 79, 80, 86, 94 
 ],
[ 1, 3, 6, 11, 15, 19, 22, 29, 31, 41, 45, 56, 59, 64, 67, 73, 79, 80, 94, 95 
 ],
[ 1, 3, 6, 11, 15, 19, 22, 29, 31, 39, 48, 53, 54, 56, 57, 58, 66, 71, 85, 88 
 ],
[ 1, 3, 6, 11, 15, 19, 22, 29, 31, 39, 45, 53, 54, 56, 57, 58, 69, 73, 85, 86 
 ],
[ 1, 3, 6, 11, 15, 19, 22, 29, 31, 39, 41, 47, 53, 54, 56, 57, 58, 72, 85, 95 
 ],
[ 1, 3, 6, 11, 15, 19, 22, 29, 31, 32, 33, 48, 51, 56, 64, 67, 68, 71, 87, 90 
 ],
[ 1, 3, 6, 11, 15, 19, 22, 29, 31, 32, 33, 47, 51, 56, 64, 67, 69, 72, 86, 90 
 ],
[ 1, 3, 6, 11, 15, 19, 22, 29, 31, 32, 33, 41, 45, 51, 56, 64, 67, 73, 90, 95 
 ],
[ 1, 3, 6, 11, 15, 19, 22, 29, 30, 32, 43, 46, 52, 54, 68, 69, 71, 72, 74, 90 
 ],
[ 1, 3, 6, 11, 15, 19, 22, 29, 30, 32, 43, 46, 47, 48, 52, 54, 74, 86, 87, 90 
 ],
[ 1, 3, 6, 11, 15, 19, 22, 29, 30, 32, 41, 43, 45, 46, 52, 54, 74, 88, 89, 90 
 ],
[ 1, 3, 6, 11, 15, 19, 22, 23, 29, 33, 43, 46, 51, 52, 53, 66, 73, 74, 81, 95 
 ],
[ 1, 3, 6, 11, 15, 19, 22, 23, 29, 31, 39, 53, 54, 56, 57, 58, 68, 85, 87, 89 
 ],
[ 1, 3, 6, 11, 15, 19, 22, 23, 29, 31, 32, 33, 51, 56, 64, 66, 67, 88, 89, 90 
 ],
[ 1, 3, 6, 11, 15, 19, 22, 23, 29, 30, 32, 43, 46, 52, 54, 66, 73, 74, 90, 95 
 ]
];

