## Group: [96, 164]
## Difference Sets: 20
## Time:  0:07:54.581

return [
[ 1, 6, 7, 22, 23, 33, 40, 44, 47, 53, 58, 60, 63, 65, 70, 74, 75, 82, 88, 93 
 ],
[ 1, 6, 7, 22, 23, 33, 40, 42, 44, 47, 53, 58, 60, 65, 75, 85, 88, 90, 93, 94 
 ],
[ 1, 6, 7, 22, 23, 33, 38, 40, 44, 46, 52, 53, 58, 61, 65, 71, 75, 81, 95, 96 
 ],
[ 1, 6, 7, 22, 23, 33, 38, 40, 44, 46, 52, 53, 56, 58, 61, 65, 75, 86, 89, 91 
 ],
[ 1, 6, 7, 22, 23, 31, 33, 40, 44, 53, 58, 63, 65, 68, 70, 73, 74, 75, 79, 82 
 ],
[ 1, 6, 7, 22, 23, 31, 33, 40, 42, 44, 53, 58, 65, 68, 73, 75, 79, 85, 90, 94 
 ],
[ 1, 6, 7, 22, 23, 28, 33, 40, 44, 47, 53, 63, 65, 70, 74, 78, 82, 84, 88, 92 
 ],
[ 1, 6, 7, 22, 23, 28, 33, 40, 44, 47, 52, 54, 67, 70, 74, 75, 82, 84, 87, 95 
 ],
[ 1, 6, 7, 22, 23, 28, 33, 40, 44, 46, 52, 54, 61, 63, 75, 82, 87, 88, 89, 90 
 ],
[ 1, 6, 7, 22, 23, 28, 33, 40, 42, 44, 52, 53, 61, 65, 68, 73, 85, 90, 92, 94 
 ],
[ 1, 6, 7, 22, 23, 28, 33, 40, 42, 44, 47, 53, 60, 65, 81, 85, 88, 92, 93, 96 
 ],
[ 1, 6, 7, 22, 23, 28, 33, 38, 40, 44, 46, 52, 53, 61, 65, 74, 82, 86, 89, 92 
 ],
[ 1, 6, 7, 22, 23, 28, 33, 38, 40, 42, 44, 54, 61, 73, 75, 78, 86, 87, 90, 94 
 ],
[ 1, 6, 7, 22, 23, 28, 31, 33, 40, 44, 53, 56, 63, 65, 68, 70, 73, 79, 91, 92 
 ],
[ 1, 6, 7, 22, 23, 28, 31, 33, 40, 44, 46, 54, 63, 68, 71, 75, 81, 87, 93, 96 
 ],
[ 1, 6, 7, 22, 23, 28, 31, 33, 38, 40, 44, 46, 53, 65, 71, 79, 81, 92, 95, 96 
 ],
[ 1, 6, 7, 22, 23, 25, 33, 38, 40, 44, 46, 49, 58, 61, 65, 71, 78, 81, 91, 95 
 ],
[ 1, 6, 7, 22, 23, 25, 33, 38, 40, 44, 46, 49, 56, 58, 61, 65, 78, 86, 89, 96 
 ],
[ 1, 6, 7, 22, 23, 25, 28, 33, 38, 40, 44, 46, 61, 65, 76, 78, 82, 86, 89, 90 
 ],
[ 1, 6, 7, 22, 23, 25, 28, 31, 33, 38, 40, 44, 46, 65, 71, 76, 81, 91, 93, 95 
 ]
];

