## Group: [96, 133]
## Difference Sets: 16
## Time:  3:03:53.865

return [
[ 1, 5, 6, 10, 20, 21, 25, 28, 37, 40, 41, 43, 45, 61, 73, 74, 77, 79, 83, 86 
 ],
[ 1, 5, 6, 10, 20, 21, 25, 28, 34, 37, 40, 43, 48, 55, 66, 68, 71, 74, 91, 94 
 ],
[ 1, 5, 6, 10, 20, 21, 25, 28, 30, 32, 37, 40, 41, 43, 53, 72, 73, 74, 76, 95 
 ],
[ 1, 5, 6, 10, 20, 21, 25, 27, 28, 30, 32, 37, 43, 48, 50, 67, 68, 76, 89, 95 
 ],
[ 1, 5, 6, 10, 20, 21, 24, 28, 33, 39, 41, 43, 45, 47, 52, 53, 65, 81, 87, 90 
 ],
[ 1, 5, 6, 10, 20, 21, 24, 26, 27, 28, 39, 43, 45, 47, 58, 60, 68, 85, 87, 90 
 ],
[ 1, 5, 6, 10, 20, 21, 23, 26, 28, 32, 37, 39, 41, 43, 54, 72, 74, 75, 81, 95 
 ],
[ 1, 5, 6, 10, 20, 21, 23, 24, 28, 32, 39, 41, 43, 52, 65, 72, 76, 78, 81, 86 
 ],
[ 1, 5, 6, 10, 20, 21, 23, 24, 27, 28, 39, 43, 52, 58, 60, 65, 68, 71, 76, 95 
 ],
[ 1, 5, 6, 10, 20, 21, 23, 24, 26, 28, 33, 39, 41, 43, 53, 71, 76, 81, 85, 95 
 ],
[ 1, 5, 6, 10, 20, 21, 23, 24, 26, 28, 32, 39, 41, 43, 54, 58, 85, 86, 89, 90 
 ],
[ 1, 5, 6, 10, 19, 20, 21, 25, 28, 34, 37, 40, 41, 45, 50, 55, 66, 73, 83, 91 
 ],
[ 1, 5, 6, 10, 19, 20, 21, 25, 28, 30, 32, 40, 48, 53, 64, 68, 72, 74, 76, 95 
 ],
[ 1, 5, 6, 10, 19, 20, 21, 24, 26, 28, 33, 39, 47, 53, 65, 68, 71, 76, 81, 95 
 ],
[ 1, 5, 6, 10, 19, 20, 21, 24, 25, 28, 32, 39, 41, 51, 54, 58, 64, 71, 73, 95 
 ],
[ 1, 5, 6, 10, 12, 20, 21, 26, 28, 37, 39, 43, 47, 51, 58, 68, 74, 78, 87, 89 
 ]
];

