## Group: [96, 166]
## Difference Sets: 16
## Time:  0:05:24.885

return [
[ 1, 6, 7, 22, 23, 33, 40, 44, 52, 54, 58, 61, 63, 65, 67, 71, 73, 76, 90, 94 
 ],
[ 1, 6, 7, 22, 23, 33, 40, 44, 52, 54, 56, 58, 61, 65, 67, 70, 73, 76, 91, 95 
 ],
[ 1, 6, 7, 22, 23, 33, 40, 44, 46, 52, 54, 56, 58, 61, 65, 76, 85, 88, 89, 91 
 ],
[ 1, 6, 7, 22, 23, 33, 40, 42, 44, 46, 52, 54, 58, 61, 65, 76, 86, 88, 90, 94 
 ],
[ 1, 6, 7, 22, 23, 33, 38, 40, 44, 47, 54, 58, 65, 74, 76, 78, 82, 84, 85, 89 
 ],
[ 1, 6, 7, 22, 23, 33, 38, 40, 44, 47, 54, 56, 58, 60, 65, 76, 85, 89, 91, 93 
 ],
[ 1, 6, 7, 22, 23, 33, 38, 40, 42, 44, 47, 54, 58, 65, 76, 78, 81, 84, 86, 96 
 ],
[ 1, 6, 7, 22, 23, 33, 38, 40, 42, 44, 47, 54, 58, 60, 65, 76, 86, 90, 93, 94 
 ],
[ 1, 6, 7, 22, 23, 31, 33, 40, 44, 54, 58, 65, 67, 70, 73, 74, 76, 79, 82, 95 
 ],
[ 1, 6, 7, 22, 23, 31, 33, 40, 44, 54, 58, 63, 65, 67, 71, 73, 76, 79, 81, 96 
 ],
[ 1, 6, 7, 22, 23, 31, 33, 40, 44, 46, 54, 58, 65, 74, 76, 79, 82, 85, 88, 89 
 ],
[ 1, 6, 7, 22, 23, 31, 33, 40, 42, 44, 46, 54, 58, 65, 76, 79, 81, 86, 88, 96 
 ],
[ 1, 6, 7, 20, 22, 23, 33, 40, 44, 54, 58, 65, 68, 70, 74, 76, 78, 82, 84, 95 
 ],
[ 1, 6, 7, 20, 22, 23, 33, 40, 44, 54, 58, 63, 65, 68, 71, 76, 78, 81, 84, 96 
 ],
[ 1, 6, 7, 20, 22, 23, 33, 40, 44, 54, 58, 60, 63, 65, 68, 71, 76, 90, 93, 94 
 ],
[ 1, 6, 7, 20, 22, 23, 33, 40, 44, 54, 56, 58, 60, 65, 68, 70, 76, 91, 93, 95 
 ]
];

