## Group: [96, 161]
## Difference Sets: 6
## Time:  0:01:22.693

return [
[ 1, 6, 7, 14, 17, 22, 23, 28, 35, 46, 49, 52, 53, 56, 62, 68, 84, 86, 89, 90 
 ],
[ 1, 6, 7, 10, 17, 21, 23, 28, 35, 38, 42, 46, 49, 54, 61, 69, 82, 90, 93, 95 
 ],
[ 1, 6, 7, 10, 17, 21, 23, 28, 31, 35, 38, 42, 49, 54, 69, 73, 82, 85, 93, 96 
 ],
[ 1, 6, 7, 10, 17, 20, 21, 23, 28, 35, 49, 54, 56, 61, 63, 67, 69, 89, 93, 96 
 ],
[ 1, 5, 6, 7, 17, 23, 25, 28, 31, 32, 35, 40, 56, 63, 71, 73, 88, 90, 92, 93 ],
[ 1, 5, 6, 7, 17, 20, 23, 28, 32, 35, 40, 49, 52, 56, 71, 80, 84, 88, 90, 95 ]
];

