## Group: [96, 13]
## Difference Sets: 16
## Time:  4:31:00.902

return [
[ 1, 8, 10, 11, 14, 15, 18, 22, 33, 37, 44, 45, 47, 50, 53, 60, 64, 72, 73, 
  75 ],
[ 1, 7, 8, 10, 11, 12, 14, 15, 18, 19, 32, 45, 47, 50, 65, 72, 73, 78, 85, 90 
 ],
[ 1, 6, 11, 16, 17, 22, 26, 31, 39, 41, 42, 44, 50, 51, 54, 57, 58, 71, 73, 
  88 ],
[ 1, 6, 11, 16, 17, 22, 26, 31, 32, 33, 39, 42, 44, 45, 48, 50, 66, 75, 78, 
  95 ],
[ 1, 6, 11, 16, 17, 22, 26, 29, 37, 41, 42, 46, 52, 53, 54, 57, 60, 71, 72, 
  87 ],
[ 1, 6, 11, 16, 17, 22, 26, 29, 30, 33, 37, 42, 46, 47, 48, 52, 68, 75, 76, 
  95 ],
[ 1, 6, 11, 16, 17, 22, 26, 27, 30, 31, 39, 42, 44, 47, 50, 68, 69, 76, 81, 
  89 ],
[ 1, 6, 11, 16, 17, 22, 26, 27, 29, 32, 37, 42, 45, 46, 52, 66, 69, 78, 81, 
  89 ],
[ 1, 6, 11, 16, 17, 22, 24, 26, 31, 42, 44, 47, 55, 59, 67, 69, 77, 88, 89, 
  94 ],
[ 1, 6, 11, 16, 17, 22, 24, 26, 31, 41, 42, 44, 67, 68, 71, 73, 80, 82, 83, 
  92 ],
[ 1, 6, 11, 12, 16, 17, 22, 23, 26, 31, 39, 42, 44, 50, 53, 60, 72, 86, 87, 
  90 ],
[ 1, 6, 11, 12, 16, 17, 22, 23, 26, 29, 37, 42, 46, 51, 52, 58, 73, 86, 88, 
  90 ],
[ 1, 6, 9, 11, 17, 21, 22, 25, 26, 37, 40, 41, 42, 45, 54, 60, 66, 71, 78, 81 
 ],
[ 1, 6, 9, 11, 17, 21, 22, 25, 26, 27, 32, 37, 40, 42, 53, 57, 69, 72, 87, 89 
 ],
[ 1, 6, 9, 11, 17, 21, 22, 23, 25, 26, 33, 37, 40, 42, 47, 58, 68, 76, 86, 90 
 ],
[ 1, 6, 9, 11, 12, 17, 21, 22, 25, 26, 30, 37, 40, 42, 48, 51, 73, 75, 88, 95 
 ]
];

