## Group: [96, 143]
## Difference Sets: 12
## Time:  2:51:59.982

return [
[ 1, 5, 6, 11, 20, 22, 26, 37, 40, 44, 48, 49, 55, 56, 59, 61, 72, 86, 88, 96 
 ],
[ 1, 5, 6, 11, 20, 22, 26, 29, 37, 41, 44, 45, 47, 49, 58, 60, 67, 75, 78, 87 
 ],
[ 1, 5, 6, 11, 20, 22, 26, 29, 30, 32, 37, 44, 49, 53, 66, 67, 69, 72, 73, 90 
 ],
[ 1, 5, 6, 11, 20, 22, 24, 26, 40, 41, 44, 45, 47, 56, 62, 64, 77, 83, 87, 93 
 ],
[ 1, 5, 6, 11, 20, 22, 24, 26, 34, 40, 44, 56, 59, 64, 66, 69, 72, 73, 79, 92 
 ],
[ 1, 5, 6, 11, 20, 22, 24, 26, 29, 33, 37, 40, 44, 45, 47, 54, 68, 75, 81, 87 
 ],
[ 1, 5, 6, 11, 20, 22, 24, 26, 29, 30, 32, 37, 40, 44, 48, 53, 69, 76, 86, 89 
 ],
[ 1, 5, 6, 11, 20, 22, 23, 26, 37, 40, 44, 45, 49, 56, 68, 80, 83, 84, 91, 95 
 ],
[ 1, 5, 6, 11, 20, 22, 23, 24, 29, 33, 40, 41, 44, 52, 64, 71, 75, 78, 81, 87 
 ],
[ 1, 5, 6, 11, 20, 22, 23, 24, 26, 29, 37, 40, 41, 44, 51, 58, 60, 71, 78, 95 
 ],
[ 1, 5, 6, 11, 19, 20, 22, 26, 29, 45, 49, 59, 61, 65, 67, 69, 73, 79, 87, 96 
 ],
[ 1, 5, 6, 11, 19, 20, 22, 24, 26, 29, 30, 32, 40, 48, 53, 65, 69, 71, 76, 95 
 ]
];

