## Group: [96, 103]
## Difference Sets: 40
## Time:  5:11:34.627

return [
[ 1, 5, 6, 11, 20, 22, 29, 30, 32, 37, 40, 44, 49, 52, 54, 68, 72, 73, 75, 87 
 ],
[ 1, 5, 6, 11, 20, 22, 27, 29, 37, 40, 44, 45, 47, 49, 52, 58, 60, 66, 88, 90 
 ],
[ 1, 5, 6, 11, 20, 22, 26, 27, 29, 30, 33, 39, 41, 47, 64, 70, 72, 74, 87, 90 
 ],
[ 1, 5, 6, 11, 20, 22, 26, 27, 29, 30, 33, 37, 44, 47, 49, 67, 69, 75, 89, 95 
 ],
[ 1, 5, 6, 11, 20, 22, 25, 27, 32, 40, 41, 44, 45, 48, 49, 56, 58, 76, 85, 95 
 ],
[ 1, 5, 6, 11, 20, 22, 24, 29, 32, 40, 41, 44, 45, 48, 52, 54, 64, 81, 86, 90 
 ],
[ 1, 5, 6, 11, 20, 22, 23, 29, 33, 37, 40, 44, 49, 52, 53, 69, 71, 76, 81, 86 
 ],
[ 1, 5, 6, 11, 20, 22, 23, 25, 30, 40, 44, 49, 51, 54, 56, 60, 69, 72, 85, 86 
 ],
[ 1, 5, 6, 11, 20, 22, 23, 24, 27, 29, 40, 44, 52, 57, 60, 64, 69, 72, 75, 95 
 ],
[ 1, 5, 6, 11, 19, 20, 22, 25, 29, 37, 40, 47, 49, 54, 58, 60, 66, 72, 88, 90 
 ],
[ 1, 5, 6, 11, 19, 20, 22, 25, 27, 29, 30, 32, 37, 40, 45, 49, 68, 73, 75, 87 
 ],
[ 1, 5, 6, 11, 19, 20, 22, 23, 25, 29, 33, 37, 40, 49, 69, 76, 78, 81, 86, 89 
 ],
[ 1, 5, 6, 11, 16, 20, 22, 26, 41, 44, 45, 49, 56, 59, 62, 65, 73, 86, 93, 96 
 ],
[ 1, 5, 6, 11, 16, 20, 22, 26, 41, 44, 45, 47, 49, 56, 62, 65, 79, 83, 95, 96 
 ],
[ 1, 5, 6, 11, 16, 20, 22, 26, 34, 44, 49, 56, 59, 65, 69, 72, 73, 86, 91, 93 
 ],
[ 1, 5, 6, 11, 16, 20, 22, 26, 34, 44, 47, 49, 56, 65, 69, 72, 79, 83, 91, 95 
 ],
[ 1, 5, 6, 11, 16, 20, 22, 24, 26, 29, 48, 59, 61, 70, 72, 80, 85, 86, 88, 91 
 ],
[ 1, 5, 6, 11, 16, 20, 22, 24, 26, 29, 45, 48, 59, 68, 70, 80, 84, 85, 86, 96 
 ],
[ 1, 5, 6, 11, 16, 20, 22, 23, 24, 26, 29, 55, 61, 70, 72, 83, 85, 88, 91, 95 
 ],
[ 1, 5, 6, 11, 16, 20, 22, 23, 24, 26, 29, 45, 55, 68, 70, 83, 84, 85, 95, 96 
 ],
[ 1, 5, 6, 11, 16, 19, 20, 22, 26, 29, 33, 50, 54, 57, 65, 66, 68, 72, 73, 75 
 ],
[ 1, 5, 6, 11, 16, 19, 20, 22, 26, 29, 33, 41, 50, 51, 57, 65, 72, 73, 78, 86 
 ],
[ 1, 5, 6, 11, 16, 19, 20, 22, 26, 29, 33, 41, 47, 50, 51, 53, 65, 72, 81, 95 
 ],
[ 1, 5, 6, 11, 16, 19, 20, 22, 26, 29, 30, 48, 50, 54, 60, 65, 66, 68, 75, 89 
 ],
[ 1, 5, 6, 11, 16, 19, 20, 22, 26, 29, 30, 41, 48, 50, 51, 60, 65, 78, 86, 89 
 ],
[ 1, 5, 6, 11, 16, 19, 20, 22, 26, 29, 30, 32, 48, 50, 54, 65, 66, 71, 88, 90 
 ],
[ 1, 5, 6, 11, 16, 19, 20, 22, 24, 26, 29, 33, 37, 54, 57, 68, 72, 73, 87, 90 
 ],
[ 1, 5, 6, 11, 16, 19, 20, 22, 24, 26, 29, 30, 37, 41, 48, 60, 76, 78, 89, 95 
 ],
[ 1, 5, 6, 11, 16, 19, 20, 22, 23, 26, 29, 32, 50, 53, 58, 65, 69, 71, 76, 95 
 ],
[ 1, 5, 6, 11, 16, 19, 20, 22, 23, 26, 27, 29, 50, 58, 60, 65, 68, 75, 87, 89 
 ],
[ 1, 5, 6, 11, 16, 19, 20, 22, 23, 26, 27, 29, 32, 50, 58, 65, 71, 87, 88, 90 
 ],
[ 1, 5, 6, 11, 16, 19, 20, 22, 23, 24, 26, 29, 32, 37, 51, 53, 58, 69, 71, 86 
 ],
[ 1, 5, 6, 11, 12, 20, 22, 29, 37, 40, 41, 44, 48, 49, 51, 52, 57, 78, 89, 95 
 ],
[ 1, 5, 6, 11, 12, 20, 22, 26, 29, 39, 45, 54, 58, 64, 66, 69, 70, 73, 74, 75 
 ],
[ 1, 5, 6, 11, 12, 20, 22, 26, 29, 37, 41, 44, 49, 54, 58, 67, 71, 73, 86, 90 
 ],
[ 1, 5, 6, 11, 12, 19, 20, 22, 25, 29, 37, 40, 41, 48, 49, 51, 53, 57, 71, 95 
 ],
[ 1, 5, 6, 11, 12, 16, 19, 20, 22, 26, 29, 45, 50, 57, 65, 69, 73, 76, 78, 86 
 ],
[ 1, 5, 6, 11, 12, 16, 19, 20, 22, 26, 29, 45, 47, 50, 53, 65, 69, 76, 81, 95 
 ],
[ 1, 5, 6, 11, 12, 16, 19, 20, 22, 26, 27, 29, 45, 47, 50, 65, 81, 87, 88, 90 
 ],
[ 1, 5, 6, 11, 12, 16, 19, 20, 22, 24, 26, 27, 29, 37, 45, 47, 66, 75, 81, 88 
 ]
];

