## Group: [96, 101]
## Difference Sets: 8
## Time:  5:16:28.215

return [
[ 1, 5, 6, 11, 16, 20, 22, 26, 44, 45, 49, 56, 59, 62, 65, 69, 73, 79, 91, 95 
 ],
[ 1, 5, 6, 11, 16, 20, 22, 26, 34, 41, 44, 47, 49, 56, 65, 72, 83, 86, 93, 96 
 ],
[ 1, 5, 6, 11, 16, 20, 22, 26, 29, 33, 37, 44, 45, 50, 53, 57, 69, 73, 76, 86 
 ],
[ 1, 5, 6, 11, 16, 20, 22, 26, 27, 29, 30, 37, 44, 48, 50, 60, 66, 71, 88, 90 
 ],
[ 1, 5, 6, 11, 16, 20, 22, 24, 26, 29, 45, 48, 55, 59, 70, 84, 85, 88, 91, 95 
 ],
[ 1, 5, 6, 11, 16, 20, 22, 23, 26, 29, 32, 37, 44, 50, 54, 58, 68, 75, 87, 89 
 ],
[ 1, 5, 6, 11, 16, 20, 22, 23, 24, 26, 29, 61, 68, 70, 72, 80, 83, 85, 86, 96 
 ],
[ 1, 5, 6, 11, 12, 16, 20, 22, 26, 29, 37, 41, 44, 47, 50, 51, 72, 78, 81, 95 
 ]
];

