## Group: [96, 202]
## Difference Sets: 25
## Time: 28:56:44.255

return [
[ 1, 12, 16, 17, 20, 21, 22, 23, 29, 33, 37, 40, 43, 45, 50, 51, 60, 68, 75, 
  76 ],
[ 1, 12, 16, 17, 20, 21, 22, 23, 29, 33, 37, 40, 43, 45, 49, 60, 68, 78, 79, 
  92 ],
[ 1, 9, 12, 16, 17, 20, 21, 22, 23, 31, 33, 40, 43, 45, 50, 51, 66, 75, 76, 
  88 ],
[ 1, 9, 12, 16, 17, 20, 21, 22, 23, 31, 33, 40, 43, 45, 49, 66, 78, 79, 88, 
  92 ],
[ 1, 7, 11, 20, 22, 27, 28, 32, 33, 38, 40, 45, 56, 57, 63, 71, 85, 88, 90, 
  95 ],
[ 1, 7, 10, 15, 19, 20, 22, 23, 24, 31, 38, 48, 52, 53, 60, 64, 71, 76, 81, 
  88 ],
[ 1, 6, 12, 20, 22, 24, 27, 31, 32, 37, 43, 45, 46, 51, 62, 69, 70, 79, 85, 
  87 ],
[ 1, 5, 12, 18, 20, 23, 24, 27, 31, 32, 39, 43, 51, 62, 68, 70, 73, 79, 85, 
  87 ],
[ 1, 5, 10, 12, 14, 16, 20, 23, 29, 35, 37, 48, 50, 57, 58, 60, 64, 68, 73, 
  79 ],
[ 1, 5, 10, 12, 14, 16, 20, 23, 28, 29, 37, 48, 51, 57, 60, 64, 65, 68, 73, 
  78 ],
[ 1, 5, 9, 10, 12, 14, 16, 20, 23, 31, 35, 48, 50, 57, 58, 64, 66, 73, 79, 88 
 ],
[ 1, 5, 9, 10, 12, 14, 16, 20, 23, 28, 31, 48, 51, 57, 64, 65, 66, 73, 78, 88 
 ],
[ 1, 5, 7, 20, 27, 33, 34, 38, 40, 42, 45, 56, 58, 62, 63, 83, 85, 88, 90, 95 
 ],
[ 1, 5, 7, 20, 27, 28, 33, 34, 38, 40, 57, 62, 66, 71, 73, 82, 85, 86, 95, 96 
 ],
[ 1, 5, 7, 11, 14, 20, 27, 32, 33, 38, 58, 63, 66, 71, 73, 82, 83, 85, 95, 96 
 ],
[ 1, 5, 6, 7, 19, 20, 21, 24, 31, 33, 38, 41, 52, 58, 60, 63, 72, 80, 88, 90 ],
[ 1, 5, 6, 7, 19, 20, 21, 24, 31, 33, 38, 41, 52, 56, 60, 65, 75, 80, 88, 89 ],
[ 1, 4, 12, 16, 20, 21, 22, 23, 31, 33, 37, 40, 43, 44, 67, 76, 77, 84, 92, 
  93 ],
[ 1, 4, 12, 16, 20, 21, 22, 23, 31, 33, 36, 40, 63, 68, 77, 81, 82, 84, 85, 
  93 ],
[ 1, 4, 9, 12, 16, 20, 21, 22, 23, 33, 37, 40, 56, 59, 67, 77, 86, 93, 94, 95 
 ],
[ 1, 4, 9, 12, 16, 17, 20, 21, 22, 23, 33, 36, 40, 49, 59, 68, 72, 75, 77, 93 
 ],
[ 1, 4, 5, 10, 12, 14, 16, 20, 23, 31, 42, 48, 59, 67, 68, 70, 74, 77, 93, 96 
 ],
[ 1, 4, 5, 10, 12, 14, 16, 20, 23, 28, 31, 35, 36, 37, 48, 59, 64, 77, 83, 93 
 ],
[ 1, 4, 5, 9, 10, 12, 14, 16, 20, 23, 48, 57, 58, 65, 67, 68, 77, 84, 87, 93 ],
[ 1, 4, 5, 9, 10, 12, 14, 16, 20, 23, 36, 37, 48, 71, 77, 84, 89, 90, 91, 93 ]
];

