## Group: [96, 223]
## Difference Sets: 12
## Time:  0:05:16.949

return [
[ 1, 5, 7, 20, 21, 26, 31, 38, 42, 50, 56, 58, 60, 63, 65, 67, 72, 73, 80, 96 
 ],
[ 1, 5, 7, 20, 21, 26, 31, 38, 42, 46, 50, 54, 56, 58, 63, 65, 72, 84, 88, 96 
 ],
[ 1, 5, 7, 20, 21, 26, 31, 36, 38, 42, 56, 58, 60, 67, 72, 73, 74, 80, 85, 92 
 ],
[ 1, 5, 7, 20, 21, 26, 31, 36, 38, 42, 46, 56, 58, 65, 69, 72, 74, 78, 84, 96 
 ],
[ 1, 5, 7, 20, 21, 26, 31, 36, 38, 42, 44, 46, 54, 56, 74, 76, 83, 84, 88, 95 
 ],
[ 1, 5, 7, 20, 21, 26, 31, 36, 38, 40, 42, 44, 56, 60, 73, 74, 83, 87, 90, 93 
 ],
[ 1, 5, 7, 20, 21, 26, 31, 33, 38, 40, 42, 48, 50, 56, 63, 81, 85, 89, 92, 93 
 ],
[ 1, 5, 7, 20, 21, 26, 31, 33, 38, 40, 42, 48, 50, 56, 63, 70, 76, 93, 94, 95 
 ],
[ 1, 5, 7, 20, 21, 26, 31, 33, 36, 38, 42, 48, 56, 67, 70, 74, 76, 80, 94, 95 
 ],
[ 1, 5, 7, 20, 21, 26, 31, 33, 36, 38, 40, 42, 48, 56, 65, 74, 81, 89, 93, 96 
 ],
[ 1, 5, 7, 20, 21, 26, 29, 31, 38, 40, 42, 48, 60, 63, 70, 74, 76, 80, 94, 95 
 ],
[ 1, 5, 7, 20, 21, 26, 29, 31, 33, 38, 40, 42, 48, 58, 63, 74, 85, 89, 93, 96 
 ]
];

