## Group: [96, 226]
## Difference Sets: 28
## Time:  2:20:00.913

return [
[ 1, 9, 10, 17, 19, 21, 25, 28, 29, 30, 36, 41, 47, 49, 59, 63, 65, 69, 70, 
  88 ],
[ 1, 9, 10, 17, 19, 21, 25, 28, 29, 30, 36, 41, 42, 49, 59, 65, 68, 69, 73, 
  85 ],
[ 1, 4, 9, 16, 17, 21, 29, 30, 35, 37, 39, 47, 49, 54, 57, 59, 62, 67, 70, 86 
 ],
[ 1, 4, 9, 16, 17, 21, 29, 30, 35, 37, 39, 46, 49, 54, 57, 59, 62, 68, 71, 85 
 ],
[ 1, 4, 9, 16, 17, 21, 29, 30, 35, 37, 38, 39, 42, 49, 54, 57, 59, 62, 73, 95 
 ],
[ 1, 4, 9, 16, 17, 21, 28, 29, 30, 33, 35, 37, 38, 39, 42, 59, 73, 75, 80, 95 
 ],
[ 1, 4, 9, 16, 17, 21, 25, 29, 30, 32, 35, 37, 39, 47, 59, 67, 70, 76, 83, 86 
 ],
[ 1, 4, 9, 16, 17, 21, 25, 29, 30, 32, 35, 37, 39, 46, 59, 68, 71, 76, 83, 85 
 ],
[ 1, 4, 9, 16, 17, 20, 21, 29, 30, 35, 37, 39, 49, 54, 57, 59, 62, 63, 88, 89 
 ],
[ 1, 4, 9, 16, 17, 20, 21, 28, 29, 30, 33, 35, 37, 39, 59, 63, 75, 80, 88, 89 
 ],
[ 1, 4, 6, 9, 17, 18, 26, 34, 35, 49, 51, 54, 57, 62, 67, 70, 72, 87, 88, 89 ],
[ 1, 4, 6, 9, 17, 18, 26, 34, 35, 46, 49, 51, 54, 57, 62, 72, 73, 85, 87, 95 ],
[ 1, 4, 6, 9, 17, 18, 26, 34, 35, 38, 42, 49, 51, 54, 57, 62, 68, 71, 72, 87 ],
[ 1, 4, 6, 9, 17, 18, 26, 28, 33, 34, 35, 38, 42, 51, 68, 71, 72, 75, 80, 87 ],
[ 1, 4, 6, 9, 17, 18, 25, 26, 32, 34, 35, 51, 67, 70, 72, 76, 83, 87, 88, 89 ],
[ 1, 4, 6, 9, 17, 18, 25, 26, 32, 34, 35, 46, 51, 72, 73, 76, 83, 85, 87, 95 ],
[ 1, 4, 6, 9, 17, 18, 24, 39, 48, 53, 57, 59, 63, 65, 68, 70, 73, 77, 80, 83 ],
[ 1, 4, 6, 9, 17, 18, 24, 39, 42, 47, 48, 53, 57, 59, 65, 77, 80, 83, 85, 88 ],
[ 1, 4, 6, 9, 17, 18, 24, 38, 39, 46, 48, 53, 57, 59, 65, 77, 80, 83, 86, 89 ],
[ 1, 4, 6, 9, 17, 18, 24, 25, 28, 39, 48, 54, 58, 59, 63, 65, 68, 70, 73, 77 ],
[ 1, 4, 6, 9, 17, 18, 24, 25, 28, 39, 42, 47, 48, 54, 58, 59, 65, 77, 85, 88 ],
[ 1, 4, 6, 9, 17, 18, 20, 26, 34, 35, 47, 49, 51, 54, 57, 62, 63, 72, 86, 87 ],
[ 1, 4, 6, 9, 17, 18, 20, 26, 28, 33, 34, 35, 47, 51, 63, 72, 75, 80, 86, 87 ],
[ 1, 4, 6, 9, 17, 18, 20, 24, 25, 28, 39, 48, 54, 58, 59, 65, 67, 71, 77, 95 ],
[ 1, 2, 7, 8, 9, 17, 18, 24, 28, 33, 42, 43, 45, 65, 67, 68, 75, 80, 87, 89 ],
[ 1, 2, 7, 8, 9, 17, 18, 20, 24, 28, 33, 43, 45, 65, 73, 75, 80, 85, 86, 87 ],
[ 1, 2, 5, 7, 8, 9, 18, 21, 24, 28, 33, 42, 45, 53, 65, 85, 86, 87, 89, 92 ],
[ 1, 2, 5, 7, 8, 9, 18, 20, 21, 24, 28, 33, 45, 53, 65, 67, 68, 73, 87, 92 ]
];

