## Group: [96, 228]
## Difference Sets: 34
## Time: 19:03:27.876

return [
[ 1, 9, 13, 17, 18, 19, 21, 28, 34, 35, 40, 48, 54, 59, 65, 71, 77, 79, 89, 
  93 ],
[ 1, 9, 13, 17, 18, 19, 21, 28, 34, 35, 40, 48, 54, 59, 65, 68, 77, 82, 88, 
  94 ],
[ 1, 9, 13, 17, 18, 19, 21, 28, 34, 35, 40, 42, 48, 52, 54, 59, 65, 70, 77, 
  78 ],
[ 1, 9, 13, 17, 18, 19, 21, 28, 34, 35, 38, 40, 48, 54, 56, 59, 65, 67, 77, 
  81 ],
[ 1, 6, 9, 11, 13, 15, 17, 19, 32, 40, 45, 57, 65, 70, 72, 75, 76, 78, 89, 93 
 ],
[ 1, 6, 9, 11, 13, 15, 17, 19, 32, 40, 45, 57, 65, 67, 72, 75, 76, 81, 88, 94 
 ],
[ 1, 6, 9, 11, 13, 15, 17, 19, 32, 40, 45, 46, 57, 65, 72, 73, 75, 76, 90, 96 
 ],
[ 1, 6, 9, 11, 13, 15, 17, 19, 32, 40, 42, 45, 52, 57, 65, 71, 72, 75, 76, 79 
 ],
[ 1, 6, 9, 11, 13, 15, 17, 19, 32, 38, 40, 45, 56, 57, 65, 68, 72, 75, 76, 82 
 ],
[ 1, 6, 9, 11, 13, 15, 17, 19, 20, 32, 40, 45, 47, 57, 65, 72, 74, 75, 76, 91 
 ],
[ 1, 6, 9, 10, 11, 13, 15, 17, 19, 28, 45, 69, 70, 72, 75, 76, 78, 87, 89, 93 
 ],
[ 1, 6, 9, 10, 11, 13, 15, 17, 19, 28, 45, 67, 69, 72, 75, 76, 81, 87, 88, 94 
 ],
[ 1, 6, 9, 10, 11, 13, 15, 17, 19, 28, 45, 46, 69, 72, 73, 75, 76, 87, 90, 96 
 ],
[ 1, 6, 9, 10, 11, 13, 15, 17, 19, 28, 42, 45, 52, 69, 71, 72, 75, 76, 79, 87 
 ],
[ 1, 6, 9, 10, 11, 13, 15, 17, 19, 28, 38, 45, 56, 68, 69, 72, 75, 76, 82, 87 
 ],
[ 1, 6, 9, 10, 11, 13, 15, 17, 19, 20, 28, 45, 47, 69, 72, 74, 75, 76, 87, 91 
 ],
[ 1, 6, 7, 9, 11, 17, 23, 32, 37, 39, 41, 48, 54, 57, 60, 63, 64, 68, 75, 94 ],
[ 1, 6, 7, 9, 11, 17, 23, 32, 37, 39, 41, 48, 54, 56, 57, 61, 64, 67, 75, 95 ],
[ 1, 6, 7, 9, 11, 17, 23, 32, 37, 39, 41, 42, 47, 48, 54, 57, 64, 75, 78, 96 ],
[ 1, 6, 7, 9, 11, 17, 23, 32, 37, 38, 39, 41, 48, 54, 57, 64, 75, 81, 84, 86 ],
[ 1, 6, 7, 9, 11, 17, 23, 31, 32, 37, 39, 41, 48, 54, 57, 64, 75, 82, 85, 88 ],
[ 1, 5, 6, 9, 10, 11, 13, 15, 19, 28, 45, 48, 53, 54, 69, 70, 78, 87, 89, 93 ],
[ 1, 5, 6, 9, 10, 11, 13, 15, 19, 28, 45, 48, 53, 54, 67, 69, 81, 87, 88, 94 ],
[ 1, 5, 6, 9, 10, 11, 13, 15, 19, 28, 45, 46, 48, 53, 54, 69, 73, 87, 90, 96 ],
[ 1, 5, 6, 9, 10, 11, 13, 15, 19, 28, 42, 45, 48, 52, 53, 54, 69, 71, 79, 87 ],
[ 1, 5, 6, 9, 10, 11, 13, 15, 19, 28, 38, 45, 48, 53, 54, 56, 68, 69, 82, 87 ],
[ 1, 5, 6, 9, 10, 11, 13, 15, 19, 20, 28, 45, 47, 48, 53, 54, 69, 74, 87, 91 ],
[ 1, 5, 6, 7, 9, 11, 17, 23, 25, 28, 37, 40, 41, 49, 60, 62, 63, 64, 68, 94 ],
[ 1, 5, 6, 7, 9, 11, 17, 23, 25, 28, 37, 40, 41, 49, 56, 61, 62, 64, 67, 95 ],
[ 1, 5, 6, 7, 9, 11, 17, 23, 25, 28, 37, 40, 41, 49, 52, 62, 64, 70, 73, 91 ],
[ 1, 5, 6, 7, 9, 11, 17, 20, 23, 25, 28, 37, 40, 41, 49, 62, 64, 71, 90, 93 ],
[ 1, 5, 6, 7, 9, 10, 11, 14, 23, 28, 35, 37, 41, 53, 60, 63, 68, 72, 76, 94 ],
[ 1, 5, 6, 7, 9, 10, 11, 14, 23, 28, 35, 37, 41, 53, 56, 61, 67, 72, 76, 95 ],
[ 1, 5, 6, 7, 9, 10, 11, 14, 23, 28, 35, 37, 41, 42, 47, 53, 72, 76, 78, 96 ]
];

