## Group: [96, 225]
## Difference Sets: 6
## Time:  2:20:41.711

return [
[ 1, 7, 12, 14, 16, 19, 21, 30, 34, 38, 40, 45, 47, 50, 58, 70, 71, 77, 78, 
  79 ],
[ 1, 7, 11, 12, 14, 16, 18, 19, 20, 21, 30, 42, 50, 52, 68, 69, 70, 77, 78, 
  83 ],
[ 1, 3, 12, 16, 18, 20, 21, 23, 27, 30, 42, 62, 67, 72, 75, 80, 83, 88, 89, 
  96 ],
[ 1, 3, 6, 12, 16, 18, 21, 27, 30, 33, 42, 44, 47, 54, 58, 67, 70, 75, 88, 90 
 ],
[ 1, 2, 6, 12, 16, 19, 30, 31, 40, 41, 45, 48, 57, 61, 64, 73, 74, 77, 86, 88 
 ],
[ 1, 2, 6, 12, 13, 16, 21, 30, 32, 36, 40, 41, 42, 48, 61, 68, 71, 77, 90, 94 
 ]
];

