## Group: [96, 205]
## Difference Sets: 48
## Time:  4:20:14.812

return [
[ 1, 9, 10, 11, 13, 17, 19, 28, 30, 33, 37, 38, 41, 44, 45, 65, 68, 78, 89, 
  90 ],
[ 1, 9, 10, 11, 12, 13, 17, 19, 23, 28, 37, 38, 44, 58, 65, 66, 73, 78, 86, 
  90 ],
[ 1, 8, 9, 13, 17, 19, 28, 30, 33, 37, 38, 44, 45, 47, 48, 52, 53, 65, 71, 75 
 ],
[ 1, 8, 9, 12, 13, 17, 19, 23, 28, 37, 38, 44, 47, 52, 53, 58, 65, 71, 72, 75 
 ],
[ 1, 7, 8, 9, 13, 16, 17, 22, 28, 30, 33, 38, 40, 45, 47, 48, 52, 53, 71, 75 ],
[ 1, 7, 8, 9, 12, 13, 16, 17, 22, 23, 28, 38, 40, 47, 52, 53, 58, 71, 72, 75 ],
[ 1, 6, 9, 13, 19, 21, 22, 24, 28, 36, 43, 47, 53, 58, 60, 66, 69, 71, 74, 76 
 ],
[ 1, 6, 9, 13, 19, 21, 22, 23, 24, 28, 30, 36, 43, 51, 53, 60, 72, 74, 88, 95 
 ],
[ 1, 4, 9, 17, 19, 20, 25, 26, 28, 30, 33, 37, 41, 44, 45, 47, 65, 78, 90, 95 
 ],
[ 1, 4, 9, 16, 19, 24, 30, 32, 35, 38, 40, 44, 45, 47, 48, 49, 53, 56, 71, 76 
 ],
[ 1, 4, 9, 16, 19, 23, 24, 25, 30, 31, 35, 38, 40, 44, 47, 57, 71, 72, 75, 76 
 ],
[ 1, 4, 9, 16, 17, 19, 20, 24, 30, 32, 40, 44, 47, 49, 53, 56, 66, 69, 71, 76 
 ],
[ 1, 4, 9, 16, 17, 19, 20, 24, 25, 30, 31, 40, 41, 44, 47, 57, 71, 75, 76, 87 
 ],
[ 1, 4, 9, 12, 17, 19, 20, 23, 25, 26, 28, 37, 44, 58, 65, 66, 71, 78, 88, 90 
 ],
[ 1, 4, 9, 10, 17, 19, 20, 23, 26, 30, 33, 37, 44, 47, 49, 65, 66, 78, 90, 95 
 ],
[ 1, 4, 9, 10, 12, 17, 19, 20, 26, 37, 41, 44, 45, 49, 58, 65, 71, 78, 88, 90 
 ],
[ 1, 4, 6, 9, 18, 19, 24, 28, 30, 40, 41, 43, 45, 47, 49, 53, 60, 67, 76, 86 ],
[ 1, 4, 6, 9, 18, 19, 24, 28, 30, 32, 40, 41, 43, 45, 47, 49, 67, 76, 78, 86 ],
[ 1, 4, 6, 9, 18, 19, 24, 25, 31, 37, 41, 43, 47, 59, 72, 79, 80, 82, 85, 86 ],
[ 1, 4, 6, 9, 18, 19, 24, 25, 31, 34, 37, 43, 47, 48, 66, 79, 82, 85, 86, 92 ],
[ 1, 4, 6, 9, 18, 19, 23, 24, 28, 30, 40, 43, 49, 53, 60, 66, 67, 68, 71, 76 ],
[ 1, 4, 6, 9, 18, 19, 23, 24, 28, 30, 32, 40, 43, 49, 66, 67, 68, 71, 76, 78 ],
[ 1, 4, 6, 9, 18, 19, 21, 25, 26, 28, 30, 37, 41, 45, 67, 73, 76, 81, 86, 90 ],
[ 1, 4, 6, 9, 18, 19, 21, 24, 28, 30, 40, 41, 45, 49, 53, 60, 68, 71, 76, 85 ],
[ 1, 4, 6, 9, 18, 19, 21, 24, 28, 30, 32, 40, 41, 45, 49, 68, 71, 76, 78, 85 ],
[ 1, 4, 6, 9, 18, 19, 21, 24, 27, 28, 30, 37, 48, 57, 67, 68, 74, 78, 87, 89 ],
[ 1, 4, 6, 9, 18, 19, 21, 24, 27, 28, 30, 37, 48, 53, 67, 71, 74, 81, 87, 88 ],
[ 1, 4, 6, 9, 18, 19, 21, 23, 24, 28, 30, 40, 47, 49, 53, 60, 66, 76, 85, 86 ],
[ 1, 4, 6, 9, 18, 19, 21, 23, 24, 28, 30, 40, 41, 53, 54, 57, 64, 71, 74, 95 ],
[ 1, 4, 6, 9, 18, 19, 21, 23, 24, 28, 30, 32, 40, 47, 49, 66, 76, 78, 85, 86 ],
[ 1, 4, 6, 9, 16, 18, 19, 24, 43, 47, 49, 56, 59, 61, 66, 67, 68, 72, 80, 91 ],
[ 1, 4, 6, 9, 16, 18, 19, 24, 28, 39, 43, 48, 49, 59, 66, 71, 79, 84, 88, 92 ],
[ 1, 4, 6, 9, 16, 18, 19, 24, 28, 39, 43, 48, 49, 59, 61, 66, 71, 88, 92, 93 ],
[ 1, 4, 6, 9, 16, 18, 19, 24, 28, 39, 41, 43, 47, 49, 59, 72, 79, 84, 92, 95 ],
[ 1, 4, 6, 9, 16, 18, 19, 24, 28, 39, 41, 43, 47, 49, 59, 61, 72, 92, 93, 95 ],
[ 1, 4, 6, 9, 16, 18, 19, 24, 28, 34, 39, 43, 48, 49, 66, 71, 80, 88, 91, 94 ],
[ 1, 4, 6, 9, 16, 18, 19, 24, 28, 34, 39, 41, 43, 47, 49, 72, 80, 91, 94, 95 ],
[ 1, 4, 6, 9, 16, 18, 19, 24, 28, 30, 32, 39, 43, 45, 47, 49, 69, 76, 78, 95 ],
[ 1, 4, 6, 9, 16, 18, 19, 24, 25, 31, 34, 43, 66, 67, 71, 72, 79, 82, 86, 92 ],
[ 1, 4, 6, 9, 16, 18, 19, 23, 24, 28, 30, 39, 43, 49, 53, 60, 71, 76, 87, 88 ],
[ 1, 4, 6, 9, 16, 18, 19, 23, 24, 28, 30, 32, 39, 43, 49, 71, 76, 78, 87, 88 ],
[ 1, 4, 6, 9, 16, 18, 19, 21, 24, 28, 47, 48, 49, 59, 64, 66, 79, 84, 92, 95 ],
[ 1, 4, 6, 9, 16, 18, 19, 21, 24, 28, 41, 49, 59, 64, 71, 72, 79, 84, 88, 92 ],
[ 1, 4, 6, 9, 16, 18, 19, 21, 24, 28, 41, 49, 59, 61, 64, 71, 72, 88, 92, 93 ],
[ 1, 4, 6, 9, 16, 18, 19, 21, 24, 28, 34, 41, 49, 64, 71, 72, 80, 88, 91, 94 ],
[ 1, 4, 6, 9, 16, 18, 19, 21, 24, 28, 30, 47, 48, 49, 53, 60, 64, 66, 76, 95 ],
[ 1, 4, 6, 9, 12, 18, 19, 24, 28, 40, 41, 43, 45, 47, 49, 54, 57, 67, 86, 90 ],
[ 1, 4, 6, 9, 12, 18, 19, 23, 24, 28, 40, 43, 49, 54, 57, 66, 67, 68, 71, 90 ]
];

