## Group: [96, 210]
## Difference Sets: 20
## Time:  3:21:52.884

return [
[ 1, 3, 6, 8, 15, 16, 25, 28, 29, 32, 37, 39, 41, 45, 51, 54, 57, 73, 85, 86 ],
[ 1, 3, 6, 8, 15, 16, 24, 25, 33, 39, 43, 44, 47, 53, 66, 69, 71, 74, 76, 81 ],
[ 1, 3, 6, 8, 15, 16, 24, 25, 32, 39, 43, 44, 45, 48, 54, 58, 68, 74, 86, 90 ],
[ 1, 3, 6, 8, 15, 16, 24, 25, 27, 30, 39, 43, 44, 47, 60, 66, 69, 71, 74, 75 ],
[ 1, 3, 6, 8, 15, 16, 23, 25, 28, 29, 30, 33, 37, 39, 53, 66, 71, 75, 85, 88 ],
[ 1, 3, 6, 8, 15, 16, 23, 25, 27, 28, 29, 37, 39, 60, 66, 71, 76, 81, 85, 88 ],
[ 1, 3, 6, 8, 15, 16, 21, 25, 28, 29, 37, 41, 45, 70, 73, 77, 79, 80, 86, 91 ],
[ 1, 3, 6, 8, 15, 16, 21, 24, 25, 44, 47, 61, 62, 64, 66, 69, 71, 74, 92, 96 ],
[ 1, 3, 6, 8, 15, 16, 21, 24, 25, 44, 47, 55, 59, 64, 66, 69, 71, 74, 82, 93 ],
[ 1, 3, 6, 8, 15, 16, 21, 24, 25, 44, 45, 48, 64, 68, 74, 79, 80, 83, 86, 94 ],
[ 1, 3, 6, 8, 15, 16, 21, 24, 25, 34, 44, 45, 48, 64, 68, 74, 77, 84, 86, 91 ],
[ 1, 3, 6, 8, 15, 16, 21, 23, 25, 28, 29, 37, 59, 61, 62, 66, 70, 71, 82, 88 ],
[ 1, 3, 6, 8, 15, 16, 21, 23, 25, 27, 37, 43, 50, 58, 60, 66, 73, 74, 75, 95 ],
[ 1, 3, 6, 8, 15, 16, 19, 24, 39, 41, 43, 47, 52, 62, 74, 77, 79, 87, 89, 94 ],
[ 1, 3, 6, 8, 15, 16, 19, 24, 39, 41, 43, 47, 52, 61, 72, 74, 77, 80, 94, 95 ],
[ 1, 3, 6, 8, 15, 16, 19, 24, 28, 31, 39, 45, 47, 55, 69, 70, 79, 86, 91, 92 ],
[ 1, 3, 6, 8, 15, 16, 19, 24, 28, 31, 34, 39, 48, 61, 66, 68, 70, 71, 82, 83 ],
[ 1, 3, 6, 8, 15, 16, 19, 24, 25, 33, 39, 41, 47, 51, 70, 71, 74, 78, 81, 87 ],
[ 1, 3, 6, 8, 15, 16, 19, 23, 24, 39, 43, 52, 59, 62, 68, 74, 79, 87, 89, 96 ],
[ 1, 3, 6, 8, 15, 16, 19, 23, 24, 25, 33, 39, 51, 68, 70, 72, 74, 78, 81, 86 ]
];

