## Group: [96, 227]
## Difference Sets: 42
## Time: 77:50:14.002

return [
[ 1, 10, 12, 23, 32, 34, 44, 45, 46, 53, 54, 57, 58, 63, 66, 71, 72, 86, 88, 
  89 ],
[ 1, 10, 12, 23, 32, 34, 39, 40, 43, 44, 45, 46, 58, 63, 66, 82, 83, 86, 88, 
  94 ],
[ 1, 10, 12, 16, 23, 32, 34, 40, 42, 45, 46, 53, 54, 57, 58, 63, 66, 69, 86, 
  88 ],
[ 1, 10, 12, 16, 23, 32, 34, 36, 40, 42, 45, 46, 53, 54, 57, 58, 67, 69, 85, 
  95 ],
[ 1, 9, 11, 15, 17, 23, 31, 34, 42, 44, 45, 46, 58, 63, 64, 67, 68, 82, 83, 
  94 ],
[ 1, 9, 11, 15, 17, 23, 31, 34, 38, 42, 44, 45, 46, 53, 54, 57, 58, 65, 67, 
  86 ],
[ 1, 9, 11, 15, 17, 23, 31, 34, 37, 42, 44, 45, 46, 53, 54, 57, 58, 64, 66, 
  85 ],
[ 1, 9, 11, 15, 17, 23, 28, 31, 34, 35, 38, 42, 44, 45, 46, 55, 57, 81, 85, 
  88 ],
[ 1, 7, 16, 17, 19, 34, 39, 47, 53, 54, 57, 58, 61, 62, 63, 65, 84, 85, 87, 
  89 ],
[ 1, 7, 16, 17, 19, 34, 36, 38, 39, 47, 53, 54, 57, 58, 61, 62, 66, 68, 84, 
  89 ],
[ 1, 7, 16, 17, 19, 34, 35, 39, 47, 53, 54, 57, 58, 61, 62, 64, 84, 86, 89, 
  95 ],
[ 1, 7, 16, 17, 19, 28, 29, 30, 33, 34, 35, 39, 47, 55, 57, 64, 81, 86, 89, 
  95 ],
[ 1, 7, 13, 16, 17, 19, 34, 37, 39, 47, 53, 54, 57, 58, 61, 62, 67, 84, 88, 
  89 ],
[ 1, 7, 13, 16, 17, 19, 28, 29, 30, 33, 34, 37, 39, 47, 55, 57, 67, 81, 88, 
  89 ],
[ 1, 7, 12, 16, 17, 19, 25, 28, 31, 33, 36, 38, 39, 47, 60, 66, 68, 80, 83, 
  89 ],
[ 1, 7, 12, 16, 17, 19, 25, 28, 31, 33, 35, 39, 47, 60, 64, 80, 83, 86, 89, 
  95 ],
[ 1, 7, 11, 12, 19, 29, 44, 47, 53, 55, 63, 64, 67, 68, 71, 72, 80, 82, 84, 
  89 ],
[ 1, 7, 11, 12, 19, 29, 39, 40, 43, 44, 47, 53, 55, 68, 80, 82, 84, 87, 88, 
  95 ],
[ 1, 7, 11, 12, 19, 29, 35, 38, 44, 47, 53, 55, 71, 72, 80, 82, 84, 85, 88, 
  89 ],
[ 1, 7, 11, 12, 19, 26, 28, 29, 44, 47, 56, 58, 63, 64, 67, 68, 71, 72, 84, 
  89 ],
[ 1, 7, 11, 12, 19, 26, 28, 29, 37, 39, 40, 43, 44, 47, 56, 58, 64, 66, 84, 
  85 ],
[ 1, 7, 11, 12, 17, 19, 26, 28, 29, 35, 38, 41, 43, 47, 56, 58, 70, 84, 85, 
  88 ],
[ 1, 6, 14, 16, 22, 34, 37, 38, 41, 44, 48, 53, 54, 57, 58, 61, 62, 63, 84, 
  95 ],
[ 1, 6, 14, 16, 22, 34, 36, 41, 44, 48, 53, 54, 57, 58, 61, 62, 64, 65, 84, 
  88 ],
[ 1, 6, 14, 16, 22, 34, 35, 41, 44, 48, 53, 54, 57, 58, 61, 62, 66, 67, 84, 
  87 ],
[ 1, 6, 13, 14, 16, 22, 34, 41, 44, 48, 53, 54, 57, 58, 61, 62, 68, 84, 85, 
  86 ],
[ 1, 6, 7, 17, 23, 34, 37, 39, 42, 53, 54, 57, 58, 61, 62, 63, 65, 71, 84, 88 
 ],
[ 1, 6, 7, 17, 23, 34, 36, 38, 39, 42, 53, 54, 57, 58, 61, 62, 64, 71, 84, 95 
 ],
[ 1, 6, 7, 17, 23, 34, 35, 39, 42, 53, 54, 57, 58, 61, 62, 66, 68, 71, 84, 86 
 ],
[ 1, 6, 7, 17, 23, 29, 30, 33, 34, 37, 39, 42, 58, 63, 65, 71, 82, 83, 88, 94 
 ],
[ 1, 6, 7, 12, 23, 27, 29, 32, 44, 53, 55, 61, 63, 64, 67, 68, 71, 72, 83, 89 
 ],
[ 1, 6, 7, 12, 23, 27, 29, 32, 38, 39, 40, 43, 44, 53, 55, 61, 65, 67, 83, 86 
 ],
[ 1, 6, 7, 12, 23, 27, 29, 32, 37, 39, 40, 43, 44, 53, 55, 61, 64, 66, 83, 85 
 ],
[ 1, 6, 7, 12, 23, 27, 29, 32, 36, 37, 44, 53, 55, 61, 71, 72, 83, 86, 87, 89 
 ],
[ 1, 5, 6, 12, 16, 21, 27, 29, 32, 40, 44, 53, 55, 61, 64, 65, 66, 67, 71, 83 
 ],
[ 1, 5, 6, 12, 16, 21, 27, 29, 32, 37, 38, 40, 44, 53, 55, 61, 71, 83, 85, 86 
 ],
[ 1, 5, 6, 12, 16, 21, 26, 28, 29, 32, 37, 38, 40, 44, 54, 61, 71, 85, 86, 94 
 ],
[ 1, 5, 6, 12, 16, 21, 25, 29, 32, 35, 36, 40, 44, 56, 58, 61, 71, 81, 87, 88 
 ],
[ 1, 4, 7, 12, 16, 17, 20, 27, 29, 32, 53, 55, 61, 65, 69, 70, 83, 86, 87, 95 
 ],
[ 1, 4, 7, 12, 16, 17, 20, 27, 29, 32, 38, 53, 55, 61, 67, 68, 69, 70, 83, 88 
 ],
[ 1, 4, 7, 11, 12, 17, 20, 37, 39, 42, 55, 59, 60, 63, 65, 71, 81, 82, 88, 94 
 ],
[ 1, 4, 7, 11, 12, 17, 20, 28, 37, 39, 42, 57, 58, 59, 60, 63, 65, 71, 83, 88 
 ]
];

