## Group: [96, 218]
## Difference Sets: 14
## Time:  2:21:58.821

return [
[ 1, 9, 10, 11, 14, 17, 21, 28, 32, 33, 36, 39, 41, 46, 47, 66, 67, 76, 89, 
  90 ],
[ 1, 9, 10, 11, 12, 14, 17, 21, 23, 28, 36, 39, 46, 60, 67, 68, 72, 76, 86, 
  90 ],
[ 1, 6, 9, 10, 11, 14, 21, 28, 32, 33, 38, 43, 45, 64, 66, 67, 68, 73, 76, 90 
 ],
[ 1, 6, 9, 10, 11, 12, 14, 21, 28, 38, 41, 43, 48, 60, 64, 67, 71, 76, 86, 90 
 ],
[ 1, 5, 10, 14, 15, 19, 21, 28, 32, 41, 44, 45, 46, 49, 52, 54, 68, 76, 81, 
  89 ],
[ 1, 5, 10, 14, 15, 19, 21, 24, 26, 28, 32, 41, 44, 46, 68, 71, 72, 78, 81, 
  90 ],
[ 1, 5, 10, 12, 16, 17, 18, 21, 22, 28, 39, 47, 49, 52, 66, 73, 76, 78, 81, 
  87 ],
[ 1, 5, 10, 12, 16, 17, 18, 21, 22, 23, 28, 39, 48, 49, 52, 76, 78, 81, 86, 
  95 ],
[ 1, 5, 6, 10, 19, 20, 21, 28, 32, 37, 39, 41, 47, 52, 54, 58, 74, 75, 87, 89 
 ],
[ 1, 5, 6, 10, 19, 20, 21, 23, 28, 32, 37, 39, 52, 54, 58, 68, 72, 74, 75, 95 
 ],
[ 1, 5, 6, 10, 19, 20, 21, 23, 26, 28, 32, 37, 39, 50, 68, 75, 78, 81, 87, 89 
 ],
[ 1, 5, 6, 10, 16, 20, 21, 25, 30, 32, 37, 41, 43, 45, 56, 73, 74, 76, 78, 95 
 ],
[ 1, 3, 5, 10, 14, 21, 31, 32, 40, 43, 45, 47, 48, 49, 51, 58, 65, 74, 78, 89 
 ],
[ 1, 3, 5, 10, 14, 21, 23, 31, 32, 40, 43, 49, 51, 58, 65, 71, 72, 73, 74, 78 
 ]
];

