## Group: [96, 212]
## Difference Sets: 16
## Time:  4:16:42.231

return [
[ 1, 3, 6, 8, 15, 16, 21, 25, 37, 41, 45, 49, 50, 59, 61, 70, 71, 80, 88, 91 ],
[ 1, 3, 6, 8, 15, 16, 21, 25, 28, 29, 37, 41, 59, 61, 66, 70, 80, 86, 88, 91 ],
[ 1, 3, 6, 8, 15, 16, 21, 25, 27, 37, 41, 45, 49, 50, 58, 60, 70, 71, 88, 90 ],
[ 1, 3, 6, 8, 15, 16, 21, 23, 25, 37, 49, 50, 62, 66, 70, 73, 77, 79, 82, 86 ],
[ 1, 3, 6, 8, 15, 16, 21, 23, 25, 28, 29, 37, 59, 61, 62, 66, 70, 71, 82, 88 ],
[ 1, 3, 6, 8, 15, 16, 21, 23, 25, 28, 29, 37, 45, 62, 70, 71, 73, 77, 79, 82 ],
[ 1, 3, 6, 8, 15, 16, 21, 23, 25, 27, 28, 29, 37, 45, 58, 60, 70, 71, 73, 90 ],
[ 1, 3, 6, 8, 15, 16, 19, 24, 39, 47, 49, 52, 55, 61, 66, 69, 70, 71, 83, 91 ],
[ 1, 3, 6, 8, 15, 16, 19, 24, 39, 45, 47, 49, 52, 55, 61, 69, 70, 82, 86, 92 ],
[ 1, 3, 6, 8, 15, 16, 19, 24, 39, 45, 47, 49, 51, 52, 54, 60, 69, 70, 81, 86 ],
[ 1, 3, 6, 8, 15, 16, 19, 24, 34, 39, 45, 48, 49, 52, 68, 70, 79, 82, 86, 92 ],
[ 1, 3, 6, 8, 15, 16, 19, 24, 33, 39, 47, 49, 51, 52, 66, 69, 70, 71, 78, 81 ],
[ 1, 3, 6, 8, 15, 16, 19, 24, 33, 39, 41, 43, 45, 47, 52, 53, 58, 74, 75, 86 ],
[ 1, 3, 6, 8, 15, 16, 19, 24, 30, 39, 45, 48, 49, 52, 54, 60, 68, 70, 86, 90 ],
[ 1, 3, 6, 8, 15, 16, 19, 24, 30, 33, 39, 48, 49, 52, 66, 68, 70, 71, 78, 90 ],
[ 1, 3, 6, 8, 15, 16, 19, 24, 28, 31, 33, 39, 45, 47, 48, 51, 70, 71, 78, 81 ]
];

