## Group: [96, 206]
## Difference Sets: 8
## Time:  4:14:44.955

return [
[ 1, 4, 6, 9, 18, 19, 24, 30, 40, 41, 43, 45, 47, 53, 56, 60, 67, 74, 76, 86 ],
[ 1, 4, 6, 9, 18, 19, 23, 24, 30, 40, 43, 53, 56, 60, 66, 67, 68, 71, 74, 76 ],
[ 1, 4, 6, 9, 16, 18, 19, 24, 39, 43, 48, 56, 59, 61, 66, 71, 74, 88, 92, 93 ],
[ 1, 4, 6, 9, 16, 18, 19, 24, 39, 41, 43, 47, 56, 59, 61, 72, 74, 92, 93, 95 ],
[ 1, 4, 6, 9, 16, 18, 19, 24, 34, 39, 43, 48, 56, 66, 71, 74, 80, 82, 88, 96 ],
[ 1, 4, 6, 9, 16, 18, 19, 24, 34, 39, 41, 43, 47, 56, 72, 74, 80, 82, 95, 96 ],
[ 1, 4, 6, 9, 12, 18, 19, 24, 40, 41, 43, 45, 47, 54, 56, 67, 74, 75, 81, 86 ],
[ 1, 4, 6, 9, 12, 18, 19, 23, 24, 40, 43, 54, 56, 66, 67, 68, 71, 74, 75, 81 ]
];

