## Group: [96, 20]
## Difference Sets: 8
## Time:  2:47:21.632

return [
[ 1, 4, 6, 9, 18, 19, 24, 37, 39, 43, 47, 48, 52, 55, 56, 66, 83, 88, 91, 94 ],
[ 1, 4, 6, 9, 18, 19, 24, 37, 39, 41, 43, 52, 56, 62, 71, 72, 77, 79, 84, 95 ],
[ 1, 4, 6, 9, 18, 19, 24, 27, 37, 39, 43, 47, 48, 52, 56, 58, 66, 75, 81, 88 ],
[ 1, 4, 6, 9, 18, 19, 21, 24, 31, 37, 48, 55, 64, 66, 71, 74, 79, 83, 84, 95 ],
[ 1, 4, 6, 9, 18, 19, 21, 24, 31, 37, 41, 47, 62, 64, 72, 74, 77, 88, 91, 94 ],
[ 1, 4, 6, 9, 18, 19, 21, 24, 27, 31, 37, 48, 53, 58, 60, 64, 66, 71, 74, 95 ],
[ 1, 4, 6, 9, 12, 18, 19, 26, 28, 37, 41, 43, 45, 49, 54, 60, 67, 86, 89, 90 ],
[ 1, 4, 6, 9, 10, 12, 18, 19, 37, 41, 45, 46, 47, 49, 50, 64, 76, 81, 88, 90 ]
];

