## Group: [96, 229]
## Difference Sets: 8
## Time:  9:21:33.334

return [
[ 1, 2, 3, 6, 8, 9, 10, 20, 29, 44, 47, 49, 54, 57, 69, 70, 76, 90, 94, 96 ],
[ 1, 2, 3, 6, 8, 9, 10, 20, 29, 40, 43, 47, 49, 58, 76, 80, 81, 89, 90, 96 ],
[ 1, 2, 3, 6, 8, 9, 10, 20, 29, 35, 44, 47, 54, 57, 65, 69, 70, 85, 94, 95 ],
[ 1, 2, 3, 6, 8, 9, 10, 20, 24, 29, 44, 47, 52, 54, 57, 69, 70, 77, 93, 94 ],
[ 1, 2, 3, 6, 8, 9, 10, 20, 24, 29, 40, 43, 47, 52, 58, 77, 80, 81, 89, 93 ],
[ 1, 2, 3, 6, 8, 9, 10, 13, 20, 29, 38, 44, 47, 54, 57, 66, 69, 70, 88, 94 ],
[ 1, 2, 3, 6, 7, 8, 9, 10, 23, 29, 42, 49, 51, 55, 70, 71, 80, 83, 91, 93 ],
[ 1, 2, 3, 6, 7, 8, 9, 10, 23, 24, 29, 41, 54, 57, 69, 72, 77, 91, 92, 94 ]
];

