## Group: [96, 221]
## Difference Sets: 12
## Time:  0:06:03.953

return [
[ 1, 10, 12, 15, 20, 21, 31, 38, 42, 48, 56, 58, 60, 66, 67, 76, 86, 88, 89, 
  92 ],
[ 1, 10, 12, 15, 20, 21, 31, 38, 42, 44, 46, 56, 62, 66, 67, 76, 86, 88, 92, 
  94 ],
[ 1, 10, 12, 15, 20, 21, 31, 33, 38, 42, 56, 66, 67, 72, 73, 76, 81, 86, 88, 
  92 ],
[ 1, 10, 12, 15, 20, 21, 22, 31, 38, 42, 56, 66, 67, 70, 76, 83, 84, 86, 88, 
  92 ],
[ 1, 10, 11, 14, 16, 20, 21, 24, 31, 32, 38, 42, 44, 46, 51, 59, 63, 69, 82, 
  95 ],
[ 1, 10, 11, 14, 16, 20, 21, 22, 24, 31, 32, 38, 42, 51, 59, 63, 70, 82, 87, 
  88 ],
[ 1, 8, 10, 14, 20, 21, 23, 25, 28, 31, 36, 41, 44, 46, 56, 64, 72, 73, 77, 
  91 ],
[ 1, 8, 10, 14, 18, 20, 21, 25, 28, 45, 47, 54, 62, 64, 70, 72, 78, 83, 85, 
  88 ],
[ 1, 8, 10, 14, 18, 20, 21, 25, 28, 40, 45, 47, 60, 64, 70, 72, 80, 81, 87, 
  93 ],
[ 1, 7, 15, 17, 20, 31, 33, 34, 38, 42, 43, 46, 52, 70, 76, 80, 84, 87, 91, 
  95 ],
[ 1, 6, 10, 11, 14, 15, 16, 21, 31, 32, 42, 46, 49, 59, 63, 69, 70, 75, 82, 
  87 ],
[ 1, 6, 10, 11, 14, 15, 16, 21, 22, 31, 32, 42, 44, 49, 59, 63, 75, 82, 88, 
  95 ]
];

