## Group: [96, 220]
## Difference Sets: 12
## Time:  0:05:45.218

return [
[ 1, 11, 14, 16, 20, 21, 31, 38, 42, 44, 46, 59, 60, 63, 69, 76, 82, 84, 92, 
  95 ],
[ 1, 11, 14, 16, 20, 21, 22, 31, 38, 42, 59, 60, 63, 70, 76, 82, 84, 87, 88, 
  92 ],
[ 1, 10, 14, 16, 18, 20, 21, 25, 28, 33, 45, 46, 47, 49, 60, 65, 69, 89, 92, 
  96 ],
[ 1, 10, 14, 16, 18, 20, 21, 25, 28, 31, 40, 45, 47, 49, 50, 55, 67, 72, 82, 
  89 ],
[ 1, 10, 14, 16, 18, 20, 21, 22, 25, 28, 33, 45, 47, 49, 60, 72, 85, 88, 92, 
  96 ],
[ 1, 10, 14, 16, 18, 20, 21, 22, 25, 28, 31, 45, 46, 47, 49, 50, 55, 82, 87, 
  95 ],
[ 1, 7, 10, 14, 18, 20, 23, 25, 28, 33, 39, 46, 49, 60, 65, 71, 72, 88, 92, 
  96 ],
[ 1, 6, 11, 14, 15, 16, 21, 31, 42, 46, 59, 60, 63, 69, 70, 82, 84, 87, 90, 
  96 ],
[ 1, 6, 11, 14, 15, 16, 21, 22, 31, 42, 44, 59, 60, 63, 82, 84, 88, 90, 95, 
  96 ],
[ 1, 6, 10, 14, 16, 21, 23, 25, 28, 33, 42, 46, 49, 60, 65, 69, 71, 89, 92, 
  96 ],
[ 1, 6, 10, 14, 16, 21, 22, 23, 25, 28, 33, 42, 49, 60, 71, 72, 85, 88, 92, 
  96 ],
[ 1, 6, 10, 14, 16, 21, 22, 23, 25, 28, 31, 42, 46, 49, 50, 55, 71, 82, 87, 
  95 ]
];

