## Group: [96, 41]
## Difference Sets: 16
## Time:  3:15:24.842

return [
[ 1, 6, 11, 17, 22, 26, 31, 32, 33, 41, 42, 44, 47, 50, 51, 54, 65, 85, 88, 
  89 ],
[ 1, 6, 11, 16, 17, 19, 22, 24, 26, 27, 31, 32, 33, 39, 42, 47, 51, 66, 71, 
  95 ],
[ 1, 6, 11, 12, 17, 22, 26, 27, 31, 42, 44, 50, 60, 65, 68, 69, 71, 73, 76, 
  85 ],
[ 1, 6, 11, 12, 16, 17, 19, 22, 24, 26, 31, 39, 42, 54, 60, 73, 76, 86, 87, 
  89 ],
[ 1, 4, 6, 11, 18, 19, 25, 26, 28, 39, 40, 41, 45, 46, 47, 58, 60, 68, 76, 90 
 ],
[ 1, 4, 6, 11, 18, 19, 25, 26, 28, 30, 32, 39, 40, 46, 51, 69, 72, 73, 75, 88 
 ],
[ 1, 4, 6, 11, 16, 18, 22, 26, 31, 41, 46, 47, 48, 51, 57, 58, 64, 74, 78, 95 
 ],
[ 1, 4, 6, 11, 16, 18, 22, 26, 28, 39, 41, 43, 48, 51, 52, 58, 60, 88, 89, 90 
 ],
[ 1, 4, 6, 11, 16, 18, 22, 26, 27, 31, 32, 33, 46, 64, 66, 71, 72, 74, 88, 90 
 ],
[ 1, 4, 6, 11, 16, 18, 22, 23, 26, 30, 31, 46, 53, 64, 69, 73, 74, 76, 81, 86 
 ],
[ 1, 4, 6, 11, 16, 18, 22, 23, 26, 28, 30, 32, 39, 43, 52, 68, 69, 71, 75, 76 
 ],
[ 1, 4, 6, 11, 12, 16, 18, 22, 26, 31, 45, 46, 54, 60, 64, 68, 74, 75, 87, 89 
 ],
[ 1, 4, 6, 10, 11, 16, 18, 21, 22, 26, 48, 49, 58, 69, 73, 76, 78, 81, 85, 95 
 ],
[ 1, 4, 6, 10, 11, 16, 18, 21, 22, 26, 33, 49, 54, 60, 72, 85, 87, 88, 89, 90 
 ],
[ 1, 4, 6, 10, 11, 16, 18, 21, 22, 23, 26, 30, 41, 47, 49, 51, 53, 57, 85, 86 
 ],
[ 1, 4, 6, 10, 11, 12, 16, 18, 21, 22, 26, 27, 32, 45, 49, 66, 68, 71, 75, 85 
 ]
];

