## Group: [96, 51]
## Difference Sets: 8
## Time:  0:02:50.568

return [
[ 1, 7, 12, 13, 18, 23, 27, 31, 34, 43, 46, 48, 52, 53, 61, 63, 65, 67, 70, 
  77 ],
[ 1, 7, 11, 12, 13, 18, 23, 27, 30, 31, 43, 46, 48, 52, 63, 65, 67, 70, 80, 
  93 ],
[ 1, 7, 9, 12, 18, 23, 24, 27, 30, 34, 36, 38, 46, 48, 53, 63, 65, 72, 89, 93 
 ],
[ 1, 7, 9, 11, 12, 18, 23, 24, 27, 36, 38, 46, 48, 61, 63, 65, 72, 77, 80, 89 
 ],
[ 1, 5, 13, 20, 21, 23, 31, 38, 43, 46, 52, 58, 63, 76, 79, 84, 86, 89, 92, 
  94 ],
[ 1, 5, 13, 20, 21, 23, 31, 38, 43, 46, 52, 58, 59, 63, 76, 79, 81, 86, 89, 
  92 ],
[ 1, 4, 5, 6, 13, 18, 28, 31, 38, 43, 48, 49, 52, 63, 75, 79, 81, 84, 86, 89 ],
[ 1, 4, 5, 6, 13, 18, 28, 31, 38, 43, 48, 49, 52, 59, 63, 75, 79, 86, 89, 94 ]
];

