## Group: [96, 54]
## Difference Sets: 12
## Time:  0:06:28.620

return [
[ 1, 20, 21, 22, 23, 24, 31, 38, 42, 43, 52, 58, 60, 65, 68, 73, 82, 87, 90, 
  96 ],
[ 1, 7, 12, 19, 22, 23, 34, 37, 39, 41, 42, 47, 52, 60, 66, 72, 84, 91, 92, 
  93 ],
[ 1, 7, 11, 12, 14, 16, 19, 22, 23, 29, 38, 43, 47, 52, 67, 71, 74, 75, 84, 
  93 ],
[ 1, 6, 7, 12, 16, 22, 31, 34, 38, 40, 42, 45, 49, 52, 61, 67, 72, 73, 77, 96 
 ],
[ 1, 6, 7, 11, 12, 22, 30, 31, 41, 42, 45, 49, 52, 68, 69, 72, 73, 77, 88, 96 
 ],
[ 1, 6, 7, 9, 12, 13, 16, 22, 24, 30, 34, 36, 40, 43, 45, 49, 71, 73, 93, 96 ],
[ 1, 6, 7, 9, 11, 12, 22, 24, 37, 41, 43, 45, 49, 61, 66, 69, 71, 73, 93, 96 ],
[ 1, 5, 20, 23, 24, 31, 38, 43, 45, 48, 52, 58, 60, 65, 68, 71, 82, 87, 90, 
  96 ],
[ 1, 4, 6, 22, 24, 28, 31, 35, 38, 43, 48, 52, 56, 60, 64, 68, 71, 73, 90, 96 
 ],
[ 1, 4, 6, 20, 22, 24, 28, 31, 38, 42, 48, 49, 61, 64, 67, 71, 83, 85, 90, 93 
 ],
[ 1, 4, 6, 20, 22, 24, 28, 31, 38, 42, 48, 49, 61, 64, 67, 71, 77, 83, 85, 96 
 ],
[ 1, 4, 5, 6, 21, 24, 28, 31, 35, 38, 42, 43, 45, 52, 56, 60, 64, 68, 90, 96 ]
];

