## Group: [96, 64]
## Difference Sets: 14
## Time: 76:07:41.582

return [
[ 1, 7, 16, 17, 22, 25, 27, 30, 33, 34, 35, 36, 41, 48, 57, 60, 67, 71, 80, 
  87 ],
[ 1, 7, 16, 17, 20, 28, 30, 33, 34, 35, 39, 47, 57, 60, 69, 80, 82, 85, 87, 
  95 ],
[ 1, 7, 16, 17, 20, 27, 29, 33, 34, 47, 56, 61, 64, 70, 80, 82, 85, 86, 87, 
  89 ],
[ 1, 7, 14, 16, 17, 22, 27, 29, 33, 34, 37, 40, 48, 57, 61, 68, 81, 82, 85, 
  86 ],
[ 1, 7, 12, 17, 22, 25, 26, 28, 31, 32, 40, 41, 44, 48, 53, 64, 66, 67, 84, 
  87 ],
[ 1, 7, 12, 13, 16, 17, 22, 26, 31, 38, 41, 48, 53, 54, 58, 59, 62, 71, 85, 
  86 ],
[ 1, 6, 7, 23, 28, 30, 32, 34, 35, 41, 43, 44, 53, 55, 67, 68, 83, 84, 86, 89 
 ],
[ 1, 6, 7, 23, 28, 29, 31, 32, 34, 37, 40, 44, 54, 57, 63, 64, 69, 72, 81, 88 
 ],
[ 1, 6, 7, 23, 27, 31, 33, 34, 35, 40, 42, 44, 53, 54, 66, 68, 83, 84, 85, 89 
 ],
[ 1, 6, 7, 23, 26, 29, 31, 32, 34, 35, 40, 44, 58, 67, 68, 69, 72, 82, 86, 94 
 ],
[ 1, 6, 7, 23, 25, 31, 33, 34, 38, 40, 42, 44, 57, 58, 63, 65, 81, 84, 88, 89 
 ],
[ 1, 6, 7, 23, 25, 30, 32, 34, 37, 41, 43, 44, 56, 58, 63, 64, 80, 84, 88, 89 
 ],
[ 1, 6, 7, 17, 23, 26, 28, 32, 34, 40, 43, 59, 61, 64, 68, 69, 81, 82, 86, 88 
 ],
[ 1, 6, 7, 16, 23, 31, 34, 38, 56, 58, 60, 62, 64, 67, 69, 71, 72, 81, 82, 86 
 ]
];

