## Group: [96, 75]
## Difference Sets: 88
## Time:  9:21:34.253

return [
[ 1, 5, 6, 10, 20, 21, 28, 37, 40, 43, 45, 49, 52, 55, 59, 66, 68, 73, 84, 91 
 ],
[ 1, 5, 6, 10, 20, 21, 28, 37, 40, 41, 43, 48, 49, 52, 62, 71, 77, 79, 82, 86 
 ],
[ 1, 5, 6, 10, 20, 21, 26, 28, 39, 43, 47, 49, 55, 59, 65, 68, 72, 77, 84, 86 
 ],
[ 1, 5, 6, 10, 20, 21, 25, 30, 32, 40, 41, 45, 47, 50, 56, 64, 66, 70, 78, 90 
 ],
[ 1, 5, 6, 10, 20, 21, 25, 29, 39, 41, 43, 45, 50, 61, 64, 73, 80, 82, 92, 95 
 ],
[ 1, 5, 6, 10, 20, 21, 25, 29, 34, 39, 43, 48, 50, 59, 64, 68, 71, 87, 93, 96 
 ],
[ 1, 5, 6, 10, 20, 21, 25, 29, 32, 39, 41, 43, 45, 50, 54, 57, 64, 73, 76, 95 
 ],
[ 1, 5, 6, 10, 20, 21, 25, 28, 40, 41, 43, 45, 50, 61, 64, 66, 73, 79, 83, 91 
 ],
[ 1, 5, 6, 10, 20, 21, 25, 28, 34, 40, 43, 48, 50, 55, 64, 68, 71, 77, 86, 94 
 ],
[ 1, 5, 6, 10, 20, 21, 25, 27, 28, 32, 37, 39, 44, 48, 57, 71, 74, 76, 87, 88 
 ],
[ 1, 5, 6, 10, 20, 21, 25, 27, 28, 32, 37, 39, 41, 44, 47, 58, 71, 74, 75, 87 
 ],
[ 1, 5, 6, 10, 20, 21, 24, 25, 29, 33, 39, 41, 43, 47, 57, 71, 76, 78, 85, 87 
 ],
[ 1, 5, 6, 10, 20, 21, 24, 25, 29, 32, 39, 43, 45, 47, 54, 69, 76, 81, 85, 86 
 ],
[ 1, 5, 6, 10, 20, 21, 24, 25, 29, 30, 32, 39, 43, 45, 48, 54, 68, 75, 85, 86 
 ],
[ 1, 5, 6, 10, 20, 21, 24, 25, 29, 30, 32, 37, 40, 43, 47, 54, 68, 75, 86, 89 
 ],
[ 1, 5, 6, 10, 20, 21, 24, 25, 28, 32, 37, 40, 41, 44, 47, 58, 71, 75, 78, 86 
 ],
[ 1, 5, 6, 10, 20, 21, 23, 26, 28, 39, 41, 43, 49, 62, 65, 66, 79, 82, 89, 91 
 ],
[ 1, 5, 6, 10, 20, 21, 23, 25, 30, 32, 37, 40, 41, 54, 56, 70, 71, 74, 86, 90 
 ],
[ 1, 5, 6, 10, 20, 21, 23, 25, 29, 32, 40, 43, 45, 49, 58, 64, 68, 78, 87, 90 
 ],
[ 1, 5, 6, 10, 20, 21, 23, 25, 29, 32, 39, 43, 50, 54, 57, 64, 66, 76, 88, 89 
 ],
[ 1, 5, 6, 10, 20, 21, 23, 25, 28, 32, 37, 44, 45, 49, 54, 58, 67, 68, 75, 86 
 ],
[ 1, 5, 6, 10, 20, 21, 23, 25, 27, 28, 32, 39, 44, 45, 49, 58, 65, 68, 86, 90 
 ],
[ 1, 5, 6, 10, 20, 21, 23, 24, 25, 29, 30, 39, 43, 45, 54, 60, 68, 85, 90, 95 
 ],
[ 1, 5, 6, 10, 19, 20, 21, 28, 37, 45, 48, 49, 52, 55, 59, 67, 68, 84, 86, 91 
 ],
[ 1, 5, 6, 10, 19, 20, 21, 28, 37, 41, 49, 52, 62, 66, 67, 71, 73, 77, 79, 82 
 ],
[ 1, 5, 6, 10, 19, 20, 21, 25, 28, 39, 48, 59, 61, 65, 68, 72, 74, 80, 91, 95 
 ],
[ 1, 5, 6, 10, 19, 20, 21, 25, 28, 34, 39, 41, 65, 73, 74, 77, 82, 87, 89, 93 
 ],
[ 1, 5, 6, 10, 19, 20, 21, 25, 28, 32, 37, 41, 47, 54, 67, 72, 74, 76, 81, 86 
 ],
[ 1, 5, 6, 10, 16, 20, 21, 25, 32, 43, 45, 47, 49, 54, 56, 58, 65, 66, 88, 90 
 ],
[ 1, 5, 6, 10, 16, 20, 21, 25, 30, 32, 41, 43, 45, 50, 56, 64, 73, 78, 87, 90 
 ],
[ 1, 5, 6, 10, 16, 20, 21, 25, 28, 41, 43, 48, 59, 61, 65, 74, 80, 89, 91, 95 
 ],
[ 1, 5, 6, 10, 16, 20, 21, 25, 28, 37, 43, 48, 49, 59, 69, 71, 80, 84, 86, 91 
 ],
[ 1, 5, 6, 10, 16, 20, 21, 25, 28, 37, 43, 47, 49, 59, 68, 72, 80, 84, 87, 91 
 ],
[ 1, 5, 6, 10, 16, 20, 21, 25, 28, 37, 43, 45, 49, 62, 66, 73, 77, 82, 88, 93 
 ],
[ 1, 5, 6, 10, 16, 20, 21, 25, 28, 37, 43, 45, 49, 61, 68, 73, 80, 83, 87, 91 
 ],
[ 1, 5, 6, 10, 16, 20, 21, 25, 28, 37, 43, 45, 49, 55, 61, 66, 73, 83, 88, 96 
 ],
[ 1, 5, 6, 10, 16, 20, 21, 25, 28, 34, 43, 65, 68, 72, 73, 74, 77, 82, 87, 93 
 ],
[ 1, 5, 6, 10, 16, 20, 21, 25, 28, 34, 37, 43, 48, 49, 69, 71, 79, 86, 92, 94 
 ],
[ 1, 5, 6, 10, 16, 20, 21, 25, 28, 34, 37, 41, 43, 48, 49, 71, 77, 93, 94, 95 
 ],
[ 1, 5, 6, 10, 16, 20, 21, 25, 28, 33, 37, 43, 48, 49, 51, 57, 69, 71, 78, 86 
 ],
[ 1, 5, 6, 10, 16, 20, 21, 25, 28, 33, 37, 43, 47, 49, 51, 57, 68, 72, 78, 87 
 ],
[ 1, 5, 6, 10, 16, 20, 21, 25, 28, 32, 43, 48, 50, 51, 57, 68, 72, 78, 85, 87 
 ],
[ 1, 5, 6, 10, 16, 20, 21, 25, 28, 32, 37, 43, 45, 49, 54, 58, 68, 73, 75, 87 
 ],
[ 1, 5, 6, 10, 16, 20, 21, 25, 28, 30, 37, 43, 45, 49, 54, 60, 66, 73, 75, 88 
 ],
[ 1, 5, 6, 10, 16, 20, 21, 25, 27, 28, 32, 37, 43, 48, 49, 58, 69, 71, 86, 90 
 ],
[ 1, 5, 6, 10, 16, 20, 21, 25, 27, 28, 32, 37, 43, 47, 49, 58, 68, 72, 87, 90 
 ],
[ 1, 5, 6, 10, 16, 20, 21, 24, 25, 28, 43, 45, 48, 61, 64, 66, 79, 88, 92, 94 
 ],
[ 1, 5, 6, 10, 16, 20, 21, 24, 25, 28, 41, 43, 47, 59, 62, 64, 80, 89, 91, 95 
 ],
[ 1, 5, 6, 10, 16, 20, 21, 24, 25, 28, 34, 43, 55, 64, 69, 71, 73, 83, 86, 96 
 ],
[ 1, 5, 6, 10, 16, 20, 21, 23, 25, 28, 37, 41, 43, 49, 62, 77, 82, 89, 93, 95 
 ],
[ 1, 5, 6, 10, 16, 20, 21, 23, 25, 28, 32, 37, 43, 49, 54, 58, 69, 75, 86, 89 
 ],
[ 1, 5, 6, 10, 16, 20, 21, 23, 25, 28, 30, 37, 41, 43, 49, 54, 60, 75, 89, 95 
 ],
[ 1, 5, 6, 10, 16, 20, 21, 23, 25, 27, 28, 32, 37, 41, 58, 70, 71, 74, 75, 95 
 ],
[ 1, 5, 6, 10, 16, 20, 21, 23, 24, 25, 28, 43, 64, 68, 72, 77, 82, 84, 87, 93 
 ],
[ 1, 5, 6, 10, 16, 19, 20, 21, 25, 28, 45, 47, 51, 54, 60, 68, 74, 81, 85, 87 
 ],
[ 1, 5, 6, 10, 16, 19, 20, 21, 25, 28, 32, 41, 48, 54, 71, 74, 76, 81, 85, 86 
 ],
[ 1, 5, 6, 10, 16, 19, 20, 21, 25, 27, 28, 32, 57, 66, 72, 73, 74, 76, 85, 88 
 ],
[ 1, 5, 6, 10, 16, 19, 20, 21, 24, 25, 28, 32, 37, 48, 53, 71, 76, 81, 86, 88 
 ],
[ 1, 5, 6, 10, 16, 19, 20, 21, 24, 25, 28, 32, 37, 41, 58, 71, 73, 75, 78, 95 
 ],
[ 1, 5, 6, 10, 16, 19, 20, 21, 24, 25, 28, 30, 33, 37, 41, 47, 54, 72, 75, 87 
 ],
[ 1, 5, 6, 10, 16, 19, 20, 21, 23, 25, 28, 33, 41, 58, 71, 74, 75, 78, 85, 95 
 ],
[ 1, 5, 6, 10, 16, 19, 20, 21, 23, 24, 25, 28, 37, 51, 57, 60, 68, 78, 89, 95 
 ],
[ 1, 5, 6, 10, 12, 20, 21, 25, 37, 40, 45, 47, 56, 57, 66, 68, 70, 74, 76, 78 
 ],
[ 1, 5, 6, 10, 12, 20, 21, 25, 29, 40, 41, 43, 47, 49, 54, 64, 71, 76, 81, 95 
 ],
[ 1, 5, 6, 10, 12, 20, 21, 25, 29, 30, 39, 43, 48, 50, 64, 68, 71, 78, 87, 90 
 ],
[ 1, 5, 6, 10, 12, 20, 21, 25, 29, 30, 39, 43, 47, 50, 64, 69, 72, 78, 86, 90 
 ],
[ 1, 5, 6, 10, 12, 20, 21, 25, 28, 39, 41, 44, 47, 49, 53, 65, 66, 71, 76, 81 
 ],
[ 1, 5, 6, 10, 12, 20, 21, 25, 28, 37, 41, 44, 47, 49, 51, 66, 67, 71, 78, 81 
 ],
[ 1, 5, 6, 10, 12, 20, 21, 25, 28, 30, 37, 39, 44, 45, 53, 69, 73, 74, 90, 95 
 ],
[ 1, 5, 6, 10, 12, 20, 21, 24, 25, 29, 39, 41, 43, 51, 57, 66, 71, 73, 78, 85 
 ],
[ 1, 5, 6, 10, 12, 20, 21, 23, 25, 40, 50, 54, 56, 57, 64, 68, 70, 71, 76, 86 
 ],
[ 1, 5, 6, 10, 12, 20, 21, 23, 25, 28, 37, 39, 44, 45, 51, 53, 68, 74, 81, 95 
 ],
[ 1, 5, 6, 10, 12, 20, 21, 23, 24, 25, 29, 39, 43, 58, 66, 71, 78, 85, 88, 90 
 ],
[ 1, 5, 6, 10, 12, 20, 21, 23, 24, 25, 29, 37, 40, 41, 43, 51, 57, 66, 72, 78 
 ],
[ 1, 5, 6, 10, 12, 20, 21, 23, 24, 25, 28, 37, 40, 44, 45, 51, 54, 66, 68, 81 
 ],
[ 1, 5, 6, 10, 12, 19, 20, 21, 23, 25, 28, 37, 58, 66, 67, 68, 74, 78, 89, 90 
 ],
[ 1, 5, 6, 10, 12, 16, 20, 21, 25, 43, 48, 50, 54, 56, 57, 64, 68, 71, 76, 95 
 ],
[ 1, 5, 6, 10, 12, 16, 20, 21, 25, 28, 37, 45, 47, 51, 53, 68, 70, 74, 81, 87 
 ],
[ 1, 5, 6, 10, 12, 16, 20, 21, 25, 28, 37, 43, 47, 49, 51, 66, 72, 78, 81, 88 
 ],
[ 1, 5, 6, 10, 12, 16, 20, 21, 25, 28, 37, 43, 45, 49, 53, 66, 73, 76, 81, 88 
 ],
[ 1, 5, 6, 10, 12, 16, 20, 21, 25, 28, 37, 41, 43, 48, 49, 51, 71, 78, 81, 95 
 ],
[ 1, 5, 6, 10, 12, 16, 20, 21, 25, 28, 30, 41, 43, 50, 54, 73, 75, 85, 89, 95 
 ],
[ 1, 5, 6, 10, 12, 16, 20, 21, 23, 25, 43, 49, 56, 65, 69, 71, 76, 78, 81, 86 
 ],
[ 1, 5, 6, 10, 12, 16, 20, 21, 23, 25, 28, 37, 41, 43, 49, 53, 76, 81, 89, 95 
 ],
[ 1, 5, 6, 10, 12, 16, 19, 20, 21, 25, 28, 45, 58, 66, 68, 73, 74, 78, 85, 90 
 ],
[ 1, 5, 6, 10, 12, 16, 19, 20, 21, 25, 28, 30, 48, 53, 69, 74, 85, 86, 89, 90 
 ],
[ 1, 5, 6, 10, 12, 16, 19, 20, 21, 24, 25, 28, 37, 45, 48, 51, 54, 68, 81, 87 
 ],
[ 1, 5, 6, 10, 12, 16, 19, 20, 21, 24, 25, 27, 28, 37, 45, 58, 66, 69, 73, 90 
 ]
];

