## Group: [96, 77]
## Difference Sets: 40
## Time:  2:29:26.342

return [
[ 1, 5, 6, 11, 20, 22, 29, 33, 40, 41, 44, 48, 52, 53, 57, 65, 71, 74, 76, 95 
 ],
[ 1, 5, 6, 11, 20, 22, 29, 33, 40, 41, 44, 48, 51, 52, 53, 65, 74, 81, 86, 89 
 ],
[ 1, 5, 6, 11, 20, 22, 29, 33, 40, 41, 44, 48, 50, 52, 53, 57, 71, 85, 87, 90 
 ],
[ 1, 5, 6, 11, 20, 22, 27, 29, 40, 41, 44, 48, 50, 52, 60, 72, 75, 81, 85, 86 
 ],
[ 1, 5, 6, 11, 20, 22, 26, 29, 39, 44, 45, 47, 49, 62, 65, 66, 69, 77, 80, 94 
 ],
[ 1, 5, 6, 11, 20, 22, 26, 29, 37, 41, 44, 45, 47, 49, 62, 67, 77, 80, 87, 94 
 ],
[ 1, 5, 6, 11, 20, 22, 26, 29, 37, 39, 44, 45, 55, 62, 66, 69, 73, 74, 82, 92 
 ],
[ 1, 5, 6, 11, 20, 22, 26, 29, 34, 39, 41, 44, 49, 55, 65, 72, 73, 82, 87, 92 
 ],
[ 1, 5, 6, 11, 20, 22, 26, 29, 34, 37, 44, 49, 55, 66, 67, 69, 72, 73, 82, 92 
 ],
[ 1, 5, 6, 11, 20, 22, 26, 29, 34, 37, 39, 41, 44, 47, 72, 74, 77, 80, 87, 94 
 ],
[ 1, 5, 6, 11, 20, 22, 26, 29, 33, 40, 41, 44, 50, 51, 53, 65, 72, 73, 81, 86 
 ],
[ 1, 5, 6, 11, 20, 22, 26, 29, 33, 40, 41, 44, 45, 50, 53, 57, 65, 73, 76, 95 
 ],
[ 1, 5, 6, 11, 20, 22, 26, 27, 29, 33, 41, 44, 58, 65, 67, 73, 74, 75, 86, 89 
 ],
[ 1, 5, 6, 11, 20, 22, 26, 27, 29, 33, 40, 44, 50, 65, 66, 68, 72, 73, 75, 81 
 ],
[ 1, 5, 6, 11, 20, 22, 26, 27, 29, 33, 40, 44, 45, 50, 57, 65, 68, 73, 87, 90 
 ],
[ 1, 5, 6, 11, 20, 22, 26, 27, 29, 33, 39, 44, 49, 58, 65, 69, 73, 86, 89, 90 
 ],
[ 1, 5, 6, 11, 20, 22, 26, 27, 29, 30, 40, 44, 48, 50, 60, 65, 68, 71, 87, 90 
 ],
[ 1, 5, 6, 11, 20, 22, 25, 29, 40, 41, 44, 48, 50, 54, 60, 64, 72, 75, 81, 95 
 ],
[ 1, 5, 6, 11, 20, 22, 24, 29, 32, 40, 41, 44, 48, 52, 54, 57, 64, 72, 75, 95 
 ],
[ 1, 5, 6, 11, 20, 22, 24, 26, 29, 33, 37, 40, 44, 45, 47, 54, 68, 75, 81, 87 
 ],
[ 1, 5, 6, 11, 20, 22, 24, 26, 29, 33, 37, 40, 44, 45, 47, 53, 69, 76, 81, 86 
 ],
[ 1, 5, 6, 11, 20, 22, 24, 26, 29, 30, 32, 37, 40, 44, 48, 54, 68, 75, 87, 89 
 ],
[ 1, 5, 6, 11, 20, 22, 23, 29, 32, 40, 44, 45, 50, 52, 54, 57, 69, 85, 90, 95 
 ],
[ 1, 5, 6, 11, 20, 22, 23, 26, 29, 32, 40, 44, 50, 54, 58, 65, 66, 75, 88, 89 
 ],
[ 1, 5, 6, 11, 20, 22, 23, 26, 29, 30, 32, 40, 44, 50, 54, 65, 71, 87, 88, 90 
 ],
[ 1, 5, 6, 11, 20, 22, 23, 25, 29, 33, 40, 41, 44, 50, 53, 64, 71, 81, 87, 90 
 ],
[ 1, 5, 6, 11, 20, 22, 23, 25, 29, 33, 37, 40, 41, 44, 53, 71, 74, 76, 81, 95 
 ],
[ 1, 5, 6, 11, 20, 22, 23, 24, 26, 27, 29, 37, 40, 44, 58, 60, 66, 71, 88, 90 
 ],
[ 1, 5, 6, 11, 19, 20, 22, 29, 33, 37, 40, 41, 48, 52, 53, 57, 74, 76, 86, 89 
 ],
[ 1, 5, 6, 11, 19, 20, 22, 29, 32, 40, 41, 45, 48, 50, 52, 54, 57, 64, 90, 95 
 ],
[ 1, 5, 6, 11, 19, 20, 22, 26, 29, 33, 37, 40, 47, 50, 51, 53, 69, 72, 81, 86 
 ],
[ 1, 5, 6, 11, 19, 20, 22, 26, 27, 29, 33, 37, 40, 47, 50, 66, 72, 75, 81, 88 
 ],
[ 1, 5, 6, 11, 19, 20, 22, 23, 29, 33, 37, 40, 51, 52, 53, 69, 74, 81, 86, 89 
 ],
[ 1, 5, 6, 11, 19, 20, 22, 23, 27, 29, 40, 50, 52, 60, 64, 69, 72, 75, 81, 86 
 ],
[ 1, 5, 6, 11, 16, 20, 22, 24, 26, 29, 33, 44, 53, 65, 69, 72, 73, 76, 81, 86 
 ],
[ 1, 5, 6, 11, 16, 20, 22, 24, 26, 29, 33, 44, 45, 47, 54, 65, 66, 75, 81, 88 
 ],
[ 1, 5, 6, 11, 12, 20, 22, 26, 29, 40, 44, 47, 50, 51, 65, 69, 72, 78, 81, 86 
 ],
[ 1, 5, 6, 11, 12, 20, 22, 26, 29, 40, 44, 45, 47, 50, 57, 65, 69, 76, 78, 95 
 ],
[ 1, 5, 6, 11, 12, 20, 22, 24, 26, 29, 37, 40, 41, 44, 51, 57, 72, 73, 78, 95 
 ],
[ 1, 5, 6, 11, 12, 19, 20, 22, 26, 29, 37, 40, 41, 45, 50, 57, 73, 76, 78, 95 
 ]
];

