## Group: [96, 78]
## Difference Sets: 10
## Time:  3:56:45.616

return [
[ 1, 5, 6, 11, 20, 22, 26, 33, 39, 41, 44, 45, 48, 51, 56, 57, 64, 74, 78, 87 
 ],
[ 1, 5, 6, 11, 19, 20, 22, 26, 29, 37, 39, 45, 49, 53, 58, 60, 69, 73, 87, 90 
 ],
[ 1, 5, 6, 11, 19, 20, 22, 26, 29, 32, 37, 45, 47, 58, 67, 69, 74, 75, 78, 87 
 ],
[ 1, 5, 6, 11, 19, 20, 22, 26, 29, 32, 37, 41, 58, 66, 67, 72, 73, 74, 75, 78 
 ],
[ 1, 5, 6, 11, 19, 20, 22, 26, 29, 30, 37, 45, 47, 53, 60, 67, 69, 74, 87, 90 
 ],
[ 1, 5, 6, 11, 19, 20, 22, 26, 29, 30, 37, 41, 53, 60, 66, 67, 72, 73, 74, 90 
 ],
[ 1, 5, 6, 11, 19, 20, 22, 25, 29, 33, 40, 41, 48, 50, 66, 71, 75, 78, 81, 85 
 ],
[ 1, 5, 6, 11, 19, 20, 22, 23, 29, 33, 40, 50, 52, 53, 57, 64, 69, 71, 87, 90 
 ],
[ 1, 5, 6, 11, 16, 20, 22, 26, 28, 44, 55, 65, 69, 72, 73, 74, 77, 82, 84, 86 
 ],
[ 1, 5, 6, 11, 16, 20, 22, 26, 28, 37, 44, 45, 48, 49, 55, 59, 61, 68, 91, 95 
 ]
];

