## Group: [96, 70]
## Difference Sets: 28
## Time: 143:31:08.635

return [
[ 1, 13, 17, 20, 34, 37, 38, 39, 40, 45, 48, 53, 55, 56, 58, 61, 62, 68, 72, 
  84 ],
[ 1, 13, 17, 20, 26, 28, 34, 37, 38, 39, 40, 45, 48, 61, 62, 68, 72, 80, 82, 
  84 ],
[ 1, 12, 17, 20, 27, 28, 31, 34, 39, 40, 45, 48, 61, 64, 72, 80, 81, 85, 87, 
  95 ],
[ 1, 12, 17, 20, 27, 28, 31, 34, 37, 39, 40, 45, 48, 61, 66, 68, 72, 80, 81, 
  88 ],
[ 1, 12, 15, 21, 27, 28, 31, 34, 40, 44, 46, 47, 61, 64, 70, 80, 81, 85, 87, 
  95 ],
[ 1, 12, 15, 21, 27, 28, 31, 34, 37, 40, 44, 46, 47, 61, 66, 68, 70, 80, 81, 
  88 ],
[ 1, 6, 16, 17, 20, 34, 39, 47, 53, 55, 56, 58, 61, 62, 63, 64, 84, 86, 87, 
  89 ],
[ 1, 6, 16, 17, 20, 34, 36, 37, 39, 47, 53, 55, 56, 58, 61, 62, 67, 68, 84, 
  89 ],
[ 1, 6, 16, 17, 20, 34, 35, 39, 47, 53, 55, 56, 58, 61, 62, 65, 84, 85, 89, 
  95 ],
[ 1, 6, 16, 17, 20, 28, 29, 31, 32, 34, 39, 47, 55, 57, 63, 64, 81, 86, 87, 
  89 ],
[ 1, 6, 16, 17, 20, 28, 29, 31, 32, 34, 36, 37, 39, 47, 55, 57, 67, 68, 81, 
  89 ],
[ 1, 6, 16, 17, 20, 28, 29, 31, 32, 34, 35, 39, 47, 55, 57, 65, 81, 85, 89, 
  95 ],
[ 1, 6, 13, 16, 17, 20, 34, 38, 39, 47, 53, 55, 56, 58, 61, 62, 66, 84, 88, 
  89 ],
[ 1, 6, 13, 16, 17, 20, 28, 29, 31, 32, 34, 38, 39, 47, 55, 57, 66, 81, 88, 
  89 ],
[ 1, 6, 11, 16, 17, 20, 26, 28, 30, 32, 39, 47, 59, 63, 64, 80, 82, 86, 87, 
  89 ],
[ 1, 6, 11, 16, 17, 20, 26, 28, 30, 32, 36, 37, 39, 47, 59, 67, 68, 80, 82, 
  89 ],
[ 1, 6, 11, 16, 17, 20, 26, 28, 30, 32, 35, 39, 47, 59, 65, 80, 82, 85, 89, 
  95 ],
[ 1, 6, 11, 13, 16, 17, 20, 26, 28, 30, 32, 38, 39, 47, 59, 66, 80, 82, 88, 
  89 ],
[ 1, 6, 7, 17, 23, 34, 37, 39, 40, 53, 55, 56, 58, 61, 62, 63, 67, 72, 84, 87 
 ],
[ 1, 6, 7, 17, 23, 29, 31, 32, 34, 37, 39, 40, 58, 63, 67, 72, 82, 83, 87, 94 
 ],
[ 1, 6, 7, 17, 23, 29, 31, 32, 34, 36, 39, 40, 58, 64, 68, 72, 82, 83, 86, 94 
 ],
[ 1, 6, 7, 17, 23, 29, 31, 32, 34, 35, 38, 39, 40, 58, 66, 72, 82, 83, 94, 95 
 ],
[ 1, 6, 7, 17, 23, 28, 29, 31, 32, 34, 37, 39, 40, 55, 57, 63, 67, 72, 81, 87 
 ],
[ 1, 6, 7, 16, 23, 34, 38, 39, 43, 53, 55, 56, 58, 61, 62, 63, 64, 71, 84, 88 
 ],
[ 1, 6, 7, 16, 23, 29, 31, 32, 34, 38, 39, 43, 58, 63, 64, 71, 82, 83, 88, 94 
 ],
[ 1, 6, 7, 16, 23, 25, 27, 34, 38, 39, 43, 61, 62, 63, 64, 71, 81, 83, 84, 88 
 ],
[ 1, 2, 11, 17, 19, 22, 27, 28, 31, 41, 43, 53, 61, 63, 64, 70, 73, 86, 87, 
  94 ],
[ 1, 2, 11, 17, 19, 22, 27, 28, 31, 36, 37, 41, 43, 53, 61, 67, 68, 70, 73, 
  94 ]
];

