## Group: [96, 79]
## Difference Sets: 24
## Time:  4:09:56.440

return [
[ 1, 5, 6, 10, 20, 21, 26, 29, 30, 39, 41, 43, 47, 51, 53, 60, 71, 74, 85, 87 
 ],
[ 1, 5, 6, 10, 20, 21, 26, 28, 30, 33, 37, 39, 43, 53, 66, 71, 73, 74, 76, 88 
 ],
[ 1, 5, 6, 10, 20, 21, 26, 27, 28, 37, 39, 43, 45, 48, 57, 60, 69, 74, 86, 90 
 ],
[ 1, 5, 6, 10, 20, 21, 25, 28, 33, 37, 40, 43, 45, 57, 66, 68, 73, 74, 76, 78 
 ],
[ 1, 5, 6, 10, 20, 21, 25, 28, 30, 37, 40, 41, 43, 48, 54, 60, 71, 74, 86, 90 
 ],
[ 1, 5, 6, 10, 20, 21, 25, 27, 28, 32, 40, 44, 45, 57, 66, 68, 73, 74, 76, 85 
 ],
[ 1, 5, 6, 10, 20, 21, 23, 26, 28, 32, 37, 39, 41, 43, 54, 72, 74, 75, 81, 95 
 ],
[ 1, 5, 6, 10, 20, 21, 23, 26, 27, 29, 33, 39, 43, 45, 57, 68, 74, 75, 85, 95 
 ],
[ 1, 5, 6, 10, 20, 21, 23, 24, 26, 28, 32, 39, 43, 58, 66, 68, 76, 78, 85, 89 
 ],
[ 1, 5, 6, 10, 19, 20, 21, 27, 28, 39, 41, 45, 47, 49, 52, 60, 65, 76, 81, 95 
 ],
[ 1, 5, 6, 10, 19, 20, 21, 25, 28, 33, 37, 41, 57, 66, 67, 71, 73, 74, 76, 78 
 ],
[ 1, 5, 6, 10, 19, 20, 21, 25, 28, 30, 37, 45, 48, 54, 60, 67, 68, 74, 86, 90 
 ],
[ 1, 5, 6, 10, 19, 20, 21, 25, 27, 28, 32, 37, 41, 57, 67, 72, 73, 74, 76, 95 
 ],
[ 1, 5, 6, 10, 19, 20, 21, 23, 28, 33, 39, 49, 52, 53, 58, 65, 68, 71, 87, 90 
 ],
[ 1, 5, 6, 10, 19, 20, 21, 23, 28, 32, 39, 49, 52, 54, 58, 65, 68, 72, 86, 90 
 ],
[ 1, 5, 6, 10, 16, 20, 21, 25, 29, 41, 43, 45, 61, 64, 73, 74, 82, 87, 92, 93 
 ],
[ 1, 5, 6, 10, 16, 20, 21, 25, 29, 34, 43, 48, 59, 64, 68, 71, 74, 80, 95, 96 
 ],
[ 1, 5, 6, 10, 16, 20, 21, 25, 28, 44, 45, 47, 49, 59, 62, 79, 85, 87, 88, 96 
 ],
[ 1, 5, 6, 10, 16, 20, 21, 24, 25, 28, 44, 47, 59, 65, 69, 71, 79, 84, 95, 96 
 ],
[ 1, 5, 6, 10, 16, 20, 21, 23, 25, 28, 49, 62, 65, 69, 70, 71, 79, 82, 92, 95 
 ],
[ 1, 5, 6, 10, 16, 20, 21, 23, 25, 28, 33, 37, 43, 49, 53, 57, 69, 76, 86, 89 
 ],
[ 1, 5, 6, 10, 16, 20, 21, 23, 24, 25, 28, 44, 45, 55, 62, 65, 82, 87, 88, 92 
 ],
[ 1, 5, 6, 10, 16, 19, 20, 21, 25, 28, 30, 33, 47, 49, 53, 64, 66, 72, 88, 90 
 ],
[ 1, 5, 6, 10, 16, 19, 20, 21, 24, 25, 28, 30, 33, 37, 41, 47, 54, 72, 75, 87 
 ]
];

