## Group: [96, 71]
## Difference Sets: 8
## Time: 222:01:34.232

return [
[ 1, 13, 21, 25, 27, 33, 34, 37, 38, 42, 44, 47, 61, 68, 69, 71, 73, 81, 83, 
  84 ],
[ 1, 13, 20, 21, 27, 31, 33, 34, 37, 38, 40, 42, 44, 46, 53, 55, 60, 68, 83, 
  89 ],
[ 1, 13, 19, 21, 27, 29, 34, 37, 38, 41, 44, 55, 61, 62, 68, 72, 73, 80, 83, 
  89 ],
[ 1, 13, 18, 22, 26, 27, 29, 32, 34, 37, 38, 41, 43, 44, 47, 53, 54, 61, 68, 
  89 ],
[ 1, 13, 18, 20, 22, 30, 34, 37, 38, 43, 44, 56, 58, 59, 62, 68, 69, 71, 81, 
  82 ],
[ 1, 13, 17, 20, 28, 29, 30, 33, 34, 37, 38, 41, 42, 45, 48, 55, 57, 68, 70, 
  80 ],
[ 1, 12, 13, 18, 20, 21, 25, 26, 30, 33, 37, 38, 41, 43, 44, 58, 60, 68, 70, 
  81 ],
[ 1, 12, 13, 18, 19, 22, 31, 32, 37, 38, 44, 54, 56, 58, 60, 68, 70, 71, 72, 
  81 ]
];

