## Group: [96, 85]
## Difference Sets: 136
## Time: 16:04:52.755

return [
[ 1, 5, 6, 11, 20, 22, 27, 28, 40, 41, 44, 45, 48, 52, 58, 60, 64, 74, 76, 86 
 ],
[ 1, 5, 6, 11, 20, 22, 27, 28, 30, 40, 41, 44, 48, 51, 52, 60, 64, 72, 74, 95 
 ],
[ 1, 5, 6, 11, 20, 22, 26, 33, 41, 43, 45, 48, 49, 53, 56, 58, 65, 66, 67, 90 
 ],
[ 1, 5, 6, 11, 20, 22, 26, 30, 33, 37, 39, 41, 45, 48, 56, 70, 74, 75, 78, 87 
 ],
[ 1, 5, 6, 11, 20, 22, 26, 30, 33, 37, 39, 41, 44, 48, 50, 51, 56, 71, 78, 87 
 ],
[ 1, 5, 6, 11, 20, 22, 26, 30, 33, 37, 39, 41, 43, 48, 49, 56, 72, 78, 87, 90 
 ],
[ 1, 5, 6, 11, 20, 22, 26, 29, 39, 44, 45, 49, 59, 65, 69, 73, 79, 84, 87, 91 
 ],
[ 1, 5, 6, 11, 20, 22, 26, 29, 39, 41, 44, 47, 49, 61, 65, 66, 72, 83, 93, 96 
 ],
[ 1, 5, 6, 11, 20, 22, 26, 29, 32, 37, 39, 41, 44, 47, 58, 72, 74, 75, 78, 87 
 ],
[ 1, 5, 6, 11, 20, 22, 26, 29, 30, 37, 39, 44, 45, 53, 60, 66, 69, 73, 74, 90 
 ],
[ 1, 5, 6, 11, 20, 22, 26, 28, 33, 39, 41, 44, 48, 50, 51, 58, 65, 66, 71, 78 
 ],
[ 1, 5, 6, 11, 20, 22, 26, 28, 30, 40, 41, 44, 48, 50, 53, 60, 64, 72, 75, 95 
 ],
[ 1, 5, 6, 11, 20, 22, 26, 27, 29, 33, 41, 43, 45, 49, 58, 66, 67, 73, 85, 90 
 ],
[ 1, 5, 6, 11, 20, 22, 26, 27, 29, 33, 40, 43, 45, 49, 58, 65, 68, 73, 86, 90 
 ],
[ 1, 5, 6, 11, 20, 22, 26, 27, 29, 30, 33, 41, 43, 49, 67, 72, 73, 75, 85, 87 
 ],
[ 1, 5, 6, 11, 20, 22, 26, 27, 29, 30, 33, 37, 39, 44, 69, 71, 73, 74, 86, 90 
 ],
[ 1, 5, 6, 11, 20, 22, 24, 29, 33, 40, 41, 43, 48, 52, 53, 57, 65, 72, 75, 95 
 ],
[ 1, 5, 6, 11, 20, 22, 24, 26, 29, 33, 37, 39, 41, 43, 48, 57, 72, 76, 78, 87 
 ],
[ 1, 5, 6, 11, 20, 22, 24, 25, 29, 40, 41, 44, 45, 48, 54, 57, 60, 75, 85, 95 
 ],
[ 1, 5, 6, 11, 20, 22, 24, 25, 29, 33, 40, 41, 45, 48, 57, 65, 70, 75, 78, 95 
 ],
[ 1, 5, 6, 11, 20, 22, 24, 25, 29, 33, 40, 41, 44, 48, 57, 71, 75, 78, 85, 87 
 ],
[ 1, 5, 6, 11, 20, 22, 23, 28, 32, 40, 44, 45, 52, 54, 58, 64, 69, 74, 76, 86 
 ],
[ 1, 5, 6, 11, 20, 22, 23, 28, 30, 32, 40, 44, 51, 52, 54, 64, 69, 72, 74, 95 
 ],
[ 1, 5, 6, 11, 20, 22, 23, 26, 28, 32, 40, 44, 45, 50, 58, 64, 69, 78, 86, 90 
 ],
[ 1, 5, 6, 11, 20, 22, 23, 24, 25, 27, 29, 32, 40, 44, 69, 72, 81, 85, 86, 90 
 ],
[ 1, 5, 6, 11, 19, 20, 22, 26, 29, 40, 55, 62, 64, 68, 72, 73, 74, 82, 86, 92 
 ],
[ 1, 5, 6, 11, 19, 20, 22, 26, 29, 40, 41, 48, 59, 64, 66, 74, 79, 84, 89, 96 
 ],
[ 1, 5, 6, 11, 19, 20, 22, 26, 29, 37, 45, 47, 61, 67, 69, 74, 83, 87, 91, 93 
 ],
[ 1, 5, 6, 11, 19, 20, 22, 26, 29, 37, 41, 59, 66, 67, 72, 73, 74, 79, 84, 96 
 ],
[ 1, 5, 6, 11, 19, 20, 22, 26, 29, 34, 40, 45, 47, 64, 74, 77, 80, 88, 94, 95 
 ],
[ 1, 5, 6, 11, 19, 20, 22, 26, 29, 32, 45, 47, 49, 58, 65, 66, 67, 69, 78, 90 
 ],
[ 1, 5, 6, 11, 19, 20, 22, 26, 29, 30, 41, 49, 53, 60, 65, 67, 72, 73, 75, 87 
 ],
[ 1, 5, 6, 11, 19, 20, 22, 26, 29, 30, 33, 41, 48, 49, 51, 53, 65, 67, 72, 95 
 ],
[ 1, 5, 6, 11, 19, 20, 22, 26, 27, 29, 33, 39, 58, 65, 69, 71, 73, 74, 75, 86 
 ],
[ 1, 5, 6, 11, 19, 20, 22, 24, 29, 33, 40, 41, 48, 52, 53, 57, 75, 85, 87, 89 
 ],
[ 1, 5, 6, 11, 19, 20, 22, 24, 26, 29, 30, 33, 41, 48, 53, 67, 72, 75, 85, 87 
 ],
[ 1, 5, 6, 11, 19, 20, 22, 24, 25, 29, 40, 41, 45, 48, 54, 60, 64, 81, 90, 95 
 ],
[ 1, 5, 6, 11, 19, 20, 22, 23, 26, 29, 40, 61, 64, 69, 71, 74, 83, 87, 91, 93 
 ],
[ 1, 5, 6, 11, 19, 20, 22, 23, 24, 25, 27, 29, 32, 40, 57, 64, 69, 72, 75, 86 
 ],
[ 1, 5, 6, 11, 16, 20, 22, 26, 44, 47, 49, 55, 56, 61, 65, 69, 72, 77, 94, 95 
 ],
[ 1, 5, 6, 11, 16, 20, 22, 26, 44, 45, 48, 49, 56, 59, 65, 68, 80, 84, 86, 96 
 ],
[ 1, 5, 6, 11, 16, 20, 22, 26, 41, 44, 45, 50, 54, 56, 57, 60, 64, 73, 75, 87 
 ],
[ 1, 5, 6, 11, 16, 20, 22, 26, 41, 44, 45, 49, 56, 65, 73, 80, 82, 84, 86, 92 
 ],
[ 1, 5, 6, 11, 16, 20, 22, 26, 41, 44, 45, 49, 56, 59, 62, 65, 73, 86, 93, 96 
 ],
[ 1, 5, 6, 11, 16, 20, 22, 26, 37, 41, 44, 45, 51, 54, 56, 57, 60, 73, 74, 95 
 ],
[ 1, 5, 6, 11, 16, 20, 22, 26, 34, 44, 47, 49, 56, 65, 69, 72, 79, 83, 91, 95 
 ],
[ 1, 5, 6, 11, 16, 20, 22, 26, 33, 44, 45, 48, 50, 53, 56, 57, 64, 66, 88, 90 
 ],
[ 1, 5, 6, 11, 16, 20, 22, 26, 33, 37, 44, 45, 48, 53, 56, 57, 74, 76, 86, 88 
 ],
[ 1, 5, 6, 11, 16, 20, 22, 26, 32, 37, 41, 44, 47, 54, 56, 58, 74, 75, 87, 89 
 ],
[ 1, 5, 6, 11, 16, 20, 22, 26, 30, 33, 37, 44, 48, 56, 68, 71, 74, 75, 78, 87 
 ],
[ 1, 5, 6, 11, 16, 20, 22, 26, 29, 44, 48, 49, 59, 69, 71, 79, 84, 85, 87, 91 
 ],
[ 1, 5, 6, 11, 16, 20, 22, 26, 29, 44, 47, 49, 55, 61, 69, 72, 77, 83, 85, 87 
 ],
[ 1, 5, 6, 11, 16, 20, 22, 26, 29, 44, 45, 49, 55, 62, 73, 77, 82, 85, 88, 95 
 ],
[ 1, 5, 6, 11, 16, 20, 22, 26, 29, 43, 48, 50, 59, 68, 72, 80, 84, 85, 86, 91 
 ],
[ 1, 5, 6, 11, 16, 20, 22, 26, 29, 41, 44, 45, 49, 59, 66, 73, 80, 84, 85, 92 
 ],
[ 1, 5, 6, 11, 16, 20, 22, 26, 29, 37, 44, 45, 48, 50, 51, 54, 57, 60, 68, 95 
 ],
[ 1, 5, 6, 11, 16, 20, 22, 26, 29, 34, 44, 47, 49, 68, 72, 80, 85, 86, 92, 94 
 ],
[ 1, 5, 6, 11, 16, 20, 22, 26, 29, 33, 37, 45, 48, 57, 68, 70, 74, 75, 78, 87 
 ],
[ 1, 5, 6, 11, 16, 20, 22, 26, 29, 33, 37, 44, 48, 50, 51, 57, 68, 71, 78, 87 
 ],
[ 1, 5, 6, 11, 16, 20, 22, 26, 29, 33, 37, 43, 48, 49, 57, 68, 72, 78, 87, 90 
 ],
[ 1, 5, 6, 11, 16, 20, 22, 26, 29, 33, 37, 41, 44, 45, 50, 51, 57, 73, 78, 95 
 ],
[ 1, 5, 6, 11, 16, 20, 22, 26, 29, 32, 37, 41, 47, 54, 70, 72, 74, 75, 81, 87 
 ],
[ 1, 5, 6, 11, 16, 20, 22, 26, 29, 30, 37, 44, 48, 50, 54, 60, 68, 71, 75, 87 
 ],
[ 1, 5, 6, 11, 16, 20, 22, 26, 29, 30, 37, 41, 44, 45, 50, 54, 60, 73, 75, 95 
 ],
[ 1, 5, 6, 11, 16, 20, 22, 26, 29, 30, 33, 37, 41, 44, 50, 71, 73, 75, 78, 87 
 ],
[ 1, 5, 6, 11, 16, 20, 22, 26, 28, 44, 55, 65, 69, 72, 73, 74, 77, 82, 84, 86 
 ],
[ 1, 5, 6, 11, 16, 20, 22, 26, 28, 41, 44, 45, 50, 54, 60, 66, 73, 75, 81, 85 
 ],
[ 1, 5, 6, 11, 16, 20, 22, 26, 28, 41, 44, 45, 47, 61, 65, 74, 80, 92, 94, 95 
 ],
[ 1, 5, 6, 11, 16, 20, 22, 26, 28, 37, 44, 47, 49, 55, 61, 69, 72, 77, 82, 86 
 ],
[ 1, 5, 6, 11, 16, 20, 22, 26, 28, 37, 43, 50, 55, 66, 69, 72, 73, 83, 84, 92 
 ],
[ 1, 5, 6, 11, 16, 20, 22, 26, 28, 37, 41, 44, 45, 49, 73, 80, 84, 92, 94, 95 
 ],
[ 1, 5, 6, 11, 16, 20, 22, 26, 28, 37, 41, 44, 45, 49, 62, 73, 83, 93, 95, 96 
 ],
[ 1, 5, 6, 11, 16, 20, 22, 26, 28, 37, 41, 43, 45, 47, 50, 59, 61, 77, 80, 87 
 ],
[ 1, 5, 6, 11, 16, 20, 22, 26, 28, 34, 37, 44, 47, 49, 59, 69, 72, 79, 86, 91 
 ],
[ 1, 5, 6, 11, 16, 20, 22, 26, 27, 32, 44, 47, 50, 56, 64, 66, 69, 72, 81, 90 
 ],
[ 1, 5, 6, 11, 16, 20, 22, 26, 27, 32, 37, 44, 47, 56, 69, 72, 74, 76, 81, 86 
 ],
[ 1, 5, 6, 11, 16, 20, 22, 26, 27, 30, 37, 44, 56, 60, 66, 69, 71, 73, 74, 90 
 ],
[ 1, 5, 6, 11, 16, 20, 22, 26, 27, 29, 37, 45, 57, 60, 66, 69, 70, 73, 74, 90 
 ],
[ 1, 5, 6, 11, 16, 20, 22, 26, 27, 29, 32, 37, 44, 47, 50, 58, 69, 72, 86, 90 
 ],
[ 1, 5, 6, 11, 16, 20, 22, 26, 27, 28, 32, 44, 47, 50, 57, 69, 72, 85, 87, 90 
 ],
[ 1, 5, 6, 11, 16, 20, 22, 24, 26, 29, 45, 48, 59, 68, 70, 80, 84, 85, 86, 96 
 ],
[ 1, 5, 6, 11, 16, 20, 22, 24, 26, 29, 44, 55, 65, 69, 71, 73, 77, 82, 84, 87 
 ],
[ 1, 5, 6, 11, 16, 20, 22, 24, 26, 29, 44, 47, 55, 61, 65, 69, 72, 83, 91, 95 
 ],
[ 1, 5, 6, 11, 16, 20, 22, 24, 26, 29, 41, 45, 59, 62, 70, 73, 85, 86, 93, 96 
 ],
[ 1, 5, 6, 11, 16, 20, 22, 24, 26, 29, 41, 44, 47, 61, 65, 66, 80, 89, 92, 94 
 ],
[ 1, 5, 6, 11, 16, 20, 22, 24, 26, 29, 41, 44, 45, 59, 65, 73, 80, 84, 86, 96 
 ],
[ 1, 5, 6, 11, 16, 20, 22, 24, 26, 29, 34, 47, 69, 70, 72, 79, 83, 85, 91, 95 
 ],
[ 1, 5, 6, 11, 16, 20, 22, 23, 26, 44, 49, 55, 56, 61, 65, 72, 83, 88, 91, 95 
 ],
[ 1, 5, 6, 11, 16, 20, 22, 23, 26, 29, 43, 45, 50, 55, 61, 83, 85, 88, 95, 96 
 ],
[ 1, 5, 6, 11, 16, 20, 22, 23, 26, 29, 41, 44, 49, 61, 66, 83, 85, 89, 93, 96 
 ],
[ 1, 5, 6, 11, 16, 20, 22, 23, 26, 27, 29, 32, 37, 44, 50, 72, 76, 81, 86, 88 
 ],
[ 1, 5, 6, 11, 16, 20, 22, 23, 26, 27, 29, 32, 37, 44, 50, 58, 66, 88, 89, 90 
 ],
[ 1, 5, 6, 11, 16, 20, 22, 23, 24, 26, 29, 55, 61, 70, 72, 83, 85, 88, 91, 95 
 ],
[ 1, 5, 6, 11, 16, 19, 20, 22, 26, 29, 45, 48, 51, 53, 60, 69, 74, 81, 85, 86 
 ],
[ 1, 5, 6, 11, 16, 19, 20, 22, 26, 29, 45, 47, 55, 61, 69, 74, 83, 85, 87, 92 
 ],
[ 1, 5, 6, 11, 16, 19, 20, 22, 26, 29, 41, 59, 66, 72, 73, 74, 77, 80, 84, 85 
 ],
[ 1, 5, 6, 11, 16, 19, 20, 22, 26, 29, 33, 48, 50, 51, 53, 65, 66, 71, 81, 88 
 ],
[ 1, 5, 6, 11, 16, 19, 20, 22, 26, 29, 30, 32, 41, 47, 50, 54, 65, 72, 90, 95 
 ],
[ 1, 5, 6, 11, 16, 19, 20, 22, 26, 27, 29, 45, 50, 58, 60, 65, 69, 73, 75, 86 
 ],
[ 1, 5, 6, 11, 16, 19, 20, 22, 26, 27, 29, 33, 58, 66, 71, 73, 74, 75, 85, 88 
 ],
[ 1, 5, 6, 11, 16, 19, 20, 22, 24, 26, 29, 33, 37, 48, 57, 68, 76, 78, 87, 89 
 ],
[ 1, 5, 6, 11, 16, 19, 20, 22, 24, 26, 29, 33, 37, 41, 57, 72, 73, 76, 78, 95 
 ],
[ 1, 5, 6, 11, 16, 19, 20, 22, 24, 26, 29, 30, 37, 48, 54, 60, 68, 87, 89, 90 
 ],
[ 1, 5, 6, 11, 16, 19, 20, 22, 24, 26, 29, 30, 37, 41, 54, 60, 72, 73, 90, 95 
 ],
[ 1, 5, 6, 11, 16, 19, 20, 22, 24, 26, 27, 29, 32, 37, 45, 47, 58, 69, 75, 86 
 ],
[ 1, 5, 6, 11, 16, 19, 20, 22, 23, 26, 29, 32, 41, 57, 72, 74, 76, 78, 85, 95 
 ],
[ 1, 5, 6, 11, 16, 19, 20, 22, 23, 24, 26, 27, 29, 32, 37, 58, 66, 71, 75, 88 
 ],
[ 1, 5, 6, 11, 12, 20, 22, 26, 29, 43, 45, 47, 49, 54, 58, 66, 67, 69, 85, 90 
 ],
[ 1, 5, 6, 11, 12, 20, 22, 26, 29, 37, 39, 41, 44, 47, 54, 58, 74, 75, 89, 95 
 ],
[ 1, 5, 6, 11, 12, 20, 22, 26, 29, 30, 43, 47, 49, 54, 67, 69, 72, 75, 85, 87 
 ],
[ 1, 5, 6, 11, 12, 20, 22, 26, 29, 30, 40, 43, 47, 49, 54, 65, 72, 75, 88, 95 
 ],
[ 1, 5, 6, 11, 12, 20, 22, 23, 26, 37, 39, 53, 56, 58, 66, 69, 70, 72, 74, 90 
 ],
[ 1, 5, 6, 11, 12, 20, 22, 23, 26, 37, 39, 44, 50, 53, 56, 58, 66, 69, 76, 89 
 ],
[ 1, 5, 6, 11, 12, 20, 22, 23, 26, 37, 39, 43, 45, 49, 53, 56, 58, 66, 69, 75 
 ],
[ 1, 5, 6, 11, 12, 20, 22, 23, 26, 30, 43, 49, 56, 65, 67, 69, 72, 75, 78, 87 
 ],
[ 1, 5, 6, 11, 12, 20, 22, 23, 26, 28, 30, 39, 44, 50, 53, 65, 69, 76, 87, 89 
 ],
[ 1, 5, 6, 11, 12, 20, 22, 23, 24, 29, 40, 43, 45, 52, 65, 69, 78, 81, 86, 90 
 ],
[ 1, 5, 6, 11, 12, 20, 22, 23, 24, 26, 29, 37, 39, 43, 45, 51, 53, 66, 69, 81 
 ],
[ 1, 5, 6, 11, 12, 20, 22, 23, 24, 25, 29, 40, 53, 65, 69, 70, 72, 81, 86, 90 
 ],
[ 1, 5, 6, 11, 12, 20, 22, 23, 24, 25, 29, 40, 44, 53, 66, 69, 81, 85, 89, 90 
 ],
[ 1, 5, 6, 11, 12, 19, 20, 22, 26, 29, 30, 39, 41, 47, 54, 65, 74, 89, 90, 95 
 ],
[ 1, 5, 6, 11, 12, 19, 20, 22, 23, 26, 29, 45, 49, 58, 65, 67, 69, 76, 78, 86 
 ],
[ 1, 5, 6, 11, 12, 19, 20, 22, 23, 24, 29, 40, 52, 66, 69, 71, 78, 81, 85, 90 
 ],
[ 1, 5, 6, 11, 12, 19, 20, 22, 23, 24, 26, 29, 45, 58, 66, 67, 69, 78, 85, 90 
 ],
[ 1, 5, 6, 11, 12, 16, 20, 22, 26, 29, 37, 44, 47, 50, 53, 69, 72, 76, 81, 86 
 ],
[ 1, 5, 6, 11, 12, 16, 20, 22, 26, 29, 37, 44, 47, 50, 53, 58, 66, 69, 89, 90 
 ],
[ 1, 5, 6, 11, 12, 16, 20, 22, 23, 26, 44, 50, 56, 64, 68, 72, 75, 78, 81, 87 
 ],
[ 1, 5, 6, 11, 12, 16, 20, 22, 23, 26, 37, 44, 53, 56, 58, 66, 74, 88, 89, 90 
 ],
[ 1, 5, 6, 11, 12, 16, 20, 22, 23, 26, 37, 44, 51, 56, 68, 72, 74, 78, 81, 95 
 ],
[ 1, 5, 6, 11, 12, 16, 20, 22, 23, 26, 29, 37, 53, 66, 70, 72, 74, 81, 88, 90 
 ],
[ 1, 5, 6, 11, 12, 16, 20, 22, 23, 26, 29, 37, 44, 50, 53, 66, 76, 81, 88, 89 
 ],
[ 1, 5, 6, 11, 12, 16, 20, 22, 23, 26, 29, 37, 43, 45, 49, 53, 66, 75, 81, 88 
 ],
[ 1, 5, 6, 11, 12, 16, 19, 20, 22, 26, 29, 30, 47, 54, 68, 74, 85, 87, 89, 90 
 ],
[ 1, 5, 6, 11, 12, 16, 19, 20, 22, 24, 26, 29, 37, 45, 47, 51, 53, 69, 81, 86 
 ],
[ 1, 5, 6, 11, 12, 16, 19, 20, 22, 23, 26, 29, 50, 57, 65, 68, 76, 78, 87, 89 
 ],
[ 1, 5, 6, 11, 12, 16, 19, 20, 22, 23, 24, 26, 29, 37, 51, 53, 66, 71, 81, 88 
 ]
];

