## Group: [96, 86]
## Difference Sets: 48
## Time:  5:10:47.285

return [
[ 1, 5, 6, 11, 20, 22, 28, 30, 32, 40, 41, 44, 45, 48, 51, 52, 54, 64, 74, 86 
 ],
[ 1, 5, 6, 11, 20, 22, 26, 29, 40, 43, 45, 48, 50, 59, 61, 64, 68, 80, 95, 96 
 ],
[ 1, 5, 6, 11, 20, 22, 26, 29, 30, 33, 39, 41, 45, 54, 64, 70, 73, 74, 75, 87 
 ],
[ 1, 5, 6, 11, 20, 22, 26, 29, 30, 33, 39, 41, 45, 49, 54, 66, 70, 73, 85, 90 
 ],
[ 1, 5, 6, 11, 20, 22, 26, 29, 30, 33, 39, 41, 44, 49, 54, 65, 71, 73, 86, 90 
 ],
[ 1, 5, 6, 11, 20, 22, 26, 29, 30, 33, 37, 39, 41, 44, 54, 71, 73, 74, 75, 95 
 ],
[ 1, 5, 6, 11, 20, 22, 26, 28, 40, 44, 45, 47, 49, 59, 62, 65, 69, 79, 95, 96 
 ],
[ 1, 5, 6, 11, 20, 22, 26, 28, 34, 40, 41, 44, 49, 65, 72, 73, 83, 86, 91, 93 
 ],
[ 1, 5, 6, 11, 20, 22, 26, 27, 29, 30, 33, 43, 45, 47, 49, 66, 67, 69, 75, 85 
 ],
[ 1, 5, 6, 11, 20, 22, 25, 27, 30, 40, 44, 45, 48, 51, 56, 60, 64, 69, 74, 95 
 ],
[ 1, 5, 6, 11, 20, 22, 25, 27, 30, 40, 44, 45, 48, 49, 56, 60, 69, 76, 85, 86 
 ],
[ 1, 5, 6, 11, 20, 22, 25, 27, 29, 40, 44, 45, 48, 50, 57, 60, 64, 69, 75, 95 
 ],
[ 1, 5, 6, 11, 20, 22, 24, 26, 29, 33, 37, 40, 44, 45, 47, 53, 69, 76, 81, 86 
 ],
[ 1, 5, 6, 11, 20, 22, 24, 26, 29, 30, 32, 37, 40, 44, 48, 54, 68, 75, 87, 89 
 ],
[ 1, 5, 6, 11, 20, 22, 24, 25, 27, 29, 40, 44, 45, 48, 57, 60, 69, 85, 86, 90 
 ],
[ 1, 5, 6, 11, 20, 22, 23, 27, 28, 40, 44, 52, 58, 60, 64, 69, 72, 74, 76, 95 
 ],
[ 1, 5, 6, 11, 20, 22, 23, 26, 29, 40, 43, 50, 55, 64, 72, 83, 84, 86, 88, 91 
 ],
[ 1, 5, 6, 11, 20, 22, 23, 25, 32, 40, 41, 44, 54, 56, 58, 64, 72, 74, 76, 86 
 ],
[ 1, 5, 6, 11, 20, 22, 23, 25, 32, 40, 41, 44, 49, 51, 54, 56, 58, 72, 85, 95 
 ],
[ 1, 5, 6, 11, 20, 22, 23, 25, 29, 32, 40, 41, 44, 50, 54, 64, 72, 81, 86, 90 
 ],
[ 1, 5, 6, 11, 20, 22, 23, 24, 26, 27, 29, 37, 40, 44, 58, 60, 66, 71, 88, 90 
 ],
[ 1, 5, 6, 11, 20, 22, 23, 24, 25, 29, 32, 40, 41, 44, 54, 72, 75, 81, 85, 95 
 ],
[ 1, 5, 6, 11, 19, 20, 22, 29, 33, 40, 41, 48, 49, 51, 52, 53, 57, 65, 89, 95 
 ],
[ 1, 5, 6, 11, 19, 20, 22, 29, 32, 40, 45, 47, 49, 52, 54, 58, 65, 66, 88, 90 
 ],
[ 1, 5, 6, 11, 19, 20, 22, 27, 29, 30, 40, 49, 52, 60, 65, 68, 72, 73, 75, 87 
 ],
[ 1, 5, 6, 11, 19, 20, 22, 26, 29, 45, 47, 49, 55, 62, 65, 66, 67, 69, 77, 82 
 ],
[ 1, 5, 6, 11, 19, 20, 22, 26, 29, 39, 41, 45, 47, 55, 62, 65, 66, 74, 82, 92 
 ],
[ 1, 5, 6, 11, 19, 20, 22, 26, 29, 34, 41, 49, 65, 67, 72, 73, 80, 87, 92, 94 
 ],
[ 1, 5, 6, 11, 19, 20, 22, 26, 29, 34, 39, 65, 69, 72, 73, 74, 77, 80, 87, 94 
 ],
[ 1, 5, 6, 11, 19, 20, 22, 26, 27, 29, 30, 33, 39, 41, 47, 65, 71, 74, 86, 90 
 ],
[ 1, 5, 6, 11, 19, 20, 22, 25, 29, 33, 37, 40, 41, 48, 49, 51, 57, 78, 86, 89 
 ],
[ 1, 5, 6, 11, 19, 20, 22, 25, 29, 30, 37, 40, 49, 54, 60, 66, 68, 72, 73, 75 
 ],
[ 1, 5, 6, 11, 19, 20, 22, 25, 27, 29, 32, 37, 40, 45, 47, 49, 58, 87, 88, 90 
 ],
[ 1, 5, 6, 11, 19, 20, 22, 24, 29, 40, 41, 48, 52, 61, 80, 83, 85, 87, 89, 92 
 ],
[ 1, 5, 6, 11, 19, 20, 22, 24, 25, 29, 40, 41, 48, 55, 61, 64, 66, 83, 89, 92 
 ],
[ 1, 5, 6, 11, 19, 20, 22, 24, 25, 27, 29, 32, 40, 41, 48, 64, 72, 81, 86, 90 
 ],
[ 1, 5, 6, 11, 19, 20, 22, 23, 24, 29, 40, 52, 55, 59, 66, 69, 71, 77, 84, 85 
 ],
[ 1, 5, 6, 11, 19, 20, 22, 23, 24, 25, 29, 40, 59, 64, 69, 71, 77, 80, 84, 87 
 ],
[ 1, 5, 6, 11, 19, 20, 22, 23, 24, 25, 29, 40, 45, 54, 57, 60, 64, 69, 75, 95 
 ],
[ 1, 5, 6, 11, 12, 20, 22, 26, 29, 41, 43, 49, 54, 58, 67, 72, 73, 85, 87, 90 
 ],
[ 1, 5, 6, 11, 12, 20, 22, 26, 27, 29, 39, 47, 58, 64, 66, 69, 70, 72, 74, 90 
 ],
[ 1, 5, 6, 11, 12, 20, 22, 26, 27, 29, 39, 47, 49, 58, 69, 70, 72, 75, 85, 87 
 ],
[ 1, 5, 6, 11, 12, 20, 22, 26, 27, 29, 39, 44, 47, 49, 58, 65, 69, 75, 89, 95 
 ],
[ 1, 5, 6, 11, 12, 20, 22, 26, 27, 29, 37, 39, 44, 47, 58, 69, 74, 86, 89, 90 
 ],
[ 1, 5, 6, 11, 12, 20, 22, 24, 26, 29, 37, 40, 41, 44, 51, 57, 72, 73, 78, 95 
 ],
[ 1, 5, 6, 11, 12, 19, 20, 22, 26, 29, 39, 54, 58, 65, 69, 73, 74, 75, 89, 95 
 ],
[ 1, 5, 6, 11, 12, 19, 20, 22, 23, 29, 40, 49, 52, 65, 69, 71, 76, 78, 81, 86 
 ],
[ 1, 5, 6, 11, 12, 19, 20, 22, 23, 25, 29, 37, 40, 49, 53, 69, 71, 76, 81, 95 
 ]
];

