## Group: [96, 87]
## Difference Sets: 16
## Time:  3:13:57.742

return [
[ 1, 5, 6, 10, 20, 21, 25, 32, 40, 41, 43, 45, 47, 50, 56, 58, 66, 75, 78, 85 
 ],
[ 1, 5, 6, 10, 20, 21, 25, 32, 37, 41, 44, 45, 47, 54, 56, 57, 67, 74, 76, 86 
 ],
[ 1, 5, 6, 10, 20, 21, 25, 30, 32, 37, 40, 41, 44, 47, 50, 56, 71, 78, 86, 90 
 ],
[ 1, 5, 6, 10, 20, 21, 24, 26, 28, 32, 39, 41, 45, 47, 58, 64, 70, 76, 78, 95 
 ],
[ 1, 5, 6, 10, 19, 20, 21, 28, 33, 37, 39, 45, 48, 52, 53, 57, 74, 76, 86, 88 
 ],
[ 1, 5, 6, 10, 19, 20, 21, 27, 28, 30, 37, 39, 52, 60, 66, 69, 71, 73, 74, 90 
 ],
[ 1, 5, 6, 10, 19, 20, 21, 25, 28, 37, 45, 48, 62, 67, 68, 74, 82, 86, 92, 93 
 ],
[ 1, 5, 6, 10, 19, 20, 21, 25, 28, 37, 41, 59, 66, 67, 71, 73, 74, 80, 84, 96 
 ],
[ 1, 5, 6, 10, 16, 20, 21, 25, 43, 48, 50, 55, 56, 62, 64, 68, 71, 77, 94, 95 
 ],
[ 1, 5, 6, 10, 16, 20, 21, 25, 41, 43, 45, 50, 56, 64, 73, 79, 83, 84, 87, 91 
 ],
[ 1, 5, 6, 10, 16, 20, 21, 25, 29, 43, 48, 55, 59, 62, 64, 68, 74, 86, 89, 96 
 ],
[ 1, 5, 6, 10, 16, 20, 21, 25, 29, 41, 43, 64, 66, 72, 73, 74, 79, 82, 84, 92 
 ],
[ 1, 5, 6, 10, 16, 20, 21, 25, 29, 37, 41, 43, 45, 48, 50, 62, 77, 79, 87, 94 
 ],
[ 1, 5, 6, 10, 16, 20, 21, 25, 27, 28, 33, 37, 44, 45, 48, 50, 66, 68, 76, 81 
 ],
[ 1, 5, 6, 10, 16, 20, 21, 24, 25, 29, 33, 41, 43, 45, 48, 53, 65, 66, 76, 81 
 ],
[ 1, 5, 6, 10, 16, 20, 21, 24, 25, 27, 33, 43, 48, 56, 68, 71, 76, 81, 85, 86 
 ]
];

