## Group: [96, 83]
## Difference Sets: 18
## Time:  3:05:03.166

return [
[ 1, 5, 6, 11, 20, 22, 30, 32, 40, 41, 44, 48, 52, 54, 56, 72, 74, 76, 85, 86 
 ],
[ 1, 5, 6, 11, 20, 22, 26, 27, 29, 33, 45, 47, 58, 67, 69, 70, 74, 75, 85, 87 
 ],
[ 1, 5, 6, 11, 20, 22, 25, 29, 30, 37, 40, 44, 47, 54, 60, 72, 74, 87, 88, 90 
 ],
[ 1, 5, 6, 11, 20, 22, 25, 29, 30, 32, 37, 40, 44, 54, 66, 72, 73, 74, 75, 88 
 ],
[ 1, 5, 6, 11, 20, 22, 25, 27, 29, 37, 40, 44, 45, 47, 58, 60, 68, 74, 87, 90 
 ],
[ 1, 5, 6, 11, 20, 22, 25, 27, 29, 32, 37, 40, 44, 45, 58, 66, 68, 73, 74, 75 
 ],
[ 1, 5, 6, 11, 20, 22, 23, 25, 29, 33, 37, 40, 44, 57, 69, 74, 76, 78, 89, 95 
 ],
[ 1, 5, 6, 11, 19, 20, 22, 29, 40, 47, 49, 52, 54, 58, 60, 65, 66, 68, 72, 75 
 ],
[ 1, 5, 6, 11, 19, 20, 22, 29, 33, 40, 41, 48, 50, 52, 53, 57, 64, 66, 89, 90 
 ],
[ 1, 5, 6, 11, 19, 20, 22, 29, 32, 40, 45, 47, 49, 52, 54, 58, 65, 66, 88, 90 
 ],
[ 1, 5, 6, 11, 19, 20, 22, 29, 32, 40, 41, 45, 48, 50, 52, 54, 57, 64, 90, 95 
 ],
[ 1, 5, 6, 11, 19, 20, 22, 29, 32, 37, 40, 45, 47, 52, 54, 58, 74, 75, 87, 88 
 ],
[ 1, 5, 6, 11, 19, 20, 22, 27, 29, 30, 37, 40, 52, 60, 66, 68, 72, 73, 74, 90 
 ],
[ 1, 5, 6, 11, 19, 20, 22, 27, 29, 30, 32, 40, 45, 49, 52, 65, 73, 87, 88, 90 
 ],
[ 1, 5, 6, 11, 19, 20, 22, 26, 29, 32, 45, 47, 49, 58, 65, 66, 67, 69, 78, 90 
 ],
[ 1, 5, 6, 11, 19, 20, 22, 26, 29, 30, 37, 40, 41, 48, 50, 53, 60, 76, 86, 89 
 ],
[ 1, 5, 6, 11, 19, 20, 22, 26, 27, 29, 33, 37, 47, 58, 67, 69, 74, 75, 86, 89 
 ],
[ 1, 5, 6, 11, 19, 20, 22, 24, 29, 33, 40, 41, 48, 52, 53, 57, 75, 85, 87, 89 
 ]
];

