## Group: [96, 88]
## Difference Sets: 48
## Time:  4:01:00.816

return [
[ 1, 5, 6, 10, 20, 21, 25, 29, 30, 33, 39, 41, 43, 50, 53, 64, 72, 73, 86, 90 
 ],
[ 1, 5, 6, 10, 20, 21, 25, 27, 29, 39, 43, 48, 50, 57, 60, 64, 66, 68, 76, 89 
 ],
[ 1, 5, 6, 10, 20, 21, 23, 25, 29, 32, 39, 43, 50, 51, 54, 64, 71, 81, 87, 88 
 ],
[ 1, 5, 6, 10, 19, 20, 21, 28, 39, 41, 47, 49, 52, 62, 65, 66, 77, 79, 82, 89 
 ],
[ 1, 5, 6, 10, 19, 20, 21, 28, 39, 41, 47, 49, 52, 55, 65, 72, 77, 82, 84, 86 
 ],
[ 1, 5, 6, 10, 19, 20, 21, 28, 39, 41, 47, 49, 52, 55, 59, 65, 66, 84, 89, 91 
 ],
[ 1, 5, 6, 10, 19, 20, 21, 25, 28, 37, 45, 48, 55, 61, 67, 68, 74, 83, 86, 91 
 ],
[ 1, 5, 6, 10, 19, 20, 21, 25, 28, 37, 41, 55, 61, 66, 67, 71, 73, 74, 83, 91 
 ],
[ 1, 5, 6, 10, 19, 20, 21, 25, 28, 37, 41, 45, 55, 61, 67, 73, 74, 77, 86, 94 
 ],
[ 1, 5, 6, 10, 19, 20, 21, 25, 28, 37, 39, 41, 47, 49, 51, 54, 57, 60, 72, 95 
 ],
[ 1, 5, 6, 10, 19, 20, 21, 25, 28, 34, 37, 48, 66, 67, 68, 71, 74, 79, 83, 91 
 ],
[ 1, 5, 6, 10, 19, 20, 21, 25, 28, 34, 37, 45, 48, 67, 68, 74, 77, 79, 86, 94 
 ],
[ 1, 5, 6, 10, 19, 20, 21, 25, 28, 34, 37, 41, 66, 67, 71, 73, 74, 77, 79, 94 
 ],
[ 1, 5, 6, 10, 19, 20, 21, 25, 28, 33, 37, 39, 41, 47, 49, 51, 57, 78, 87, 89 
 ],
[ 1, 5, 6, 10, 19, 20, 21, 25, 28, 30, 37, 39, 41, 47, 49, 54, 60, 75, 87, 89 
 ],
[ 1, 5, 6, 10, 19, 20, 21, 25, 27, 28, 32, 37, 39, 49, 58, 66, 69, 71, 73, 90 
 ],
[ 1, 5, 6, 10, 19, 20, 21, 25, 27, 28, 32, 37, 39, 45, 49, 69, 73, 76, 81, 86 
 ],
[ 1, 5, 6, 10, 19, 20, 21, 25, 27, 28, 32, 37, 39, 45, 48, 49, 58, 86, 88, 90 
 ],
[ 1, 5, 6, 10, 19, 20, 21, 23, 28, 39, 49, 52, 62, 65, 68, 72, 77, 79, 82, 86 
 ],
[ 1, 5, 6, 10, 19, 20, 21, 23, 28, 39, 49, 52, 59, 62, 65, 66, 68, 79, 89, 91 
 ],
[ 1, 5, 6, 10, 19, 20, 21, 23, 28, 39, 49, 52, 55, 59, 65, 68, 72, 84, 86, 91 
 ],
[ 1, 5, 6, 10, 19, 20, 21, 23, 25, 28, 33, 37, 39, 49, 51, 57, 68, 72, 78, 95 
 ],
[ 1, 5, 6, 10, 19, 20, 21, 23, 25, 28, 30, 37, 39, 49, 54, 60, 68, 72, 75, 95 
 ],
[ 1, 5, 6, 10, 19, 20, 21, 23, 25, 28, 30, 33, 37, 39, 49, 68, 75, 78, 87, 89 
 ],
[ 1, 5, 6, 10, 16, 20, 21, 25, 43, 48, 50, 53, 56, 57, 60, 64, 66, 68, 72, 76 
 ],
[ 1, 5, 6, 10, 16, 20, 21, 25, 28, 45, 48, 50, 53, 60, 64, 66, 68, 70, 76, 81 
 ],
[ 1, 5, 6, 10, 16, 20, 21, 25, 28, 33, 37, 45, 53, 66, 68, 70, 73, 74, 76, 81 
 ],
[ 1, 5, 6, 10, 16, 20, 21, 25, 28, 30, 45, 47, 50, 53, 60, 64, 66, 69, 70, 75 
 ],
[ 1, 5, 6, 10, 16, 20, 21, 25, 27, 30, 33, 41, 43, 50, 56, 64, 73, 86, 89, 90 
 ],
[ 1, 5, 6, 10, 16, 20, 21, 25, 27, 28, 37, 41, 48, 58, 60, 70, 71, 74, 86, 90 
 ],
[ 1, 5, 6, 10, 16, 20, 21, 25, 27, 28, 33, 41, 50, 58, 64, 70, 71, 73, 86, 90 
 ],
[ 1, 5, 6, 10, 16, 20, 21, 24, 25, 30, 32, 41, 43, 45, 56, 66, 73, 75, 78, 85 
 ],
[ 1, 5, 6, 10, 16, 20, 21, 23, 25, 32, 43, 49, 54, 56, 58, 65, 69, 71, 86, 90 
 ],
[ 1, 5, 6, 10, 16, 20, 21, 23, 25, 32, 43, 45, 50, 51, 56, 64, 78, 81, 87, 88 
 ],
[ 1, 5, 6, 10, 16, 20, 21, 23, 25, 27, 28, 33, 50, 51, 57, 64, 70, 71, 86, 88 
 ],
[ 1, 5, 6, 10, 16, 20, 21, 23, 24, 25, 32, 43, 45, 56, 66, 76, 78, 81, 85, 88 
 ],
[ 1, 5, 6, 10, 16, 19, 20, 21, 24, 25, 28, 32, 37, 41, 58, 71, 73, 75, 78, 95 
 ],
[ 1, 5, 6, 10, 16, 19, 20, 21, 24, 25, 28, 30, 37, 47, 53, 60, 69, 86, 89, 90 
 ],
[ 1, 5, 6, 10, 16, 19, 20, 21, 23, 24, 25, 27, 28, 33, 37, 57, 66, 72, 76, 88 
 ],
[ 1, 5, 6, 10, 12, 20, 21, 25, 29, 39, 43, 45, 47, 50, 58, 64, 69, 75, 78, 95 
 ],
[ 1, 5, 6, 10, 12, 19, 20, 21, 25, 28, 37, 39, 49, 53, 66, 69, 71, 73, 76, 81 
 ],
[ 1, 5, 6, 10, 12, 19, 20, 21, 25, 28, 37, 39, 48, 49, 53, 58, 66, 71, 88, 90 
 ],
[ 1, 5, 6, 10, 12, 19, 20, 21, 25, 28, 37, 39, 45, 48, 49, 53, 76, 81, 86, 88 
 ],
[ 1, 5, 6, 10, 12, 16, 20, 21, 25, 43, 47, 50, 54, 56, 58, 64, 69, 71, 75, 95 
 ],
[ 1, 5, 6, 10, 12, 16, 20, 21, 25, 43, 45, 47, 49, 56, 65, 66, 76, 78, 81, 88 
 ],
[ 1, 5, 6, 10, 12, 16, 20, 21, 24, 25, 43, 48, 51, 54, 56, 57, 68, 71, 85, 86 
 ],
[ 1, 5, 6, 10, 12, 16, 20, 21, 24, 25, 43, 47, 54, 56, 58, 69, 71, 85, 86, 90 
 ],
[ 1, 5, 6, 10, 12, 16, 19, 20, 21, 24, 25, 28, 37, 45, 48, 51, 54, 68, 81, 87 
 ]
];

