## Group: [96, 84]
## Difference Sets: 72
## Time:  4:20:26.234

return [
[ 1, 5, 6, 10, 20, 21, 28, 32, 37, 39, 41, 44, 47, 49, 52, 54, 58, 71, 87, 90 
 ],
[ 1, 5, 6, 10, 20, 21, 26, 28, 32, 39, 41, 43, 47, 50, 51, 58, 64, 72, 78, 95 
 ],
[ 1, 5, 6, 10, 20, 21, 26, 28, 30, 39, 43, 48, 50, 53, 60, 64, 66, 71, 76, 88 
 ],
[ 1, 5, 6, 10, 20, 21, 26, 28, 30, 39, 43, 45, 50, 53, 60, 64, 69, 73, 76, 86 
 ],
[ 1, 5, 6, 10, 20, 21, 26, 27, 28, 33, 39, 43, 48, 50, 57, 64, 66, 71, 88, 90 
 ],
[ 1, 5, 6, 10, 20, 21, 26, 27, 28, 33, 39, 43, 45, 50, 57, 64, 69, 73, 86, 90 
 ],
[ 1, 5, 6, 10, 20, 21, 25, 32, 40, 41, 43, 45, 47, 50, 56, 58, 66, 75, 78, 85 
 ],
[ 1, 5, 6, 10, 20, 21, 25, 29, 32, 40, 41, 43, 47, 49, 51, 57, 64, 66, 72, 78 
 ],
[ 1, 5, 6, 10, 20, 21, 25, 28, 37, 40, 43, 45, 62, 66, 68, 73, 74, 82, 92, 93 
 ],
[ 1, 5, 6, 10, 20, 21, 25, 28, 37, 40, 43, 45, 59, 66, 68, 73, 74, 80, 84, 96 
 ],
[ 1, 5, 6, 10, 20, 21, 25, 28, 37, 40, 41, 43, 48, 62, 71, 74, 82, 86, 92, 93 
 ],
[ 1, 5, 6, 10, 20, 21, 25, 28, 37, 40, 41, 43, 48, 59, 71, 74, 80, 84, 86, 96 
 ],
[ 1, 5, 6, 10, 20, 21, 24, 25, 28, 32, 37, 40, 41, 44, 47, 58, 71, 75, 78, 86 
 ],
[ 1, 5, 6, 10, 20, 21, 23, 28, 32, 37, 39, 44, 45, 49, 52, 54, 58, 68, 90, 95 
 ],
[ 1, 5, 6, 10, 20, 21, 23, 26, 28, 32, 39, 43, 50, 51, 58, 64, 68, 78, 87, 89 
 ],
[ 1, 5, 6, 10, 20, 21, 23, 25, 32, 40, 43, 45, 50, 51, 56, 66, 68, 78, 81, 85 
 ],
[ 1, 5, 6, 10, 20, 21, 23, 25, 29, 32, 40, 43, 45, 58, 66, 68, 74, 75, 78, 85 
 ],
[ 1, 5, 6, 10, 20, 21, 23, 24, 26, 28, 32, 39, 58, 64, 68, 70, 71, 76, 78, 87 
 ],
[ 1, 5, 6, 10, 19, 20, 21, 28, 33, 37, 39, 52, 53, 57, 66, 69, 71, 73, 74, 76 
 ],
[ 1, 5, 6, 10, 19, 20, 21, 27, 28, 30, 37, 39, 45, 48, 52, 60, 74, 86, 88, 90 
 ],
[ 1, 5, 6, 10, 19, 20, 21, 25, 28, 37, 45, 48, 59, 67, 68, 74, 80, 84, 86, 96 
 ],
[ 1, 5, 6, 10, 19, 20, 21, 25, 28, 37, 41, 62, 66, 67, 71, 73, 74, 82, 92, 93 
 ],
[ 1, 5, 6, 10, 19, 20, 21, 23, 28, 32, 37, 39, 52, 54, 58, 68, 72, 74, 75, 95 
 ],
[ 1, 5, 6, 10, 16, 20, 21, 25, 43, 48, 50, 56, 64, 66, 68, 72, 79, 82, 84, 92 
 ],
[ 1, 5, 6, 10, 16, 20, 21, 25, 41, 43, 50, 55, 56, 59, 62, 64, 73, 86, 89, 96 
 ],
[ 1, 5, 6, 10, 16, 20, 21, 25, 41, 43, 45, 50, 56, 59, 61, 64, 73, 87, 93, 96 
 ],
[ 1, 5, 6, 10, 16, 20, 21, 25, 34, 43, 48, 50, 56, 64, 68, 71, 80, 82, 92, 95 
 ],
[ 1, 5, 6, 10, 16, 20, 21, 25, 29, 43, 48, 59, 64, 66, 68, 72, 74, 79, 84, 96 
 ],
[ 1, 5, 6, 10, 16, 20, 21, 25, 29, 43, 48, 55, 59, 62, 64, 68, 74, 86, 89, 96 
 ],
[ 1, 5, 6, 10, 16, 20, 21, 25, 29, 43, 45, 48, 59, 61, 64, 68, 74, 87, 93, 96 
 ],
[ 1, 5, 6, 10, 16, 20, 21, 25, 29, 41, 43, 64, 66, 72, 73, 74, 79, 82, 84, 92 
 ],
[ 1, 5, 6, 10, 16, 20, 21, 25, 29, 41, 43, 55, 62, 64, 73, 74, 82, 86, 89, 92 
 ],
[ 1, 5, 6, 10, 16, 20, 21, 25, 29, 41, 43, 45, 61, 64, 73, 74, 82, 87, 92, 93 
 ],
[ 1, 5, 6, 10, 16, 20, 21, 25, 29, 34, 43, 48, 59, 64, 68, 71, 74, 80, 95, 96 
 ],
[ 1, 5, 6, 10, 16, 20, 21, 25, 29, 34, 41, 43, 64, 71, 73, 74, 80, 82, 92, 95 
 ],
[ 1, 5, 6, 10, 16, 20, 21, 25, 29, 32, 41, 43, 45, 49, 51, 57, 66, 73, 78, 85 
 ],
[ 1, 5, 6, 10, 16, 20, 21, 25, 28, 45, 48, 50, 53, 60, 64, 66, 68, 70, 76, 81 
 ],
[ 1, 5, 6, 10, 16, 20, 21, 25, 28, 44, 45, 47, 49, 59, 62, 79, 85, 87, 88, 96 
 ],
[ 1, 5, 6, 10, 16, 20, 21, 25, 28, 43, 48, 50, 55, 62, 68, 71, 77, 82, 85, 86 
 ],
[ 1, 5, 6, 10, 16, 20, 21, 25, 28, 43, 47, 50, 59, 69, 72, 79, 84, 85, 87, 91 
 ],
[ 1, 5, 6, 10, 16, 20, 21, 25, 28, 41, 43, 45, 50, 61, 66, 73, 83, 85, 93, 96 
 ],
[ 1, 5, 6, 10, 16, 20, 21, 25, 28, 41, 43, 45, 50, 59, 66, 73, 79, 84, 85, 91 
 ],
[ 1, 5, 6, 10, 16, 20, 21, 25, 28, 37, 44, 48, 50, 53, 60, 68, 71, 76, 81, 86 
 ],
[ 1, 5, 6, 10, 16, 20, 21, 25, 28, 34, 43, 48, 50, 68, 71, 80, 85, 86, 92, 94 
 ],
[ 1, 5, 6, 10, 16, 20, 21, 25, 28, 32, 41, 43, 45, 50, 58, 66, 73, 78, 85, 90 
 ],
[ 1, 5, 6, 10, 16, 20, 21, 25, 28, 30, 45, 47, 50, 53, 60, 64, 66, 69, 70, 75 
 ],
[ 1, 5, 6, 10, 16, 20, 21, 25, 28, 30, 43, 47, 50, 53, 60, 69, 72, 75, 85, 87 
 ],
[ 1, 5, 6, 10, 16, 20, 21, 25, 28, 30, 41, 43, 45, 50, 53, 60, 66, 73, 75, 85 
 ],
[ 1, 5, 6, 10, 16, 20, 21, 25, 28, 30, 37, 44, 47, 50, 53, 60, 69, 71, 75, 86 
 ],
[ 1, 5, 6, 10, 16, 20, 21, 25, 28, 30, 33, 44, 45, 47, 53, 64, 66, 74, 75, 88 
 ],
[ 1, 5, 6, 10, 16, 20, 21, 25, 27, 28, 33, 43, 48, 50, 51, 57, 68, 71, 85, 86 
 ],
[ 1, 5, 6, 10, 16, 20, 21, 25, 27, 28, 33, 37, 44, 45, 48, 50, 66, 68, 76, 81 
 ],
[ 1, 5, 6, 10, 16, 20, 21, 25, 27, 28, 33, 37, 41, 44, 45, 50, 58, 66, 73, 90 
 ],
[ 1, 5, 6, 10, 16, 20, 21, 25, 27, 28, 30, 33, 43, 47, 50, 69, 75, 85, 89, 95 
 ],
[ 1, 5, 6, 10, 16, 20, 21, 25, 27, 28, 30, 33, 37, 44, 45, 47, 50, 66, 69, 75 
 ],
[ 1, 5, 6, 10, 16, 20, 21, 24, 25, 28, 44, 47, 59, 65, 69, 71, 79, 84, 95, 96 
 ],
[ 1, 5, 6, 10, 16, 20, 21, 24, 25, 28, 44, 45, 47, 55, 59, 62, 65, 69, 87, 96 
 ],
[ 1, 5, 6, 10, 16, 20, 21, 24, 25, 28, 43, 48, 55, 62, 64, 68, 71, 82, 92, 95 
 ],
[ 1, 5, 6, 10, 16, 20, 21, 24, 25, 28, 43, 47, 55, 59, 62, 64, 69, 86, 89, 96 
 ],
[ 1, 5, 6, 10, 16, 20, 21, 24, 25, 28, 43, 45, 48, 61, 64, 68, 77, 87, 93, 94 
 ],
[ 1, 5, 6, 10, 16, 20, 21, 24, 25, 28, 34, 43, 48, 64, 68, 71, 77, 80, 94, 95 
 ],
[ 1, 5, 6, 10, 16, 20, 21, 24, 25, 27, 28, 33, 43, 48, 57, 64, 68, 71, 76, 95 
 ],
[ 1, 5, 6, 10, 16, 20, 21, 23, 25, 28, 43, 50, 55, 62, 77, 82, 85, 88, 89, 95 
 ],
[ 1, 5, 6, 10, 16, 20, 21, 23, 25, 27, 28, 33, 37, 44, 45, 50, 51, 57, 66, 88 
 ],
[ 1, 5, 6, 10, 16, 20, 21, 23, 24, 25, 28, 55, 62, 70, 71, 82, 85, 88, 92, 95 
 ],
[ 1, 5, 6, 10, 16, 20, 21, 23, 24, 25, 28, 44, 45, 55, 62, 65, 82, 87, 88, 92 
 ],
[ 1, 5, 6, 10, 16, 20, 21, 23, 24, 25, 28, 43, 55, 62, 64, 82, 86, 88, 89, 92 
 ],
[ 1, 5, 6, 10, 16, 19, 20, 21, 25, 28, 47, 59, 62, 72, 74, 79, 85, 87, 88, 91 
 ],
[ 1, 5, 6, 10, 16, 19, 20, 21, 25, 28, 41, 48, 59, 62, 71, 74, 79, 85, 86, 91 
 ],
[ 1, 5, 6, 10, 16, 19, 20, 21, 25, 28, 30, 33, 47, 49, 53, 64, 66, 72, 88, 90 
 ],
[ 1, 5, 6, 10, 16, 19, 20, 21, 25, 28, 30, 33, 41, 48, 49, 53, 64, 71, 90, 95 
 ],
[ 1, 5, 6, 10, 16, 19, 20, 21, 23, 24, 25, 28, 37, 55, 62, 66, 72, 82, 88, 92 
 ]
];

