## Group: [96, 90]
## Difference Sets: 24
## Time:  5:10:26.059

return [
[ 1, 5, 6, 11, 20, 22, 26, 29, 30, 33, 39, 41, 43, 49, 54, 64, 72, 73, 87, 90 
 ],
[ 1, 5, 6, 11, 20, 22, 26, 29, 30, 33, 37, 39, 41, 44, 54, 71, 73, 74, 75, 95 
 ],
[ 1, 5, 6, 11, 20, 22, 26, 27, 29, 33, 39, 43, 45, 58, 66, 69, 73, 74, 75, 85 
 ],
[ 1, 5, 6, 11, 20, 22, 25, 28, 30, 40, 41, 44, 48, 51, 54, 60, 72, 74, 85, 86 
 ],
[ 1, 5, 6, 11, 20, 22, 25, 27, 28, 40, 44, 45, 48, 49, 58, 60, 64, 69, 76, 95 
 ],
[ 1, 5, 6, 11, 20, 22, 24, 25, 27, 29, 40, 44, 45, 48, 57, 60, 69, 85, 86, 90 
 ],
[ 1, 5, 6, 11, 20, 22, 23, 25, 28, 30, 32, 40, 41, 44, 49, 51, 54, 64, 72, 86 
 ],
[ 1, 5, 6, 11, 20, 22, 23, 25, 27, 28, 32, 40, 44, 45, 58, 69, 74, 76, 85, 95 
 ],
[ 1, 5, 6, 11, 20, 22, 23, 24, 25, 29, 32, 40, 41, 44, 54, 72, 75, 81, 85, 95 
 ],
[ 1, 5, 6, 11, 19, 20, 22, 26, 27, 29, 33, 41, 49, 58, 65, 67, 71, 73, 86, 90 
 ],
[ 1, 5, 6, 11, 19, 20, 22, 24, 27, 29, 40, 41, 45, 48, 52, 60, 81, 85, 86, 90 
 ],
[ 1, 5, 6, 11, 19, 20, 22, 23, 24, 29, 32, 40, 52, 54, 57, 69, 72, 75, 85, 95 
 ],
[ 1, 5, 6, 11, 16, 20, 22, 26, 28, 44, 59, 62, 65, 69, 72, 73, 74, 79, 86, 91 
 ],
[ 1, 5, 6, 11, 16, 20, 22, 26, 28, 34, 41, 44, 45, 47, 65, 74, 83, 93, 95, 96 
 ],
[ 1, 5, 6, 11, 16, 20, 22, 24, 26, 29, 43, 45, 48, 55, 64, 83, 84, 88, 95, 96 
 ],
[ 1, 5, 6, 11, 16, 20, 22, 23, 24, 26, 29, 43, 59, 61, 64, 68, 72, 80, 86, 91 
 ],
[ 1, 5, 6, 11, 16, 19, 20, 22, 26, 29, 33, 45, 50, 51, 53, 65, 69, 73, 81, 86 
 ],
[ 1, 5, 6, 11, 16, 19, 20, 22, 26, 27, 29, 48, 50, 58, 60, 65, 66, 71, 75, 88 
 ],
[ 1, 5, 6, 11, 16, 19, 20, 22, 23, 26, 29, 30, 32, 50, 54, 65, 68, 87, 89, 90 
 ],
[ 1, 5, 6, 11, 12, 20, 22, 26, 29, 30, 39, 41, 43, 47, 54, 72, 74, 85, 87, 90 
 ],
[ 1, 5, 6, 11, 12, 20, 22, 26, 27, 29, 39, 43, 45, 47, 49, 58, 64, 66, 69, 75 
 ],
[ 1, 5, 6, 11, 12, 20, 22, 26, 27, 29, 37, 39, 44, 47, 58, 69, 74, 86, 89, 90 
 ],
[ 1, 5, 6, 11, 12, 19, 20, 22, 26, 29, 30, 47, 49, 54, 65, 67, 69, 75, 89, 95 
 ],
[ 1, 5, 6, 11, 12, 16, 19, 20, 22, 26, 29, 41, 47, 50, 57, 65, 72, 76, 78, 95 
 ]
];

