## Group: [96, 94]
## Difference Sets: 84
## Time:  8:54:25.820

return [
[ 1, 5, 6, 11, 20, 22, 29, 40, 41, 44, 48, 50, 52, 59, 61, 66, 80, 85, 89, 92 
 ],
[ 1, 5, 6, 11, 20, 22, 29, 32, 40, 41, 44, 45, 48, 51, 52, 54, 65, 74, 81, 87 
 ],
[ 1, 5, 6, 11, 20, 22, 26, 40, 44, 45, 48, 56, 61, 65, 68, 74, 80, 83, 91, 95 
 ],
[ 1, 5, 6, 11, 20, 22, 26, 40, 44, 45, 48, 55, 56, 59, 65, 68, 74, 84, 95, 96 
 ],
[ 1, 5, 6, 11, 20, 22, 26, 40, 44, 45, 47, 56, 61, 65, 69, 74, 80, 82, 92, 95 
 ],
[ 1, 5, 6, 11, 20, 22, 26, 40, 44, 45, 47, 55, 56, 65, 69, 74, 77, 84, 94, 95 
 ],
[ 1, 5, 6, 11, 20, 22, 26, 40, 44, 45, 47, 50, 56, 62, 69, 77, 79, 83, 85, 87 
 ],
[ 1, 5, 6, 11, 20, 22, 26, 40, 41, 44, 56, 61, 65, 72, 73, 74, 80, 82, 86, 92 
 ],
[ 1, 5, 6, 11, 20, 22, 26, 40, 41, 44, 55, 56, 65, 72, 73, 74, 77, 84, 86, 94 
 ],
[ 1, 5, 6, 11, 20, 22, 26, 40, 41, 44, 50, 56, 62, 66, 72, 73, 77, 79, 83, 85 
 ],
[ 1, 5, 6, 11, 20, 22, 26, 37, 40, 44, 48, 49, 55, 56, 59, 61, 72, 86, 88, 96 
 ],
[ 1, 5, 6, 11, 20, 22, 26, 34, 40, 44, 45, 47, 50, 56, 59, 69, 85, 87, 92, 93 
 ],
[ 1, 5, 6, 11, 20, 22, 26, 34, 40, 41, 44, 50, 56, 59, 66, 72, 73, 85, 92, 93 
 ],
[ 1, 5, 6, 11, 20, 22, 26, 33, 40, 44, 45, 48, 53, 56, 57, 65, 68, 74, 76, 95 
 ],
[ 1, 5, 6, 11, 20, 22, 26, 33, 40, 44, 45, 47, 53, 56, 58, 65, 69, 74, 75, 95 
 ],
[ 1, 5, 6, 11, 20, 22, 26, 33, 40, 41, 44, 53, 56, 58, 65, 72, 73, 74, 75, 86 
 ],
[ 1, 5, 6, 11, 20, 22, 26, 33, 37, 40, 41, 44, 45, 47, 49, 56, 58, 75, 78, 95 
 ],
[ 1, 5, 6, 11, 20, 22, 26, 32, 40, 44, 45, 48, 50, 51, 54, 56, 58, 68, 85, 87 
 ],
[ 1, 5, 6, 11, 20, 22, 26, 32, 40, 44, 45, 47, 50, 54, 56, 57, 69, 85, 87, 90 
 ],
[ 1, 5, 6, 11, 20, 22, 26, 32, 40, 41, 44, 50, 54, 56, 57, 66, 72, 73, 85, 90 
 ],
[ 1, 5, 6, 11, 20, 22, 26, 32, 37, 40, 44, 45, 48, 49, 51, 53, 56, 58, 69, 87 
 ],
[ 1, 5, 6, 11, 20, 22, 26, 30, 32, 40, 41, 44, 48, 56, 65, 66, 72, 74, 76, 78 
 ],
[ 1, 5, 6, 11, 20, 22, 26, 29, 44, 45, 47, 55, 62, 65, 67, 69, 74, 77, 87, 94 
 ],
[ 1, 5, 6, 11, 20, 22, 26, 29, 37, 41, 44, 45, 47, 49, 58, 60, 67, 75, 78, 87 
 ],
[ 1, 5, 6, 11, 20, 22, 26, 29, 34, 41, 44, 65, 66, 67, 72, 73, 74, 80, 82, 92 
 ],
[ 1, 5, 6, 11, 20, 22, 26, 29, 30, 32, 37, 44, 49, 53, 66, 67, 69, 72, 73, 90 
 ],
[ 1, 5, 6, 11, 20, 22, 26, 28, 30, 32, 37, 40, 44, 45, 48, 53, 69, 74, 76, 87 
 ],
[ 1, 5, 6, 11, 20, 22, 26, 27, 40, 44, 45, 47, 50, 56, 60, 69, 75, 81, 85, 87 
 ],
[ 1, 5, 6, 11, 20, 22, 26, 27, 40, 41, 44, 50, 56, 60, 66, 72, 73, 75, 81, 85 
 ],
[ 1, 5, 6, 11, 20, 22, 26, 27, 30, 40, 44, 45, 48, 50, 56, 60, 68, 76, 85, 87 
 ],
[ 1, 5, 6, 11, 20, 22, 26, 27, 29, 33, 40, 45, 47, 50, 51, 58, 70, 85, 87, 88 
 ],
[ 1, 5, 6, 11, 20, 22, 26, 27, 29, 33, 37, 39, 41, 45, 47, 50, 51, 58, 70, 86 
 ],
[ 1, 5, 6, 11, 20, 22, 26, 27, 29, 30, 33, 44, 47, 50, 66, 67, 69, 76, 85, 89 
 ],
[ 1, 5, 6, 11, 20, 22, 24, 26, 40, 41, 44, 45, 47, 56, 62, 64, 77, 83, 87, 93 
 ],
[ 1, 5, 6, 11, 20, 22, 24, 26, 34, 40, 44, 56, 59, 64, 66, 69, 72, 73, 79, 92 
 ],
[ 1, 5, 6, 11, 20, 22, 24, 26, 29, 30, 33, 40, 47, 54, 64, 66, 68, 70, 72, 76 
 ],
[ 1, 5, 6, 11, 20, 22, 24, 26, 29, 30, 33, 40, 43, 45, 47, 54, 68, 76, 85, 87 
 ],
[ 1, 5, 6, 11, 20, 22, 24, 26, 28, 33, 37, 39, 44, 45, 48, 53, 69, 75, 81, 86 
 ],
[ 1, 5, 6, 11, 20, 22, 24, 26, 27, 30, 32, 40, 44, 48, 56, 64, 66, 72, 76, 88 
 ],
[ 1, 5, 6, 11, 20, 22, 24, 25, 27, 30, 32, 40, 41, 44, 48, 56, 65, 66, 72, 75 
 ],
[ 1, 5, 6, 11, 20, 22, 23, 29, 40, 44, 50, 52, 55, 69, 71, 77, 83, 84, 85, 87 
 ],
[ 1, 5, 6, 11, 20, 22, 23, 27, 29, 40, 44, 52, 57, 60, 65, 66, 69, 72, 74, 76 
 ],
[ 1, 5, 6, 11, 20, 22, 23, 26, 40, 44, 56, 61, 65, 72, 74, 80, 83, 86, 88, 91 
 ],
[ 1, 5, 6, 11, 20, 22, 23, 26, 40, 44, 55, 56, 59, 65, 72, 74, 84, 86, 88, 96 
 ],
[ 1, 5, 6, 11, 20, 22, 23, 26, 40, 44, 45, 51, 53, 56, 58, 60, 65, 69, 74, 87 
 ],
[ 1, 5, 6, 11, 20, 22, 23, 26, 37, 40, 44, 45, 49, 56, 68, 80, 83, 84, 91, 95 
 ],
[ 1, 5, 6, 11, 20, 22, 23, 26, 33, 44, 50, 53, 56, 57, 65, 67, 69, 72, 86, 90 
 ],
[ 1, 5, 6, 11, 20, 22, 23, 26, 33, 40, 44, 53, 56, 57, 65, 72, 74, 76, 86, 88 
 ],
[ 1, 5, 6, 11, 20, 22, 23, 26, 32, 40, 44, 50, 51, 54, 56, 58, 66, 72, 85, 88 
 ],
[ 1, 5, 6, 11, 20, 22, 23, 26, 30, 37, 40, 41, 44, 49, 56, 60, 66, 72, 76, 78 
 ],
[ 1, 5, 6, 11, 20, 22, 23, 26, 28, 37, 40, 41, 44, 51, 58, 60, 66, 72, 74, 78 
 ],
[ 1, 5, 6, 11, 20, 22, 23, 26, 27, 30, 40, 44, 50, 56, 60, 66, 72, 76, 85, 88 
 ],
[ 1, 5, 6, 11, 20, 22, 23, 24, 29, 33, 40, 41, 44, 52, 64, 71, 75, 78, 81, 87 
 ],
[ 1, 5, 6, 11, 20, 22, 23, 24, 26, 40, 44, 45, 51, 54, 56, 58, 60, 64, 68, 87 
 ],
[ 1, 5, 6, 11, 20, 22, 23, 24, 26, 28, 33, 37, 39, 41, 44, 53, 72, 75, 81, 95 
 ],
[ 1, 5, 6, 11, 20, 22, 23, 24, 25, 40, 44, 45, 54, 56, 58, 60, 65, 69, 87, 90 
 ],
[ 1, 5, 6, 11, 19, 20, 22, 26, 29, 39, 41, 45, 47, 55, 62, 65, 66, 74, 82, 92 
 ],
[ 1, 5, 6, 11, 19, 20, 22, 26, 29, 34, 39, 65, 69, 72, 73, 74, 77, 80, 87, 94 
 ],
[ 1, 5, 6, 11, 19, 20, 22, 24, 25, 29, 40, 41, 48, 55, 61, 64, 66, 83, 89, 92 
 ],
[ 1, 5, 6, 11, 19, 20, 22, 23, 24, 25, 29, 40, 59, 64, 69, 71, 77, 80, 84, 87 
 ],
[ 1, 5, 6, 11, 16, 20, 22, 26, 37, 44, 56, 61, 69, 72, 73, 74, 80, 82, 92, 95 
 ],
[ 1, 5, 6, 11, 16, 20, 22, 26, 37, 41, 44, 45, 47, 55, 56, 74, 77, 84, 86, 94 
 ],
[ 1, 5, 6, 11, 16, 20, 22, 26, 32, 44, 50, 54, 56, 57, 64, 69, 72, 73, 87, 90 
 ],
[ 1, 5, 6, 11, 16, 20, 22, 26, 28, 30, 32, 37, 44, 45, 48, 49, 66, 69, 76, 78 
 ],
[ 1, 5, 6, 11, 16, 20, 22, 26, 27, 41, 44, 45, 47, 50, 56, 60, 64, 66, 75, 81 
 ],
[ 1, 5, 6, 11, 16, 20, 22, 26, 27, 29, 30, 33, 43, 45, 47, 50, 66, 68, 76, 85 
 ],
[ 1, 5, 6, 11, 16, 20, 22, 23, 26, 28, 37, 41, 44, 49, 51, 53, 58, 60, 72, 87 
 ],
[ 1, 5, 6, 11, 16, 20, 22, 23, 26, 28, 33, 37, 44, 49, 51, 53, 68, 72, 81, 95 
 ],
[ 1, 5, 6, 11, 12, 20, 22, 26, 41, 44, 45, 48, 50, 56, 65, 67, 75, 78, 81, 95 
 ],
[ 1, 5, 6, 11, 12, 20, 22, 26, 40, 44, 45, 48, 51, 56, 65, 68, 74, 78, 81, 95 
 ],
[ 1, 5, 6, 11, 12, 20, 22, 26, 30, 40, 44, 45, 47, 56, 65, 69, 74, 78, 90, 95 
 ],
[ 1, 5, 6, 11, 12, 20, 22, 26, 30, 40, 41, 44, 56, 65, 72, 73, 74, 78, 86, 90 
 ],
[ 1, 5, 6, 11, 12, 20, 22, 26, 30, 37, 40, 44, 49, 53, 56, 69, 72, 73, 86, 90 
 ],
[ 1, 5, 6, 11, 12, 20, 22, 26, 29, 41, 44, 50, 51, 54, 58, 67, 71, 73, 85, 87 
 ],
[ 1, 5, 6, 11, 12, 20, 22, 26, 29, 30, 40, 50, 54, 66, 68, 70, 72, 73, 76, 85 
 ],
[ 1, 5, 6, 11, 12, 20, 22, 26, 29, 30, 37, 39, 50, 54, 69, 70, 72, 73, 76, 95 
 ],
[ 1, 5, 6, 11, 12, 20, 22, 24, 29, 40, 44, 48, 52, 53, 57, 64, 66, 69, 89, 90 
 ],
[ 1, 5, 6, 11, 12, 20, 22, 24, 26, 28, 37, 39, 44, 45, 48, 57, 69, 78, 86, 90 
 ],
[ 1, 5, 6, 11, 12, 20, 22, 24, 26, 27, 29, 40, 45, 51, 58, 64, 70, 73, 87, 88 
 ],
[ 1, 5, 6, 11, 12, 20, 22, 24, 26, 27, 29, 40, 43, 51, 58, 66, 72, 73, 85, 88 
 ],
[ 1, 5, 6, 11, 12, 20, 22, 23, 26, 40, 44, 51, 56, 65, 72, 74, 78, 81, 86, 88 
 ],
[ 1, 5, 6, 11, 12, 20, 22, 23, 24, 26, 28, 37, 39, 41, 44, 57, 72, 78, 90, 95 
 ],
[ 1, 5, 6, 11, 12, 16, 20, 22, 26, 29, 43, 50, 51, 54, 58, 72, 73, 85, 87, 88 
 ],
[ 1, 5, 6, 11, 12, 16, 20, 22, 26, 28, 37, 44, 45, 48, 49, 57, 76, 78, 86, 88 
 ]
];

