## Group: [96, 96]
## Difference Sets: 120
## Time:  5:21:12.142

return [
[ 1, 5, 6, 11, 20, 22, 29, 40, 41, 44, 48, 50, 52, 59, 61, 66, 80, 85, 89, 92 
 ],
[ 1, 5, 6, 11, 20, 22, 29, 32, 40, 41, 44, 48, 50, 52, 54, 57, 72, 85, 86, 90 
 ],
[ 1, 5, 6, 11, 20, 22, 29, 30, 32, 37, 40, 44, 49, 52, 54, 68, 72, 73, 75, 87 
 ],
[ 1, 5, 6, 11, 20, 22, 27, 40, 41, 44, 48, 49, 52, 56, 58, 60, 64, 72, 76, 95 
 ],
[ 1, 5, 6, 11, 20, 22, 27, 29, 37, 40, 44, 45, 47, 49, 52, 58, 60, 66, 88, 90 
 ],
[ 1, 5, 6, 11, 20, 22, 26, 40, 41, 44, 56, 62, 65, 72, 73, 74, 79, 83, 86, 91 
 ],
[ 1, 5, 6, 11, 20, 22, 26, 37, 40, 41, 44, 49, 56, 62, 72, 73, 79, 83, 95, 96 
 ],
[ 1, 5, 6, 11, 20, 22, 26, 34, 40, 44, 45, 47, 56, 59, 65, 69, 74, 93, 95, 96 
 ],
[ 1, 5, 6, 11, 20, 22, 26, 34, 37, 40, 44, 45, 47, 49, 56, 59, 69, 86, 91, 93 
 ],
[ 1, 5, 6, 11, 20, 22, 26, 29, 44, 45, 47, 55, 62, 65, 67, 69, 74, 77, 87, 94 
 ],
[ 1, 5, 6, 11, 20, 22, 26, 29, 44, 45, 47, 53, 58, 60, 65, 67, 69, 74, 75, 87 
 ],
[ 1, 5, 6, 11, 20, 22, 26, 29, 40, 48, 50, 55, 68, 70, 72, 83, 84, 85, 86, 91 
 ],
[ 1, 5, 6, 11, 20, 22, 26, 29, 40, 43, 48, 50, 55, 59, 64, 68, 72, 84, 86, 96 
 ],
[ 1, 5, 6, 11, 20, 22, 26, 29, 40, 43, 45, 48, 50, 59, 61, 64, 68, 80, 95, 96 
 ],
[ 1, 5, 6, 11, 20, 22, 26, 29, 40, 41, 44, 48, 50, 51, 53, 58, 60, 65, 86, 89 
 ],
[ 1, 5, 6, 11, 20, 22, 26, 29, 39, 41, 44, 45, 47, 49, 55, 62, 65, 87, 92, 94 
 ],
[ 1, 5, 6, 11, 20, 22, 26, 29, 39, 41, 44, 45, 47, 49, 53, 58, 60, 65, 87, 90 
 ],
[ 1, 5, 6, 11, 20, 22, 26, 29, 37, 39, 41, 44, 45, 62, 73, 74, 77, 80, 82, 87 
 ],
[ 1, 5, 6, 11, 20, 22, 26, 29, 34, 41, 44, 65, 66, 67, 72, 73, 74, 80, 82, 92 
 ],
[ 1, 5, 6, 11, 20, 22, 26, 29, 34, 39, 44, 49, 65, 66, 69, 72, 73, 77, 80, 82 
 ],
[ 1, 5, 6, 11, 20, 22, 26, 29, 34, 37, 39, 44, 47, 55, 66, 69, 72, 74, 92, 94 
 ],
[ 1, 5, 6, 11, 20, 22, 26, 29, 33, 40, 41, 44, 50, 51, 53, 65, 72, 73, 81, 86 
 ],
[ 1, 5, 6, 11, 20, 22, 26, 29, 30, 33, 39, 41, 44, 49, 54, 65, 71, 73, 86, 90 
 ],
[ 1, 5, 6, 11, 20, 22, 26, 29, 30, 33, 39, 41, 43, 54, 66, 72, 73, 74, 75, 85 
 ],
[ 1, 5, 6, 11, 20, 22, 26, 29, 30, 32, 41, 44, 65, 66, 67, 72, 73, 74, 78, 90 
 ],
[ 1, 5, 6, 11, 20, 22, 26, 29, 30, 32, 39, 44, 49, 65, 66, 69, 72, 73, 75, 78 
 ],
[ 1, 5, 6, 11, 20, 22, 26, 28, 40, 44, 45, 47, 49, 59, 62, 65, 69, 79, 95, 96 
 ],
[ 1, 5, 6, 11, 20, 22, 26, 28, 40, 41, 44, 45, 49, 62, 65, 73, 79, 83, 91, 95 
 ],
[ 1, 5, 6, 11, 20, 22, 26, 28, 34, 40, 44, 47, 49, 59, 65, 69, 72, 86, 93, 96 
 ],
[ 1, 5, 6, 11, 20, 22, 26, 28, 34, 40, 41, 44, 49, 65, 72, 73, 83, 86, 91, 93 
 ],
[ 1, 5, 6, 11, 20, 22, 26, 27, 29, 40, 44, 48, 50, 58, 60, 65, 66, 68, 75, 89 
 ],
[ 1, 5, 6, 11, 20, 22, 26, 27, 29, 33, 44, 47, 58, 65, 67, 69, 71, 74, 75, 95 
 ],
[ 1, 5, 6, 11, 20, 22, 26, 27, 29, 33, 41, 49, 58, 64, 67, 70, 72, 73, 87, 90 
 ],
[ 1, 5, 6, 11, 20, 22, 26, 27, 29, 33, 40, 44, 50, 65, 66, 68, 72, 73, 75, 81 
 ],
[ 1, 5, 6, 11, 20, 22, 26, 27, 29, 33, 39, 41, 45, 47, 49, 58, 70, 85, 87, 90 
 ],
[ 1, 5, 6, 11, 20, 22, 26, 27, 29, 33, 37, 39, 44, 58, 69, 73, 74, 75, 89, 95 
 ],
[ 1, 5, 6, 11, 20, 22, 25, 29, 40, 44, 45, 47, 49, 54, 58, 60, 65, 87, 88, 90 
 ],
[ 1, 5, 6, 11, 20, 22, 25, 29, 40, 41, 44, 48, 50, 55, 59, 61, 64, 87, 89, 92 
 ],
[ 1, 5, 6, 11, 20, 22, 25, 27, 30, 32, 40, 41, 44, 48, 56, 64, 72, 74, 76, 95 
 ],
[ 1, 5, 6, 11, 20, 22, 25, 27, 29, 40, 44, 45, 48, 50, 57, 60, 64, 69, 75, 95 
 ],
[ 1, 5, 6, 11, 20, 22, 25, 27, 29, 30, 32, 40, 44, 49, 65, 66, 68, 72, 73, 75 
 ],
[ 1, 5, 6, 11, 20, 22, 25, 27, 28, 40, 44, 45, 48, 51, 58, 60, 69, 74, 85, 86 
 ],
[ 1, 5, 6, 11, 20, 22, 24, 26, 29, 40, 48, 55, 64, 68, 70, 72, 83, 84, 95, 96 
 ],
[ 1, 5, 6, 11, 20, 22, 24, 26, 29, 33, 37, 40, 41, 44, 53, 72, 73, 76, 81, 95 
 ],
[ 1, 5, 6, 11, 20, 22, 24, 26, 27, 29, 37, 40, 44, 48, 58, 60, 68, 87, 89, 90 
 ],
[ 1, 5, 6, 11, 20, 22, 24, 25, 29, 40, 44, 48, 55, 59, 66, 69, 71, 84, 85, 92 
 ],
[ 1, 5, 6, 11, 20, 22, 24, 25, 29, 40, 41, 44, 48, 54, 60, 72, 81, 85, 86, 90 
 ],
[ 1, 5, 6, 11, 20, 22, 23, 30, 32, 40, 44, 45, 49, 51, 52, 54, 56, 64, 69, 86 
 ],
[ 1, 5, 6, 11, 20, 22, 23, 29, 40, 44, 50, 52, 55, 69, 71, 77, 83, 84, 85, 87 
 ],
[ 1, 5, 6, 11, 20, 22, 23, 29, 33, 40, 44, 50, 52, 53, 69, 71, 75, 81, 85, 87 
 ],
[ 1, 5, 6, 11, 20, 22, 23, 29, 33, 37, 40, 44, 49, 52, 53, 69, 71, 76, 81, 86 
 ],
[ 1, 5, 6, 11, 20, 22, 23, 27, 29, 40, 44, 45, 50, 52, 60, 69, 75, 81, 85, 95 
 ],
[ 1, 5, 6, 11, 20, 22, 23, 26, 29, 40, 45, 50, 59, 61, 70, 80, 85, 88, 95, 96 
 ],
[ 1, 5, 6, 11, 20, 22, 23, 26, 29, 40, 43, 50, 55, 64, 72, 83, 84, 86, 88, 91 
 ],
[ 1, 5, 6, 11, 20, 22, 23, 26, 29, 40, 43, 45, 50, 61, 64, 80, 83, 88, 91, 95 
 ],
[ 1, 5, 6, 11, 20, 22, 23, 26, 29, 30, 32, 40, 44, 50, 65, 69, 71, 76, 78, 95 
 ],
[ 1, 5, 6, 11, 20, 22, 23, 26, 29, 30, 32, 40, 44, 50, 54, 65, 71, 87, 88, 90 
 ],
[ 1, 5, 6, 11, 20, 22, 23, 25, 40, 44, 45, 51, 54, 56, 58, 60, 64, 69, 74, 86 
 ],
[ 1, 5, 6, 11, 20, 22, 23, 25, 29, 40, 44, 50, 64, 66, 69, 71, 77, 80, 83, 84 
 ],
[ 1, 5, 6, 11, 20, 22, 23, 25, 29, 33, 40, 44, 50, 64, 66, 69, 71, 75, 78, 81 
 ],
[ 1, 5, 6, 11, 20, 22, 23, 25, 29, 33, 40, 44, 49, 65, 69, 71, 76, 78, 81, 95 
 ],
[ 1, 5, 6, 11, 20, 22, 23, 25, 29, 32, 40, 41, 44, 50, 54, 64, 72, 81, 86, 90 
 ],
[ 1, 5, 6, 11, 20, 22, 23, 25, 28, 30, 32, 40, 41, 44, 54, 72, 74, 76, 85, 95 
 ],
[ 1, 5, 6, 11, 20, 22, 23, 24, 26, 29, 40, 45, 59, 61, 64, 70, 80, 86, 88, 91 
 ],
[ 1, 5, 6, 11, 20, 22, 23, 24, 26, 29, 30, 32, 37, 40, 44, 54, 66, 71, 75, 88 
 ],
[ 1, 5, 6, 11, 20, 22, 23, 24, 25, 29, 40, 41, 44, 61, 77, 80, 83, 85, 87, 89 
 ],
[ 1, 5, 6, 11, 20, 22, 23, 24, 25, 27, 29, 32, 40, 44, 45, 57, 69, 75, 85, 95 
 ],
[ 1, 5, 6, 11, 19, 20, 22, 26, 29, 37, 39, 41, 49, 62, 72, 73, 80, 82, 87, 92 
 ],
[ 1, 5, 6, 11, 19, 20, 22, 26, 29, 34, 37, 39, 45, 47, 49, 55, 66, 69, 77, 94 
 ],
[ 1, 5, 6, 11, 19, 20, 22, 25, 29, 40, 48, 50, 55, 59, 66, 69, 77, 84, 85, 89 
 ],
[ 1, 5, 6, 11, 19, 20, 22, 24, 26, 29, 33, 40, 47, 53, 65, 69, 72, 76, 81, 95 
 ],
[ 1, 5, 6, 11, 19, 20, 22, 24, 26, 29, 33, 40, 41, 51, 53, 57, 65, 72, 73, 95 
 ],
[ 1, 5, 6, 11, 19, 20, 22, 24, 26, 29, 30, 32, 40, 48, 54, 65, 66, 68, 71, 75 
 ],
[ 1, 5, 6, 11, 19, 20, 22, 24, 26, 29, 30, 32, 40, 41, 48, 51, 65, 71, 78, 86 
 ],
[ 1, 5, 6, 11, 19, 20, 22, 24, 26, 27, 29, 33, 40, 47, 65, 72, 81, 87, 88, 90 
 ],
[ 1, 5, 6, 11, 19, 20, 22, 24, 26, 27, 29, 30, 40, 48, 60, 65, 68, 75, 87, 89 
 ],
[ 1, 5, 6, 11, 19, 20, 22, 23, 25, 29, 40, 41, 50, 61, 71, 80, 83, 85, 87, 92 
 ],
[ 1, 5, 6, 11, 19, 20, 22, 23, 24, 26, 29, 40, 53, 58, 60, 65, 69, 76, 89, 95 
 ],
[ 1, 5, 6, 11, 19, 20, 22, 23, 24, 26, 29, 32, 40, 54, 58, 65, 66, 71, 88, 90 
 ],
[ 1, 5, 6, 11, 19, 20, 22, 23, 24, 26, 27, 29, 40, 58, 60, 65, 87, 88, 89, 90 
 ],
[ 1, 5, 6, 11, 16, 20, 22, 26, 28, 41, 44, 45, 62, 65, 73, 74, 83, 86, 91, 93 
 ],
[ 1, 5, 6, 11, 16, 20, 22, 26, 28, 34, 44, 47, 59, 65, 69, 72, 74, 79, 95, 96 
 ],
[ 1, 5, 6, 11, 16, 20, 22, 24, 26, 29, 44, 48, 53, 58, 60, 65, 69, 76, 86, 89 
 ],
[ 1, 5, 6, 11, 16, 20, 22, 24, 26, 29, 43, 48, 59, 64, 68, 72, 80, 84, 95, 96 
 ],
[ 1, 5, 6, 11, 16, 20, 22, 24, 26, 29, 33, 44, 45, 54, 57, 65, 66, 68, 73, 90 
 ],
[ 1, 5, 6, 11, 16, 20, 22, 24, 26, 29, 30, 41, 44, 48, 60, 65, 71, 76, 78, 86 
 ],
[ 1, 5, 6, 11, 16, 20, 22, 24, 26, 27, 29, 33, 44, 65, 66, 72, 73, 81, 88, 90 
 ],
[ 1, 5, 6, 11, 16, 20, 22, 23, 24, 26, 29, 43, 45, 55, 61, 64, 83, 86, 88, 91 
 ],
[ 1, 5, 6, 11, 16, 20, 22, 23, 24, 26, 29, 32, 44, 51, 53, 58, 65, 69, 89, 95 
 ],
[ 1, 5, 6, 11, 16, 20, 22, 23, 24, 26, 29, 30, 32, 41, 44, 51, 65, 71, 78, 95 
 ],
[ 1, 5, 6, 11, 16, 19, 20, 22, 26, 29, 33, 50, 54, 57, 65, 66, 68, 72, 73, 75 
 ],
[ 1, 5, 6, 11, 16, 19, 20, 22, 26, 29, 33, 41, 50, 51, 57, 65, 72, 73, 78, 86 
 ],
[ 1, 5, 6, 11, 16, 19, 20, 22, 26, 29, 30, 48, 50, 54, 60, 65, 66, 68, 75, 89 
 ],
[ 1, 5, 6, 11, 16, 19, 20, 22, 26, 29, 30, 41, 48, 50, 51, 60, 65, 78, 86, 89 
 ],
[ 1, 5, 6, 11, 16, 19, 20, 22, 26, 29, 30, 32, 48, 50, 65, 69, 71, 76, 78, 86 
 ],
[ 1, 5, 6, 11, 16, 19, 20, 22, 26, 27, 29, 33, 47, 50, 65, 68, 72, 75, 81, 87 
 ],
[ 1, 5, 6, 11, 16, 19, 20, 22, 23, 26, 29, 41, 50, 51, 53, 58, 60, 65, 89, 95 
 ],
[ 1, 5, 6, 11, 16, 19, 20, 22, 23, 26, 29, 32, 50, 53, 58, 65, 69, 71, 76, 95 
 ],
[ 1, 5, 6, 11, 16, 19, 20, 22, 23, 26, 27, 29, 32, 50, 58, 65, 71, 87, 88, 90 
 ],
[ 1, 5, 6, 11, 12, 20, 22, 29, 40, 41, 44, 48, 50, 52, 57, 66, 78, 85, 89, 90 
 ],
[ 1, 5, 6, 11, 12, 20, 22, 29, 37, 40, 41, 44, 48, 49, 51, 52, 57, 78, 89, 95 
 ],
[ 1, 5, 6, 11, 12, 20, 22, 26, 29, 40, 44, 45, 47, 50, 57, 65, 69, 76, 78, 95 
 ],
[ 1, 5, 6, 11, 12, 20, 22, 26, 29, 40, 44, 45, 47, 50, 54, 57, 65, 87, 88, 90 
 ],
[ 1, 5, 6, 11, 12, 20, 22, 26, 29, 30, 45, 47, 49, 54, 64, 66, 67, 69, 70, 75 
 ],
[ 1, 5, 6, 11, 12, 20, 22, 26, 29, 30, 41, 44, 54, 65, 67, 73, 74, 86, 89, 90 
 ],
[ 1, 5, 6, 11, 12, 20, 22, 26, 29, 30, 39, 49, 54, 66, 69, 70, 72, 73, 75, 85 
 ],
[ 1, 5, 6, 11, 12, 20, 22, 26, 29, 30, 37, 39, 41, 44, 47, 54, 71, 74, 86, 90 
 ],
[ 1, 5, 6, 11, 12, 20, 22, 26, 27, 29, 39, 44, 47, 49, 58, 65, 69, 75, 89, 95 
 ],
[ 1, 5, 6, 11, 12, 20, 22, 26, 27, 29, 39, 43, 45, 47, 58, 69, 74, 85, 87, 90 
 ],
[ 1, 5, 6, 11, 12, 20, 22, 25, 29, 40, 41, 44, 48, 50, 53, 57, 64, 87, 89, 90 
 ],
[ 1, 5, 6, 11, 12, 20, 22, 25, 29, 40, 41, 44, 48, 49, 51, 53, 57, 65, 86, 89 
 ],
[ 1, 5, 6, 11, 12, 20, 22, 24, 26, 29, 37, 40, 44, 45, 47, 51, 57, 69, 78, 86 
 ],
[ 1, 5, 6, 11, 12, 19, 20, 22, 24, 26, 29, 40, 45, 54, 57, 65, 66, 68, 73, 75 
 ],
[ 1, 5, 6, 11, 12, 19, 20, 22, 24, 26, 29, 40, 45, 47, 65, 69, 76, 78, 81, 86 
 ],
[ 1, 5, 6, 11, 12, 19, 20, 22, 24, 26, 29, 40, 41, 45, 51, 57, 65, 73, 78, 86 
 ],
[ 1, 5, 6, 11, 12, 16, 20, 22, 24, 26, 29, 44, 45, 47, 54, 57, 65, 68, 75, 87 
 ],
[ 1, 5, 6, 11, 12, 16, 20, 22, 24, 26, 27, 29, 44, 47, 65, 72, 75, 81, 87, 88 
 ],
[ 1, 5, 6, 11, 12, 16, 19, 20, 22, 26, 29, 45, 50, 54, 57, 65, 66, 73, 88, 90 
 ],
[ 1, 5, 6, 11, 12, 16, 19, 20, 22, 26, 29, 45, 47, 50, 53, 65, 69, 76, 81, 95 
 ],
[ 1, 5, 6, 11, 12, 16, 19, 20, 22, 26, 27, 29, 45, 47, 50, 65, 81, 87, 88, 90 
 ]
];

