## Group: [96, 92]
## Difference Sets: 40
## Time:  5:10:12.529

return [
[ 1, 5, 6, 11, 20, 22, 30, 32, 40, 41, 44, 48, 49, 51, 52, 54, 56, 64, 72, 95 
 ],
[ 1, 5, 6, 11, 20, 22, 26, 27, 29, 33, 45, 47, 49, 58, 64, 66, 67, 69, 70, 90 
 ],
[ 1, 5, 6, 11, 20, 22, 26, 27, 29, 30, 33, 39, 45, 64, 66, 69, 70, 73, 74, 90 
 ],
[ 1, 5, 6, 11, 20, 22, 26, 27, 29, 30, 33, 39, 44, 49, 65, 69, 71, 73, 75, 95 
 ],
[ 1, 5, 6, 11, 20, 22, 25, 30, 40, 41, 44, 45, 48, 49, 51, 54, 56, 60, 85, 95 
 ],
[ 1, 5, 6, 11, 20, 22, 25, 29, 40, 41, 44, 45, 48, 50, 54, 57, 60, 64, 86, 90 
 ],
[ 1, 5, 6, 11, 20, 22, 23, 27, 40, 44, 45, 49, 52, 56, 58, 60, 64, 69, 76, 86 
 ],
[ 1, 5, 6, 11, 20, 22, 23, 25, 27, 32, 40, 44, 49, 56, 58, 69, 72, 76, 85, 86 
 ],
[ 1, 5, 6, 11, 20, 22, 23, 25, 27, 29, 32, 40, 44, 50, 64, 69, 72, 75, 81, 95 
 ],
[ 1, 5, 6, 11, 19, 20, 22, 29, 33, 40, 41, 48, 50, 52, 53, 57, 64, 66, 89, 90 
 ],
[ 1, 5, 6, 11, 19, 20, 22, 29, 33, 40, 41, 48, 49, 51, 52, 53, 57, 65, 89, 95 
 ],
[ 1, 5, 6, 11, 19, 20, 22, 29, 33, 37, 40, 41, 48, 52, 53, 57, 74, 76, 86, 89 
 ],
[ 1, 5, 6, 11, 19, 20, 22, 29, 32, 40, 45, 47, 49, 52, 54, 58, 65, 66, 88, 90 
 ],
[ 1, 5, 6, 11, 19, 20, 22, 29, 32, 40, 41, 45, 48, 50, 52, 54, 57, 64, 90, 95 
 ],
[ 1, 5, 6, 11, 19, 20, 22, 29, 32, 37, 40, 45, 47, 52, 54, 58, 74, 75, 87, 88 
 ],
[ 1, 5, 6, 11, 19, 20, 22, 27, 29, 30, 40, 49, 52, 60, 65, 68, 72, 73, 75, 87 
 ],
[ 1, 5, 6, 11, 19, 20, 22, 27, 29, 30, 37, 40, 52, 60, 66, 68, 72, 73, 74, 90 
 ],
[ 1, 5, 6, 11, 19, 20, 22, 26, 29, 39, 41, 45, 47, 55, 62, 65, 66, 74, 82, 92 
 ],
[ 1, 5, 6, 11, 19, 20, 22, 26, 29, 37, 39, 41, 45, 47, 49, 55, 62, 77, 82, 87 
 ],
[ 1, 5, 6, 11, 19, 20, 22, 26, 29, 34, 39, 65, 69, 72, 73, 74, 77, 80, 87, 94 
 ],
[ 1, 5, 6, 11, 19, 20, 22, 26, 29, 34, 37, 39, 49, 66, 69, 72, 73, 80, 92, 94 
 ],
[ 1, 5, 6, 11, 19, 20, 22, 26, 29, 32, 45, 47, 49, 58, 65, 66, 67, 69, 78, 90 
 ],
[ 1, 5, 6, 11, 19, 20, 22, 26, 29, 32, 37, 45, 47, 58, 67, 69, 74, 75, 78, 87 
 ],
[ 1, 5, 6, 11, 19, 20, 22, 26, 29, 30, 41, 49, 53, 60, 65, 67, 72, 73, 75, 87 
 ],
[ 1, 5, 6, 11, 19, 20, 22, 26, 29, 30, 37, 41, 53, 60, 66, 67, 72, 73, 74, 90 
 ],
[ 1, 5, 6, 11, 19, 20, 22, 26, 27, 29, 33, 37, 47, 58, 67, 69, 74, 75, 86, 89 
 ],
[ 1, 5, 6, 11, 19, 20, 22, 25, 29, 40, 41, 48, 50, 55, 61, 77, 83, 85, 87, 89 
 ],
[ 1, 5, 6, 11, 19, 20, 22, 24, 29, 33, 40, 41, 48, 52, 53, 57, 75, 85, 87, 89 
 ],
[ 1, 5, 6, 11, 19, 20, 22, 24, 25, 29, 40, 41, 48, 55, 61, 64, 66, 83, 89, 92 
 ],
[ 1, 5, 6, 11, 19, 20, 22, 23, 27, 29, 40, 50, 52, 60, 64, 69, 72, 75, 81, 86 
 ],
[ 1, 5, 6, 11, 19, 20, 22, 23, 25, 29, 40, 50, 59, 66, 69, 71, 80, 84, 85, 92 
 ],
[ 1, 5, 6, 11, 19, 20, 22, 23, 24, 25, 29, 40, 59, 64, 69, 71, 77, 80, 84, 87 
 ],
[ 1, 5, 6, 11, 12, 20, 22, 26, 29, 39, 41, 47, 54, 58, 64, 70, 72, 74, 75, 87 
 ],
[ 1, 5, 6, 11, 12, 20, 22, 26, 29, 39, 41, 44, 47, 49, 54, 58, 65, 86, 89, 90 
 ],
[ 1, 5, 6, 11, 12, 20, 22, 26, 29, 30, 41, 49, 54, 64, 67, 70, 72, 73, 75, 87 
 ],
[ 1, 5, 6, 11, 12, 19, 20, 22, 26, 29, 30, 37, 41, 54, 67, 71, 73, 74, 90, 95 
 ],
[ 1, 5, 6, 11, 12, 19, 20, 22, 23, 29, 40, 50, 52, 64, 69, 71, 75, 78, 81, 87 
 ],
[ 1, 5, 6, 11, 12, 19, 20, 22, 23, 29, 40, 49, 52, 65, 69, 71, 76, 78, 81, 86 
 ],
[ 1, 5, 6, 11, 12, 19, 20, 22, 23, 29, 37, 40, 51, 52, 69, 71, 74, 78, 81, 95 
 ],
[ 1, 5, 6, 11, 12, 19, 20, 22, 23, 24, 29, 40, 52, 66, 69, 71, 78, 81, 85, 90 
 ]
];

