## Group: [96, 99]
## Difference Sets: 12
## Time:  3:21:41.089

return [
[ 1, 5, 6, 10, 16, 20, 21, 25, 43, 45, 49, 56, 59, 61, 65, 66, 68, 73, 80, 91 
 ],
[ 1, 5, 6, 10, 16, 20, 21, 25, 34, 41, 43, 48, 49, 56, 65, 71, 77, 82, 86, 93 
 ],
[ 1, 5, 6, 10, 16, 20, 21, 25, 29, 37, 43, 47, 50, 55, 59, 71, 84, 88, 95, 96 
 ],
[ 1, 5, 6, 10, 16, 20, 21, 25, 28, 32, 37, 43, 45, 49, 54, 58, 68, 73, 75, 87 
 ],
[ 1, 5, 6, 10, 16, 20, 21, 23, 25, 29, 37, 43, 45, 50, 62, 69, 79, 82, 87, 92 
 ],
[ 1, 5, 6, 10, 16, 19, 20, 21, 25, 27, 28, 45, 47, 60, 66, 74, 76, 81, 85, 88 
 ],
[ 1, 5, 6, 10, 16, 19, 20, 21, 24, 25, 28, 32, 37, 53, 58, 69, 71, 73, 86, 90 
 ],
[ 1, 5, 6, 10, 16, 19, 20, 21, 24, 25, 28, 30, 37, 41, 47, 60, 75, 78, 89, 95 
 ],
[ 1, 5, 6, 10, 16, 19, 20, 21, 23, 25, 28, 33, 53, 58, 69, 71, 74, 85, 86, 90 
 ],
[ 1, 5, 6, 10, 16, 19, 20, 21, 23, 24, 25, 28, 33, 37, 51, 54, 57, 68, 72, 87 
 ],
[ 1, 5, 6, 10, 12, 16, 20, 21, 25, 28, 37, 41, 43, 48, 49, 51, 71, 78, 81, 95 
 ],
[ 1, 5, 6, 10, 12, 16, 19, 20, 21, 24, 25, 27, 28, 37, 45, 48, 66, 76, 81, 88 
 ]
];

