## Group: [96, 98]
## Difference Sets: 24
## Time:  2:49:31.171

return [
[ 1, 5, 6, 10, 20, 21, 24, 25, 29, 32, 41, 43, 45, 47, 54, 64, 67, 76, 81, 95 
 ],
[ 1, 5, 6, 10, 20, 21, 23, 24, 25, 29, 32, 43, 45, 54, 58, 64, 67, 68, 90, 95 
 ],
[ 1, 5, 6, 10, 19, 20, 21, 25, 28, 40, 45, 59, 62, 64, 66, 68, 73, 74, 93, 96 
 ],
[ 1, 5, 6, 10, 19, 20, 21, 25, 28, 40, 41, 48, 64, 71, 74, 80, 82, 84, 86, 92 
 ],
[ 1, 5, 6, 10, 19, 20, 21, 25, 28, 37, 45, 48, 59, 67, 68, 74, 80, 84, 86, 96 
 ],
[ 1, 5, 6, 10, 19, 20, 21, 25, 28, 37, 41, 62, 66, 67, 71, 73, 74, 82, 92, 93 
 ],
[ 1, 5, 6, 10, 19, 20, 21, 23, 28, 32, 37, 39, 52, 54, 58, 68, 72, 74, 75, 95 
 ],
[ 1, 5, 6, 10, 19, 20, 21, 23, 26, 28, 32, 37, 39, 50, 68, 75, 78, 81, 87, 89 
 ],
[ 1, 5, 6, 10, 16, 20, 21, 25, 37, 43, 45, 56, 62, 68, 73, 74, 77, 79, 87, 94 
 ],
[ 1, 5, 6, 10, 16, 20, 21, 25, 37, 41, 43, 48, 55, 56, 71, 74, 83, 84, 91, 95 
 ],
[ 1, 5, 6, 10, 16, 20, 21, 25, 33, 43, 45, 49, 53, 56, 65, 66, 68, 73, 76, 81 
 ],
[ 1, 5, 6, 10, 16, 20, 21, 25, 32, 37, 43, 45, 47, 54, 56, 58, 74, 75, 87, 88 
 ],
[ 1, 5, 6, 10, 16, 20, 21, 25, 29, 37, 43, 50, 55, 68, 71, 73, 83, 84, 91, 95 
 ],
[ 1, 5, 6, 10, 16, 20, 21, 25, 29, 37, 41, 43, 45, 48, 50, 62, 77, 79, 87, 94 
 ],
[ 1, 5, 6, 10, 16, 20, 21, 25, 27, 41, 43, 48, 49, 56, 58, 60, 65, 71, 86, 90 
 ],
[ 1, 5, 6, 10, 16, 20, 21, 24, 25, 29, 33, 41, 43, 45, 48, 53, 65, 66, 76, 81 
 ],
[ 1, 5, 6, 10, 16, 20, 21, 24, 25, 27, 29, 43, 58, 60, 65, 68, 71, 73, 86, 90 
 ],
[ 1, 5, 6, 10, 16, 20, 21, 23, 25, 29, 32, 37, 43, 45, 50, 54, 58, 69, 75, 87 
 ],
[ 1, 5, 6, 10, 12, 20, 21, 24, 25, 29, 41, 43, 47, 64, 67, 71, 76, 78, 81, 87 
 ],
[ 1, 5, 6, 10, 12, 20, 21, 23, 24, 25, 29, 43, 58, 64, 67, 68, 71, 78, 87, 90 
 ],
[ 1, 5, 6, 10, 12, 19, 20, 21, 28, 37, 39, 41, 47, 51, 52, 74, 78, 81, 87, 89 
 ],
[ 1, 5, 6, 10, 12, 19, 20, 21, 26, 28, 37, 39, 41, 47, 50, 51, 54, 58, 72, 95 
 ],
[ 1, 5, 6, 10, 12, 16, 20, 21, 25, 29, 37, 43, 47, 50, 51, 71, 78, 81, 88, 95 
 ],
[ 1, 5, 6, 10, 12, 16, 20, 21, 23, 25, 37, 43, 51, 56, 69, 71, 74, 78, 81, 95 
 ]
];

