## Group: [96, 97]
## Difference Sets: 16
## Time:  9:54:21.259

return [
[ 1, 5, 6, 11, 20, 22, 26, 29, 32, 40, 41, 44, 45, 50, 54, 58, 65, 73, 75, 95 
 ],
[ 1, 5, 6, 11, 20, 22, 26, 29, 32, 39, 41, 44, 45, 49, 53, 58, 65, 66, 73, 75 
 ],
[ 1, 5, 6, 11, 20, 22, 26, 29, 32, 37, 39, 41, 44, 45, 53, 58, 73, 74, 87, 90 
 ],
[ 1, 5, 6, 11, 20, 22, 26, 29, 30, 39, 44, 47, 49, 60, 65, 69, 72, 78, 87, 90 
 ],
[ 1, 5, 6, 11, 20, 22, 26, 29, 30, 37, 39, 44, 47, 60, 66, 69, 72, 74, 75, 78 
 ],
[ 1, 5, 6, 11, 20, 22, 26, 28, 37, 40, 44, 47, 55, 69, 72, 74, 84, 92, 94, 95 
 ],
[ 1, 5, 6, 11, 20, 22, 26, 28, 37, 40, 41, 44, 45, 61, 73, 74, 77, 80, 82, 86 
 ],
[ 1, 5, 6, 11, 20, 22, 26, 27, 29, 30, 40, 44, 47, 50, 60, 65, 69, 72, 86, 90 
 ],
[ 1, 5, 6, 11, 20, 22, 23, 26, 28, 33, 39, 41, 44, 45, 49, 53, 57, 64, 66, 76 
 ],
[ 1, 5, 6, 11, 20, 22, 23, 25, 29, 33, 40, 41, 44, 50, 53, 57, 64, 66, 75, 89 
 ],
[ 1, 5, 6, 11, 20, 22, 23, 24, 26, 29, 33, 37, 40, 44, 45, 53, 58, 86, 88, 90 
 ],
[ 1, 5, 6, 11, 20, 22, 23, 24, 25, 29, 33, 40, 41, 44, 53, 57, 85, 87, 89, 90 
 ],
[ 1, 5, 6, 11, 12, 20, 22, 26, 28, 39, 44, 48, 49, 51, 64, 69, 72, 78, 81, 87 
 ],
[ 1, 5, 6, 11, 12, 20, 22, 25, 29, 40, 44, 48, 50, 64, 69, 71, 78, 81, 87, 90 
 ],
[ 1, 5, 6, 11, 12, 20, 22, 24, 26, 29, 30, 37, 40, 44, 48, 68, 72, 75, 78, 95 
 ],
[ 1, 5, 6, 11, 12, 20, 22, 24, 25, 29, 40, 44, 48, 66, 69, 71, 75, 78, 81, 85 
 ]
];

