## Group: [96, 91]
## Difference Sets: 8
## Time:  5:10:55.971

return [
[ 1, 5, 6, 11, 20, 22, 26, 27, 29, 30, 33, 39, 41, 47, 64, 70, 72, 74, 87, 90 
 ],
[ 1, 5, 6, 11, 20, 22, 26, 27, 29, 30, 33, 37, 44, 47, 49, 67, 69, 75, 89, 95 
 ],
[ 1, 5, 6, 11, 20, 22, 25, 27, 32, 40, 41, 44, 45, 48, 49, 56, 58, 76, 85, 95 
 ],
[ 1, 5, 6, 11, 20, 22, 24, 29, 32, 40, 41, 44, 45, 48, 52, 54, 64, 81, 86, 90 
 ],
[ 1, 5, 6, 11, 20, 22, 23, 25, 30, 40, 44, 49, 51, 54, 56, 60, 69, 72, 85, 86 
 ],
[ 1, 5, 6, 11, 20, 22, 23, 24, 27, 29, 40, 44, 52, 57, 60, 64, 69, 72, 75, 95 
 ],
[ 1, 5, 6, 11, 12, 20, 22, 26, 29, 39, 45, 54, 58, 64, 66, 69, 70, 73, 74, 75 
 ],
[ 1, 5, 6, 11, 12, 20, 22, 26, 29, 37, 41, 44, 49, 54, 58, 67, 71, 73, 86, 90 
 ]
];

