## Group: [96, 95]
## Difference Sets: 96
## Time:  9:54:44.448

return [
[ 1, 5, 6, 11, 20, 22, 26, 33, 39, 44, 45, 48, 53, 56, 57, 64, 66, 69, 74, 76 
 ],
[ 1, 5, 6, 11, 20, 22, 26, 29, 30, 33, 37, 39, 41, 44, 54, 71, 73, 74, 75, 95 
 ],
[ 1, 5, 6, 11, 20, 22, 26, 28, 40, 44, 48, 50, 55, 59, 64, 68, 72, 77, 84, 87 
 ],
[ 1, 5, 6, 11, 20, 22, 26, 28, 40, 41, 44, 45, 49, 62, 65, 73, 79, 83, 91, 95 
 ],
[ 1, 5, 6, 11, 20, 22, 26, 28, 40, 41, 44, 45, 48, 50, 53, 58, 60, 64, 86, 90 
 ],
[ 1, 5, 6, 11, 20, 22, 26, 28, 37, 40, 44, 48, 55, 59, 68, 72, 74, 84, 91, 95 
 ],
[ 1, 5, 6, 11, 20, 22, 26, 28, 37, 40, 44, 45, 47, 61, 69, 74, 80, 86, 92, 94 
 ],
[ 1, 5, 6, 11, 20, 22, 26, 28, 37, 40, 41, 44, 55, 72, 73, 74, 77, 82, 84, 95 
 ],
[ 1, 5, 6, 11, 20, 22, 26, 28, 34, 40, 44, 47, 49, 59, 65, 69, 72, 86, 93, 96 
 ],
[ 1, 5, 6, 11, 20, 22, 26, 28, 33, 37, 40, 41, 44, 45, 53, 58, 73, 74, 86, 90 
 ],
[ 1, 5, 6, 11, 20, 22, 26, 28, 30, 33, 40, 41, 44, 49, 53, 65, 72, 73, 86, 90 
 ],
[ 1, 5, 6, 11, 20, 22, 26, 27, 29, 33, 37, 40, 43, 45, 58, 68, 73, 74, 75, 95 
 ],
[ 1, 5, 6, 11, 20, 22, 26, 27, 28, 37, 40, 44, 45, 48, 58, 60, 68, 74, 86, 90 
 ],
[ 1, 5, 6, 11, 20, 22, 26, 27, 28, 30, 40, 44, 48, 49, 60, 65, 68, 72, 86, 90 
 ],
[ 1, 5, 6, 11, 20, 22, 24, 26, 28, 40, 41, 44, 45, 62, 73, 77, 79, 83, 85, 87 
 ],
[ 1, 5, 6, 11, 20, 22, 24, 26, 28, 34, 40, 44, 47, 59, 66, 69, 72, 85, 92, 93 
 ],
[ 1, 5, 6, 11, 20, 22, 24, 25, 27, 29, 40, 44, 45, 48, 57, 60, 69, 85, 86, 90 
 ],
[ 1, 5, 6, 11, 20, 22, 23, 26, 28, 40, 44, 45, 50, 61, 64, 66, 80, 83, 88, 92 
 ],
[ 1, 5, 6, 11, 20, 22, 23, 26, 28, 37, 40, 44, 45, 61, 74, 80, 83, 86, 88, 96 
 ],
[ 1, 5, 6, 11, 20, 22, 23, 26, 28, 32, 40, 44, 45, 49, 54, 58, 65, 75, 88, 95 
 ],
[ 1, 5, 6, 11, 20, 22, 23, 26, 28, 30, 32, 40, 44, 50, 64, 69, 72, 75, 78, 95 
 ],
[ 1, 5, 6, 11, 20, 22, 23, 26, 28, 30, 32, 37, 40, 44, 54, 72, 74, 75, 88, 95 
 ],
[ 1, 5, 6, 11, 20, 22, 23, 24, 25, 29, 32, 40, 41, 44, 54, 72, 75, 81, 85, 95 
 ],
[ 1, 5, 6, 11, 19, 20, 22, 26, 29, 37, 40, 48, 50, 55, 68, 72, 82, 84, 86, 92 
 ],
[ 1, 5, 6, 11, 19, 20, 22, 26, 29, 37, 40, 41, 50, 62, 72, 73, 79, 82, 86, 92 
 ],
[ 1, 5, 6, 11, 19, 20, 22, 26, 29, 34, 37, 40, 45, 47, 50, 69, 77, 93, 94, 95 
 ],
[ 1, 5, 6, 11, 19, 20, 22, 26, 29, 33, 40, 41, 49, 53, 57, 72, 73, 75, 85, 87 
 ],
[ 1, 5, 6, 11, 19, 20, 22, 26, 29, 30, 32, 37, 40, 47, 50, 54, 69, 72, 86, 90 
 ],
[ 1, 5, 6, 11, 19, 20, 22, 26, 27, 29, 40, 45, 48, 60, 64, 68, 74, 75, 81, 87 
 ],
[ 1, 5, 6, 11, 19, 20, 22, 26, 27, 29, 37, 40, 45, 48, 50, 51, 60, 68, 81, 95 
 ],
[ 1, 5, 6, 11, 19, 20, 22, 26, 27, 29, 37, 40, 41, 45, 50, 58, 60, 73, 75, 95 
 ],
[ 1, 5, 6, 11, 19, 20, 22, 24, 26, 29, 40, 45, 48, 55, 65, 68, 84, 86, 92, 94 
 ],
[ 1, 5, 6, 11, 19, 20, 22, 24, 26, 29, 40, 41, 45, 62, 65, 73, 79, 86, 92, 94 
 ],
[ 1, 5, 6, 11, 19, 20, 22, 24, 26, 29, 34, 40, 47, 65, 69, 72, 77, 82, 93, 95 
 ],
[ 1, 5, 6, 11, 19, 20, 22, 24, 26, 29, 33, 40, 41, 51, 53, 57, 65, 72, 73, 95 
 ],
[ 1, 5, 6, 11, 19, 20, 22, 24, 26, 29, 30, 33, 40, 48, 53, 65, 68, 72, 75, 95 
 ],
[ 1, 5, 6, 11, 19, 20, 22, 24, 26, 29, 30, 33, 39, 41, 48, 64, 72, 78, 87, 90 
 ],
[ 1, 5, 6, 11, 19, 20, 22, 23, 26, 29, 37, 40, 45, 50, 61, 77, 80, 88, 94, 95 
 ],
[ 1, 5, 6, 11, 19, 20, 22, 23, 26, 29, 32, 40, 54, 57, 64, 66, 72, 74, 88, 90 
 ],
[ 1, 5, 6, 11, 19, 20, 22, 23, 26, 29, 32, 37, 40, 50, 54, 57, 72, 76, 86, 88 
 ],
[ 1, 5, 6, 11, 19, 20, 22, 23, 24, 26, 29, 40, 61, 65, 72, 77, 80, 82, 88, 95 
 ],
[ 1, 5, 6, 11, 16, 20, 22, 26, 33, 37, 44, 45, 48, 51, 56, 57, 68, 74, 78, 95 
 ],
[ 1, 5, 6, 11, 16, 20, 22, 26, 30, 33, 37, 44, 45, 53, 56, 69, 73, 74, 86, 90 
 ],
[ 1, 5, 6, 11, 16, 20, 22, 26, 30, 33, 37, 41, 44, 45, 56, 73, 74, 75, 78, 95 
 ],
[ 1, 5, 6, 11, 16, 20, 22, 26, 29, 44, 45, 48, 54, 57, 60, 64, 68, 74, 75, 87 
 ],
[ 1, 5, 6, 11, 16, 20, 22, 26, 29, 44, 45, 48, 53, 57, 60, 64, 69, 74, 76, 86 
 ],
[ 1, 5, 6, 11, 16, 20, 22, 26, 29, 33, 44, 45, 53, 57, 64, 66, 69, 73, 74, 90 
 ],
[ 1, 5, 6, 11, 16, 20, 22, 26, 29, 33, 44, 45, 51, 54, 57, 64, 68, 73, 74, 95 
 ],
[ 1, 5, 6, 11, 16, 20, 22, 26, 29, 30, 41, 44, 48, 60, 64, 71, 74, 75, 78, 87 
 ],
[ 1, 5, 6, 11, 16, 20, 22, 26, 28, 44, 45, 48, 54, 58, 60, 65, 68, 74, 75, 86 
 ],
[ 1, 5, 6, 11, 16, 20, 22, 26, 28, 41, 44, 45, 51, 54, 60, 65, 73, 74, 81, 86 
 ],
[ 1, 5, 6, 11, 16, 20, 22, 26, 27, 29, 30, 33, 44, 64, 66, 71, 73, 74, 88, 90 
 ],
[ 1, 5, 6, 11, 16, 20, 22, 26, 27, 28, 32, 44, 47, 57, 65, 69, 72, 74, 76, 95 
 ],
[ 1, 5, 6, 11, 16, 20, 22, 26, 27, 28, 30, 44, 48, 60, 65, 72, 74, 75, 86, 88 
 ],
[ 1, 5, 6, 11, 16, 20, 22, 24, 26, 44, 45, 56, 59, 62, 69, 73, 77, 79, 85, 87 
 ],
[ 1, 5, 6, 11, 16, 20, 22, 24, 26, 44, 45, 48, 56, 59, 66, 68, 80, 84, 85, 92 
 ],
[ 1, 5, 6, 11, 16, 20, 22, 24, 26, 34, 41, 44, 47, 56, 66, 72, 83, 85, 92, 93 
 ],
[ 1, 5, 6, 11, 16, 20, 22, 24, 26, 29, 44, 45, 62, 65, 69, 73, 77, 79, 82, 95 
 ],
[ 1, 5, 6, 11, 16, 20, 22, 24, 26, 29, 41, 44, 45, 62, 65, 73, 82, 86, 92, 93 
 ],
[ 1, 5, 6, 11, 16, 20, 22, 24, 26, 29, 34, 44, 47, 65, 69, 72, 77, 79, 94, 95 
 ],
[ 1, 5, 6, 11, 16, 20, 22, 24, 26, 29, 34, 41, 44, 47, 65, 72, 86, 92, 93, 94 
 ],
[ 1, 5, 6, 11, 16, 20, 22, 24, 26, 28, 44, 48, 55, 59, 64, 72, 84, 87, 88, 92 
 ],
[ 1, 5, 6, 11, 16, 20, 22, 24, 26, 28, 41, 44, 45, 62, 64, 73, 83, 87, 92, 93 
 ],
[ 1, 5, 6, 11, 16, 20, 22, 24, 26, 28, 34, 44, 47, 59, 64, 66, 69, 72, 77, 79 
 ],
[ 1, 5, 6, 11, 16, 20, 22, 23, 26, 29, 32, 44, 53, 58, 64, 66, 69, 74, 89, 90 
 ],
[ 1, 5, 6, 11, 16, 20, 22, 23, 26, 29, 32, 41, 44, 51, 64, 72, 74, 78, 81, 95 
 ],
[ 1, 5, 6, 11, 16, 20, 22, 23, 26, 28, 32, 44, 45, 54, 58, 65, 68, 74, 90, 95 
 ],
[ 1, 5, 6, 11, 16, 20, 22, 23, 26, 27, 29, 32, 44, 64, 66, 72, 74, 81, 88, 90 
 ],
[ 1, 5, 6, 11, 16, 20, 22, 23, 26, 27, 28, 30, 32, 44, 65, 72, 74, 88, 90, 95 
 ],
[ 1, 5, 6, 11, 16, 20, 22, 23, 24, 26, 44, 55, 56, 61, 72, 77, 83, 85, 87, 88 
 ],
[ 1, 5, 6, 11, 16, 20, 22, 23, 24, 26, 28, 44, 45, 61, 64, 66, 68, 77, 80, 83 
 ],
[ 1, 5, 6, 11, 16, 19, 20, 22, 26, 29, 48, 50, 65, 68, 72, 77, 80, 82, 84, 86 
 ],
[ 1, 5, 6, 11, 16, 19, 20, 22, 26, 29, 45, 48, 50, 55, 65, 77, 84, 86, 88, 94 
 ],
[ 1, 5, 6, 11, 16, 19, 20, 22, 26, 29, 45, 47, 50, 55, 61, 65, 69, 83, 95, 96 
 ],
[ 1, 5, 6, 11, 16, 19, 20, 22, 26, 29, 41, 50, 59, 65, 72, 73, 80, 84, 86, 91 
 ],
[ 1, 5, 6, 11, 16, 19, 20, 22, 26, 29, 33, 41, 49, 57, 64, 72, 73, 78, 87, 90 
 ],
[ 1, 5, 6, 11, 16, 19, 20, 22, 26, 27, 29, 45, 48, 49, 60, 64, 81, 87, 88, 90 
 ],
[ 1, 5, 6, 11, 16, 19, 20, 22, 23, 26, 29, 50, 61, 65, 68, 72, 80, 82, 92, 95 
 ],
[ 1, 5, 6, 11, 16, 19, 20, 22, 23, 26, 29, 45, 50, 55, 61, 65, 88, 92, 94, 95 
 ],
[ 1, 5, 6, 11, 16, 19, 20, 22, 23, 26, 29, 32, 49, 54, 57, 64, 66, 68, 72, 75 
 ],
[ 1, 5, 6, 11, 12, 20, 22, 26, 29, 40, 43, 45, 47, 49, 54, 58, 65, 86, 88, 90 
 ],
[ 1, 5, 6, 11, 12, 20, 22, 26, 28, 40, 44, 45, 47, 49, 58, 65, 69, 75, 78, 95 
 ],
[ 1, 5, 6, 11, 12, 20, 22, 26, 28, 30, 37, 40, 44, 47, 69, 72, 74, 75, 78, 95 
 ],
[ 1, 5, 6, 11, 12, 20, 22, 26, 27, 29, 37, 39, 44, 47, 58, 69, 74, 86, 89, 90 
 ],
[ 1, 5, 6, 11, 12, 20, 22, 23, 26, 39, 41, 44, 51, 56, 64, 72, 74, 78, 81, 87 
 ],
[ 1, 5, 6, 11, 12, 19, 20, 22, 26, 29, 40, 45, 47, 49, 66, 69, 78, 81, 85, 90 
 ],
[ 1, 5, 6, 11, 12, 19, 20, 22, 24, 26, 29, 40, 45, 47, 65, 69, 76, 78, 81, 86 
 ],
[ 1, 5, 6, 11, 12, 19, 20, 22, 23, 24, 26, 29, 40, 45, 58, 65, 78, 86, 88, 90 
 ],
[ 1, 5, 6, 11, 12, 19, 20, 22, 23, 24, 26, 29, 39, 45, 53, 58, 64, 66, 69, 75 
 ],
[ 1, 5, 6, 11, 12, 16, 20, 22, 26, 37, 44, 47, 53, 56, 58, 69, 72, 74, 86, 90 
 ],
[ 1, 5, 6, 11, 12, 16, 20, 22, 26, 37, 41, 44, 47, 56, 58, 72, 74, 75, 78, 95 
 ],
[ 1, 5, 6, 11, 12, 16, 20, 22, 26, 29, 44, 47, 54, 58, 64, 68, 74, 75, 87, 89 
 ],
[ 1, 5, 6, 11, 12, 16, 20, 22, 26, 29, 41, 44, 47, 64, 72, 74, 75, 78, 81, 87 
 ],
[ 1, 5, 6, 11, 12, 16, 20, 22, 26, 27, 29, 44, 47, 64, 72, 74, 76, 81, 86, 88 
 ],
[ 1, 5, 6, 11, 12, 16, 20, 22, 23, 26, 37, 44, 53, 56, 72, 74, 76, 81, 86, 88 
 ],
[ 1, 5, 6, 11, 12, 16, 19, 20, 22, 26, 29, 45, 47, 49, 53, 64, 66, 69, 75, 81 
 ]
];

