## Group: [64, 189]
## Difference Sets: 104
## Time:  0:02:32.966

return [
[ 1, 2, 8, 10, 11, 12, 16, 19, 20, 21, 22, 26, 27, 31, 32, 33, 34, 35, 37, 
  38, 40, 41, 44, 50, 56, 57, 60, 63 ],
[ 1, 2, 8, 10, 11, 12, 16, 19, 20, 21, 22, 23, 26, 31, 32, 33, 34, 35, 37, 
  38, 40, 41, 45, 49, 56, 57, 62, 63 ],
[ 1, 2, 8, 10, 11, 12, 16, 17, 18, 19, 21, 22, 26, 27, 31, 32, 35, 37, 38, 
  39, 42, 44, 50, 54, 55, 56, 60, 63 ],
[ 1, 2, 8, 10, 11, 12, 16, 17, 18, 19, 21, 22, 23, 26, 31, 32, 35, 37, 38, 
  39, 42, 45, 49, 54, 55, 56, 62, 63 ],
[ 1, 2, 8, 10, 11, 12, 16, 17, 18, 19, 20, 21, 22, 26, 27, 31, 32, 35, 37, 
  38, 44, 50, 54, 55, 56, 57, 60, 63 ],
[ 1, 2, 8, 10, 11, 12, 16, 17, 18, 19, 20, 21, 22, 23, 26, 31, 32, 35, 37, 
  38, 45, 49, 54, 55, 56, 57, 62, 63 ],
[ 1, 2, 8, 10, 11, 12, 15, 16, 19, 20, 21, 22, 26, 27, 31, 32, 35, 37, 40, 
  41, 44, 50, 53, 54, 55, 56, 57, 60 ],
[ 1, 2, 8, 10, 11, 12, 15, 16, 19, 20, 21, 22, 23, 26, 31, 32, 35, 37, 40, 
  41, 45, 49, 53, 54, 55, 56, 57, 62 ],
[ 1, 2, 8, 10, 11, 12, 15, 16, 17, 19, 21, 22, 26, 27, 31, 32, 33, 35, 36, 
  37, 41, 42, 44, 50, 53, 55, 57, 60 ],
[ 1, 2, 8, 10, 11, 12, 15, 16, 17, 19, 21, 22, 23, 26, 31, 32, 33, 35, 36, 
  37, 41, 42, 45, 49, 53, 55, 57, 62 ],
[ 1, 2, 8, 10, 11, 12, 15, 16, 17, 18, 19, 21, 22, 26, 27, 31, 32, 34, 35, 
  37, 39, 42, 44, 50, 54, 56, 60, 63 ],
[ 1, 2, 8, 10, 11, 12, 15, 16, 17, 18, 19, 21, 22, 26, 27, 31, 32, 34, 35, 
  36, 37, 39, 42, 44, 50, 53, 54, 60 ],
[ 1, 2, 8, 10, 11, 12, 15, 16, 17, 18, 19, 21, 22, 23, 26, 31, 32, 34, 35, 
  37, 39, 42, 45, 49, 54, 56, 62, 63 ],
[ 1, 2, 8, 10, 11, 12, 15, 16, 17, 18, 19, 21, 22, 23, 26, 31, 32, 34, 35, 
  36, 37, 39, 42, 45, 49, 53, 54, 62 ],
[ 1, 2, 8, 10, 11, 12, 15, 16, 17, 18, 19, 20, 21, 22, 26, 27, 31, 32, 34, 
  35, 37, 44, 50, 54, 56, 57, 60, 63 ],
[ 1, 2, 8, 10, 11, 12, 15, 16, 17, 18, 19, 20, 21, 22, 26, 27, 31, 32, 34, 
  35, 36, 37, 44, 50, 53, 54, 57, 60 ],
[ 1, 2, 8, 10, 11, 12, 15, 16, 17, 18, 19, 20, 21, 22, 23, 26, 31, 32, 34, 
  35, 37, 45, 49, 54, 56, 57, 62, 63 ],
[ 1, 2, 8, 10, 11, 12, 15, 16, 17, 18, 19, 20, 21, 22, 23, 26, 31, 32, 34, 
  35, 36, 37, 45, 49, 53, 54, 57, 62 ],
[ 1, 2, 8, 10, 11, 12, 14, 16, 17, 19, 21, 22, 26, 27, 31, 32, 33, 34, 35, 
  38, 41, 42, 44, 50, 53, 56, 57, 60 ],
[ 1, 2, 8, 10, 11, 12, 14, 16, 17, 19, 21, 22, 23, 26, 31, 32, 33, 34, 35, 
  38, 41, 42, 45, 49, 53, 56, 57, 62 ],
[ 1, 2, 8, 10, 11, 12, 14, 16, 17, 18, 19, 21, 22, 26, 27, 31, 32, 33, 35, 
  38, 39, 42, 44, 50, 55, 56, 60, 63 ],
[ 1, 2, 8, 10, 11, 12, 14, 16, 17, 18, 19, 21, 22, 23, 26, 31, 32, 33, 35, 
  38, 39, 42, 45, 49, 55, 56, 62, 63 ],
[ 1, 2, 8, 10, 11, 12, 13, 16, 17, 19, 21, 22, 26, 27, 31, 32, 37, 38, 41, 
  42, 44, 50, 53, 54, 55, 56, 57, 60 ],
[ 1, 2, 8, 10, 11, 12, 13, 16, 17, 19, 21, 22, 23, 26, 31, 32, 37, 38, 41, 
  42, 45, 49, 53, 54, 55, 56, 57, 62 ],
[ 1, 2, 8, 10, 11, 12, 13, 15, 16, 19, 20, 21, 22, 26, 27, 31, 32, 34, 36, 
  37, 40, 41, 44, 50, 54, 57, 60, 63 ],
[ 1, 2, 8, 10, 11, 12, 13, 15, 16, 19, 20, 21, 22, 23, 26, 31, 32, 34, 36, 
  37, 40, 41, 45, 49, 54, 57, 62, 63 ],
[ 1, 2, 8, 10, 11, 12, 13, 15, 16, 17, 19, 21, 22, 26, 27, 31, 32, 33, 34, 
  37, 41, 42, 44, 50, 56, 57, 60, 63 ],
[ 1, 2, 8, 10, 11, 12, 13, 15, 16, 17, 19, 21, 22, 23, 26, 31, 32, 33, 34, 
  37, 41, 42, 45, 49, 56, 57, 62, 63 ],
[ 1, 2, 8, 9, 10, 12, 16, 19, 20, 21, 22, 25, 26, 29, 31, 33, 34, 35, 37, 38, 
  40, 41, 48, 49, 56, 57, 62, 63 ],
[ 1, 2, 8, 9, 10, 12, 16, 17, 18, 19, 21, 22, 25, 26, 29, 31, 35, 37, 38, 39, 
  42, 48, 49, 54, 55, 56, 62, 63 ],
[ 1, 2, 8, 9, 10, 12, 16, 17, 18, 19, 20, 21, 22, 25, 26, 29, 31, 35, 37, 38, 
  48, 49, 54, 55, 56, 57, 62, 63 ],
[ 1, 2, 8, 9, 10, 12, 15, 16, 19, 20, 21, 22, 25, 26, 29, 31, 35, 37, 40, 41, 
  48, 49, 53, 54, 55, 56, 57, 62 ],
[ 1, 2, 8, 9, 10, 12, 15, 16, 17, 19, 21, 22, 25, 26, 29, 31, 33, 35, 36, 37, 
  41, 42, 48, 49, 53, 55, 57, 62 ],
[ 1, 2, 8, 9, 10, 12, 15, 16, 17, 18, 19, 21, 22, 25, 26, 29, 31, 34, 35, 37, 
  39, 42, 48, 49, 54, 56, 62, 63 ],
[ 1, 2, 8, 9, 10, 12, 15, 16, 17, 18, 19, 21, 22, 25, 26, 29, 31, 34, 35, 36, 
  37, 39, 42, 48, 49, 53, 54, 62 ],
[ 1, 2, 8, 9, 10, 12, 15, 16, 17, 18, 19, 20, 21, 22, 25, 26, 29, 31, 34, 35, 
  37, 48, 49, 54, 56, 57, 62, 63 ],
[ 1, 2, 8, 9, 10, 12, 15, 16, 17, 18, 19, 20, 21, 22, 25, 26, 29, 31, 34, 35, 
  36, 37, 48, 49, 53, 54, 57, 62 ],
[ 1, 2, 8, 9, 10, 12, 14, 16, 17, 19, 21, 22, 25, 26, 29, 31, 33, 34, 35, 38, 
  41, 42, 48, 49, 53, 56, 57, 62 ],
[ 1, 2, 8, 9, 10, 12, 14, 16, 17, 18, 19, 21, 22, 25, 26, 29, 31, 33, 35, 38, 
  39, 42, 48, 49, 55, 56, 62, 63 ],
[ 1, 2, 8, 9, 10, 12, 14, 16, 17, 18, 19, 20, 21, 22, 25, 26, 29, 31, 33, 35, 
  38, 48, 49, 55, 56, 57, 62, 63 ],
[ 1, 2, 8, 9, 10, 12, 13, 16, 17, 19, 21, 22, 25, 26, 29, 31, 37, 38, 41, 42, 
  48, 49, 53, 54, 55, 56, 57, 62 ],
[ 1, 2, 8, 9, 10, 12, 13, 15, 16, 19, 20, 21, 22, 25, 26, 29, 31, 34, 36, 37, 
  40, 41, 48, 49, 54, 57, 62, 63 ],
[ 1, 2, 8, 9, 10, 12, 13, 15, 16, 17, 19, 21, 22, 25, 26, 29, 31, 33, 34, 37, 
  41, 42, 48, 49, 56, 57, 62, 63 ],
[ 1, 2, 8, 9, 10, 12, 13, 14, 16, 19, 20, 21, 22, 25, 26, 29, 31, 38, 40, 41, 
  48, 49, 54, 55, 56, 57, 62, 63 ],
[ 1, 2, 7, 11, 12, 14, 16, 17, 18, 21, 23, 25, 26, 30, 31, 32, 33, 35, 37, 
  38, 39, 41, 42, 49, 50, 54, 55, 60 ],
[ 1, 2, 7, 11, 12, 14, 16, 17, 18, 21, 23, 25, 26, 30, 31, 32, 33, 34, 35, 
  37, 38, 41, 42, 44, 50, 54, 57, 62 ],
[ 1, 2, 7, 11, 12, 14, 15, 16, 17, 18, 20, 21, 23, 26, 31, 32, 33, 35, 37, 
  39, 41, 48, 49, 50, 52, 54, 55, 60 ],
[ 1, 2, 7, 11, 12, 14, 15, 16, 17, 18, 20, 21, 23, 26, 31, 32, 33, 34, 35, 
  37, 41, 44, 48, 50, 52, 54, 57, 62 ],
[ 1, 2, 7, 10, 11, 12, 14, 16, 18, 20, 21, 26, 27, 32, 33, 34, 35, 37, 38, 
  40, 41, 44, 45, 48, 49, 52, 54, 57 ],
[ 1, 2, 7, 10, 11, 12, 14, 16, 17, 18, 20, 21, 23, 26, 27, 32, 33, 35, 37, 
  38, 41, 44, 48, 52, 54, 55, 57, 62 ],
[ 1, 2, 7, 10, 11, 12, 14, 15, 16, 18, 21, 25, 26, 27, 30, 32, 33, 35, 37, 
  39, 40, 41, 42, 45, 54, 55, 60, 62 ],
[ 1, 2, 7, 10, 11, 12, 14, 15, 16, 17, 18, 21, 23, 26, 27, 32, 33, 34, 35, 
  37, 39, 41, 42, 44, 48, 52, 54, 62 ],
[ 1, 2, 6, 8, 10, 11, 12, 16, 17, 19, 21, 26, 27, 31, 32, 35, 37, 38, 39, 41, 
  42, 44, 50, 54, 55, 56, 60, 63 ],
[ 1, 2, 6, 8, 10, 11, 12, 16, 17, 19, 21, 23, 26, 31, 32, 35, 37, 38, 39, 41, 
  42, 45, 49, 54, 55, 56, 62, 63 ],
[ 1, 2, 6, 8, 10, 11, 12, 15, 16, 18, 19, 21, 26, 27, 31, 32, 33, 35, 36, 37, 
  39, 40, 42, 44, 50, 53, 55, 60 ],
[ 1, 2, 6, 8, 10, 11, 12, 15, 16, 18, 19, 21, 23, 26, 31, 32, 33, 35, 36, 37, 
  39, 40, 42, 45, 49, 53, 55, 62 ],
[ 1, 2, 6, 8, 10, 11, 12, 15, 16, 17, 19, 21, 26, 27, 31, 32, 34, 35, 37, 39, 
  41, 42, 44, 50, 54, 56, 60, 63 ],
[ 1, 2, 6, 8, 10, 11, 12, 15, 16, 17, 19, 21, 26, 27, 31, 32, 34, 35, 36, 37, 
  39, 41, 42, 44, 50, 53, 54, 60 ],
[ 1, 2, 6, 8, 10, 11, 12, 15, 16, 17, 19, 21, 23, 26, 31, 32, 34, 35, 37, 39, 
  41, 42, 45, 49, 54, 56, 62, 63 ],
[ 1, 2, 6, 8, 10, 11, 12, 15, 16, 17, 19, 21, 23, 26, 31, 32, 34, 35, 36, 37, 
  39, 41, 42, 45, 49, 53, 54, 62 ],
[ 1, 2, 6, 8, 10, 11, 12, 14, 16, 18, 19, 21, 26, 27, 31, 32, 33, 34, 35, 38, 
  39, 40, 42, 44, 50, 53, 56, 60 ],
[ 1, 2, 6, 8, 10, 11, 12, 14, 16, 18, 19, 21, 23, 26, 31, 32, 33, 34, 35, 38, 
  39, 40, 42, 45, 49, 53, 56, 62 ],
[ 1, 2, 6, 8, 10, 11, 12, 13, 16, 18, 19, 21, 26, 27, 31, 32, 37, 38, 39, 40, 
  42, 44, 50, 53, 54, 55, 56, 60 ],
[ 1, 2, 6, 8, 10, 11, 12, 13, 16, 18, 19, 21, 23, 26, 31, 32, 37, 38, 39, 40, 
  42, 45, 49, 53, 54, 55, 56, 62 ],
[ 1, 2, 4, 7, 11, 12, 14, 16, 17, 19, 21, 23, 25, 26, 30, 31, 32, 35, 37, 38, 
  39, 42, 49, 50, 53, 55, 60, 63 ],
[ 1, 2, 4, 7, 11, 12, 14, 16, 17, 19, 21, 23, 25, 26, 30, 31, 32, 34, 35, 37, 
  38, 42, 44, 50, 53, 57, 62, 63 ],
[ 1, 2, 4, 7, 11, 12, 14, 15, 16, 17, 19, 20, 21, 23, 26, 31, 32, 35, 37, 39, 
  48, 49, 50, 52, 53, 55, 60, 63 ],
[ 1, 2, 4, 7, 11, 12, 14, 15, 16, 17, 19, 20, 21, 23, 26, 31, 32, 34, 35, 37, 
  44, 48, 50, 52, 53, 57, 62, 63 ],
[ 1, 2, 4, 7, 10, 11, 12, 14, 16, 19, 20, 21, 26, 27, 32, 34, 35, 37, 38, 40, 
  44, 45, 48, 49, 52, 53, 57, 63 ],
[ 1, 2, 4, 7, 10, 11, 12, 14, 16, 17, 19, 20, 21, 23, 26, 27, 32, 35, 37, 38, 
  44, 48, 52, 53, 55, 57, 62, 63 ],
[ 1, 2, 4, 7, 10, 11, 12, 14, 15, 16, 19, 21, 25, 26, 27, 30, 32, 35, 37, 39, 
  40, 42, 45, 53, 55, 60, 62, 63 ],
[ 1, 2, 4, 7, 10, 11, 12, 14, 15, 16, 17, 19, 21, 23, 26, 27, 32, 34, 35, 37, 
  39, 42, 44, 48, 52, 53, 62, 63 ],
[ 1, 2, 3, 7, 11, 12, 13, 16, 18, 21, 26, 27, 30, 31, 32, 33, 35, 37, 40, 41, 
  42, 45, 48, 53, 56, 57, 60, 62 ],
[ 1, 2, 3, 7, 11, 12, 13, 16, 18, 21, 23, 26, 30, 31, 32, 35, 37, 39, 40, 41, 
  42, 48, 50, 53, 54, 56, 60, 62 ],
[ 1, 2, 3, 7, 11, 12, 13, 16, 18, 20, 21, 26, 31, 32, 33, 35, 37, 40, 41, 44, 
  45, 48, 49, 50, 52, 56, 57, 63 ],
[ 1, 2, 3, 7, 11, 12, 13, 16, 18, 20, 21, 26, 27, 31, 32, 33, 35, 37, 39, 40, 
  41, 45, 48, 49, 52, 53, 56, 60 ],
[ 1, 2, 3, 7, 11, 12, 13, 16, 18, 20, 21, 26, 27, 30, 31, 32, 35, 36, 37, 40, 
  41, 44, 45, 48, 49, 54, 57, 63 ],
[ 1, 2, 3, 7, 11, 12, 13, 16, 18, 20, 21, 26, 27, 30, 31, 32, 33, 35, 36, 37, 
  39, 40, 41, 45, 48, 60, 62, 63 ],
[ 1, 2, 3, 7, 11, 12, 13, 14, 16, 18, 21, 26, 27, 31, 32, 35, 40, 41, 42, 45, 
  48, 49, 52, 53, 54, 56, 57, 60 ],
[ 1, 2, 3, 7, 11, 12, 13, 14, 16, 18, 21, 25, 26, 30, 31, 32, 35, 39, 40, 41, 
  42, 45, 50, 54, 56, 60, 62, 63 ],
[ 1, 2, 3, 6, 7, 12, 13, 16, 21, 22, 26, 27, 28, 30, 31, 33, 35, 37, 40, 42, 
  45, 48, 51, 53, 56, 57, 60, 62 ],
[ 1, 2, 3, 6, 7, 12, 13, 16, 21, 22, 23, 26, 28, 30, 31, 35, 37, 39, 40, 42, 
  48, 50, 51, 53, 54, 56, 60, 62 ],
[ 1, 2, 3, 6, 7, 12, 13, 16, 20, 21, 22, 26, 28, 31, 33, 35, 37, 40, 44, 45, 
  48, 49, 50, 51, 52, 56, 57, 63 ],
[ 1, 2, 3, 6, 7, 12, 13, 16, 20, 21, 22, 26, 27, 28, 31, 33, 35, 37, 39, 40, 
  45, 48, 49, 51, 52, 53, 56, 60 ],
[ 1, 2, 3, 6, 7, 12, 13, 16, 20, 21, 22, 26, 27, 28, 30, 31, 35, 36, 37, 40, 
  44, 45, 48, 49, 51, 54, 57, 63 ],
[ 1, 2, 3, 6, 7, 12, 13, 16, 20, 21, 22, 26, 27, 28, 30, 31, 33, 35, 36, 37, 
  39, 40, 45, 48, 51, 60, 62, 63 ],
[ 1, 2, 3, 6, 7, 12, 13, 14, 16, 21, 22, 26, 27, 28, 31, 35, 40, 42, 45, 48, 
  49, 51, 52, 53, 54, 56, 57, 60 ],
[ 1, 2, 3, 6, 7, 12, 13, 14, 16, 21, 22, 23, 26, 27, 28, 31, 35, 39, 40, 42, 
  48, 51, 52, 54, 56, 60, 62, 63 ],
[ 1, 2, 3, 6, 7, 9, 12, 16, 21, 22, 26, 27, 29, 30, 31, 33, 34, 37, 40, 42, 
  45, 48, 53, 55, 56, 57, 60, 62 ],
[ 1, 2, 3, 6, 7, 9, 12, 16, 21, 22, 23, 26, 29, 30, 31, 34, 37, 39, 40, 42, 
  48, 50, 53, 54, 55, 56, 60, 62 ],
[ 1, 2, 3, 6, 7, 9, 12, 16, 20, 21, 22, 26, 29, 31, 33, 34, 37, 40, 44, 45, 
  48, 49, 50, 52, 55, 56, 57, 63 ],
[ 1, 2, 3, 6, 7, 9, 12, 16, 20, 21, 22, 26, 27, 29, 31, 33, 34, 37, 39, 40, 
  45, 48, 49, 52, 53, 55, 56, 60 ],
[ 1, 2, 3, 6, 7, 9, 12, 16, 20, 21, 22, 26, 27, 29, 30, 31, 34, 36, 37, 40, 
  44, 45, 48, 49, 54, 55, 57, 63 ],
[ 1, 2, 3, 6, 7, 9, 12, 16, 20, 21, 22, 26, 27, 29, 30, 31, 33, 34, 36, 37, 
  39, 40, 45, 48, 55, 60, 62, 63 ],
[ 1, 2, 3, 6, 7, 9, 12, 14, 16, 21, 22, 26, 27, 29, 31, 34, 40, 42, 45, 48, 
  49, 52, 53, 54, 55, 56, 57, 60 ],
[ 1, 2, 3, 6, 7, 9, 12, 14, 16, 21, 22, 23, 26, 27, 29, 31, 34, 39, 40, 42, 
  48, 52, 54, 55, 56, 60, 62, 63 ],
[ 1, 2, 3, 4, 7, 11, 12, 16, 19, 21, 26, 27, 30, 31, 32, 33, 34, 37, 40, 42, 
  45, 48, 53, 55, 56, 57, 60, 62 ],
[ 1, 2, 3, 4, 7, 11, 12, 16, 19, 21, 23, 26, 30, 31, 32, 34, 37, 39, 40, 42, 
  48, 50, 53, 54, 55, 56, 60, 62 ],
[ 1, 2, 3, 4, 7, 11, 12, 16, 19, 20, 21, 26, 31, 32, 33, 34, 37, 40, 44, 45, 
  48, 49, 50, 52, 55, 56, 57, 63 ],
[ 1, 2, 3, 4, 7, 11, 12, 16, 19, 20, 21, 26, 27, 31, 32, 33, 34, 37, 39, 40, 
  45, 48, 49, 52, 53, 55, 56, 60 ],
[ 1, 2, 3, 4, 7, 11, 12, 16, 19, 20, 21, 26, 27, 30, 31, 32, 34, 36, 37, 40, 
  44, 45, 48, 49, 54, 55, 57, 63 ],
[ 1, 2, 3, 4, 7, 11, 12, 16, 19, 20, 21, 26, 27, 30, 31, 32, 33, 34, 36, 37, 
  39, 40, 45, 48, 55, 60, 62, 63 ],
[ 1, 2, 3, 4, 7, 11, 12, 14, 16, 19, 21, 26, 27, 31, 32, 34, 40, 42, 45, 48, 
  49, 52, 53, 54, 55, 56, 57, 60 ],
[ 1, 2, 3, 4, 7, 11, 12, 14, 16, 19, 21, 25, 26, 30, 31, 32, 34, 39, 40, 42, 
  45, 50, 54, 55, 56, 60, 62, 63 ]
];

