## Group: [64, 15]
## Difference Sets: 104
## Time:  0:06:48.867

return [
[ 1, 4, 6, 7, 8, 12, 15, 16, 19, 22, 24, 26, 27, 29, 31, 32, 34, 35, 36, 37, 
  39, 47, 49, 51, 52, 53, 54, 57 ],
[ 1, 4, 6, 7, 8, 12, 15, 16, 17, 19, 22, 26, 27, 29, 31, 32, 34, 35, 36, 37, 
  40, 46, 49, 51, 52, 53, 54, 61 ],
[ 1, 4, 6, 7, 8, 12, 14, 15, 16, 19, 22, 24, 26, 27, 29, 31, 32, 33, 34, 35, 
  39, 47, 49, 51, 52, 56, 57, 63 ],
[ 1, 4, 6, 7, 8, 12, 14, 15, 16, 17, 19, 22, 26, 27, 29, 31, 32, 33, 34, 35, 
  40, 46, 49, 51, 52, 56, 61, 63 ],
[ 1, 4, 6, 7, 8, 12, 13, 15, 16, 19, 22, 24, 26, 27, 29, 31, 32, 33, 36, 37, 
  39, 47, 49, 51, 52, 55, 57, 63 ],
[ 1, 4, 6, 7, 8, 12, 13, 15, 16, 17, 19, 22, 26, 27, 29, 31, 32, 33, 36, 37, 
  40, 46, 49, 51, 52, 55, 61, 63 ],
[ 1, 4, 6, 7, 8, 12, 13, 14, 15, 16, 19, 22, 24, 26, 27, 29, 31, 32, 39, 47, 
  49, 51, 52, 53, 54, 55, 56, 57 ],
[ 1, 4, 6, 7, 8, 12, 13, 14, 15, 16, 17, 19, 22, 26, 27, 29, 31, 32, 40, 46, 
  49, 51, 52, 53, 54, 55, 56, 61 ],
[ 1, 4, 6, 7, 8, 11, 12, 16, 19, 22, 24, 26, 28, 29, 30, 31, 33, 35, 37, 38, 
  39, 47, 49, 50, 53, 55, 56, 57 ],
[ 1, 4, 6, 7, 8, 11, 12, 16, 17, 19, 22, 26, 28, 29, 30, 31, 33, 35, 37, 38, 
  40, 46, 49, 50, 53, 55, 56, 61 ],
[ 1, 4, 6, 7, 8, 11, 12, 13, 16, 19, 22, 24, 26, 28, 29, 30, 31, 34, 37, 38, 
  39, 47, 49, 50, 54, 56, 57, 63 ],
[ 1, 4, 6, 7, 8, 11, 12, 13, 16, 17, 19, 22, 26, 28, 29, 30, 31, 34, 37, 38, 
  40, 46, 49, 50, 54, 56, 61, 63 ],
[ 1, 4, 6, 7, 8, 10, 11, 12, 16, 19, 22, 24, 26, 27, 28, 29, 33, 35, 37, 38, 
  39, 47, 52, 53, 55, 56, 57, 62 ],
[ 1, 4, 6, 7, 8, 10, 11, 12, 16, 17, 19, 22, 26, 27, 28, 29, 33, 35, 37, 38, 
  40, 46, 52, 53, 55, 56, 61, 62 ],
[ 1, 4, 6, 7, 8, 10, 11, 12, 13, 16, 19, 22, 24, 26, 27, 28, 29, 34, 37, 38, 
  39, 47, 52, 54, 56, 57, 62, 63 ],
[ 1, 4, 6, 7, 8, 10, 11, 12, 13, 16, 17, 19, 22, 26, 27, 28, 29, 34, 37, 38, 
  40, 46, 52, 54, 56, 61, 62, 63 ],
[ 1, 4, 6, 7, 8, 9, 11, 12, 16, 19, 22, 24, 26, 27, 30, 31, 33, 35, 37, 38, 
  39, 47, 51, 53, 55, 56, 57, 62 ],
[ 1, 4, 6, 7, 8, 9, 11, 12, 16, 17, 19, 22, 26, 27, 30, 31, 33, 35, 37, 38, 
  40, 46, 51, 53, 55, 56, 61, 62 ],
[ 1, 4, 6, 7, 8, 9, 11, 12, 13, 16, 19, 22, 24, 26, 27, 30, 31, 34, 37, 38, 
  39, 47, 51, 54, 56, 57, 62, 63 ],
[ 1, 4, 6, 7, 8, 9, 11, 12, 13, 16, 17, 19, 22, 26, 27, 30, 31, 34, 37, 38, 
  40, 46, 51, 54, 56, 61, 62, 63 ],
[ 1, 4, 6, 7, 8, 9, 10, 11, 12, 16, 19, 22, 24, 26, 33, 35, 37, 38, 39, 47, 
  49, 50, 51, 52, 53, 55, 56, 57 ],
[ 1, 4, 6, 7, 8, 9, 10, 11, 12, 16, 17, 19, 22, 26, 33, 35, 37, 38, 40, 46, 
  49, 50, 51, 52, 53, 55, 56, 61 ],
[ 1, 4, 6, 7, 8, 9, 10, 11, 12, 13, 16, 19, 22, 24, 26, 34, 37, 38, 39, 47, 
  49, 50, 51, 52, 54, 56, 57, 63 ],
[ 1, 4, 6, 7, 8, 9, 10, 11, 12, 13, 16, 17, 19, 22, 26, 34, 37, 38, 40, 46, 
  49, 50, 51, 52, 54, 56, 61, 63 ],
[ 1, 4, 5, 7, 8, 12, 15, 16, 19, 21, 25, 26, 27, 29, 31, 32, 34, 35, 36, 37, 
  39, 48, 49, 51, 52, 53, 54, 57 ],
[ 1, 4, 5, 7, 8, 12, 14, 15, 16, 19, 21, 25, 26, 27, 29, 31, 32, 33, 34, 35, 
  39, 48, 49, 51, 52, 56, 57, 63 ],
[ 1, 4, 5, 7, 8, 12, 13, 15, 16, 19, 21, 25, 26, 27, 29, 31, 32, 33, 36, 37, 
  39, 48, 49, 51, 52, 55, 57, 63 ],
[ 1, 4, 5, 7, 8, 12, 13, 14, 15, 16, 19, 21, 25, 26, 27, 29, 31, 32, 39, 48, 
  49, 51, 52, 53, 54, 55, 56, 57 ],
[ 1, 4, 5, 7, 8, 11, 12, 16, 19, 21, 25, 26, 28, 29, 30, 31, 33, 35, 37, 38, 
  39, 48, 49, 50, 53, 55, 56, 57 ],
[ 1, 4, 5, 7, 8, 11, 12, 14, 16, 19, 21, 25, 26, 28, 29, 30, 31, 35, 36, 38, 
  39, 48, 49, 50, 54, 55, 57, 63 ],
[ 1, 4, 5, 7, 8, 11, 12, 13, 16, 19, 21, 25, 26, 28, 29, 30, 31, 34, 37, 38, 
  39, 48, 49, 50, 54, 56, 57, 63 ],
[ 1, 4, 5, 7, 8, 11, 12, 13, 14, 16, 19, 21, 25, 26, 28, 29, 30, 31, 33, 34, 
  36, 38, 39, 48, 49, 50, 53, 57 ],
[ 1, 4, 5, 7, 8, 10, 12, 15, 16, 19, 21, 25, 26, 29, 30, 32, 34, 35, 36, 37, 
  39, 48, 50, 51, 53, 54, 57, 62 ],
[ 1, 4, 5, 7, 8, 10, 12, 14, 15, 16, 19, 21, 25, 26, 29, 30, 32, 33, 34, 35, 
  39, 48, 50, 51, 56, 57, 62, 63 ],
[ 1, 4, 5, 7, 8, 10, 12, 13, 15, 16, 19, 21, 25, 26, 29, 30, 32, 33, 36, 37, 
  39, 48, 50, 51, 55, 57, 62, 63 ],
[ 1, 4, 5, 7, 8, 10, 12, 13, 14, 15, 16, 19, 21, 25, 26, 29, 30, 32, 39, 48, 
  50, 51, 53, 54, 55, 56, 57, 62 ],
[ 1, 4, 5, 7, 8, 9, 12, 15, 16, 19, 21, 25, 26, 28, 31, 32, 34, 35, 36, 37, 
  39, 48, 50, 52, 53, 54, 57, 62 ],
[ 1, 4, 5, 7, 8, 9, 12, 14, 15, 16, 19, 21, 25, 26, 28, 31, 32, 33, 34, 35, 
  39, 48, 50, 52, 56, 57, 62, 63 ],
[ 1, 4, 5, 7, 8, 9, 12, 13, 15, 16, 19, 21, 25, 26, 28, 31, 32, 33, 36, 37, 
  39, 48, 50, 52, 55, 57, 62, 63 ],
[ 1, 4, 5, 7, 8, 9, 12, 13, 14, 15, 16, 19, 21, 25, 26, 28, 31, 32, 39, 48, 
  50, 52, 53, 54, 55, 56, 57, 62 ],
[ 1, 4, 5, 7, 8, 9, 11, 12, 16, 19, 21, 25, 26, 27, 30, 31, 33, 35, 37, 38, 
  39, 48, 51, 53, 55, 56, 57, 62 ],
[ 1, 4, 5, 7, 8, 9, 11, 12, 14, 16, 19, 21, 25, 26, 27, 30, 31, 35, 36, 38, 
  39, 48, 51, 54, 55, 57, 62, 63 ],
[ 1, 4, 5, 7, 8, 9, 11, 12, 13, 16, 19, 21, 25, 26, 27, 30, 31, 34, 37, 38, 
  39, 48, 51, 54, 56, 57, 62, 63 ],
[ 1, 4, 5, 7, 8, 9, 11, 12, 13, 14, 16, 19, 21, 25, 26, 27, 30, 31, 33, 34, 
  36, 38, 39, 48, 51, 53, 57, 62 ],
[ 1, 4, 5, 7, 8, 9, 10, 12, 15, 16, 19, 21, 25, 26, 27, 28, 30, 32, 34, 35, 
  36, 37, 39, 48, 49, 53, 54, 57 ],
[ 1, 4, 5, 7, 8, 9, 10, 12, 14, 15, 16, 19, 21, 25, 26, 27, 28, 30, 32, 33, 
  34, 35, 39, 48, 49, 56, 57, 63 ],
[ 1, 4, 5, 7, 8, 9, 10, 12, 13, 15, 16, 19, 21, 25, 26, 27, 28, 30, 32, 33, 
  36, 37, 39, 48, 49, 55, 57, 63 ],
[ 1, 4, 5, 7, 8, 9, 10, 12, 13, 14, 15, 16, 19, 21, 25, 26, 27, 28, 30, 32, 
  39, 48, 49, 53, 54, 55, 56, 57 ],
[ 1, 3, 6, 7, 11, 12, 14, 16, 21, 22, 23, 26, 28, 29, 30, 31, 33, 34, 37, 40, 
  42, 44, 48, 49, 50, 54, 55, 57 ],
[ 1, 3, 6, 7, 11, 12, 14, 16, 17, 21, 22, 26, 28, 29, 30, 31, 33, 34, 37, 39, 
  42, 45, 48, 49, 50, 54, 55, 60 ],
[ 1, 3, 6, 7, 11, 12, 13, 14, 16, 21, 22, 23, 26, 28, 29, 30, 31, 35, 37, 40, 
  42, 44, 48, 49, 50, 53, 57, 63 ],
[ 1, 3, 6, 7, 11, 12, 13, 14, 16, 17, 21, 22, 26, 28, 29, 30, 31, 35, 37, 39, 
  42, 45, 48, 49, 50, 53, 60, 63 ],
[ 1, 3, 6, 7, 10, 11, 12, 14, 16, 21, 22, 23, 26, 27, 28, 29, 33, 34, 37, 40, 
  42, 44, 48, 52, 54, 55, 57, 62 ],
[ 1, 3, 6, 7, 10, 11, 12, 14, 16, 17, 21, 22, 26, 27, 28, 29, 33, 34, 37, 39, 
  42, 45, 48, 52, 54, 55, 60, 62 ],
[ 1, 3, 6, 7, 10, 11, 12, 13, 14, 16, 21, 22, 23, 26, 27, 28, 29, 35, 37, 40, 
  42, 44, 48, 52, 53, 57, 62, 63 ],
[ 1, 3, 6, 7, 10, 11, 12, 13, 14, 16, 17, 21, 22, 26, 27, 28, 29, 35, 37, 39, 
  42, 45, 48, 52, 53, 60, 62, 63 ],
[ 1, 2, 8, 10, 12, 16, 17, 18, 19, 20, 21, 22, 25, 26, 27, 28, 31, 33, 35, 
  37, 38, 48, 50, 51, 53, 55, 56, 57 ],
[ 1, 2, 8, 10, 12, 14, 16, 17, 18, 19, 20, 21, 22, 25, 26, 27, 28, 31, 35, 
  36, 38, 48, 50, 51, 54, 55, 57, 63 ],
[ 1, 2, 8, 9, 11, 12, 16, 17, 18, 19, 20, 21, 22, 24, 26, 29, 32, 33, 35, 37, 
  38, 47, 49, 53, 55, 56, 57, 62 ],
[ 1, 2, 8, 9, 11, 12, 14, 16, 17, 18, 19, 20, 21, 22, 24, 26, 29, 32, 35, 36, 
  38, 47, 49, 54, 55, 57, 62, 63 ],
[ 1, 2, 8, 9, 10, 12, 16, 17, 18, 19, 20, 21, 22, 25, 26, 29, 31, 33, 35, 37, 
  38, 48, 49, 53, 55, 56, 57, 62 ],
[ 1, 2, 8, 9, 10, 12, 14, 16, 17, 18, 19, 20, 21, 22, 25, 26, 29, 31, 35, 36, 
  38, 48, 49, 54, 55, 57, 62, 63 ],
[ 1, 2, 6, 8, 10, 12, 14, 15, 16, 19, 21, 25, 26, 27, 28, 31, 33, 34, 35, 40, 
  41, 42, 48, 50, 51, 56, 57, 63 ],
[ 1, 2, 6, 8, 10, 12, 13, 14, 15, 16, 19, 21, 25, 26, 27, 28, 31, 40, 41, 42, 
  48, 50, 51, 53, 54, 55, 56, 57 ],
[ 1, 2, 6, 8, 9, 11, 12, 15, 16, 19, 21, 24, 26, 29, 32, 34, 35, 36, 37, 40, 
  41, 42, 47, 49, 53, 54, 57, 62 ],
[ 1, 2, 6, 8, 9, 11, 12, 14, 15, 16, 19, 21, 24, 26, 29, 32, 33, 34, 35, 40, 
  41, 42, 47, 49, 56, 57, 62, 63 ],
[ 1, 2, 6, 8, 9, 11, 12, 13, 15, 16, 19, 21, 24, 26, 29, 32, 33, 36, 37, 40, 
  41, 42, 47, 49, 55, 57, 62, 63 ],
[ 1, 2, 6, 8, 9, 11, 12, 13, 14, 15, 16, 19, 21, 24, 26, 29, 32, 40, 41, 42, 
  47, 49, 53, 54, 55, 56, 57, 62 ],
[ 1, 2, 6, 8, 9, 10, 12, 14, 15, 16, 19, 21, 25, 26, 29, 31, 33, 34, 35, 40, 
  41, 42, 48, 49, 56, 57, 62, 63 ],
[ 1, 2, 6, 8, 9, 10, 12, 13, 14, 15, 16, 19, 21, 25, 26, 29, 31, 40, 41, 42, 
  48, 49, 53, 54, 55, 56, 57, 62 ],
[ 1, 2, 6, 7, 9, 10, 12, 15, 16, 21, 22, 23, 26, 29, 31, 34, 35, 36, 37, 40, 
  42, 44, 48, 49, 53, 54, 57, 62 ],
[ 1, 2, 6, 7, 9, 10, 12, 15, 16, 17, 21, 22, 26, 29, 31, 34, 35, 36, 37, 39, 
  42, 45, 48, 49, 53, 54, 60, 62 ],
[ 1, 2, 6, 7, 9, 10, 12, 14, 15, 16, 21, 22, 23, 26, 29, 31, 33, 34, 35, 40, 
  42, 44, 48, 49, 56, 57, 62, 63 ],
[ 1, 2, 6, 7, 9, 10, 12, 14, 15, 16, 17, 21, 22, 26, 29, 31, 33, 34, 35, 39, 
  42, 45, 48, 49, 56, 60, 62, 63 ],
[ 1, 2, 6, 7, 9, 10, 12, 13, 15, 16, 21, 22, 23, 26, 29, 31, 33, 36, 37, 40, 
  42, 44, 48, 49, 55, 57, 62, 63 ],
[ 1, 2, 6, 7, 9, 10, 12, 13, 15, 16, 17, 21, 22, 26, 29, 31, 33, 36, 37, 39, 
  42, 45, 48, 49, 55, 60, 62, 63 ],
[ 1, 2, 6, 7, 9, 10, 12, 13, 14, 15, 16, 21, 22, 23, 26, 29, 31, 40, 42, 44, 
  48, 49, 53, 54, 55, 56, 57, 62 ],
[ 1, 2, 6, 7, 9, 10, 12, 13, 14, 15, 16, 17, 21, 22, 26, 29, 31, 39, 42, 45, 
  48, 49, 53, 54, 55, 56, 60, 62 ],
[ 1, 2, 5, 8, 9, 11, 12, 16, 18, 19, 22, 24, 26, 29, 32, 33, 35, 37, 38, 39, 
  40, 42, 47, 49, 53, 55, 56, 62 ],
[ 1, 2, 5, 8, 9, 11, 12, 14, 16, 18, 19, 22, 24, 26, 29, 32, 35, 36, 38, 39, 
  40, 42, 47, 49, 54, 55, 62, 63 ],
[ 1, 2, 4, 5, 7, 11, 12, 16, 19, 21, 25, 26, 28, 29, 30, 31, 32, 33, 35, 37, 
  38, 39, 53, 55, 56, 57, 58, 59 ],
[ 1, 2, 4, 5, 7, 11, 12, 15, 16, 19, 21, 31, 32, 34, 35, 36, 37, 39, 43, 47, 
  50, 52, 53, 54, 57, 58, 61, 62 ],
[ 1, 2, 4, 5, 7, 11, 12, 15, 16, 19, 21, 27, 31, 32, 34, 35, 36, 37, 39, 47, 
  49, 52, 53, 54, 57, 59, 61, 64 ],
[ 1, 2, 4, 5, 7, 11, 12, 15, 16, 19, 21, 26, 27, 31, 32, 34, 35, 36, 37, 39, 
  45, 48, 49, 52, 53, 54, 57, 60 ],
[ 1, 2, 4, 5, 7, 11, 12, 15, 16, 19, 21, 23, 26, 31, 32, 34, 35, 36, 37, 39, 
  44, 48, 50, 52, 53, 54, 57, 62 ],
[ 1, 2, 4, 5, 7, 11, 12, 14, 16, 19, 21, 25, 26, 28, 29, 30, 31, 32, 35, 36, 
  38, 39, 54, 55, 57, 58, 59, 63 ],
[ 1, 2, 4, 5, 7, 11, 12, 14, 15, 16, 19, 21, 31, 32, 33, 34, 35, 39, 43, 47, 
  50, 52, 56, 57, 58, 61, 62, 63 ],
[ 1, 2, 4, 5, 7, 11, 12, 14, 15, 16, 19, 21, 27, 31, 32, 33, 34, 35, 39, 47, 
  49, 52, 56, 57, 59, 61, 63, 64 ],
[ 1, 2, 4, 5, 7, 11, 12, 14, 15, 16, 19, 21, 26, 27, 31, 32, 33, 34, 35, 39, 
  45, 48, 49, 52, 56, 57, 60, 63 ],
[ 1, 2, 4, 5, 7, 11, 12, 14, 15, 16, 19, 21, 23, 26, 31, 32, 33, 34, 35, 39, 
  44, 48, 50, 52, 56, 57, 62, 63 ],
[ 1, 2, 4, 5, 7, 11, 12, 13, 16, 19, 21, 25, 26, 28, 29, 30, 31, 32, 34, 37, 
  38, 39, 54, 56, 57, 58, 59, 63 ],
[ 1, 2, 4, 5, 7, 11, 12, 13, 15, 16, 19, 21, 31, 32, 33, 36, 37, 39, 43, 47, 
  50, 52, 55, 57, 58, 61, 62, 63 ],
[ 1, 2, 4, 5, 7, 11, 12, 13, 15, 16, 19, 21, 27, 31, 32, 33, 36, 37, 39, 47, 
  49, 52, 55, 57, 59, 61, 63, 64 ],
[ 1, 2, 4, 5, 7, 11, 12, 13, 15, 16, 19, 21, 26, 27, 31, 32, 33, 36, 37, 39, 
  45, 48, 49, 52, 55, 57, 60, 63 ],
[ 1, 2, 4, 5, 7, 11, 12, 13, 15, 16, 19, 21, 23, 26, 31, 32, 33, 36, 37, 39, 
  44, 48, 50, 52, 55, 57, 62, 63 ],
[ 1, 2, 4, 5, 7, 11, 12, 13, 14, 16, 19, 21, 25, 26, 28, 29, 30, 31, 32, 33, 
  34, 36, 38, 39, 53, 57, 58, 59 ],
[ 1, 2, 4, 5, 7, 11, 12, 13, 14, 15, 16, 19, 21, 31, 32, 39, 43, 47, 50, 52, 
  53, 54, 55, 56, 57, 58, 61, 62 ],
[ 1, 2, 4, 5, 7, 11, 12, 13, 14, 15, 16, 19, 21, 27, 31, 32, 39, 47, 49, 52, 
  53, 54, 55, 56, 57, 59, 61, 64 ],
[ 1, 2, 4, 5, 7, 11, 12, 13, 14, 15, 16, 19, 21, 26, 27, 31, 32, 39, 45, 48, 
  49, 52, 53, 54, 55, 56, 57, 60 ],
[ 1, 2, 4, 5, 7, 11, 12, 13, 14, 15, 16, 19, 21, 23, 26, 31, 32, 39, 44, 48, 
  50, 52, 53, 54, 55, 56, 57, 62 ],
[ 1, 2, 4, 5, 7, 10, 11, 12, 16, 19, 21, 25, 26, 28, 29, 32, 33, 35, 37, 38, 
  39, 43, 52, 53, 55, 56, 57, 64 ],
[ 1, 2, 4, 5, 7, 10, 11, 12, 14, 16, 19, 21, 25, 26, 28, 29, 32, 35, 36, 38, 
  39, 43, 52, 54, 55, 57, 63, 64 ],
[ 1, 2, 4, 5, 7, 10, 11, 12, 13, 16, 19, 21, 25, 26, 28, 29, 32, 34, 37, 38, 
  39, 43, 52, 54, 56, 57, 63, 64 ],
[ 1, 2, 4, 5, 7, 10, 11, 12, 13, 14, 16, 19, 21, 25, 26, 28, 29, 32, 33, 34, 
  36, 38, 39, 43, 52, 53, 57, 64 ]
];

