## Group: [64, 181]
## Difference Sets: 256
## Time:  0:03:44.132

return [
[ 1, 5, 6, 7, 9, 10, 15, 17, 20, 21, 24, 27, 30, 31, 32, 33, 36, 39, 40, 41, 
  45, 46, 47, 48, 53, 54, 55, 59 ],
[ 1, 5, 6, 7, 9, 10, 15, 17, 20, 21, 24, 27, 30, 31, 32, 33, 34, 36, 39, 40, 
  41, 45, 46, 47, 48, 54, 59, 63 ],
[ 1, 5, 6, 7, 9, 10, 15, 17, 20, 21, 24, 25, 27, 30, 31, 32, 33, 36, 39, 40, 
  41, 45, 47, 53, 54, 55, 59, 61 ],
[ 1, 5, 6, 7, 9, 10, 15, 17, 20, 21, 24, 25, 27, 30, 31, 32, 33, 34, 36, 39, 
  40, 41, 45, 47, 54, 59, 61, 63 ],
[ 1, 5, 6, 7, 9, 10, 15, 17, 19, 20, 21, 24, 27, 30, 31, 32, 33, 35, 36, 39, 
  45, 46, 47, 48, 53, 57, 59, 63 ],
[ 1, 5, 6, 7, 9, 10, 15, 17, 19, 20, 21, 24, 27, 30, 31, 32, 33, 34, 35, 36, 
  39, 45, 46, 47, 48, 55, 57, 59 ],
[ 1, 5, 6, 7, 9, 10, 15, 17, 19, 20, 21, 24, 26, 27, 30, 31, 33, 34, 36, 39, 
  41, 45, 46, 48, 52, 54, 55, 59 ],
[ 1, 5, 6, 7, 9, 10, 15, 17, 19, 20, 21, 24, 26, 27, 30, 31, 32, 33, 36, 39, 
  45, 46, 53, 54, 55, 57, 59, 61 ],
[ 1, 5, 6, 7, 9, 10, 15, 17, 19, 20, 21, 24, 25, 27, 30, 31, 33, 35, 36, 39, 
  41, 45, 47, 48, 52, 53, 55, 59 ],
[ 1, 5, 6, 7, 9, 10, 15, 17, 19, 20, 21, 24, 25, 27, 30, 31, 32, 33, 35, 36, 
  39, 45, 47, 53, 57, 59, 61, 63 ],
[ 1, 5, 6, 7, 9, 10, 15, 17, 19, 20, 21, 24, 25, 27, 30, 31, 32, 33, 34, 35, 
  36, 39, 45, 47, 55, 57, 59, 61 ],
[ 1, 5, 6, 7, 9, 10, 15, 17, 19, 20, 21, 24, 25, 26, 27, 30, 31, 33, 34, 36, 
  39, 41, 45, 52, 54, 55, 59, 61 ],
[ 1, 5, 6, 7, 9, 10, 15, 17, 19, 20, 21, 24, 25, 26, 27, 30, 31, 32, 33, 36, 
  39, 45, 48, 53, 54, 55, 57, 59 ],
[ 1, 5, 6, 7, 9, 10, 15, 17, 18, 20, 21, 24, 27, 30, 31, 32, 33, 34, 36, 40, 
  45, 46, 47, 48, 54, 57, 59, 63 ],
[ 1, 5, 6, 7, 9, 10, 15, 17, 18, 20, 21, 24, 26, 27, 30, 31, 33, 35, 36, 40, 
  41, 45, 46, 48, 52, 53, 55, 59 ],
[ 1, 5, 6, 7, 9, 10, 15, 17, 18, 20, 21, 24, 26, 27, 30, 31, 33, 34, 35, 36, 
  40, 41, 45, 46, 48, 52, 59, 63 ],
[ 1, 5, 6, 7, 9, 10, 15, 17, 18, 20, 21, 24, 26, 27, 30, 31, 32, 33, 35, 36, 
  40, 45, 46, 53, 57, 59, 61, 63 ],
[ 1, 5, 6, 7, 9, 10, 15, 17, 18, 20, 21, 24, 25, 27, 30, 31, 32, 33, 36, 40, 
  45, 47, 53, 54, 55, 57, 59, 61 ],
[ 1, 5, 6, 7, 9, 10, 15, 17, 18, 20, 21, 24, 25, 26, 27, 30, 31, 33, 35, 36, 
  40, 41, 45, 52, 53, 55, 59, 61 ],
[ 1, 5, 6, 7, 9, 10, 15, 17, 18, 20, 21, 24, 25, 26, 27, 30, 31, 33, 34, 35, 
  36, 40, 41, 45, 52, 59, 61, 63 ],
[ 1, 5, 6, 7, 9, 10, 15, 17, 18, 20, 21, 24, 25, 26, 27, 30, 31, 32, 33, 35, 
  36, 40, 45, 48, 53, 57, 59, 63 ],
[ 1, 5, 6, 7, 9, 10, 15, 17, 18, 19, 20, 21, 24, 27, 30, 31, 32, 33, 34, 35, 
  36, 41, 45, 46, 47, 48, 55, 59 ],
[ 1, 5, 6, 7, 9, 10, 15, 17, 18, 19, 20, 21, 24, 26, 27, 30, 31, 33, 34, 36, 
  45, 46, 48, 52, 54, 55, 57, 59 ],
[ 1, 5, 6, 7, 9, 10, 15, 17, 18, 19, 20, 21, 24, 25, 27, 30, 31, 32, 33, 35, 
  36, 41, 45, 47, 53, 59, 61, 63 ],
[ 1, 5, 6, 7, 9, 10, 15, 17, 18, 19, 20, 21, 24, 25, 26, 27, 30, 31, 33, 34, 
  36, 45, 52, 54, 55, 57, 59, 61 ],
[ 1, 5, 6, 7, 9, 10, 13, 15, 17, 20, 21, 24, 26, 27, 30, 31, 32, 34, 36, 39, 
  40, 41, 45, 46, 54, 55, 59, 61 ],
[ 1, 5, 6, 7, 9, 10, 13, 15, 17, 20, 21, 24, 25, 26, 27, 30, 31, 32, 36, 39, 
  40, 41, 45, 48, 53, 54, 59, 63 ],
[ 1, 5, 6, 7, 9, 10, 13, 15, 17, 19, 20, 21, 24, 25, 26, 27, 30, 31, 35, 36, 
  39, 41, 45, 52, 53, 59, 61, 63 ],
[ 1, 5, 6, 7, 9, 10, 13, 15, 17, 18, 20, 21, 24, 26, 27, 30, 31, 36, 40, 41, 
  45, 46, 48, 52, 53, 54, 55, 59 ],
[ 1, 5, 6, 7, 9, 10, 13, 15, 17, 18, 20, 21, 24, 25, 26, 27, 30, 31, 34, 36, 
  40, 41, 45, 52, 54, 59, 61, 63 ],
[ 1, 5, 6, 7, 9, 10, 13, 15, 17, 18, 19, 20, 21, 24, 26, 27, 30, 31, 35, 36, 
  45, 46, 48, 52, 53, 57, 59, 63 ],
[ 1, 5, 6, 7, 9, 10, 12, 15, 17, 20, 21, 24, 26, 27, 30, 32, 33, 34, 36, 39, 
  40, 45, 46, 48, 54, 55, 57, 59 ],
[ 1, 5, 6, 7, 9, 10, 12, 15, 17, 18, 20, 21, 24, 26, 27, 30, 32, 33, 36, 40, 
  41, 45, 46, 48, 53, 54, 59, 63 ],
[ 1, 4, 5, 7, 10, 13, 17, 18, 20, 21, 22, 24, 25, 27, 29, 30, 31, 33, 36, 38, 
  39, 43, 45, 47, 48, 52, 55, 63 ],
[ 1, 4, 5, 7, 10, 13, 17, 18, 20, 21, 22, 23, 24, 25, 27, 29, 30, 31, 33, 36, 
  38, 39, 47, 48, 52, 55, 59, 63 ],
[ 1, 4, 5, 7, 10, 13, 15, 17, 18, 20, 21, 22, 24, 25, 27, 29, 30, 31, 33, 39, 
  43, 45, 47, 48, 52, 55, 56, 63 ],
[ 1, 4, 5, 7, 10, 13, 15, 17, 18, 20, 21, 22, 23, 24, 25, 27, 29, 30, 31, 33, 
  39, 47, 48, 52, 55, 56, 59, 63 ],
[ 1, 4, 5, 7, 10, 13, 14, 17, 18, 20, 21, 24, 26, 27, 29, 30, 31, 32, 33, 37, 
  39, 42, 46, 55, 58, 60, 61, 63 ],
[ 1, 4, 5, 7, 10, 13, 14, 16, 17, 18, 21, 24, 26, 27, 28, 30, 31, 33, 36, 38, 
  39, 46, 48, 50, 51, 52, 55, 63 ],
[ 1, 4, 5, 7, 10, 13, 14, 16, 17, 18, 21, 24, 25, 27, 29, 30, 31, 33, 36, 38, 
  39, 47, 48, 49, 51, 52, 55, 63 ],
[ 1, 4, 5, 7, 10, 13, 14, 16, 17, 18, 20, 21, 22, 24, 25, 27, 29, 30, 31, 33, 
  39, 47, 48, 52, 55, 58, 60, 63 ],
[ 1, 4, 5, 7, 10, 12, 13, 17, 18, 20, 21, 24, 26, 27, 30, 32, 33, 36, 39, 42, 
  43, 46, 48, 50, 55, 56, 59, 63 ],
[ 1, 4, 5, 7, 10, 12, 13, 14, 17, 18, 21, 24, 26, 27, 28, 30, 32, 33, 36, 37, 
  39, 46, 48, 50, 51, 55, 56, 63 ],
[ 1, 4, 5, 7, 10, 12, 13, 14, 17, 18, 20, 21, 24, 27, 29, 30, 33, 37, 39, 42, 
  44, 46, 47, 48, 52, 55, 63, 64 ],
[ 1, 4, 5, 7, 10, 12, 13, 14, 17, 18, 20, 21, 24, 26, 27, 30, 32, 33, 37, 39, 
  42, 46, 48, 50, 55, 58, 63, 64 ],
[ 1, 4, 5, 7, 10, 12, 13, 14, 17, 18, 20, 21, 24, 26, 27, 30, 32, 33, 37, 39, 
  42, 44, 46, 48, 50, 55, 60, 63 ],
[ 1, 4, 5, 7, 10, 12, 13, 14, 16, 17, 18, 21, 24, 27, 28, 30, 32, 33, 36, 38, 
  39, 46, 47, 50, 51, 55, 61, 63 ],
[ 1, 4, 5, 7, 10, 12, 13, 14, 16, 17, 18, 21, 24, 25, 27, 30, 32, 33, 36, 38, 
  39, 47, 48, 49, 50, 55, 62, 63 ],
[ 1, 4, 5, 7, 10, 12, 13, 14, 15, 17, 18, 21, 24, 26, 27, 30, 32, 33, 37, 38, 
  39, 46, 48, 49, 50, 55, 62, 63 ],
[ 1, 4, 5, 7, 10, 11, 13, 14, 16, 17, 18, 21, 24, 27, 29, 31, 32, 33, 36, 38, 
  39, 46, 47, 49, 51, 55, 61, 63 ],
[ 1, 4, 5, 7, 10, 11, 13, 14, 16, 17, 18, 21, 24, 26, 27, 31, 32, 33, 36, 38, 
  39, 46, 48, 49, 50, 55, 62, 63 ],
[ 1, 4, 5, 7, 10, 11, 12, 13, 17, 18, 20, 21, 24, 25, 26, 27, 33, 36, 39, 42, 
  43, 50, 52, 55, 56, 59, 61, 63 ],
[ 1, 4, 5, 7, 9, 10, 13, 17, 20, 21, 24, 27, 30, 31, 32, 33, 36, 39, 41, 42, 
  45, 46, 47, 48, 53, 55, 56, 59 ],
[ 1, 4, 5, 7, 9, 10, 13, 17, 20, 21, 24, 25, 27, 30, 31, 32, 33, 36, 39, 41, 
  42, 45, 47, 53, 55, 56, 59, 61 ],
[ 1, 4, 5, 7, 9, 10, 13, 17, 20, 21, 22, 24, 27, 30, 31, 32, 33, 36, 38, 39, 
  45, 46, 47, 48, 53, 57, 59, 63 ],
[ 1, 4, 5, 7, 9, 10, 13, 17, 20, 21, 22, 24, 25, 27, 30, 31, 32, 33, 36, 38, 
  39, 45, 47, 53, 57, 59, 61, 63 ],
[ 1, 4, 5, 7, 9, 10, 12, 13, 17, 20, 21, 24, 26, 27, 30, 33, 36, 39, 41, 42, 
  45, 46, 52, 53, 55, 56, 59, 61 ],
[ 1, 4, 5, 7, 9, 10, 12, 13, 17, 20, 21, 24, 25, 26, 27, 30, 33, 36, 39, 41, 
  42, 45, 48, 52, 53, 55, 56, 59 ],
[ 1, 4, 5, 7, 9, 10, 12, 13, 17, 20, 21, 22, 24, 26, 27, 30, 33, 36, 38, 39, 
  45, 46, 52, 53, 57, 59, 61, 63 ],
[ 1, 4, 5, 7, 9, 10, 12, 13, 17, 20, 21, 22, 24, 25, 26, 27, 30, 33, 36, 38, 
  39, 45, 48, 52, 53, 57, 59, 63 ],
[ 1, 4, 5, 6, 7, 10, 13, 17, 20, 21, 24, 25, 27, 29, 30, 31, 33, 38, 39, 41, 
  43, 45, 47, 48, 52, 53, 55, 56 ],
[ 1, 4, 5, 6, 7, 10, 13, 17, 20, 21, 24, 25, 27, 29, 30, 31, 33, 34, 38, 39, 
  41, 43, 45, 47, 48, 52, 56, 63 ],
[ 1, 4, 5, 6, 7, 10, 12, 13, 17, 20, 21, 24, 26, 27, 30, 32, 33, 38, 39, 43, 
  46, 48, 50, 53, 56, 57, 59, 63 ],
[ 1, 4, 5, 6, 7, 10, 12, 13, 17, 20, 21, 23, 24, 26, 27, 30, 32, 33, 38, 39, 
  45, 46, 48, 50, 53, 56, 57, 63 ],
[ 1, 3, 5, 6, 9, 10, 14, 17, 20, 24, 27, 29, 30, 31, 32, 33, 38, 39, 40, 41, 
  46, 47, 48, 50, 53, 54, 55, 56 ],
[ 1, 3, 5, 6, 9, 10, 14, 17, 20, 24, 27, 29, 30, 31, 32, 33, 34, 38, 39, 40, 
  41, 46, 47, 48, 50, 54, 56, 63 ],
[ 1, 3, 5, 6, 9, 10, 14, 17, 20, 24, 25, 27, 29, 30, 31, 32, 33, 38, 39, 40, 
  41, 47, 50, 53, 54, 55, 56, 61 ],
[ 1, 3, 5, 6, 9, 10, 14, 17, 20, 24, 25, 27, 29, 30, 31, 32, 33, 34, 38, 39, 
  40, 41, 47, 50, 54, 56, 61, 63 ],
[ 1, 3, 5, 6, 9, 10, 14, 17, 19, 20, 24, 27, 29, 30, 31, 32, 33, 35, 38, 39, 
  46, 47, 48, 50, 53, 56, 57, 63 ],
[ 1, 3, 5, 6, 9, 10, 14, 17, 19, 20, 24, 26, 27, 29, 30, 31, 33, 34, 38, 39, 
  41, 46, 48, 50, 52, 54, 55, 56 ],
[ 1, 3, 5, 6, 9, 10, 14, 17, 19, 20, 24, 26, 27, 29, 30, 31, 32, 33, 38, 39, 
  46, 50, 53, 54, 55, 56, 57, 61 ],
[ 1, 3, 5, 6, 9, 10, 14, 17, 19, 20, 24, 25, 27, 29, 30, 31, 33, 35, 38, 39, 
  41, 47, 48, 50, 52, 53, 55, 56 ],
[ 1, 3, 5, 6, 9, 10, 14, 17, 19, 20, 24, 25, 27, 29, 30, 31, 32, 33, 35, 38, 
  39, 47, 50, 53, 56, 57, 61, 63 ],
[ 1, 3, 5, 6, 9, 10, 14, 17, 19, 20, 24, 25, 26, 27, 29, 30, 31, 33, 34, 38, 
  39, 41, 50, 52, 54, 55, 56, 61 ],
[ 1, 3, 5, 6, 9, 10, 14, 17, 18, 20, 24, 26, 27, 29, 30, 31, 32, 33, 35, 38, 
  40, 46, 50, 53, 56, 57, 61, 63 ],
[ 1, 3, 5, 6, 9, 10, 13, 14, 17, 20, 24, 27, 29, 30, 31, 32, 34, 35, 38, 39, 
  40, 41, 46, 47, 48, 50, 56, 63 ],
[ 1, 3, 5, 6, 9, 10, 13, 14, 17, 20, 24, 25, 27, 29, 30, 31, 32, 34, 35, 38, 
  39, 40, 41, 47, 50, 56, 61, 63 ],
[ 1, 3, 5, 6, 9, 10, 13, 14, 17, 19, 20, 24, 25, 27, 29, 30, 31, 34, 38, 39, 
  41, 47, 48, 50, 52, 54, 56, 63 ],
[ 1, 3, 5, 6, 9, 10, 12, 14, 17, 20, 24, 26, 27, 29, 30, 32, 33, 34, 38, 39, 
  40, 46, 48, 50, 54, 55, 56, 57 ],
[ 1, 3, 5, 6, 9, 10, 12, 14, 17, 19, 20, 24, 27, 29, 30, 32, 33, 34, 38, 39, 
  41, 46, 47, 50, 54, 55, 56, 61 ],
[ 1, 3, 5, 6, 9, 10, 11, 14, 17, 20, 24, 26, 27, 29, 31, 32, 33, 35, 38, 39, 
  40, 46, 48, 50, 53, 55, 56, 57 ],
[ 1, 3, 5, 6, 9, 10, 11, 14, 17, 19, 20, 24, 27, 29, 31, 32, 33, 35, 38, 39, 
  41, 46, 47, 50, 53, 55, 56, 61 ],
[ 1, 3, 5, 6, 9, 10, 11, 13, 14, 17, 19, 20, 24, 27, 29, 31, 32, 34, 38, 39, 
  41, 46, 47, 50, 54, 56, 61, 63 ],
[ 1, 3, 4, 5, 9, 10, 14, 17, 20, 24, 27, 29, 30, 31, 32, 35, 36, 39, 41, 42, 
  46, 47, 48, 50, 53, 54, 55, 56 ],
[ 1, 3, 4, 5, 9, 10, 14, 17, 20, 24, 25, 27, 29, 30, 31, 32, 35, 36, 39, 41, 
  42, 47, 50, 53, 54, 55, 56, 61 ],
[ 1, 3, 4, 5, 9, 10, 14, 17, 20, 22, 24, 27, 29, 30, 31, 32, 35, 36, 38, 39, 
  46, 47, 48, 50, 53, 54, 57, 63 ],
[ 1, 3, 4, 5, 9, 10, 14, 17, 20, 22, 24, 25, 27, 29, 30, 31, 32, 35, 36, 38, 
  39, 47, 50, 53, 54, 57, 61, 63 ],
[ 1, 2, 9, 10, 11, 12, 14, 15, 16, 17, 20, 21, 22, 23, 27, 30, 31, 33, 34, 
  39, 40, 43, 48, 54, 55, 56, 57, 61 ],
[ 1, 2, 9, 10, 11, 12, 13, 14, 15, 16, 17, 20, 21, 22, 23, 27, 30, 31, 35, 
  39, 40, 43, 48, 53, 56, 57, 61, 63 ],
[ 1, 2, 8, 9, 10, 11, 14, 15, 16, 17, 20, 21, 22, 24, 27, 29, 30, 33, 34, 39, 
  40, 48, 50, 54, 55, 56, 57, 61 ],
[ 1, 2, 5, 7, 8, 10, 17, 18, 20, 21, 22, 24, 27, 30, 32, 33, 36, 38, 39, 40, 
  43, 46, 48, 50, 54, 55, 59, 63 ],
[ 1, 2, 5, 7, 8, 10, 17, 18, 20, 21, 22, 24, 27, 29, 30, 33, 36, 38, 39, 40, 
  43, 45, 46, 52, 54, 55, 61, 63 ],
[ 1, 2, 5, 7, 8, 10, 17, 18, 20, 21, 22, 24, 27, 29, 30, 33, 35, 36, 39, 40, 
  43, 46, 48, 52, 55, 56, 59, 63 ],
[ 1, 2, 5, 7, 8, 10, 17, 18, 20, 21, 22, 24, 25, 27, 30, 32, 33, 36, 38, 39, 
  40, 43, 50, 54, 55, 59, 61, 63 ],
[ 1, 2, 5, 7, 8, 10, 17, 18, 20, 21, 22, 24, 25, 27, 29, 30, 33, 36, 38, 39, 
  40, 43, 45, 48, 52, 54, 55, 63 ],
[ 1, 2, 5, 7, 8, 10, 17, 18, 20, 21, 22, 23, 24, 27, 29, 30, 33, 36, 38, 39, 
  40, 46, 52, 54, 55, 59, 61, 63 ],
[ 1, 2, 5, 7, 8, 10, 17, 18, 19, 20, 21, 24, 27, 30, 32, 33, 36, 38, 39, 42, 
  43, 45, 46, 50, 54, 55, 61, 63 ],
[ 1, 2, 5, 7, 8, 10, 17, 18, 19, 20, 21, 24, 27, 30, 32, 33, 35, 36, 39, 42, 
  43, 46, 48, 50, 55, 56, 59, 63 ],
[ 1, 2, 5, 7, 8, 10, 17, 18, 19, 20, 21, 24, 27, 29, 30, 33, 35, 36, 39, 42, 
  43, 45, 46, 52, 55, 56, 61, 63 ],
[ 1, 2, 5, 7, 8, 10, 17, 18, 19, 20, 21, 24, 25, 27, 30, 32, 33, 35, 36, 39, 
  42, 43, 50, 55, 56, 59, 61, 63 ],
[ 1, 2, 5, 7, 8, 10, 17, 18, 19, 20, 21, 24, 25, 27, 29, 30, 33, 35, 36, 39, 
  42, 43, 45, 48, 52, 55, 56, 63 ],
[ 1, 2, 5, 7, 8, 10, 17, 18, 19, 20, 21, 23, 24, 27, 30, 32, 33, 35, 36, 39, 
  42, 45, 46, 48, 50, 55, 56, 63 ],
[ 1, 2, 5, 7, 8, 10, 15, 17, 18, 20, 21, 24, 25, 27, 29, 30, 32, 33, 35, 39, 
  40, 42, 43, 48, 55, 56, 59, 63 ],
[ 1, 2, 5, 7, 8, 10, 15, 17, 18, 20, 21, 22, 24, 25, 27, 29, 30, 33, 39, 40, 
  43, 45, 48, 52, 54, 55, 56, 63 ],
[ 1, 2, 5, 7, 8, 10, 15, 17, 18, 20, 21, 22, 23, 24, 27, 30, 32, 33, 35, 38, 
  39, 40, 46, 50, 55, 59, 61, 63 ],
[ 1, 2, 5, 7, 8, 10, 15, 17, 18, 19, 20, 21, 24, 25, 27, 30, 32, 33, 35, 38, 
  39, 42, 43, 50, 55, 59, 61, 63 ],
[ 1, 2, 5, 7, 8, 10, 11, 17, 20, 21, 22, 24, 27, 29, 30, 33, 34, 36, 38, 39, 
  40, 43, 45, 48, 54, 55, 57, 61 ],
[ 1, 2, 5, 7, 8, 10, 11, 17, 20, 21, 22, 23, 24, 27, 29, 30, 33, 34, 36, 38, 
  39, 40, 48, 54, 55, 57, 59, 61 ],
[ 1, 2, 5, 7, 8, 10, 11, 17, 19, 20, 21, 24, 27, 30, 33, 35, 36, 39, 41, 42, 
  43, 48, 50, 53, 55, 56, 59, 61 ],
[ 1, 2, 5, 7, 8, 10, 11, 17, 19, 20, 21, 23, 24, 27, 30, 33, 35, 36, 39, 41, 
  42, 45, 48, 50, 53, 55, 56, 61 ],
[ 1, 2, 5, 7, 8, 10, 11, 17, 18, 20, 21, 22, 24, 27, 29, 30, 33, 36, 38, 40, 
  41, 43, 45, 48, 53, 54, 61, 63 ],
[ 1, 2, 5, 7, 8, 10, 11, 17, 18, 20, 21, 22, 23, 24, 27, 29, 30, 33, 36, 38, 
  40, 41, 48, 53, 54, 59, 61, 63 ],
[ 1, 2, 5, 7, 8, 10, 11, 14, 17, 19, 21, 24, 27, 29, 30, 33, 34, 36, 37, 39, 
  41, 48, 49, 51, 54, 55, 56, 61 ],
[ 1, 2, 5, 7, 8, 10, 11, 14, 17, 19, 21, 24, 27, 28, 30, 33, 35, 36, 37, 39, 
  41, 48, 50, 51, 53, 55, 56, 61 ],
[ 1, 2, 5, 7, 8, 10, 11, 14, 17, 19, 20, 21, 24, 27, 30, 33, 35, 37, 39, 41, 
  42, 48, 50, 53, 55, 58, 61, 64 ],
[ 1, 2, 5, 7, 8, 10, 11, 14, 17, 18, 21, 24, 27, 29, 30, 33, 35, 36, 37, 40, 
  41, 48, 49, 51, 53, 55, 56, 61 ],
[ 1, 2, 5, 7, 8, 10, 11, 14, 17, 18, 21, 24, 27, 29, 30, 33, 34, 35, 36, 37, 
  40, 41, 48, 49, 51, 56, 61, 63 ],
[ 1, 2, 5, 7, 8, 10, 11, 14, 17, 18, 19, 21, 24, 27, 29, 30, 33, 34, 36, 37, 
  48, 49, 51, 54, 55, 56, 57, 61 ],
[ 1, 2, 5, 7, 8, 10, 11, 14, 17, 18, 19, 21, 24, 27, 28, 30, 33, 34, 35, 36, 
  37, 48, 50, 51, 56, 57, 61, 63 ],
[ 1, 2, 5, 7, 8, 10, 11, 14, 17, 18, 19, 20, 21, 24, 27, 30, 33, 34, 35, 37, 
  42, 48, 50, 57, 58, 61, 63, 64 ],
[ 1, 2, 5, 7, 8, 10, 11, 14, 16, 17, 21, 24, 27, 29, 30, 33, 34, 36, 38, 39, 
  40, 48, 49, 51, 54, 55, 57, 61 ],
[ 1, 2, 5, 7, 8, 10, 11, 14, 16, 17, 20, 21, 22, 24, 27, 29, 30, 33, 34, 39, 
  40, 48, 54, 55, 57, 58, 60, 61 ],
[ 1, 2, 5, 7, 8, 10, 11, 14, 16, 17, 19, 20, 21, 22, 24, 27, 30, 33, 39, 48, 
  50, 53, 54, 55, 57, 58, 61, 64 ],
[ 1, 2, 5, 7, 8, 10, 11, 14, 16, 17, 19, 20, 21, 22, 24, 27, 30, 33, 39, 44, 
  48, 50, 53, 54, 55, 57, 60, 61 ],
[ 1, 2, 5, 7, 8, 10, 11, 14, 16, 17, 18, 21, 24, 27, 29, 30, 33, 36, 38, 40, 
  41, 48, 49, 51, 53, 54, 61, 63 ],
[ 1, 2, 5, 7, 8, 10, 11, 14, 16, 17, 18, 20, 21, 22, 24, 27, 29, 30, 33, 40, 
  41, 48, 53, 54, 58, 60, 61, 63 ],
[ 1, 2, 5, 7, 8, 9, 10, 17, 20, 21, 22, 24, 27, 30, 32, 33, 34, 36, 38, 39, 
  40, 45, 46, 48, 54, 55, 57, 59 ],
[ 1, 2, 5, 7, 8, 9, 10, 17, 19, 20, 21, 24, 27, 30, 33, 35, 36, 39, 41, 42, 
  45, 46, 52, 53, 55, 56, 59, 61 ],
[ 1, 2, 5, 7, 8, 9, 10, 17, 18, 20, 21, 22, 24, 27, 30, 32, 33, 36, 38, 40, 
  41, 45, 46, 48, 53, 54, 59, 63 ],
[ 1, 2, 5, 7, 8, 9, 10, 17, 18, 19, 20, 21, 24, 27, 30, 33, 34, 35, 36, 42, 
  45, 46, 52, 56, 57, 59, 61, 63 ],
[ 1, 2, 5, 6, 7, 8, 10, 17, 20, 21, 24, 27, 30, 32, 33, 38, 39, 40, 41, 43, 
  46, 48, 50, 53, 54, 55, 56, 59 ],
[ 1, 2, 5, 6, 7, 8, 10, 17, 20, 21, 24, 27, 30, 32, 33, 34, 38, 39, 40, 41, 
  43, 46, 48, 50, 54, 56, 59, 63 ],
[ 1, 2, 5, 6, 7, 8, 10, 17, 20, 21, 24, 27, 29, 30, 33, 38, 39, 40, 41, 43, 
  45, 46, 52, 53, 54, 55, 56, 61 ],
[ 1, 2, 5, 6, 7, 8, 10, 17, 20, 21, 24, 27, 29, 30, 33, 34, 38, 39, 40, 41, 
  43, 45, 46, 52, 54, 56, 61, 63 ],
[ 1, 2, 5, 6, 7, 8, 10, 17, 19, 20, 21, 24, 27, 30, 32, 33, 35, 38, 39, 43, 
  46, 48, 50, 53, 56, 57, 59, 63 ],
[ 1, 2, 5, 6, 7, 8, 10, 17, 19, 20, 21, 24, 27, 30, 32, 33, 34, 35, 38, 39, 
  43, 46, 48, 50, 55, 56, 57, 59 ],
[ 1, 2, 5, 6, 7, 8, 10, 17, 19, 20, 21, 24, 27, 29, 30, 33, 35, 38, 39, 43, 
  45, 46, 52, 53, 56, 57, 61, 63 ],
[ 1, 2, 5, 6, 7, 8, 10, 17, 19, 20, 21, 24, 27, 29, 30, 33, 34, 35, 38, 39, 
  43, 45, 46, 52, 55, 56, 57, 61 ],
[ 1, 2, 4, 5, 7, 8, 10, 17, 20, 21, 24, 27, 30, 32, 35, 36, 39, 41, 42, 43, 
  46, 48, 50, 53, 54, 55, 56, 59 ],
[ 1, 2, 4, 5, 7, 8, 10, 17, 20, 21, 24, 27, 30, 32, 34, 35, 36, 39, 41, 42, 
  43, 46, 48, 50, 54, 56, 59, 63 ],
[ 1, 2, 4, 5, 7, 8, 10, 17, 20, 21, 24, 27, 30, 32, 34, 35, 36, 38, 39, 41, 
  42, 43, 45, 46, 50, 54, 55, 61 ],
[ 1, 2, 4, 5, 7, 8, 10, 17, 20, 21, 24, 27, 29, 30, 35, 36, 39, 41, 42, 43, 
  45, 46, 52, 53, 54, 55, 56, 61 ],
[ 1, 2, 4, 5, 7, 8, 10, 17, 20, 21, 24, 27, 29, 30, 34, 35, 36, 39, 41, 42, 
  43, 45, 46, 52, 54, 56, 61, 63 ],
[ 1, 2, 4, 5, 7, 8, 10, 17, 20, 21, 24, 25, 27, 30, 32, 34, 35, 36, 39, 41, 
  42, 43, 50, 54, 56, 59, 61, 63 ],
[ 1, 2, 4, 5, 7, 8, 10, 17, 20, 21, 24, 25, 27, 29, 30, 35, 36, 38, 39, 41, 
  42, 43, 52, 53, 54, 59, 61, 63 ],
[ 1, 2, 4, 5, 7, 8, 10, 17, 20, 21, 23, 24, 27, 30, 32, 35, 36, 39, 41, 42, 
  45, 46, 48, 50, 53, 54, 55, 56 ],
[ 1, 2, 4, 5, 7, 8, 10, 17, 20, 21, 22, 24, 27, 30, 34, 35, 36, 39, 41, 43, 
  45, 46, 48, 50, 52, 54, 55, 56 ],
[ 1, 2, 4, 5, 7, 8, 10, 17, 20, 21, 22, 24, 27, 30, 32, 35, 36, 38, 39, 43, 
  46, 48, 50, 53, 54, 57, 59, 63 ],
[ 1, 2, 4, 5, 7, 8, 10, 17, 20, 21, 22, 24, 27, 30, 32, 34, 35, 36, 39, 43, 
  45, 46, 50, 54, 56, 57, 61, 63 ],
[ 1, 2, 4, 5, 7, 8, 10, 17, 20, 21, 22, 24, 27, 30, 32, 34, 35, 36, 38, 39, 
  43, 46, 48, 50, 54, 55, 57, 59 ],
[ 1, 2, 4, 5, 7, 8, 10, 17, 20, 21, 22, 24, 27, 29, 30, 35, 36, 38, 39, 43, 
  45, 46, 52, 53, 54, 57, 61, 63 ],
[ 1, 2, 4, 5, 7, 8, 10, 17, 20, 21, 22, 24, 27, 29, 30, 34, 35, 36, 38, 39, 
  43, 45, 46, 52, 54, 55, 57, 61 ],
[ 1, 2, 4, 5, 7, 8, 10, 17, 20, 21, 22, 24, 25, 27, 29, 30, 34, 35, 36, 38, 
  39, 43, 45, 48, 52, 54, 55, 57 ],
[ 1, 2, 4, 5, 7, 8, 10, 17, 20, 21, 22, 23, 24, 27, 29, 30, 35, 36, 38, 39, 
  46, 52, 53, 54, 57, 59, 61, 63 ],
[ 1, 2, 4, 5, 7, 8, 10, 14, 17, 21, 24, 27, 29, 30, 32, 35, 36, 37, 38, 39, 
  46, 49, 53, 54, 55, 57, 61, 62 ],
[ 1, 2, 4, 5, 7, 8, 10, 14, 17, 21, 24, 27, 28, 30, 34, 35, 36, 37, 38, 39, 
  41, 46, 48, 50, 52, 54, 55, 62 ],
[ 1, 2, 4, 5, 7, 8, 10, 14, 17, 21, 24, 27, 28, 30, 32, 35, 36, 37, 39, 41, 
  46, 48, 50, 51, 53, 54, 55, 56 ],
[ 1, 2, 4, 5, 7, 8, 10, 14, 17, 21, 24, 27, 28, 30, 32, 34, 35, 36, 37, 39, 
  41, 46, 48, 50, 51, 54, 56, 63 ],
[ 1, 2, 4, 5, 7, 8, 10, 14, 17, 21, 24, 25, 27, 30, 34, 35, 36, 37, 38, 39, 
  41, 49, 50, 51, 52, 54, 55, 61 ],
[ 1, 2, 4, 5, 7, 8, 10, 14, 17, 21, 24, 25, 27, 29, 30, 34, 35, 36, 37, 38, 
  39, 41, 49, 52, 54, 55, 61, 62 ],
[ 1, 2, 4, 5, 7, 8, 10, 14, 17, 21, 24, 25, 27, 28, 30, 32, 35, 36, 37, 39, 
  41, 50, 51, 53, 54, 55, 56, 61 ],
[ 1, 2, 4, 5, 7, 8, 10, 14, 17, 21, 24, 25, 27, 28, 30, 32, 34, 35, 36, 37, 
  39, 41, 50, 51, 54, 56, 61, 63 ],
[ 1, 2, 4, 5, 7, 8, 10, 14, 17, 20, 21, 24, 27, 30, 32, 35, 37, 39, 41, 42, 
  46, 48, 50, 53, 54, 55, 58, 64 ],
[ 1, 2, 4, 5, 7, 8, 10, 14, 17, 20, 21, 24, 27, 30, 32, 35, 37, 39, 41, 42, 
  44, 46, 48, 50, 53, 54, 55, 60 ],
[ 1, 2, 4, 5, 7, 8, 10, 14, 17, 20, 21, 24, 27, 30, 32, 34, 35, 37, 39, 41, 
  42, 46, 48, 50, 54, 58, 63, 64 ],
[ 1, 2, 4, 5, 7, 8, 10, 14, 17, 20, 21, 24, 27, 30, 32, 34, 35, 37, 39, 41, 
  42, 44, 46, 48, 50, 54, 60, 63 ],
[ 1, 2, 4, 5, 7, 8, 10, 14, 17, 20, 21, 24, 25, 27, 30, 32, 35, 37, 39, 41, 
  42, 50, 53, 54, 55, 58, 61, 64 ],
[ 1, 2, 4, 5, 7, 8, 10, 14, 17, 20, 21, 24, 25, 27, 30, 32, 35, 37, 39, 41, 
  42, 44, 50, 53, 54, 55, 60, 61 ],
[ 1, 2, 4, 5, 7, 8, 10, 14, 17, 20, 21, 24, 25, 27, 30, 32, 34, 35, 37, 39, 
  41, 42, 50, 54, 58, 61, 63, 64 ],
[ 1, 2, 4, 5, 7, 8, 10, 14, 17, 20, 21, 24, 25, 27, 30, 32, 34, 35, 37, 39, 
  41, 42, 44, 50, 54, 60, 61, 63 ],
[ 1, 2, 4, 5, 7, 8, 10, 14, 17, 20, 21, 22, 24, 27, 30, 34, 35, 37, 39, 41, 
  44, 46, 48, 50, 52, 54, 55, 64 ],
[ 1, 2, 4, 5, 7, 8, 10, 14, 17, 20, 21, 22, 24, 27, 29, 30, 35, 37, 39, 44, 
  46, 48, 52, 53, 54, 55, 57, 60 ],
[ 1, 2, 4, 5, 7, 8, 10, 14, 17, 20, 21, 22, 24, 27, 29, 30, 32, 35, 37, 39, 
  41, 44, 46, 53, 54, 60, 61, 63 ],
[ 1, 2, 4, 5, 7, 8, 10, 14, 17, 20, 21, 22, 24, 25, 27, 30, 34, 35, 37, 39, 
  41, 50, 52, 54, 55, 58, 60, 61 ],
[ 1, 2, 4, 5, 7, 8, 10, 14, 17, 18, 20, 21, 24, 27, 30, 32, 35, 37, 42, 46, 
  48, 50, 53, 54, 55, 57, 58, 64 ],
[ 1, 2, 4, 5, 7, 8, 10, 14, 17, 18, 20, 21, 24, 27, 30, 32, 35, 37, 42, 44, 
  46, 48, 50, 53, 54, 55, 57, 60 ],
[ 1, 2, 4, 5, 7, 8, 10, 14, 17, 18, 20, 21, 24, 25, 27, 30, 32, 34, 35, 37, 
  42, 50, 54, 57, 58, 61, 63, 64 ],
[ 1, 2, 4, 5, 7, 8, 10, 14, 17, 18, 20, 21, 24, 25, 27, 30, 32, 34, 35, 37, 
  42, 44, 50, 54, 57, 60, 61, 63 ],
[ 1, 2, 4, 5, 7, 8, 10, 14, 16, 17, 21, 24, 27, 30, 34, 35, 36, 39, 41, 46, 
  48, 49, 50, 51, 52, 54, 55, 56 ],
[ 1, 2, 4, 5, 7, 8, 10, 14, 16, 17, 21, 24, 27, 30, 32, 34, 35, 36, 39, 46, 
  49, 50, 51, 54, 56, 57, 61, 63 ],
[ 1, 2, 4, 5, 7, 8, 10, 14, 16, 17, 21, 24, 27, 29, 30, 35, 36, 38, 39, 46, 
  49, 51, 52, 53, 54, 57, 61, 63 ],
[ 1, 2, 4, 5, 7, 8, 10, 14, 16, 17, 21, 24, 27, 29, 30, 34, 35, 36, 39, 41, 
  46, 48, 49, 52, 54, 55, 56, 62 ],
[ 1, 2, 4, 5, 7, 8, 10, 14, 16, 17, 21, 24, 27, 29, 30, 34, 35, 36, 38, 39, 
  46, 49, 51, 52, 54, 55, 57, 61 ],
[ 1, 2, 4, 5, 7, 8, 10, 14, 16, 17, 21, 24, 27, 28, 29, 30, 35, 36, 39, 41, 
  46, 48, 51, 52, 53, 54, 56, 63 ],
[ 1, 2, 4, 5, 7, 8, 10, 14, 16, 17, 21, 24, 27, 28, 29, 30, 35, 36, 38, 39, 
  46, 52, 53, 54, 57, 61, 62, 63 ],
[ 1, 2, 4, 5, 7, 8, 10, 14, 16, 17, 21, 24, 27, 28, 29, 30, 34, 35, 36, 38, 
  39, 46, 52, 54, 55, 57, 61, 62 ],
[ 1, 2, 4, 5, 7, 8, 10, 14, 16, 17, 21, 24, 25, 27, 29, 30, 35, 36, 38, 39, 
  48, 49, 51, 52, 53, 54, 57, 63 ],
[ 1, 2, 4, 5, 7, 8, 10, 14, 16, 17, 21, 24, 25, 27, 29, 30, 34, 35, 36, 38, 
  39, 48, 49, 51, 52, 54, 55, 57 ],
[ 1, 2, 4, 5, 7, 8, 10, 14, 16, 17, 21, 24, 25, 27, 28, 29, 30, 35, 36, 38, 
  39, 48, 52, 53, 54, 57, 62, 63 ],
[ 1, 2, 4, 5, 7, 8, 10, 14, 16, 17, 21, 24, 25, 27, 28, 29, 30, 34, 35, 36, 
  38, 39, 48, 52, 54, 55, 57, 62 ],
[ 1, 2, 4, 5, 7, 8, 10, 14, 16, 17, 20, 21, 24, 27, 30, 32, 34, 35, 39, 41, 
  42, 44, 46, 50, 54, 55, 61, 64 ],
[ 1, 2, 4, 5, 7, 8, 10, 14, 16, 17, 20, 21, 24, 27, 29, 30, 35, 39, 41, 42, 
  44, 46, 48, 52, 53, 54, 60, 63 ],
[ 1, 2, 4, 5, 7, 8, 10, 14, 16, 17, 20, 21, 24, 27, 29, 30, 34, 35, 39, 41, 
  42, 46, 48, 52, 54, 55, 58, 64 ],
[ 1, 2, 4, 5, 7, 8, 10, 14, 16, 17, 20, 21, 22, 24, 27, 29, 30, 35, 39, 46, 
  52, 53, 54, 57, 58, 60, 61, 63 ],
[ 1, 2, 4, 5, 7, 8, 10, 14, 16, 17, 20, 21, 22, 24, 27, 29, 30, 34, 35, 39, 
  46, 52, 54, 55, 57, 58, 60, 61 ],
[ 1, 2, 4, 5, 7, 8, 10, 14, 16, 17, 20, 21, 22, 24, 25, 27, 29, 30, 35, 39, 
  48, 52, 53, 54, 57, 58, 60, 63 ],
[ 1, 2, 4, 5, 7, 8, 10, 14, 16, 17, 20, 21, 22, 24, 25, 27, 29, 30, 34, 35, 
  39, 48, 52, 54, 55, 57, 58, 60 ],
[ 1, 2, 4, 5, 7, 8, 10, 14, 16, 17, 18, 20, 21, 24, 27, 30, 35, 41, 42, 44, 
  46, 48, 50, 52, 53, 54, 55, 64 ],
[ 1, 2, 4, 5, 7, 8, 10, 14, 16, 17, 18, 20, 21, 22, 24, 27, 29, 30, 35, 41, 
  46, 52, 53, 54, 58, 60, 61, 63 ],
[ 1, 2, 4, 5, 7, 8, 10, 14, 16, 17, 18, 20, 21, 22, 24, 25, 27, 29, 30, 34, 
  35, 41, 48, 52, 54, 55, 58, 60 ],
[ 1, 2, 3, 5, 10, 11, 12, 14, 17, 20, 22, 27, 29, 30, 31, 33, 34, 36, 38, 39, 
  40, 43, 45, 48, 54, 55, 57, 61 ],
[ 1, 2, 3, 5, 10, 11, 12, 14, 17, 20, 22, 23, 27, 29, 30, 31, 33, 34, 36, 38, 
  39, 40, 48, 54, 55, 57, 59, 61 ],
[ 1, 2, 3, 5, 10, 11, 12, 14, 17, 19, 20, 27, 30, 31, 33, 35, 36, 39, 41, 42, 
  43, 48, 50, 53, 55, 56, 59, 61 ],
[ 1, 2, 3, 5, 10, 11, 12, 14, 17, 18, 19, 20, 27, 30, 31, 33, 34, 35, 36, 42, 
  43, 48, 50, 56, 57, 59, 61, 63 ],
[ 1, 2, 3, 5, 9, 10, 14, 17, 20, 22, 26, 27, 29, 30, 32, 33, 34, 36, 38, 39, 
  40, 46, 47, 48, 50, 54, 55, 57 ],
[ 1, 2, 3, 5, 9, 10, 14, 17, 20, 22, 25, 26, 27, 29, 30, 32, 33, 34, 36, 38, 
  39, 40, 47, 50, 54, 55, 57, 61 ],
[ 1, 2, 3, 5, 9, 10, 14, 17, 19, 20, 26, 27, 29, 30, 33, 35, 36, 39, 41, 42, 
  46, 47, 50, 52, 53, 55, 56, 61 ],
[ 1, 2, 3, 5, 9, 10, 14, 17, 18, 19, 20, 26, 27, 29, 30, 33, 34, 35, 36, 42, 
  46, 47, 50, 52, 56, 57, 61, 63 ],
[ 1, 2, 3, 5, 9, 10, 12, 14, 17, 20, 22, 27, 30, 31, 32, 33, 34, 36, 38, 39, 
  40, 45, 46, 48, 54, 55, 57, 59 ],
[ 1, 2, 3, 5, 9, 10, 12, 14, 17, 20, 22, 25, 27, 30, 31, 32, 33, 34, 36, 38, 
  39, 40, 45, 54, 55, 57, 59, 61 ],
[ 1, 2, 3, 5, 9, 10, 12, 14, 17, 19, 20, 27, 30, 31, 33, 35, 36, 39, 41, 42, 
  45, 46, 52, 53, 55, 56, 59, 61 ],
[ 1, 2, 3, 5, 9, 10, 12, 14, 17, 18, 19, 20, 27, 30, 31, 33, 34, 35, 36, 42, 
  45, 46, 52, 56, 57, 59, 61, 63 ],
[ 1, 2, 3, 5, 6, 10, 12, 14, 17, 20, 27, 30, 31, 32, 33, 38, 39, 40, 41, 43, 
  46, 48, 50, 53, 54, 55, 56, 59 ],
[ 1, 2, 3, 5, 6, 10, 12, 14, 17, 20, 27, 30, 31, 32, 33, 34, 38, 39, 40, 41, 
  43, 46, 48, 50, 54, 56, 59, 63 ],
[ 1, 2, 3, 5, 6, 10, 12, 14, 17, 20, 27, 29, 30, 31, 33, 38, 39, 40, 41, 43, 
  45, 46, 52, 53, 54, 55, 56, 61 ],
[ 1, 2, 3, 5, 6, 10, 12, 14, 17, 20, 27, 29, 30, 31, 33, 34, 38, 39, 40, 41, 
  43, 45, 46, 52, 54, 56, 61, 63 ],
[ 1, 2, 3, 5, 6, 10, 12, 14, 17, 20, 24, 27, 29, 30, 31, 33, 35, 38, 39, 40, 
  41, 47, 52, 53, 56, 58, 60, 63 ],
[ 1, 2, 3, 5, 6, 10, 12, 14, 17, 20, 24, 27, 29, 30, 31, 33, 34, 35, 38, 39, 
  40, 41, 47, 52, 55, 56, 58, 60 ],
[ 1, 2, 3, 5, 6, 10, 12, 14, 17, 20, 24, 26, 27, 29, 30, 31, 32, 33, 34, 38, 
  39, 40, 54, 55, 56, 57, 58, 60 ],
[ 1, 2, 3, 5, 6, 10, 12, 14, 17, 20, 24, 26, 27, 28, 31, 33, 35, 38, 39, 40, 
  46, 48, 50, 51, 53, 55, 56, 57 ],
[ 1, 2, 3, 5, 6, 10, 12, 14, 17, 20, 24, 26, 27, 28, 31, 33, 34, 35, 38, 39, 
  40, 46, 48, 50, 51, 56, 57, 63 ],
[ 1, 2, 3, 5, 6, 10, 12, 14, 17, 20, 24, 25, 27, 29, 31, 33, 35, 38, 39, 40, 
  47, 48, 49, 51, 53, 55, 56, 57 ],
[ 1, 2, 3, 5, 6, 10, 12, 14, 17, 20, 24, 25, 27, 28, 29, 31, 33, 35, 38, 39, 
  40, 47, 48, 53, 55, 56, 57, 62 ],
[ 1, 2, 3, 5, 6, 10, 12, 14, 17, 20, 23, 27, 30, 31, 32, 33, 38, 39, 40, 41, 
  45, 46, 48, 50, 53, 54, 55, 56 ],
[ 1, 2, 3, 5, 6, 10, 12, 14, 17, 20, 23, 27, 30, 31, 32, 33, 34, 38, 39, 40, 
  41, 45, 46, 48, 50, 54, 56, 63 ],
[ 1, 2, 3, 5, 6, 10, 12, 14, 17, 20, 23, 27, 29, 30, 31, 33, 38, 39, 40, 41, 
  46, 52, 53, 54, 55, 56, 59, 61 ],
[ 1, 2, 3, 5, 6, 10, 12, 14, 17, 20, 23, 27, 29, 30, 31, 33, 34, 38, 39, 40, 
  41, 46, 52, 54, 56, 59, 61, 63 ],
[ 1, 2, 3, 5, 6, 10, 12, 14, 17, 19, 20, 24, 27, 29, 31, 33, 34, 38, 39, 41, 
  46, 47, 49, 51, 54, 55, 56, 61 ],
[ 1, 2, 3, 5, 6, 10, 12, 14, 17, 19, 20, 24, 27, 28, 31, 33, 35, 38, 39, 41, 
  46, 47, 50, 51, 53, 55, 56, 61 ],
[ 1, 2, 3, 5, 6, 10, 12, 14, 17, 19, 20, 24, 27, 28, 29, 31, 33, 34, 38, 39, 
  41, 46, 47, 54, 55, 56, 61, 62 ],
[ 1, 2, 3, 5, 6, 10, 12, 14, 17, 19, 20, 24, 26, 27, 31, 33, 34, 38, 39, 41, 
  46, 48, 49, 50, 54, 55, 56, 62 ],
[ 1, 2, 3, 5, 6, 10, 12, 14, 17, 19, 20, 24, 26, 27, 30, 31, 32, 33, 38, 39, 
  50, 53, 54, 55, 56, 57, 58, 64 ],
[ 1, 2, 3, 5, 6, 10, 12, 14, 17, 19, 20, 24, 25, 27, 31, 33, 35, 38, 39, 41, 
  47, 48, 49, 50, 53, 55, 56, 62 ],
[ 1, 2, 3, 5, 6, 10, 12, 14, 17, 19, 20, 24, 25, 26, 27, 31, 33, 34, 38, 39, 
  41, 49, 50, 54, 55, 56, 61, 62 ],
[ 1, 2, 3, 5, 6, 10, 12, 14, 17, 18, 20, 24, 26, 27, 30, 31, 32, 33, 35, 38, 
  40, 50, 53, 56, 57, 58, 63, 64 ],
[ 1, 2, 3, 5, 6, 10, 12, 14, 17, 18, 20, 24, 26, 27, 29, 30, 31, 32, 33, 38, 
  40, 41, 53, 54, 56, 58, 60, 63 ],
[ 1, 2, 3, 4, 5, 10, 12, 14, 17, 20, 27, 30, 31, 32, 35, 36, 39, 41, 42, 43, 
  46, 48, 50, 53, 54, 55, 56, 59 ],
[ 1, 2, 3, 4, 5, 10, 12, 14, 17, 20, 27, 30, 31, 32, 34, 35, 36, 39, 41, 42, 
  43, 46, 48, 50, 54, 56, 59, 63 ],
[ 1, 2, 3, 4, 5, 10, 12, 14, 17, 20, 27, 30, 31, 32, 34, 35, 36, 38, 39, 41, 
  42, 43, 45, 46, 50, 54, 55, 61 ],
[ 1, 2, 3, 4, 5, 10, 12, 14, 17, 20, 27, 29, 30, 31, 35, 36, 39, 41, 42, 43, 
  45, 46, 52, 53, 54, 55, 56, 61 ],
[ 1, 2, 3, 4, 5, 10, 12, 14, 17, 20, 27, 29, 30, 31, 34, 35, 36, 39, 41, 42, 
  43, 45, 46, 52, 54, 56, 61, 63 ],
[ 1, 2, 3, 4, 5, 10, 12, 14, 17, 20, 25, 27, 30, 31, 32, 35, 36, 38, 39, 41, 
  42, 43, 45, 48, 50, 53, 54, 63 ],
[ 1, 2, 3, 4, 5, 10, 12, 14, 17, 20, 25, 27, 29, 30, 31, 35, 36, 38, 39, 41, 
  42, 43, 52, 53, 54, 59, 61, 63 ],
[ 1, 2, 3, 4, 5, 10, 12, 14, 17, 20, 24, 27, 30, 31, 32, 35, 36, 38, 39, 41, 
  42, 47, 50, 53, 54, 58, 60, 63 ],
[ 1, 2, 3, 4, 5, 10, 12, 14, 17, 20, 24, 27, 28, 31, 35, 36, 38, 39, 41, 42, 
  46, 47, 48, 50, 53, 54, 62, 63 ],
[ 1, 2, 3, 4, 5, 10, 12, 14, 17, 20, 24, 26, 27, 31, 34, 35, 36, 38, 39, 41, 
  42, 46, 49, 50, 51, 54, 55, 61 ],
[ 1, 2, 3, 4, 5, 10, 12, 14, 17, 20, 24, 25, 27, 29, 31, 34, 35, 36, 38, 39, 
  41, 42, 47, 49, 54, 55, 61, 62 ],
[ 1, 2, 3, 4, 5, 10, 12, 14, 17, 20, 24, 25, 26, 27, 31, 35, 36, 38, 39, 41, 
  42, 48, 49, 50, 51, 53, 54, 63 ],
[ 1, 2, 3, 4, 5, 10, 12, 14, 17, 20, 23, 25, 27, 29, 30, 31, 34, 35, 36, 38, 
  39, 41, 42, 45, 52, 54, 55, 61 ],
[ 1, 2, 3, 4, 5, 10, 12, 14, 17, 20, 22, 27, 30, 31, 32, 35, 36, 38, 39, 43, 
  46, 48, 50, 53, 54, 57, 59, 63 ],
[ 1, 2, 3, 4, 5, 10, 12, 14, 17, 20, 22, 27, 30, 31, 32, 34, 35, 36, 38, 39, 
  43, 46, 48, 50, 54, 55, 57, 59 ],
[ 1, 2, 3, 4, 5, 10, 12, 14, 17, 20, 22, 27, 29, 30, 31, 35, 36, 38, 39, 43, 
  45, 46, 52, 53, 54, 57, 61, 63 ],
[ 1, 2, 3, 4, 5, 10, 12, 14, 17, 20, 22, 27, 29, 30, 31, 34, 35, 36, 38, 39, 
  43, 45, 46, 52, 54, 55, 57, 61 ],
[ 1, 2, 3, 4, 5, 10, 12, 14, 17, 20, 22, 24, 27, 29, 30, 31, 32, 35, 36, 39, 
  41, 44, 47, 53, 54, 56, 60, 63 ],
[ 1, 2, 3, 4, 5, 10, 12, 14, 17, 20, 22, 24, 26, 27, 30, 31, 34, 35, 36, 39, 
  41, 44, 50, 52, 54, 55, 56, 64 ],
[ 1, 2, 3, 4, 5, 10, 12, 14, 17, 20, 22, 24, 26, 27, 29, 30, 31, 35, 36, 39, 
  52, 53, 54, 55, 56, 57, 58, 64 ]
];

