## Group: [64, 173]
## Difference Sets: 192
## Time:  0:05:45.011

return [
[ 1, 4, 6, 7, 8, 11, 15, 16, 17, 18, 22, 24, 25, 28, 29, 30, 32, 33, 34, 36, 
  37, 39, 46, 49, 50, 52, 54, 55 ],
[ 1, 4, 6, 7, 8, 11, 15, 16, 17, 18, 22, 24, 25, 27, 28, 30, 32, 34, 35, 36, 
  37, 39, 46, 50, 51, 52, 53, 54 ],
[ 1, 4, 6, 7, 8, 11, 15, 16, 17, 18, 22, 24, 25, 27, 28, 29, 30, 32, 33, 34, 
  36, 37, 39, 46, 52, 54, 55, 62 ],
[ 1, 4, 6, 7, 8, 11, 14, 15, 17, 18, 22, 24, 25, 28, 29, 30, 32, 34, 35, 37, 
  38, 39, 46, 49, 50, 52, 53, 54 ],
[ 1, 4, 6, 7, 8, 11, 14, 15, 17, 18, 22, 24, 25, 28, 29, 30, 32, 33, 34, 35, 
  37, 38, 39, 46, 49, 50, 52, 63 ],
[ 1, 4, 6, 7, 8, 11, 14, 15, 17, 18, 22, 24, 25, 27, 28, 29, 30, 32, 34, 35, 
  37, 38, 39, 46, 52, 53, 54, 62 ],
[ 1, 4, 6, 7, 8, 11, 14, 15, 17, 18, 22, 24, 25, 27, 28, 29, 30, 32, 33, 34, 
  35, 37, 38, 39, 46, 52, 62, 63 ],
[ 1, 4, 6, 7, 8, 11, 14, 15, 16, 17, 18, 22, 24, 25, 28, 29, 30, 32, 33, 34, 
  39, 46, 49, 50, 52, 54, 55, 56 ],
[ 1, 4, 6, 7, 8, 11, 14, 15, 16, 17, 18, 22, 24, 25, 27, 28, 29, 30, 32, 33, 
  34, 39, 46, 52, 54, 55, 56, 62 ],
[ 1, 4, 6, 7, 8, 11, 13, 15, 16, 17, 18, 22, 24, 25, 28, 29, 30, 32, 35, 36, 
  37, 39, 46, 49, 50, 52, 53, 63 ],
[ 1, 4, 6, 7, 8, 11, 13, 15, 16, 17, 18, 22, 24, 25, 27, 28, 29, 30, 32, 35, 
  36, 37, 39, 46, 52, 53, 62, 63 ],
[ 1, 4, 6, 7, 8, 11, 13, 14, 15, 16, 17, 18, 22, 24, 25, 28, 29, 30, 32, 35, 
  39, 46, 49, 50, 52, 53, 56, 63 ],
[ 1, 4, 6, 7, 8, 11, 13, 14, 15, 16, 17, 18, 22, 24, 25, 27, 28, 29, 30, 32, 
  35, 39, 46, 52, 53, 56, 62, 63 ],
[ 1, 4, 6, 7, 8, 11, 12, 15, 17, 18, 22, 24, 25, 28, 29, 30, 31, 33, 34, 36, 
  38, 39, 46, 49, 50, 54, 55, 56 ],
[ 1, 4, 6, 7, 8, 11, 12, 15, 16, 17, 18, 22, 24, 25, 28, 30, 31, 33, 34, 36, 
  37, 39, 46, 49, 51, 54, 55, 62 ],
[ 1, 4, 6, 7, 8, 11, 12, 14, 15, 17, 18, 22, 24, 25, 28, 30, 31, 34, 35, 37, 
  38, 39, 46, 49, 51, 53, 54, 62 ],
[ 1, 4, 6, 7, 8, 11, 12, 14, 15, 17, 18, 22, 24, 25, 28, 30, 31, 33, 34, 35, 
  37, 38, 39, 46, 49, 51, 62, 63 ],
[ 1, 4, 6, 7, 8, 11, 12, 14, 15, 17, 18, 22, 24, 25, 28, 29, 30, 31, 34, 37, 
  38, 39, 46, 49, 50, 53, 55, 63 ],
[ 1, 4, 6, 7, 8, 11, 12, 14, 15, 16, 17, 18, 22, 24, 25, 28, 30, 31, 33, 34, 
  39, 46, 49, 51, 54, 55, 56, 62 ],
[ 1, 4, 6, 7, 8, 11, 12, 13, 14, 15, 17, 18, 22, 24, 25, 28, 30, 31, 37, 38, 
  39, 46, 49, 51, 53, 54, 55, 62 ],
[ 1, 4, 6, 7, 8, 11, 12, 13, 14, 15, 17, 18, 22, 24, 25, 28, 30, 31, 33, 37, 
  38, 39, 46, 49, 51, 55, 62, 63 ],
[ 1, 4, 6, 7, 8, 10, 11, 15, 17, 18, 22, 24, 25, 28, 29, 31, 32, 34, 35, 36, 
  38, 39, 46, 49, 50, 53, 54, 56 ],
[ 1, 4, 6, 7, 8, 10, 11, 15, 17, 18, 22, 24, 25, 28, 29, 31, 32, 33, 34, 35, 
  36, 38, 39, 46, 49, 50, 56, 63 ],
[ 1, 4, 6, 7, 8, 10, 11, 15, 16, 17, 18, 22, 24, 25, 28, 31, 32, 34, 35, 36, 
  37, 39, 46, 49, 51, 53, 54, 62 ],
[ 1, 4, 6, 7, 8, 10, 11, 15, 16, 17, 18, 22, 24, 25, 28, 29, 31, 32, 34, 36, 
  37, 39, 46, 49, 50, 53, 55, 63 ],
[ 1, 4, 6, 7, 8, 10, 11, 14, 15, 16, 17, 18, 22, 24, 25, 28, 29, 31, 32, 34, 
  39, 46, 49, 50, 53, 55, 56, 63 ],
[ 1, 4, 6, 7, 8, 10, 11, 13, 15, 16, 17, 18, 22, 24, 25, 28, 29, 31, 32, 33, 
  35, 36, 37, 39, 46, 49, 50, 54 ],
[ 1, 4, 6, 7, 8, 10, 11, 13, 14, 15, 16, 17, 18, 22, 24, 25, 28, 29, 31, 32, 
  33, 35, 39, 46, 49, 50, 54, 56 ],
[ 1, 4, 5, 6, 8, 11, 15, 16, 18, 20, 25, 26, 28, 29, 30, 32, 33, 34, 36, 37, 
  40, 48, 49, 50, 52, 54, 55, 57 ],
[ 1, 4, 5, 6, 8, 11, 15, 16, 18, 20, 25, 26, 27, 28, 30, 32, 34, 35, 36, 37, 
  40, 48, 50, 51, 52, 53, 54, 57 ],
[ 1, 4, 5, 6, 8, 11, 15, 16, 18, 20, 25, 26, 27, 28, 29, 30, 32, 33, 34, 36, 
  37, 40, 48, 52, 54, 55, 57, 62 ],
[ 1, 4, 5, 6, 8, 11, 13, 15, 16, 18, 20, 25, 26, 27, 28, 30, 32, 33, 36, 37, 
  40, 48, 50, 51, 52, 55, 57, 63 ],
[ 1, 4, 5, 6, 8, 11, 12, 15, 18, 20, 25, 26, 28, 29, 30, 31, 33, 34, 36, 38, 
  40, 48, 49, 50, 54, 55, 56, 57 ],
[ 1, 4, 5, 6, 8, 11, 12, 15, 16, 18, 20, 25, 26, 28, 30, 31, 33, 34, 36, 37, 
  40, 48, 49, 51, 54, 55, 57, 62 ],
[ 1, 4, 5, 6, 8, 10, 11, 15, 18, 20, 25, 26, 28, 29, 31, 32, 34, 35, 36, 38, 
  40, 48, 49, 50, 53, 54, 56, 57 ],
[ 1, 4, 5, 6, 8, 10, 11, 15, 16, 18, 20, 25, 26, 28, 31, 32, 34, 35, 36, 37, 
  40, 48, 49, 51, 53, 54, 57, 62 ],
[ 1, 4, 5, 6, 8, 10, 11, 13, 15, 16, 18, 20, 25, 26, 28, 31, 32, 33, 36, 37, 
  40, 48, 49, 51, 55, 57, 62, 63 ],
[ 1, 4, 5, 6, 7, 8, 11, 15, 16, 18, 20, 22, 25, 28, 29, 30, 32, 33, 34, 36, 
  37, 43, 49, 50, 52, 54, 55, 58 ],
[ 1, 4, 5, 6, 7, 8, 11, 15, 16, 18, 20, 22, 25, 27, 28, 30, 32, 34, 35, 36, 
  37, 43, 50, 51, 52, 53, 54, 58 ],
[ 1, 4, 5, 6, 7, 8, 11, 15, 16, 18, 20, 22, 25, 27, 28, 29, 30, 32, 33, 34, 
  36, 37, 43, 52, 54, 55, 58, 62 ],
[ 1, 4, 5, 6, 7, 8, 11, 14, 15, 18, 20, 22, 25, 28, 29, 30, 32, 34, 35, 37, 
  38, 43, 49, 50, 52, 53, 54, 58 ],
[ 1, 4, 5, 6, 7, 8, 11, 14, 15, 18, 20, 22, 25, 28, 29, 30, 32, 33, 34, 35, 
  37, 38, 43, 49, 50, 52, 58, 63 ],
[ 1, 4, 5, 6, 7, 8, 11, 14, 15, 18, 20, 22, 25, 27, 28, 29, 30, 32, 34, 35, 
  37, 38, 43, 52, 53, 54, 58, 62 ],
[ 1, 4, 5, 6, 7, 8, 11, 14, 15, 18, 20, 22, 25, 27, 28, 29, 30, 32, 33, 34, 
  35, 37, 38, 43, 52, 58, 62, 63 ],
[ 1, 4, 5, 6, 7, 8, 11, 14, 15, 16, 18, 20, 22, 25, 28, 29, 30, 32, 33, 34, 
  43, 49, 50, 52, 54, 55, 56, 58 ],
[ 1, 4, 5, 6, 7, 8, 11, 14, 15, 16, 18, 20, 22, 25, 27, 28, 29, 30, 32, 33, 
  34, 43, 52, 54, 55, 56, 58, 62 ],
[ 1, 4, 5, 6, 7, 8, 11, 13, 15, 16, 18, 20, 22, 25, 28, 29, 30, 32, 35, 36, 
  37, 43, 49, 50, 52, 53, 58, 63 ],
[ 1, 4, 5, 6, 7, 8, 11, 13, 15, 16, 18, 20, 22, 25, 27, 28, 30, 32, 33, 36, 
  37, 43, 50, 51, 52, 55, 58, 63 ],
[ 1, 4, 5, 6, 7, 8, 11, 13, 14, 15, 18, 20, 22, 25, 28, 29, 30, 32, 37, 38, 
  43, 49, 50, 52, 53, 54, 55, 58 ],
[ 1, 4, 5, 6, 7, 8, 11, 13, 14, 15, 18, 20, 22, 25, 27, 28, 29, 30, 32, 33, 
  37, 38, 43, 52, 55, 58, 62, 63 ],
[ 1, 4, 5, 6, 7, 8, 11, 13, 14, 15, 16, 18, 20, 22, 25, 27, 28, 29, 30, 32, 
  35, 43, 52, 53, 56, 58, 62, 63 ],
[ 1, 4, 5, 6, 7, 8, 11, 12, 15, 18, 20, 22, 25, 28, 29, 30, 31, 33, 34, 36, 
  38, 43, 49, 50, 54, 55, 56, 58 ],
[ 1, 4, 5, 6, 7, 8, 11, 12, 15, 16, 18, 20, 22, 25, 28, 30, 31, 33, 34, 36, 
  37, 43, 49, 51, 54, 55, 58, 62 ],
[ 1, 4, 5, 6, 7, 8, 11, 12, 14, 15, 18, 20, 22, 25, 28, 30, 31, 34, 35, 37, 
  38, 43, 49, 51, 53, 54, 58, 62 ],
[ 1, 4, 5, 6, 7, 8, 11, 12, 14, 15, 18, 20, 22, 25, 28, 30, 31, 33, 34, 35, 
  37, 38, 43, 49, 51, 58, 62, 63 ],
[ 1, 4, 5, 6, 7, 8, 11, 12, 14, 15, 18, 20, 22, 25, 28, 29, 30, 31, 34, 37, 
  38, 43, 49, 50, 53, 55, 58, 63 ],
[ 1, 4, 5, 6, 7, 8, 11, 12, 14, 15, 16, 18, 20, 22, 25, 28, 30, 31, 33, 34, 
  43, 49, 51, 54, 55, 56, 58, 62 ],
[ 1, 4, 5, 6, 7, 8, 11, 12, 13, 15, 18, 20, 22, 25, 28, 29, 30, 31, 35, 36, 
  38, 43, 49, 50, 53, 56, 58, 63 ],
[ 1, 4, 5, 6, 7, 8, 11, 12, 13, 14, 15, 18, 20, 22, 25, 28, 30, 31, 33, 37, 
  38, 43, 49, 51, 55, 58, 62, 63 ],
[ 1, 4, 5, 6, 7, 8, 11, 12, 13, 14, 15, 18, 20, 22, 25, 28, 29, 30, 31, 33, 
  35, 37, 38, 43, 49, 50, 54, 58 ],
[ 1, 4, 5, 6, 7, 8, 11, 12, 13, 14, 15, 16, 18, 20, 22, 25, 28, 30, 31, 35, 
  43, 49, 51, 53, 56, 58, 62, 63 ],
[ 1, 4, 5, 6, 7, 8, 10, 11, 15, 18, 20, 22, 25, 28, 29, 31, 32, 34, 35, 36, 
  38, 43, 49, 50, 53, 54, 56, 58 ],
[ 1, 4, 5, 6, 7, 8, 10, 11, 15, 18, 20, 22, 25, 28, 29, 31, 32, 33, 34, 35, 
  36, 38, 43, 49, 50, 56, 58, 63 ],
[ 1, 4, 5, 6, 7, 8, 10, 11, 15, 16, 18, 20, 22, 25, 28, 31, 32, 34, 35, 36, 
  37, 43, 49, 51, 53, 54, 58, 62 ],
[ 1, 4, 5, 6, 7, 8, 10, 11, 15, 16, 18, 20, 22, 25, 28, 29, 31, 32, 34, 36, 
  37, 43, 49, 50, 53, 55, 58, 63 ],
[ 1, 4, 5, 6, 7, 8, 10, 11, 14, 15, 16, 18, 20, 22, 25, 28, 29, 31, 32, 34, 
  43, 49, 50, 53, 55, 56, 58, 63 ],
[ 1, 4, 5, 6, 7, 8, 10, 11, 13, 15, 18, 20, 22, 25, 28, 29, 31, 32, 36, 38, 
  43, 49, 50, 53, 54, 55, 56, 58 ],
[ 1, 4, 5, 6, 7, 8, 10, 11, 13, 15, 16, 18, 20, 22, 25, 28, 31, 32, 33, 36, 
  37, 43, 49, 51, 55, 58, 62, 63 ],
[ 1, 4, 5, 6, 7, 8, 10, 11, 13, 15, 16, 18, 20, 22, 25, 28, 29, 31, 32, 33, 
  35, 36, 37, 43, 49, 50, 54, 58 ],
[ 1, 3, 7, 8, 11, 12, 13, 14, 15, 18, 20, 25, 26, 28, 29, 30, 31, 34, 36, 39, 
  41, 42, 48, 49, 50, 54, 57, 63 ],
[ 1, 3, 6, 8, 11, 15, 16, 17, 18, 21, 24, 25, 28, 29, 30, 32, 34, 35, 38, 40, 
  41, 42, 46, 49, 50, 52, 53, 54 ],
[ 1, 3, 6, 8, 11, 15, 16, 17, 18, 21, 24, 25, 28, 29, 30, 32, 33, 34, 35, 38, 
  40, 41, 42, 46, 49, 50, 52, 63 ],
[ 1, 3, 6, 8, 11, 14, 15, 16, 17, 18, 19, 20, 21, 25, 27, 28, 30, 32, 34, 35, 
  38, 39, 43, 50, 51, 52, 56, 58 ],
[ 1, 3, 6, 8, 11, 12, 15, 16, 18, 21, 24, 25, 28, 29, 30, 31, 33, 34, 38, 39, 
  41, 42, 46, 49, 50, 54, 55, 57 ],
[ 1, 3, 6, 8, 11, 12, 15, 16, 18, 21, 24, 25, 27, 28, 30, 31, 34, 35, 38, 39, 
  41, 42, 46, 50, 51, 53, 54, 57 ],
[ 1, 3, 6, 8, 11, 12, 15, 16, 18, 21, 24, 25, 27, 28, 30, 31, 33, 34, 35, 38, 
  39, 41, 42, 46, 50, 51, 57, 63 ],
[ 1, 3, 6, 8, 11, 12, 15, 16, 17, 18, 21, 24, 25, 28, 30, 31, 34, 35, 38, 40, 
  41, 42, 46, 49, 51, 53, 54, 62 ],
[ 1, 3, 6, 8, 11, 12, 15, 16, 17, 18, 21, 24, 25, 28, 30, 31, 33, 34, 35, 38, 
  40, 41, 42, 46, 49, 51, 62, 63 ],
[ 1, 3, 6, 8, 11, 12, 15, 16, 17, 18, 21, 24, 25, 28, 29, 30, 31, 34, 38, 40, 
  41, 42, 46, 49, 50, 53, 55, 63 ],
[ 1, 3, 6, 8, 10, 11, 15, 16, 18, 21, 24, 25, 28, 29, 31, 32, 34, 35, 38, 39, 
  41, 42, 46, 49, 50, 53, 54, 57 ],
[ 1, 3, 6, 8, 10, 11, 15, 16, 18, 21, 24, 25, 28, 29, 31, 32, 33, 34, 35, 38, 
  39, 41, 42, 46, 49, 50, 57, 63 ],
[ 1, 3, 6, 8, 9, 11, 14, 15, 16, 17, 18, 19, 20, 21, 25, 29, 30, 32, 34, 35, 
  38, 39, 43, 49, 52, 56, 58, 62 ],
[ 1, 3, 6, 7, 11, 13, 14, 15, 18, 19, 20, 21, 22, 25, 26, 27, 28, 30, 32, 34, 
  36, 50, 51, 52, 54, 58, 59, 63 ],
[ 1, 3, 6, 7, 11, 12, 13, 14, 15, 18, 22, 24, 25, 28, 29, 30, 31, 34, 36, 39, 
  41, 47, 48, 49, 50, 54, 57, 63 ],
[ 1, 3, 6, 7, 11, 12, 13, 14, 15, 17, 18, 22, 25, 28, 29, 30, 31, 34, 36, 40, 
  41, 46, 48, 49, 50, 54, 61, 63 ],
[ 1, 3, 5, 6, 8, 11, 15, 16, 17, 18, 20, 24, 25, 28, 29, 30, 32, 34, 35, 38, 
  40, 41, 46, 49, 50, 52, 53, 54 ],
[ 1, 3, 5, 6, 8, 11, 15, 16, 17, 18, 20, 24, 25, 28, 29, 30, 32, 33, 34, 35, 
  38, 40, 41, 46, 49, 50, 52, 63 ],
[ 1, 3, 5, 6, 8, 11, 12, 15, 16, 18, 20, 24, 25, 28, 29, 30, 31, 33, 34, 38, 
  39, 41, 46, 49, 50, 54, 55, 57 ],
[ 1, 3, 5, 6, 8, 11, 12, 15, 16, 18, 20, 24, 25, 27, 28, 30, 31, 34, 35, 38, 
  39, 41, 46, 50, 51, 53, 54, 57 ],
[ 1, 3, 5, 6, 8, 11, 12, 15, 16, 18, 20, 24, 25, 27, 28, 30, 31, 33, 34, 35, 
  38, 39, 41, 46, 50, 51, 57, 63 ],
[ 1, 3, 5, 6, 8, 11, 12, 15, 16, 17, 18, 20, 24, 25, 28, 30, 31, 34, 35, 38, 
  40, 41, 46, 49, 51, 53, 54, 62 ],
[ 1, 3, 5, 6, 8, 11, 12, 15, 16, 17, 18, 20, 24, 25, 28, 30, 31, 33, 34, 35, 
  38, 40, 41, 46, 49, 51, 62, 63 ],
[ 1, 3, 5, 6, 8, 11, 12, 15, 16, 17, 18, 20, 24, 25, 28, 29, 30, 31, 34, 38, 
  40, 41, 46, 49, 50, 53, 55, 63 ],
[ 1, 3, 5, 6, 8, 10, 11, 15, 16, 18, 20, 24, 25, 28, 29, 31, 32, 34, 35, 38, 
  39, 41, 46, 49, 50, 53, 54, 57 ],
[ 1, 3, 5, 6, 8, 10, 11, 15, 16, 18, 20, 24, 25, 28, 29, 31, 32, 33, 34, 35, 
  38, 39, 41, 46, 49, 50, 57, 63 ],
[ 1, 3, 4, 5, 6, 11, 15, 16, 18, 20, 25, 26, 27, 28, 30, 32, 34, 35, 36, 37, 
  38, 40, 50, 51, 52, 57, 58, 59 ],
[ 1, 3, 4, 5, 6, 11, 15, 16, 18, 20, 24, 25, 28, 29, 30, 32, 34, 35, 38, 40, 
  47, 48, 49, 50, 52, 53, 54, 57 ],
[ 1, 3, 4, 5, 6, 11, 12, 15, 16, 18, 20, 25, 28, 29, 30, 31, 33, 34, 38, 40, 
  46, 48, 49, 50, 54, 55, 57, 61 ],
[ 1, 3, 4, 5, 6, 11, 12, 15, 16, 18, 20, 25, 27, 28, 30, 31, 34, 35, 38, 40, 
  46, 48, 50, 51, 53, 54, 57, 61 ],
[ 1, 3, 4, 5, 6, 11, 12, 15, 16, 18, 20, 24, 25, 28, 30, 31, 34, 35, 38, 40, 
  47, 48, 49, 51, 53, 54, 57, 62 ],
[ 1, 3, 4, 5, 6, 11, 12, 15, 16, 18, 20, 24, 25, 28, 29, 30, 31, 34, 38, 40, 
  47, 48, 49, 50, 53, 55, 57, 63 ],
[ 1, 3, 4, 5, 6, 10, 11, 15, 16, 18, 20, 25, 28, 29, 31, 32, 34, 35, 38, 40, 
  46, 48, 49, 50, 53, 54, 57, 61 ],
[ 1, 2, 6, 8, 11, 12, 15, 16, 17, 18, 20, 25, 28, 29, 32, 33, 34, 35, 36, 39, 
  41, 42, 47, 49, 50, 54, 56, 61 ],
[ 1, 2, 6, 8, 11, 12, 15, 16, 17, 18, 20, 24, 25, 28, 29, 32, 33, 34, 35, 36, 
  39, 41, 42, 46, 49, 50, 54, 56 ],
[ 1, 2, 6, 8, 11, 12, 13, 15, 17, 18, 20, 25, 28, 29, 32, 35, 36, 37, 38, 39, 
  41, 42, 47, 49, 50, 53, 54, 61 ],
[ 1, 2, 6, 8, 11, 12, 13, 15, 17, 18, 20, 24, 25, 28, 29, 32, 35, 36, 37, 38, 
  39, 41, 42, 46, 49, 50, 53, 54 ],
[ 1, 2, 6, 8, 10, 11, 12, 15, 17, 18, 19, 20, 21, 25, 28, 29, 32, 33, 34, 36, 
  38, 39, 43, 52, 54, 55, 56, 58 ],
[ 1, 2, 6, 8, 10, 11, 12, 13, 15, 17, 18, 19, 20, 21, 25, 28, 29, 32, 35, 36, 
  38, 39, 43, 52, 53, 56, 58, 63 ],
[ 1, 2, 6, 7, 10, 11, 13, 15, 16, 18, 22, 24, 25, 28, 29, 30, 34, 36, 37, 39, 
  41, 47, 48, 49, 50, 54, 57, 63 ],
[ 1, 2, 6, 7, 10, 11, 13, 15, 16, 18, 22, 24, 25, 28, 29, 30, 33, 34, 36, 37, 
  39, 41, 47, 48, 49, 50, 53, 57 ],
[ 1, 2, 6, 7, 10, 11, 13, 15, 16, 18, 22, 24, 25, 27, 28, 29, 30, 34, 36, 37, 
  39, 41, 47, 48, 54, 57, 62, 63 ],
[ 1, 2, 6, 7, 10, 11, 13, 15, 16, 18, 22, 24, 25, 27, 28, 29, 30, 33, 34, 36, 
  37, 39, 41, 47, 48, 53, 57, 62 ],
[ 1, 2, 6, 7, 10, 11, 13, 15, 16, 17, 18, 22, 25, 28, 29, 30, 34, 36, 37, 40, 
  41, 46, 48, 49, 50, 54, 61, 63 ],
[ 1, 2, 6, 7, 10, 11, 13, 15, 16, 17, 18, 22, 25, 27, 28, 29, 30, 34, 36, 37, 
  40, 41, 46, 48, 54, 61, 62, 63 ],
[ 1, 2, 6, 7, 10, 11, 13, 14, 15, 16, 18, 22, 24, 25, 28, 29, 30, 34, 39, 41, 
  47, 48, 49, 50, 54, 56, 57, 63 ],
[ 1, 2, 6, 7, 10, 11, 13, 14, 15, 16, 18, 22, 24, 25, 27, 28, 29, 30, 34, 39, 
  41, 47, 48, 54, 56, 57, 62, 63 ],
[ 1, 2, 6, 7, 10, 11, 13, 14, 15, 16, 18, 22, 24, 25, 27, 28, 29, 30, 33, 34, 
  39, 41, 47, 48, 53, 56, 57, 62 ],
[ 1, 2, 6, 7, 10, 11, 13, 14, 15, 16, 17, 18, 22, 25, 28, 29, 30, 34, 40, 41, 
  46, 48, 49, 50, 54, 56, 61, 63 ],
[ 1, 2, 6, 7, 9, 10, 11, 15, 18, 19, 20, 21, 22, 25, 26, 28, 30, 33, 34, 36, 
  38, 50, 54, 55, 56, 58, 59, 62 ],
[ 1, 2, 6, 7, 9, 10, 11, 14, 15, 18, 19, 20, 21, 22, 25, 26, 28, 30, 34, 37, 
  38, 50, 53, 55, 58, 59, 62, 63 ],
[ 1, 2, 6, 7, 9, 10, 11, 13, 15, 16, 18, 22, 24, 25, 30, 34, 36, 37, 39, 41, 
  47, 48, 49, 50, 51, 54, 57, 63 ],
[ 1, 2, 6, 7, 9, 10, 11, 13, 15, 16, 18, 22, 24, 25, 27, 30, 33, 34, 36, 37, 
  39, 41, 47, 48, 51, 53, 57, 62 ],
[ 1, 2, 5, 6, 8, 11, 12, 15, 17, 18, 20, 25, 28, 29, 32, 34, 35, 36, 38, 40, 
  41, 47, 49, 50, 53, 54, 56, 61 ],
[ 1, 2, 5, 6, 8, 11, 12, 15, 17, 18, 20, 25, 28, 29, 32, 33, 34, 35, 36, 38, 
  40, 41, 47, 49, 50, 56, 61, 63 ],
[ 1, 2, 5, 6, 8, 11, 12, 15, 17, 18, 20, 24, 25, 28, 29, 32, 34, 35, 36, 38, 
  40, 41, 46, 49, 50, 53, 54, 56 ],
[ 1, 2, 5, 6, 8, 11, 12, 15, 17, 18, 20, 24, 25, 28, 29, 32, 33, 34, 35, 36, 
  38, 40, 41, 46, 49, 50, 56, 63 ],
[ 1, 2, 5, 6, 8, 11, 12, 15, 16, 18, 20, 25, 28, 29, 32, 33, 34, 36, 37, 39, 
  41, 47, 49, 50, 54, 55, 57, 61 ],
[ 1, 2, 5, 6, 8, 11, 12, 15, 16, 18, 20, 25, 27, 28, 32, 34, 35, 36, 37, 39, 
  41, 47, 50, 51, 53, 54, 57, 61 ],
[ 1, 2, 5, 6, 8, 11, 12, 15, 16, 18, 20, 25, 27, 28, 29, 32, 33, 34, 36, 37, 
  39, 41, 47, 54, 55, 57, 61, 62 ],
[ 1, 2, 5, 6, 8, 11, 12, 15, 16, 18, 20, 24, 25, 28, 29, 32, 33, 34, 36, 37, 
  39, 41, 46, 49, 50, 54, 55, 57 ],
[ 1, 2, 5, 6, 8, 11, 12, 15, 16, 18, 20, 24, 25, 27, 28, 32, 34, 35, 36, 37, 
  39, 41, 46, 50, 51, 53, 54, 57 ],
[ 1, 2, 5, 6, 8, 11, 12, 15, 16, 18, 20, 24, 25, 27, 28, 29, 32, 33, 34, 36, 
  37, 39, 41, 46, 54, 55, 57, 62 ],
[ 1, 2, 5, 6, 8, 11, 12, 15, 16, 17, 18, 20, 25, 28, 32, 34, 35, 36, 37, 40, 
  41, 47, 49, 51, 53, 54, 61, 62 ],
[ 1, 2, 5, 6, 8, 11, 12, 15, 16, 17, 18, 20, 25, 28, 29, 32, 34, 36, 37, 40, 
  41, 47, 49, 50, 53, 55, 61, 63 ],
[ 1, 2, 5, 6, 8, 11, 12, 15, 16, 17, 18, 20, 25, 27, 28, 29, 32, 34, 36, 37, 
  40, 41, 47, 53, 55, 61, 62, 63 ],
[ 1, 2, 5, 6, 8, 11, 12, 15, 16, 17, 18, 20, 24, 25, 28, 32, 34, 35, 36, 37, 
  40, 41, 46, 49, 51, 53, 54, 62 ],
[ 1, 2, 5, 6, 8, 11, 12, 15, 16, 17, 18, 20, 24, 25, 28, 29, 32, 34, 36, 37, 
  40, 41, 46, 49, 50, 53, 55, 63 ],
[ 1, 2, 5, 6, 8, 11, 12, 15, 16, 17, 18, 20, 24, 25, 27, 28, 29, 32, 34, 36, 
  37, 40, 41, 46, 53, 55, 62, 63 ],
[ 1, 2, 5, 6, 8, 11, 12, 14, 15, 18, 20, 25, 28, 29, 32, 34, 35, 37, 38, 39, 
  41, 47, 49, 50, 53, 54, 57, 61 ],
[ 1, 2, 5, 6, 8, 11, 12, 14, 15, 18, 20, 25, 28, 29, 32, 33, 34, 35, 37, 38, 
  39, 41, 47, 49, 50, 57, 61, 63 ],
[ 1, 2, 5, 6, 8, 11, 12, 14, 15, 18, 20, 24, 25, 28, 29, 32, 34, 35, 37, 38, 
  39, 41, 46, 49, 50, 53, 54, 57 ],
[ 1, 2, 5, 6, 8, 11, 12, 14, 15, 18, 20, 24, 25, 28, 29, 32, 33, 34, 35, 37, 
  38, 39, 41, 46, 49, 50, 57, 63 ],
[ 1, 2, 4, 5, 6, 11, 12, 15, 18, 20, 25, 26, 28, 29, 30, 31, 32, 33, 34, 36, 
  38, 40, 54, 55, 56, 57, 58, 59 ],
[ 1, 2, 4, 5, 6, 11, 12, 15, 18, 20, 24, 25, 28, 29, 32, 34, 35, 36, 38, 40, 
  47, 48, 49, 50, 53, 54, 56, 57 ],
[ 1, 2, 4, 5, 6, 11, 12, 15, 18, 20, 24, 25, 28, 29, 32, 33, 34, 35, 36, 38, 
  40, 47, 48, 49, 50, 56, 57, 63 ],
[ 1, 2, 4, 5, 6, 11, 12, 15, 16, 18, 20, 25, 28, 29, 32, 33, 34, 36, 37, 40, 
  46, 48, 49, 50, 54, 55, 57, 61 ],
[ 1, 2, 4, 5, 6, 11, 12, 15, 16, 18, 20, 25, 27, 28, 32, 34, 35, 36, 37, 40, 
  46, 48, 50, 51, 53, 54, 57, 61 ],
[ 1, 2, 4, 5, 6, 11, 12, 15, 16, 18, 20, 25, 27, 28, 29, 32, 33, 34, 36, 37, 
  40, 46, 48, 54, 55, 57, 61, 62 ],
[ 1, 2, 4, 5, 6, 11, 12, 15, 16, 18, 20, 24, 25, 28, 32, 34, 35, 36, 37, 40, 
  47, 48, 49, 51, 53, 54, 57, 62 ],
[ 1, 2, 4, 5, 6, 11, 12, 14, 15, 18, 20, 25, 26, 28, 29, 30, 31, 32, 34, 37, 
  38, 40, 53, 55, 57, 58, 59, 63 ],
[ 1, 2, 3, 7, 11, 13, 14, 15, 16, 18, 20, 25, 26, 27, 28, 29, 30, 31, 34, 36, 
  38, 39, 41, 42, 49, 57, 58, 59 ],
[ 1, 2, 3, 7, 11, 12, 13, 14, 15, 18, 20, 25, 26, 28, 29, 30, 31, 32, 34, 36, 
  39, 41, 42, 54, 57, 58, 59, 63 ],
[ 1, 2, 3, 7, 10, 11, 12, 13, 14, 15, 18, 20, 25, 26, 28, 29, 32, 34, 36, 39, 
  41, 42, 43, 52, 54, 57, 63, 64 ],
[ 1, 2, 3, 7, 9, 10, 11, 15, 16, 18, 20, 25, 26, 28, 30, 34, 35, 36, 37, 38, 
  39, 41, 42, 50, 57, 58, 59, 62 ],
[ 1, 2, 3, 7, 9, 10, 11, 12, 15, 18, 20, 25, 26, 28, 30, 32, 33, 34, 35, 36, 
  37, 39, 41, 42, 53, 57, 58, 59 ],
[ 1, 2, 3, 7, 8, 11, 14, 15, 18, 20, 25, 26, 28, 29, 31, 34, 35, 36, 39, 41, 
  42, 48, 49, 50, 52, 53, 54, 57 ],
[ 1, 2, 3, 7, 8, 11, 14, 15, 18, 20, 25, 26, 28, 29, 31, 33, 34, 35, 36, 39, 
  41, 42, 48, 49, 50, 52, 57, 63 ],
[ 1, 2, 3, 7, 8, 11, 14, 15, 18, 20, 25, 26, 27, 28, 29, 31, 34, 35, 36, 39, 
  41, 42, 48, 52, 53, 54, 57, 62 ],
[ 1, 2, 3, 7, 8, 11, 14, 15, 18, 20, 25, 26, 27, 28, 29, 31, 33, 34, 35, 36, 
  39, 41, 42, 48, 52, 57, 62, 63 ],
[ 1, 2, 3, 7, 8, 11, 14, 15, 18, 20, 25, 26, 27, 28, 29, 30, 31, 33, 34, 35, 
  39, 41, 42, 48, 49, 53, 56, 57 ],
[ 1, 2, 3, 7, 8, 10, 11, 15, 18, 20, 25, 26, 27, 28, 29, 33, 34, 35, 36, 37, 
  39, 41, 42, 48, 49, 52, 53, 57 ],
[ 1, 2, 3, 7, 8, 10, 11, 14, 15, 18, 20, 25, 26, 28, 29, 30, 34, 35, 36, 39, 
  41, 42, 48, 49, 50, 53, 54, 57 ],
[ 1, 2, 3, 7, 8, 10, 11, 14, 15, 18, 20, 25, 26, 28, 29, 30, 33, 34, 35, 36, 
  39, 41, 42, 48, 49, 50, 57, 63 ],
[ 1, 2, 3, 7, 8, 10, 11, 14, 15, 18, 20, 25, 26, 27, 28, 29, 30, 34, 35, 36, 
  39, 41, 42, 48, 53, 54, 57, 62 ],
[ 1, 2, 3, 7, 8, 10, 11, 14, 15, 18, 20, 25, 26, 27, 28, 29, 30, 33, 34, 35, 
  36, 39, 41, 42, 48, 57, 62, 63 ],
[ 1, 2, 3, 6, 7, 11, 15, 18, 19, 20, 21, 22, 25, 26, 28, 31, 33, 34, 37, 49, 
  51, 52, 54, 55, 56, 58, 59, 62 ],
[ 1, 2, 3, 6, 7, 11, 15, 18, 19, 20, 21, 22, 25, 26, 27, 28, 31, 34, 37, 50, 
  51, 52, 53, 55, 56, 58, 59, 63 ],
[ 1, 2, 3, 6, 7, 11, 14, 15, 18, 22, 24, 25, 27, 28, 29, 30, 31, 34, 35, 39, 
  41, 47, 48, 49, 54, 56, 57, 63 ],
[ 1, 2, 3, 6, 7, 11, 14, 15, 18, 22, 24, 25, 27, 28, 29, 30, 31, 33, 34, 35, 
  39, 41, 47, 48, 49, 53, 56, 57 ],
[ 1, 2, 3, 6, 7, 11, 14, 15, 18, 19, 20, 21, 22, 25, 26, 28, 31, 33, 34, 36, 
  49, 51, 52, 54, 55, 58, 59, 62 ],
[ 1, 2, 3, 6, 7, 11, 14, 15, 18, 19, 20, 21, 22, 25, 26, 27, 28, 31, 34, 36, 
  50, 51, 52, 53, 55, 58, 59, 63 ],
[ 1, 2, 3, 6, 7, 11, 14, 15, 17, 18, 22, 25, 27, 28, 29, 30, 31, 34, 35, 40, 
  41, 46, 48, 49, 54, 56, 61, 63 ],
[ 1, 2, 3, 6, 7, 11, 13, 15, 18, 22, 24, 25, 27, 28, 29, 30, 31, 33, 36, 37, 
  39, 41, 47, 48, 49, 53, 55, 57 ],
[ 1, 2, 3, 6, 7, 11, 13, 14, 15, 18, 19, 20, 21, 22, 25, 26, 28, 31, 35, 36, 
  49, 51, 52, 53, 58, 59, 62, 63 ],
[ 1, 2, 3, 6, 7, 11, 13, 14, 15, 18, 19, 20, 21, 22, 25, 26, 27, 28, 31, 33, 
  35, 36, 50, 51, 52, 54, 58, 59 ],
[ 1, 2, 3, 6, 7, 10, 11, 15, 18, 22, 24, 25, 28, 29, 30, 34, 35, 37, 39, 41, 
  47, 48, 49, 50, 53, 54, 56, 57 ],
[ 1, 2, 3, 6, 7, 10, 11, 15, 18, 22, 24, 25, 28, 29, 30, 33, 34, 35, 37, 39, 
  41, 47, 48, 49, 50, 56, 57, 63 ],
[ 1, 2, 3, 6, 7, 10, 11, 15, 18, 22, 24, 25, 27, 28, 29, 30, 34, 35, 37, 39, 
  41, 47, 48, 53, 54, 56, 57, 62 ],
[ 1, 2, 3, 6, 7, 10, 11, 15, 18, 22, 24, 25, 27, 28, 29, 30, 33, 34, 35, 37, 
  39, 41, 47, 48, 56, 57, 62, 63 ],
[ 1, 2, 3, 6, 7, 10, 11, 15, 18, 19, 20, 21, 22, 25, 26, 28, 30, 33, 34, 37, 
  49, 51, 54, 55, 56, 58, 59, 62 ],
[ 1, 2, 3, 6, 7, 10, 11, 15, 18, 19, 20, 21, 22, 25, 26, 27, 28, 30, 34, 37, 
  50, 51, 53, 55, 56, 58, 59, 63 ],
[ 1, 2, 3, 6, 7, 10, 11, 15, 17, 18, 22, 25, 28, 29, 30, 33, 34, 35, 37, 40, 
  41, 46, 48, 49, 50, 56, 61, 63 ],
[ 1, 2, 3, 6, 7, 10, 11, 15, 17, 18, 22, 25, 27, 28, 29, 30, 33, 34, 35, 37, 
  40, 41, 46, 48, 56, 61, 62, 63 ],
[ 1, 2, 3, 6, 7, 10, 11, 14, 15, 18, 22, 24, 25, 28, 29, 30, 33, 34, 35, 36, 
  39, 41, 47, 48, 49, 50, 57, 63 ],
[ 1, 2, 3, 6, 7, 10, 11, 14, 15, 18, 22, 24, 25, 27, 28, 29, 30, 33, 34, 35, 
  36, 39, 41, 47, 48, 57, 62, 63 ],
[ 1, 2, 3, 6, 7, 10, 11, 14, 15, 18, 19, 20, 21, 22, 25, 26, 28, 30, 33, 34, 
  36, 49, 51, 54, 55, 58, 59, 62 ],
[ 1, 2, 3, 6, 7, 10, 11, 14, 15, 18, 19, 20, 21, 22, 25, 26, 27, 28, 30, 34, 
  36, 50, 51, 53, 55, 58, 59, 63 ],
[ 1, 2, 3, 6, 7, 10, 11, 13, 15, 18, 19, 20, 21, 22, 25, 26, 28, 30, 35, 37, 
  49, 51, 53, 56, 58, 59, 62, 63 ],
[ 1, 2, 3, 6, 7, 10, 11, 13, 15, 18, 19, 20, 21, 22, 25, 26, 27, 28, 30, 33, 
  35, 37, 50, 51, 54, 56, 58, 59 ],
[ 1, 2, 3, 5, 7, 11, 13, 14, 15, 16, 17, 18, 21, 25, 26, 27, 28, 29, 30, 31, 
  34, 36, 38, 40, 41, 49, 58, 59 ],
[ 1, 2, 3, 5, 7, 9, 10, 11, 15, 16, 17, 18, 21, 25, 26, 28, 30, 34, 35, 36, 
  37, 38, 40, 41, 50, 58, 59, 62 ],
[ 1, 2, 3, 5, 7, 9, 10, 11, 12, 15, 17, 18, 21, 25, 26, 28, 30, 32, 33, 34, 
  35, 36, 37, 40, 41, 53, 58, 59 ]
];

