## Group: [64, 123]
## Difference Sets: 306
## Time:  0:05:47.142

return [
[ 1, 6, 8, 11, 13, 14, 15, 18, 19, 21, 25, 26, 28, 29, 30, 32, 33, 34, 37, 
  38, 39, 40, 42, 48, 49, 50, 52, 53 ],
[ 1, 6, 8, 11, 13, 14, 15, 17, 18, 19, 21, 25, 26, 28, 29, 30, 32, 33, 34, 
  37, 38, 42, 48, 49, 50, 52, 53, 57 ],
[ 1, 6, 8, 11, 12, 13, 15, 17, 18, 21, 25, 26, 27, 28, 29, 30, 31, 33, 34, 
  36, 38, 40, 41, 42, 48, 53, 56, 62 ],
[ 1, 6, 8, 11, 12, 13, 14, 15, 18, 21, 25, 26, 27, 28, 29, 30, 31, 33, 34, 
  37, 38, 39, 41, 42, 48, 53, 57, 62 ],
[ 1, 6, 8, 10, 11, 13, 15, 18, 19, 21, 25, 26, 28, 29, 31, 32, 33, 34, 36, 
  38, 39, 40, 42, 48, 49, 50, 53, 56 ],
[ 1, 6, 8, 10, 11, 13, 15, 17, 18, 19, 21, 25, 26, 28, 29, 31, 32, 33, 34, 
  36, 38, 42, 48, 49, 50, 53, 56, 57 ],
[ 1, 6, 7, 8, 9, 11, 15, 16, 17, 18, 22, 25, 27, 28, 30, 32, 33, 34, 35, 36, 
  37, 40, 41, 47, 49, 52, 61, 63 ],
[ 1, 6, 7, 8, 9, 11, 15, 16, 17, 18, 22, 24, 25, 27, 28, 30, 32, 33, 34, 35, 
  36, 37, 40, 41, 46, 49, 52, 63 ],
[ 1, 6, 7, 8, 9, 10, 11, 15, 16, 18, 22, 25, 27, 28, 31, 32, 33, 34, 35, 36, 
  37, 39, 41, 47, 49, 57, 61, 63 ],
[ 1, 6, 7, 8, 9, 10, 11, 15, 16, 18, 22, 24, 25, 27, 28, 31, 32, 33, 34, 35, 
  36, 37, 39, 41, 46, 49, 57, 63 ],
[ 1, 5, 6, 8, 11, 13, 14, 15, 18, 19, 20, 25, 26, 28, 29, 30, 32, 33, 34, 37, 
  38, 39, 40, 48, 49, 50, 52, 53 ],
[ 1, 5, 6, 8, 11, 13, 14, 15, 17, 18, 19, 20, 25, 26, 28, 29, 30, 32, 33, 34, 
  37, 38, 48, 49, 50, 52, 53, 57 ],
[ 1, 5, 6, 8, 11, 12, 13, 15, 17, 18, 20, 25, 26, 27, 28, 29, 30, 31, 33, 34, 
  36, 38, 40, 41, 48, 53, 56, 62 ],
[ 1, 5, 6, 8, 11, 12, 13, 14, 15, 18, 20, 25, 26, 27, 28, 29, 30, 31, 33, 34, 
  37, 38, 39, 41, 48, 53, 57, 62 ],
[ 1, 5, 6, 8, 10, 11, 13, 15, 18, 19, 20, 25, 26, 28, 29, 31, 32, 33, 34, 36, 
  38, 39, 40, 48, 49, 50, 53, 56 ],
[ 1, 5, 6, 8, 10, 11, 13, 15, 17, 18, 19, 20, 25, 26, 28, 29, 31, 32, 33, 34, 
  36, 38, 48, 49, 50, 53, 56, 57 ],
[ 1, 4, 8, 9, 11, 12, 15, 18, 19, 20, 21, 22, 25, 27, 28, 30, 31, 33, 34, 36, 
  38, 41, 47, 49, 54, 55, 56, 61 ],
[ 1, 4, 8, 9, 11, 12, 15, 18, 19, 20, 21, 22, 24, 25, 27, 28, 30, 31, 33, 34, 
  36, 38, 41, 46, 49, 54, 55, 56 ],
[ 1, 4, 8, 9, 11, 12, 14, 15, 18, 19, 20, 21, 22, 25, 27, 28, 30, 31, 34, 37, 
  38, 41, 47, 49, 53, 55, 61, 63 ],
[ 1, 4, 8, 9, 11, 12, 14, 15, 18, 19, 20, 21, 22, 24, 25, 27, 28, 30, 31, 34, 
  37, 38, 41, 46, 49, 53, 55, 63 ],
[ 1, 4, 8, 9, 10, 11, 12, 15, 18, 19, 20, 21, 22, 25, 27, 28, 33, 34, 36, 38, 
  41, 47, 49, 52, 54, 55, 56, 61 ],
[ 1, 4, 8, 9, 10, 11, 12, 15, 18, 19, 20, 21, 22, 24, 25, 27, 28, 33, 34, 36, 
  38, 41, 46, 49, 52, 54, 55, 56 ],
[ 1, 4, 8, 9, 10, 11, 12, 14, 15, 18, 19, 20, 21, 22, 25, 27, 28, 34, 37, 38, 
  41, 47, 49, 52, 53, 55, 61, 63 ],
[ 1, 4, 8, 9, 10, 11, 12, 14, 15, 18, 19, 20, 21, 22, 24, 25, 27, 28, 34, 37, 
  38, 41, 46, 49, 52, 53, 55, 63 ],
[ 1, 4, 7, 8, 9, 11, 15, 16, 18, 19, 20, 25, 27, 28, 30, 32, 33, 34, 35, 36, 
  37, 41, 42, 47, 49, 52, 61, 63 ],
[ 1, 4, 7, 8, 9, 11, 15, 16, 18, 19, 20, 24, 25, 27, 28, 30, 32, 33, 34, 35, 
  36, 37, 41, 42, 46, 49, 52, 63 ],
[ 1, 4, 6, 8, 11, 15, 16, 18, 21, 25, 26, 27, 28, 30, 32, 33, 34, 35, 36, 37, 
  40, 42, 48, 50, 51, 52, 57, 63 ],
[ 1, 4, 6, 8, 11, 12, 15, 18, 21, 25, 26, 27, 28, 29, 30, 31, 33, 34, 36, 38, 
  40, 42, 48, 54, 55, 56, 57, 62 ],
[ 1, 4, 6, 8, 11, 12, 14, 15, 18, 21, 25, 26, 27, 28, 29, 30, 31, 34, 37, 38, 
  40, 42, 48, 53, 55, 57, 62, 63 ],
[ 1, 4, 6, 8, 10, 11, 15, 16, 18, 21, 25, 26, 28, 31, 32, 33, 34, 35, 36, 37, 
  40, 42, 48, 49, 51, 57, 62, 63 ],
[ 1, 4, 5, 7, 8, 9, 10, 11, 15, 16, 18, 19, 21, 25, 27, 28, 31, 32, 33, 34, 
  35, 36, 37, 41, 47, 49, 61, 63 ],
[ 1, 4, 5, 7, 8, 9, 10, 11, 15, 16, 18, 19, 21, 24, 25, 27, 28, 31, 32, 33, 
  34, 35, 36, 37, 41, 46, 49, 63 ],
[ 1, 4, 5, 6, 11, 12, 13, 15, 18, 19, 20, 24, 25, 27, 28, 29, 30, 31, 33, 34, 
  36, 38, 41, 47, 48, 53, 56, 62 ],
[ 1, 4, 5, 6, 11, 12, 13, 14, 15, 18, 19, 20, 25, 27, 28, 29, 30, 31, 33, 34, 
  37, 38, 41, 46, 48, 53, 61, 62 ],
[ 1, 4, 5, 6, 10, 11, 12, 13, 15, 18, 19, 20, 24, 25, 28, 29, 33, 34, 36, 38, 
  41, 47, 48, 49, 50, 52, 53, 56 ],
[ 1, 4, 5, 6, 10, 11, 12, 13, 14, 15, 18, 19, 20, 25, 28, 29, 33, 34, 37, 38, 
  41, 46, 48, 49, 50, 52, 53, 61 ],
[ 1, 4, 5, 6, 8, 11, 15, 16, 17, 18, 20, 25, 26, 27, 28, 30, 32, 33, 34, 35, 
  36, 37, 39, 48, 50, 51, 52, 63 ],
[ 1, 4, 5, 6, 8, 11, 12, 15, 17, 18, 20, 25, 26, 27, 28, 29, 30, 31, 33, 34, 
  36, 38, 39, 48, 54, 55, 56, 62 ],
[ 1, 4, 5, 6, 8, 11, 12, 14, 15, 17, 18, 20, 25, 26, 27, 28, 29, 30, 31, 34, 
  37, 38, 39, 48, 53, 55, 62, 63 ],
[ 1, 4, 5, 6, 8, 10, 11, 15, 16, 17, 18, 20, 25, 26, 28, 31, 32, 33, 34, 35, 
  36, 37, 39, 48, 49, 51, 62, 63 ],
[ 1, 3, 8, 11, 13, 14, 15, 18, 20, 22, 25, 26, 28, 29, 30, 31, 32, 33, 34, 
  36, 39, 40, 41, 42, 48, 49, 53, 62 ],
[ 1, 3, 8, 11, 12, 13, 14, 15, 18, 20, 22, 25, 26, 27, 28, 30, 33, 34, 36, 
  39, 40, 41, 42, 48, 51, 52, 53, 62 ],
[ 1, 3, 8, 11, 12, 13, 14, 15, 17, 18, 20, 22, 25, 26, 28, 30, 33, 34, 36, 
  41, 42, 48, 49, 50, 51, 52, 53, 57 ],
[ 1, 3, 8, 10, 11, 13, 14, 15, 17, 18, 20, 22, 25, 26, 28, 29, 32, 33, 34, 
  36, 41, 42, 48, 49, 52, 53, 57, 62 ],
[ 1, 3, 8, 9, 11, 15, 16, 18, 19, 20, 21, 22, 24, 25, 28, 30, 32, 33, 34, 38, 
  39, 40, 46, 50, 52, 54, 55, 62 ],
[ 1, 3, 8, 9, 11, 15, 16, 18, 19, 20, 21, 22, 24, 25, 27, 28, 30, 32, 33, 34, 
  38, 39, 40, 46, 49, 52, 54, 55 ],
[ 1, 3, 8, 9, 11, 12, 15, 16, 18, 20, 21, 22, 24, 25, 28, 30, 31, 33, 34, 38, 
  39, 41, 46, 50, 54, 55, 57, 62 ],
[ 1, 3, 8, 9, 11, 12, 15, 16, 18, 20, 21, 22, 24, 25, 27, 28, 30, 31, 33, 34, 
  38, 39, 41, 46, 49, 54, 55, 57 ],
[ 1, 3, 8, 9, 11, 12, 15, 16, 17, 18, 20, 21, 22, 24, 25, 28, 30, 31, 34, 38, 
  40, 41, 46, 50, 53, 55, 62, 63 ],
[ 1, 3, 8, 9, 11, 12, 15, 16, 17, 18, 20, 21, 22, 24, 25, 27, 28, 30, 31, 34, 
  38, 40, 41, 46, 49, 53, 55, 63 ],
[ 1, 3, 8, 9, 10, 11, 15, 16, 18, 19, 20, 21, 22, 24, 25, 28, 31, 32, 34, 38, 
  39, 40, 46, 50, 53, 55, 62, 63 ],
[ 1, 3, 8, 9, 10, 11, 15, 16, 18, 19, 20, 21, 22, 24, 25, 27, 28, 31, 32, 34, 
  38, 39, 40, 46, 49, 53, 55, 63 ],
[ 1, 3, 8, 9, 10, 11, 12, 15, 16, 18, 20, 21, 22, 24, 25, 28, 33, 34, 38, 39, 
  41, 46, 50, 52, 54, 55, 57, 62 ],
[ 1, 3, 8, 9, 10, 11, 12, 15, 16, 18, 20, 21, 22, 24, 25, 27, 28, 33, 34, 38, 
  39, 41, 46, 49, 52, 54, 55, 57 ],
[ 1, 3, 8, 9, 10, 11, 12, 15, 16, 17, 18, 20, 21, 22, 24, 25, 28, 34, 38, 40, 
  41, 46, 50, 52, 53, 55, 62, 63 ],
[ 1, 3, 8, 9, 10, 11, 12, 15, 16, 17, 18, 20, 21, 22, 24, 25, 27, 28, 34, 38, 
  40, 41, 46, 49, 52, 53, 55, 63 ],
[ 1, 3, 7, 8, 11, 13, 14, 15, 18, 19, 20, 25, 26, 28, 29, 30, 32, 33, 34, 36, 
  39, 40, 42, 48, 49, 50, 52, 53 ],
[ 1, 3, 7, 8, 11, 13, 14, 15, 17, 18, 19, 20, 25, 26, 28, 29, 30, 32, 33, 34, 
  36, 42, 48, 49, 50, 52, 53, 57 ],
[ 1, 3, 7, 8, 11, 12, 13, 14, 15, 18, 20, 25, 26, 27, 28, 29, 30, 31, 33, 34, 
  36, 39, 41, 42, 48, 53, 57, 62 ],
[ 1, 3, 7, 8, 10, 11, 12, 13, 14, 15, 18, 20, 25, 26, 28, 29, 33, 34, 36, 39, 
  41, 42, 48, 49, 50, 52, 53, 57 ],
[ 1, 3, 6, 7, 11, 13, 14, 15, 18, 19, 22, 24, 25, 28, 29, 30, 32, 33, 34, 36, 
  39, 40, 47, 48, 49, 50, 52, 53 ],
[ 1, 3, 6, 7, 11, 13, 14, 15, 18, 19, 22, 24, 25, 27, 28, 29, 30, 32, 33, 34, 
  36, 39, 40, 47, 48, 52, 53, 62 ],
[ 1, 3, 6, 7, 11, 13, 14, 15, 18, 19, 20, 21, 22, 25, 28, 29, 30, 31, 32, 33, 
  34, 36, 43, 48, 49, 53, 59, 62 ],
[ 1, 3, 6, 7, 11, 13, 14, 15, 18, 19, 20, 21, 22, 25, 27, 28, 29, 30, 31, 32, 
  33, 34, 36, 48, 50, 53, 58, 64 ],
[ 1, 3, 6, 7, 11, 12, 13, 14, 15, 18, 22, 24, 25, 27, 28, 29, 30, 31, 33, 34, 
  36, 39, 41, 47, 48, 53, 57, 62 ],
[ 1, 3, 6, 7, 11, 12, 13, 14, 15, 18, 19, 20, 21, 22, 25, 27, 28, 30, 33, 34, 
  36, 43, 48, 51, 52, 53, 59, 62 ],
[ 1, 3, 6, 7, 11, 12, 13, 14, 15, 17, 18, 22, 25, 27, 28, 29, 30, 31, 33, 34, 
  36, 40, 41, 46, 48, 53, 61, 62 ],
[ 1, 3, 6, 7, 10, 11, 13, 14, 15, 18, 19, 22, 25, 28, 29, 31, 32, 33, 34, 36, 
  39, 40, 46, 48, 49, 50, 53, 61 ],
[ 1, 3, 6, 7, 10, 11, 13, 14, 15, 18, 19, 22, 25, 27, 28, 29, 31, 32, 33, 34, 
  36, 39, 40, 46, 48, 53, 61, 62 ],
[ 1, 3, 6, 7, 10, 11, 12, 13, 14, 15, 18, 19, 20, 21, 22, 25, 27, 28, 31, 33, 
  34, 36, 48, 51, 53, 58, 62, 64 ],
[ 1, 3, 6, 7, 8, 11, 12, 14, 15, 18, 20, 22, 25, 27, 28, 29, 30, 31, 33, 34, 
  37, 41, 42, 53, 55, 59, 62, 64 ],
[ 1, 3, 6, 7, 8, 10, 11, 12, 14, 15, 18, 20, 22, 25, 28, 29, 33, 34, 37, 41, 
  42, 49, 50, 52, 53, 55, 59, 64 ],
[ 1, 3, 6, 7, 8, 9, 11, 12, 14, 15, 18, 20, 22, 25, 30, 31, 33, 34, 37, 41, 
  42, 49, 50, 51, 53, 55, 59, 64 ],
[ 1, 3, 6, 7, 8, 9, 10, 11, 12, 14, 15, 18, 20, 22, 25, 27, 33, 34, 37, 41, 
  42, 51, 52, 53, 55, 59, 62, 64 ],
[ 1, 3, 5, 7, 8, 11, 12, 13, 14, 15, 17, 18, 21, 25, 26, 27, 28, 29, 30, 31, 
  33, 34, 36, 40, 41, 48, 53, 62 ],
[ 1, 3, 5, 7, 8, 10, 11, 13, 14, 15, 18, 19, 21, 25, 26, 28, 29, 31, 32, 33, 
  34, 36, 39, 40, 48, 49, 50, 53 ],
[ 1, 3, 5, 7, 8, 10, 11, 13, 14, 15, 17, 18, 19, 21, 25, 26, 28, 29, 31, 32, 
  33, 34, 36, 48, 49, 50, 53, 57 ],
[ 1, 3, 5, 6, 11, 13, 15, 16, 18, 19, 20, 24, 25, 28, 29, 30, 32, 33, 34, 38, 
  39, 40, 47, 48, 49, 50, 52, 53 ],
[ 1, 3, 5, 6, 11, 13, 15, 16, 18, 19, 20, 24, 25, 27, 28, 29, 30, 32, 33, 34, 
  38, 39, 40, 47, 48, 52, 53, 62 ],
[ 1, 3, 5, 6, 11, 13, 15, 16, 17, 18, 19, 20, 24, 25, 28, 29, 30, 32, 33, 34, 
  38, 47, 48, 49, 50, 52, 53, 57 ],
[ 1, 3, 5, 6, 11, 13, 15, 16, 17, 18, 19, 20, 24, 25, 27, 28, 29, 30, 32, 33, 
  34, 38, 47, 48, 52, 53, 57, 62 ],
[ 1, 3, 5, 6, 11, 12, 13, 15, 16, 18, 20, 24, 25, 27, 28, 29, 30, 31, 33, 34, 
  38, 39, 41, 47, 48, 53, 57, 62 ],
[ 1, 3, 5, 6, 11, 12, 13, 15, 16, 17, 18, 20, 25, 27, 28, 29, 30, 31, 33, 34, 
  38, 40, 41, 46, 48, 53, 61, 62 ],
[ 1, 3, 5, 6, 10, 11, 13, 15, 16, 18, 19, 20, 25, 28, 29, 31, 32, 33, 34, 38, 
  39, 40, 46, 48, 49, 50, 53, 61 ],
[ 1, 3, 5, 6, 10, 11, 13, 15, 16, 18, 19, 20, 25, 27, 28, 29, 31, 32, 33, 34, 
  38, 39, 40, 46, 48, 53, 61, 62 ],
[ 1, 3, 5, 6, 10, 11, 13, 15, 16, 17, 18, 19, 20, 25, 28, 29, 31, 32, 33, 34, 
  38, 46, 48, 49, 50, 53, 57, 61 ],
[ 1, 3, 5, 6, 10, 11, 13, 15, 16, 17, 18, 19, 20, 25, 27, 28, 29, 31, 32, 33, 
  34, 38, 46, 48, 53, 57, 61, 62 ],
[ 1, 3, 5, 6, 10, 11, 12, 13, 15, 16, 18, 20, 24, 25, 28, 29, 33, 34, 38, 39, 
  41, 47, 48, 49, 50, 52, 53, 57 ],
[ 1, 3, 5, 6, 10, 11, 12, 13, 15, 16, 17, 18, 20, 25, 28, 29, 33, 34, 38, 40, 
  41, 46, 48, 49, 50, 52, 53, 61 ],
[ 1, 3, 4, 7, 11, 12, 13, 14, 15, 18, 19, 20, 25, 27, 28, 29, 30, 31, 33, 34, 
  36, 41, 42, 46, 48, 53, 61, 62 ],
[ 1, 3, 4, 6, 8, 11, 15, 18, 20, 21, 25, 26, 27, 28, 30, 32, 33, 35, 36, 37, 
  39, 40, 48, 50, 51, 52, 55, 63 ],
[ 1, 3, 4, 6, 8, 11, 15, 17, 18, 20, 21, 25, 26, 27, 28, 30, 32, 35, 36, 37, 
  48, 50, 51, 52, 53, 54, 55, 57 ],
[ 1, 3, 4, 6, 8, 10, 11, 15, 18, 20, 21, 25, 26, 28, 31, 32, 33, 35, 36, 37, 
  39, 40, 48, 49, 51, 55, 62, 63 ],
[ 1, 3, 4, 6, 8, 10, 11, 15, 17, 18, 20, 21, 25, 26, 28, 31, 32, 35, 36, 37, 
  48, 49, 51, 53, 54, 55, 57, 62 ],
[ 1, 3, 4, 5, 7, 11, 12, 13, 14, 15, 18, 19, 21, 24, 25, 27, 28, 29, 30, 31, 
  33, 34, 36, 41, 47, 48, 53, 62 ],
[ 1, 3, 4, 5, 6, 11, 12, 15, 16, 17, 18, 20, 25, 27, 28, 29, 30, 31, 33, 34, 
  38, 39, 46, 48, 54, 55, 61, 62 ],
[ 1, 3, 4, 5, 6, 11, 12, 15, 16, 17, 18, 20, 24, 25, 27, 28, 29, 30, 31, 34, 
  38, 39, 47, 48, 53, 55, 62, 63 ],
[ 1, 3, 4, 5, 6, 10, 11, 12, 15, 16, 17, 18, 20, 25, 28, 29, 33, 34, 38, 39, 
  46, 48, 49, 50, 52, 54, 55, 61 ],
[ 1, 3, 4, 5, 6, 10, 11, 12, 15, 16, 17, 18, 20, 24, 25, 28, 29, 34, 38, 39, 
  47, 48, 49, 50, 52, 53, 55, 63 ],
[ 1, 2, 8, 10, 11, 12, 15, 18, 19, 20, 21, 22, 23, 25, 30, 32, 33, 34, 36, 
  38, 39, 40, 44, 50, 54, 55, 56, 62 ],
[ 1, 2, 8, 10, 11, 12, 15, 17, 18, 19, 20, 22, 23, 25, 30, 32, 34, 36, 37, 
  38, 40, 42, 44, 50, 53, 54, 55, 62 ],
[ 1, 2, 8, 10, 11, 12, 15, 16, 18, 19, 20, 22, 23, 25, 30, 32, 33, 34, 35, 
  36, 39, 42, 44, 50, 54, 56, 57, 62 ],
[ 1, 2, 8, 10, 11, 12, 15, 16, 17, 18, 19, 20, 22, 23, 25, 30, 32, 34, 35, 
  36, 40, 42, 44, 50, 53, 56, 62, 63 ],
[ 1, 2, 8, 10, 11, 12, 14, 15, 18, 19, 20, 21, 22, 23, 25, 30, 32, 34, 37, 
  38, 39, 40, 44, 50, 53, 55, 62, 63 ],
[ 1, 2, 8, 10, 11, 12, 14, 15, 17, 18, 19, 20, 22, 23, 25, 30, 32, 33, 34, 
  38, 40, 42, 44, 50, 55, 56, 62, 63 ],
[ 1, 2, 8, 10, 11, 12, 14, 15, 16, 18, 19, 20, 22, 23, 25, 30, 32, 34, 35, 
  37, 39, 42, 44, 50, 53, 57, 62, 63 ],
[ 1, 2, 8, 10, 11, 12, 14, 15, 16, 17, 18, 19, 20, 22, 23, 25, 30, 32, 33, 
  34, 35, 37, 40, 42, 44, 50, 54, 62 ],
[ 1, 2, 8, 10, 11, 12, 13, 15, 18, 19, 20, 22, 23, 25, 30, 32, 35, 36, 37, 
  38, 39, 42, 44, 50, 53, 54, 57, 62 ],
[ 1, 2, 8, 10, 11, 12, 13, 15, 18, 19, 20, 21, 22, 23, 25, 30, 32, 35, 36, 
  38, 39, 40, 44, 50, 53, 56, 62, 63 ],
[ 1, 2, 8, 10, 11, 12, 13, 14, 15, 18, 19, 20, 22, 23, 25, 30, 32, 33, 35, 
  38, 39, 42, 44, 50, 56, 57, 62, 63 ],
[ 1, 2, 8, 10, 11, 12, 13, 14, 15, 18, 19, 20, 21, 22, 23, 25, 30, 32, 33, 
  35, 37, 38, 39, 40, 44, 50, 54, 62 ],
[ 1, 2, 8, 9, 11, 12, 15, 18, 19, 20, 21, 22, 24, 25, 27, 28, 32, 33, 34, 36, 
  38, 39, 40, 46, 49, 54, 55, 56 ],
[ 1, 2, 8, 9, 11, 12, 15, 17, 18, 19, 20, 22, 24, 25, 27, 28, 32, 34, 36, 37, 
  38, 40, 42, 46, 49, 53, 54, 55 ],
[ 1, 2, 8, 9, 11, 12, 15, 16, 18, 19, 20, 22, 24, 25, 27, 28, 32, 33, 34, 35, 
  36, 39, 42, 46, 49, 54, 56, 57 ],
[ 1, 2, 8, 9, 11, 12, 15, 16, 17, 18, 19, 20, 22, 24, 25, 27, 28, 32, 34, 35, 
  36, 40, 42, 46, 49, 53, 56, 63 ],
[ 1, 2, 8, 9, 11, 12, 14, 15, 18, 19, 20, 21, 22, 24, 25, 27, 28, 32, 34, 37, 
  38, 39, 40, 46, 49, 53, 55, 63 ],
[ 1, 2, 8, 9, 11, 12, 14, 15, 17, 18, 19, 20, 22, 24, 25, 27, 28, 32, 33, 34, 
  38, 40, 42, 46, 49, 55, 56, 63 ],
[ 1, 2, 8, 9, 10, 11, 15, 17, 18, 19, 20, 22, 25, 26, 27, 28, 30, 34, 36, 37, 
  38, 40, 42, 48, 49, 53, 54, 55 ],
[ 1, 2, 8, 9, 10, 11, 15, 16, 18, 19, 20, 22, 25, 26, 27, 28, 30, 33, 34, 35, 
  36, 39, 42, 48, 49, 54, 56, 57 ],
[ 1, 2, 8, 9, 10, 11, 15, 16, 17, 18, 19, 20, 22, 25, 26, 27, 28, 30, 34, 35, 
  36, 40, 42, 48, 49, 53, 56, 63 ],
[ 1, 2, 8, 9, 10, 11, 13, 15, 18, 19, 20, 22, 25, 26, 27, 28, 30, 35, 36, 37, 
  38, 39, 42, 48, 49, 53, 54, 57 ],
[ 1, 2, 7, 8, 10, 11, 12, 15, 16, 18, 20, 23, 25, 30, 32, 33, 34, 35, 36, 37, 
  39, 41, 42, 44, 50, 57, 62, 63 ],
[ 1, 2, 7, 8, 10, 11, 12, 14, 15, 16, 18, 20, 23, 25, 30, 32, 34, 35, 39, 41, 
  42, 44, 50, 53, 54, 56, 57, 62 ],
[ 1, 2, 7, 8, 10, 11, 12, 13, 15, 16, 18, 20, 23, 25, 30, 32, 36, 37, 39, 41, 
  42, 44, 50, 53, 54, 55, 57, 62 ],
[ 1, 2, 7, 8, 10, 11, 12, 13, 14, 15, 16, 18, 20, 23, 25, 30, 32, 33, 39, 41, 
  42, 44, 50, 55, 56, 57, 62, 63 ],
[ 1, 2, 7, 8, 9, 11, 12, 15, 18, 20, 21, 24, 25, 27, 28, 32, 33, 34, 36, 37, 
  38, 39, 40, 41, 46, 49, 55, 63 ],
[ 1, 2, 7, 8, 9, 11, 12, 15, 17, 18, 20, 21, 24, 25, 27, 28, 32, 34, 36, 37, 
  38, 41, 46, 49, 53, 54, 55, 57 ],
[ 1, 2, 7, 8, 9, 11, 12, 15, 16, 18, 20, 24, 25, 27, 28, 32, 33, 34, 35, 36, 
  37, 39, 41, 42, 46, 49, 57, 63 ],
[ 1, 2, 7, 8, 9, 11, 12, 15, 16, 17, 18, 20, 21, 24, 25, 27, 28, 32, 34, 35, 
  36, 41, 46, 49, 53, 56, 57, 63 ],
[ 1, 2, 7, 8, 9, 11, 12, 14, 15, 16, 18, 20, 24, 25, 27, 28, 32, 34, 35, 39, 
  41, 42, 46, 49, 53, 54, 56, 57 ],
[ 1, 2, 7, 8, 9, 11, 12, 14, 15, 16, 17, 18, 20, 21, 24, 25, 27, 28, 32, 33, 
  34, 35, 37, 41, 46, 49, 54, 57 ],
[ 1, 2, 7, 8, 9, 10, 11, 15, 16, 18, 20, 25, 26, 27, 28, 30, 33, 34, 35, 36, 
  37, 39, 41, 42, 48, 49, 57, 63 ],
[ 1, 2, 7, 8, 9, 10, 11, 14, 15, 16, 18, 20, 25, 26, 27, 28, 30, 34, 35, 39, 
  41, 42, 48, 49, 53, 54, 56, 57 ],
[ 1, 2, 6, 11, 12, 13, 15, 17, 18, 21, 25, 26, 27, 30, 31, 32, 34, 36, 38, 
  40, 41, 42, 44, 45, 54, 56, 62, 63 ],
[ 1, 2, 6, 11, 12, 13, 15, 17, 18, 21, 25, 26, 27, 30, 31, 32, 33, 34, 36, 
  38, 40, 41, 42, 44, 45, 53, 56, 62 ],
[ 1, 2, 6, 11, 12, 13, 15, 17, 18, 21, 23, 25, 26, 30, 31, 32, 33, 34, 36, 
  38, 40, 41, 42, 49, 50, 53, 56, 60 ],
[ 1, 2, 6, 11, 12, 13, 14, 15, 18, 21, 25, 26, 27, 30, 31, 32, 34, 37, 38, 
  39, 41, 42, 44, 45, 54, 57, 62, 63 ],
[ 1, 2, 6, 11, 12, 13, 14, 15, 18, 21, 25, 26, 27, 30, 31, 32, 33, 34, 37, 
  38, 39, 41, 42, 44, 45, 53, 57, 62 ],
[ 1, 2, 6, 11, 12, 13, 14, 15, 18, 21, 23, 25, 26, 30, 31, 32, 33, 34, 37, 
  38, 39, 41, 42, 49, 50, 53, 57, 60 ],
[ 1, 2, 6, 9, 10, 11, 12, 15, 17, 18, 20, 25, 26, 28, 30, 32, 33, 34, 35, 36, 
  37, 38, 39, 41, 42, 43, 54, 64 ],
[ 1, 2, 6, 9, 10, 11, 12, 14, 15, 17, 18, 20, 25, 26, 28, 30, 32, 33, 34, 35, 
  38, 39, 41, 42, 54, 56, 58, 59 ],
[ 1, 2, 6, 9, 10, 11, 12, 14, 15, 16, 17, 18, 20, 25, 26, 28, 30, 32, 34, 37, 
  39, 41, 42, 53, 54, 55, 58, 59 ],
[ 1, 2, 6, 9, 10, 11, 12, 14, 15, 16, 17, 18, 20, 25, 26, 28, 30, 32, 33, 34, 
  37, 39, 41, 42, 43, 55, 63, 64 ],
[ 1, 2, 6, 7, 9, 10, 11, 15, 18, 20, 22, 25, 26, 27, 28, 30, 33, 34, 35, 36, 
  37, 38, 41, 42, 43, 49, 54, 64 ],
[ 1, 2, 6, 7, 9, 10, 11, 15, 16, 18, 22, 24, 25, 27, 28, 30, 33, 34, 35, 36, 
  37, 39, 41, 47, 48, 49, 57, 63 ],
[ 1, 2, 6, 7, 9, 10, 11, 15, 16, 17, 18, 22, 25, 27, 28, 30, 33, 34, 35, 36, 
  37, 40, 41, 46, 48, 49, 61, 63 ],
[ 1, 2, 6, 7, 9, 10, 11, 14, 15, 18, 20, 22, 25, 26, 27, 28, 30, 33, 34, 35, 
  38, 41, 42, 49, 54, 56, 58, 59 ],
[ 1, 2, 6, 7, 9, 10, 11, 14, 15, 16, 18, 20, 22, 25, 26, 27, 28, 30, 34, 37, 
  41, 42, 49, 53, 54, 55, 58, 59 ],
[ 1, 2, 6, 7, 9, 10, 11, 14, 15, 16, 18, 20, 22, 25, 26, 27, 28, 30, 33, 34, 
  37, 41, 42, 43, 49, 55, 63, 64 ],
[ 1, 2, 5, 8, 10, 11, 12, 15, 17, 18, 19, 22, 23, 25, 30, 32, 33, 34, 36, 38, 
  42, 44, 50, 54, 55, 56, 57, 62 ],
[ 1, 2, 5, 8, 10, 11, 12, 14, 15, 17, 18, 19, 22, 23, 25, 30, 32, 34, 37, 38, 
  42, 44, 50, 53, 55, 57, 62, 63 ],
[ 1, 2, 5, 8, 10, 11, 12, 13, 15, 17, 18, 19, 22, 23, 25, 30, 32, 35, 36, 38, 
  42, 44, 50, 53, 56, 57, 62, 63 ],
[ 1, 2, 5, 8, 10, 11, 12, 13, 14, 15, 17, 18, 19, 22, 23, 25, 30, 32, 33, 35, 
  37, 38, 42, 44, 50, 54, 57, 62 ],
[ 1, 2, 5, 8, 9, 11, 12, 15, 17, 18, 19, 22, 24, 25, 27, 28, 32, 33, 34, 36, 
  38, 42, 46, 49, 54, 55, 56, 57 ],
[ 1, 2, 5, 8, 9, 11, 12, 14, 15, 17, 18, 19, 22, 24, 25, 27, 28, 32, 34, 37, 
  38, 42, 46, 49, 53, 55, 57, 63 ],
[ 1, 2, 5, 7, 8, 10, 11, 12, 15, 16, 17, 18, 21, 23, 25, 30, 32, 33, 34, 35, 
  36, 37, 40, 41, 44, 50, 62, 63 ],
[ 1, 2, 5, 7, 8, 10, 11, 12, 14, 15, 16, 17, 18, 21, 23, 25, 30, 32, 34, 35, 
  40, 41, 44, 50, 53, 54, 56, 62 ],
[ 1, 2, 5, 7, 8, 10, 11, 12, 13, 15, 16, 17, 18, 21, 23, 25, 30, 32, 36, 37, 
  40, 41, 44, 50, 53, 54, 55, 62 ],
[ 1, 2, 5, 7, 8, 10, 11, 12, 13, 14, 15, 16, 17, 18, 21, 23, 25, 30, 32, 33, 
  40, 41, 44, 50, 55, 56, 62, 63 ],
[ 1, 2, 5, 7, 8, 9, 11, 12, 15, 16, 17, 18, 21, 24, 25, 27, 28, 32, 33, 34, 
  35, 36, 37, 40, 41, 46, 49, 63 ],
[ 1, 2, 5, 7, 8, 9, 11, 12, 14, 15, 16, 17, 18, 21, 24, 25, 27, 28, 32, 34, 
  35, 40, 41, 46, 49, 53, 54, 56 ],
[ 1, 2, 5, 7, 8, 9, 10, 11, 15, 16, 17, 18, 21, 25, 26, 27, 28, 30, 33, 34, 
  35, 36, 37, 40, 41, 48, 49, 63 ],
[ 1, 2, 5, 6, 11, 12, 13, 15, 18, 19, 20, 24, 25, 28, 29, 32, 34, 36, 38, 39, 
  40, 47, 48, 49, 50, 54, 56, 63 ],
[ 1, 2, 5, 6, 11, 12, 13, 15, 18, 19, 20, 24, 25, 28, 29, 32, 33, 34, 36, 38, 
  39, 40, 47, 48, 49, 50, 53, 56 ],
[ 1, 2, 5, 6, 11, 12, 13, 15, 17, 18, 20, 25, 26, 27, 30, 31, 32, 34, 36, 38, 
  40, 41, 44, 45, 54, 56, 62, 63 ],
[ 1, 2, 5, 6, 11, 12, 13, 15, 17, 18, 20, 25, 26, 27, 30, 31, 32, 33, 34, 36, 
  38, 40, 41, 44, 45, 53, 56, 62 ],
[ 1, 2, 5, 6, 11, 12, 13, 15, 17, 18, 20, 23, 25, 26, 30, 31, 32, 34, 36, 38, 
  40, 41, 49, 50, 54, 56, 60, 63 ],
[ 1, 2, 5, 6, 11, 12, 13, 15, 17, 18, 19, 20, 24, 25, 28, 29, 32, 34, 36, 38, 
  47, 48, 49, 50, 54, 56, 57, 63 ],
[ 1, 2, 5, 6, 11, 12, 13, 15, 17, 18, 19, 20, 24, 25, 28, 29, 32, 33, 34, 36, 
  38, 47, 48, 49, 50, 53, 56, 57 ],
[ 1, 2, 5, 6, 11, 12, 13, 15, 16, 18, 20, 25, 26, 27, 28, 32, 34, 36, 37, 39, 
  41, 46, 47, 50, 51, 54, 57, 63 ],
[ 1, 2, 5, 6, 11, 12, 13, 15, 16, 18, 20, 25, 26, 27, 28, 32, 33, 34, 36, 37, 
  39, 41, 46, 47, 50, 51, 53, 57 ],
[ 1, 2, 5, 6, 11, 12, 13, 15, 16, 17, 18, 20, 25, 26, 28, 32, 34, 36, 37, 40, 
  41, 46, 47, 49, 51, 54, 62, 63 ],
[ 1, 2, 5, 6, 11, 12, 13, 15, 16, 17, 18, 20, 25, 26, 28, 32, 33, 34, 36, 37, 
  40, 41, 46, 47, 49, 51, 53, 62 ],
[ 1, 2, 5, 6, 11, 12, 13, 14, 15, 18, 20, 25, 26, 27, 30, 31, 32, 34, 37, 38, 
  39, 41, 44, 45, 54, 57, 62, 63 ],
[ 1, 2, 5, 6, 11, 12, 13, 14, 15, 18, 20, 25, 26, 27, 30, 31, 32, 33, 34, 37, 
  38, 39, 41, 44, 45, 53, 57, 62 ],
[ 1, 2, 5, 6, 11, 12, 13, 14, 15, 18, 20, 23, 25, 26, 30, 31, 32, 34, 37, 38, 
  39, 41, 49, 50, 54, 57, 60, 63 ],
[ 1, 2, 5, 6, 11, 12, 13, 14, 15, 18, 19, 20, 25, 28, 29, 32, 34, 37, 38, 39, 
  40, 46, 48, 49, 50, 54, 61, 63 ],
[ 1, 2, 5, 6, 11, 12, 13, 14, 15, 18, 19, 20, 25, 28, 29, 32, 33, 34, 37, 38, 
  39, 40, 46, 48, 49, 50, 53, 61 ],
[ 1, 2, 5, 6, 11, 12, 13, 14, 15, 17, 18, 19, 20, 25, 28, 29, 32, 34, 37, 38, 
  46, 48, 49, 50, 54, 57, 61, 63 ],
[ 1, 2, 5, 6, 11, 12, 13, 14, 15, 17, 18, 19, 20, 25, 28, 29, 32, 33, 34, 37, 
  38, 46, 48, 49, 50, 53, 57, 61 ],
[ 1, 2, 5, 6, 11, 12, 13, 14, 15, 16, 18, 20, 25, 26, 27, 28, 32, 34, 39, 41, 
  46, 47, 50, 51, 54, 56, 57, 63 ],
[ 1, 2, 5, 6, 11, 12, 13, 14, 15, 16, 18, 20, 25, 26, 27, 28, 32, 33, 34, 39, 
  41, 46, 47, 50, 51, 53, 56, 57 ],
[ 1, 2, 5, 6, 11, 12, 13, 14, 15, 16, 17, 18, 20, 25, 26, 28, 32, 34, 40, 41, 
  46, 47, 49, 51, 54, 56, 62, 63 ],
[ 1, 2, 5, 6, 11, 12, 13, 14, 15, 16, 17, 18, 20, 25, 26, 28, 32, 33, 34, 40, 
  41, 46, 47, 49, 51, 53, 56, 62 ],
[ 1, 2, 4, 7, 9, 10, 11, 15, 16, 18, 19, 20, 25, 27, 28, 30, 33, 34, 35, 36, 
  37, 41, 42, 46, 48, 49, 61, 63 ],
[ 1, 2, 4, 6, 11, 12, 15, 18, 21, 25, 26, 27, 30, 31, 32, 33, 34, 36, 38, 40, 
  42, 44, 45, 54, 55, 56, 57, 62 ],
[ 1, 2, 4, 6, 11, 12, 15, 16, 18, 21, 25, 28, 30, 32, 33, 34, 35, 36, 37, 40, 
  42, 43, 48, 51, 52, 57, 59, 63 ],
[ 1, 2, 4, 6, 11, 12, 15, 16, 18, 21, 25, 27, 30, 32, 33, 34, 35, 36, 37, 40, 
  42, 44, 48, 50, 52, 57, 60, 63 ],
[ 1, 2, 4, 6, 11, 12, 14, 15, 18, 21, 25, 26, 27, 30, 31, 32, 34, 37, 38, 40, 
  42, 44, 45, 53, 55, 57, 62, 63 ],
[ 1, 2, 4, 6, 11, 12, 14, 15, 17, 18, 20, 25, 26, 27, 30, 31, 32, 34, 36, 38, 
  40, 42, 44, 45, 54, 55, 62, 63 ],
[ 1, 2, 4, 6, 11, 12, 14, 15, 17, 18, 20, 23, 25, 26, 30, 31, 32, 34, 36, 38, 
  40, 42, 49, 50, 54, 55, 60, 63 ],
[ 1, 2, 4, 6, 11, 12, 14, 15, 16, 18, 21, 25, 28, 30, 32, 34, 35, 40, 42, 43, 
  48, 51, 52, 53, 54, 56, 57, 59 ],
[ 1, 2, 4, 6, 11, 12, 14, 15, 16, 18, 21, 25, 27, 30, 32, 34, 35, 40, 42, 44, 
  48, 50, 52, 53, 54, 56, 57, 60 ],
[ 1, 2, 4, 6, 11, 12, 14, 15, 16, 17, 18, 20, 21, 25, 28, 30, 32, 34, 35, 36, 
  43, 48, 51, 52, 54, 57, 59, 63 ],
[ 1, 2, 4, 6, 11, 12, 14, 15, 16, 17, 18, 20, 21, 25, 27, 30, 32, 34, 35, 36, 
  44, 48, 50, 52, 54, 57, 60, 63 ],
[ 1, 2, 4, 6, 11, 12, 14, 15, 16, 17, 18, 20, 21, 23, 25, 30, 32, 34, 35, 36, 
  45, 48, 49, 52, 54, 57, 62, 63 ],
[ 1, 2, 4, 6, 11, 12, 13, 14, 15, 16, 18, 20, 21, 25, 28, 30, 32, 36, 39, 40, 
  43, 48, 51, 52, 54, 55, 59, 63 ],
[ 1, 2, 4, 6, 10, 11, 12, 14, 15, 17, 18, 20, 25, 26, 32, 34, 36, 38, 40, 42, 
  44, 45, 49, 50, 52, 54, 55, 63 ],
[ 1, 2, 4, 6, 10, 11, 12, 14, 15, 17, 18, 20, 23, 25, 26, 27, 32, 34, 36, 38, 
  40, 42, 52, 54, 55, 60, 62, 63 ],
[ 1, 2, 4, 6, 10, 11, 12, 14, 15, 16, 17, 18, 20, 21, 25, 31, 32, 34, 35, 36, 
  44, 48, 49, 54, 57, 60, 62, 63 ],
[ 1, 2, 4, 6, 10, 11, 12, 14, 15, 16, 17, 18, 20, 21, 25, 28, 31, 32, 34, 35, 
  36, 48, 51, 54, 57, 58, 63, 64 ],
[ 1, 2, 4, 6, 10, 11, 12, 14, 15, 16, 17, 18, 20, 21, 23, 25, 27, 31, 32, 34, 
  35, 36, 45, 48, 50, 54, 57, 63 ],
[ 1, 2, 4, 6, 10, 11, 12, 13, 14, 15, 16, 18, 20, 21, 25, 28, 31, 32, 36, 39, 
  40, 48, 51, 54, 55, 58, 63, 64 ],
[ 1, 2, 4, 5, 7, 9, 10, 11, 15, 16, 18, 19, 21, 24, 25, 27, 28, 30, 33, 34, 
  35, 36, 37, 41, 47, 48, 49, 63 ],
[ 1, 2, 4, 5, 6, 11, 12, 15, 17, 18, 20, 25, 26, 27, 30, 31, 32, 33, 34, 36, 
  38, 39, 44, 45, 54, 55, 56, 62 ],
[ 1, 2, 4, 5, 6, 11, 12, 15, 16, 17, 18, 20, 25, 28, 30, 32, 33, 34, 35, 36, 
  37, 39, 43, 48, 51, 52, 59, 63 ],
[ 1, 2, 4, 5, 6, 11, 12, 15, 16, 17, 18, 20, 25, 27, 30, 32, 33, 34, 35, 36, 
  37, 39, 44, 48, 50, 52, 60, 63 ],
[ 1, 2, 4, 5, 6, 11, 12, 15, 16, 17, 18, 20, 25, 27, 28, 32, 33, 34, 35, 36, 
  37, 39, 46, 48, 50, 51, 61, 63 ],
[ 1, 2, 4, 5, 6, 11, 12, 15, 16, 17, 18, 20, 25, 26, 28, 32, 33, 34, 36, 37, 
  39, 46, 47, 49, 51, 54, 55, 62 ],
[ 1, 2, 4, 5, 6, 11, 12, 15, 16, 17, 18, 20, 25, 26, 27, 28, 32, 34, 36, 37, 
  39, 46, 47, 50, 51, 53, 55, 63 ],
[ 1, 2, 4, 5, 6, 11, 12, 15, 16, 17, 18, 20, 24, 25, 28, 32, 33, 34, 35, 36, 
  37, 39, 47, 48, 49, 51, 62, 63 ],
[ 1, 2, 4, 5, 6, 11, 12, 14, 15, 17, 18, 20, 25, 26, 27, 30, 31, 32, 34, 37, 
  38, 39, 44, 45, 53, 55, 62, 63 ],
[ 1, 2, 4, 5, 6, 11, 12, 14, 15, 16, 17, 18, 20, 25, 28, 30, 32, 34, 35, 39, 
  43, 48, 51, 52, 53, 54, 56, 59 ],
[ 1, 2, 4, 5, 6, 11, 12, 14, 15, 16, 17, 18, 20, 25, 27, 30, 32, 34, 35, 39, 
  44, 48, 50, 52, 53, 54, 56, 60 ],
[ 1, 2, 4, 5, 6, 11, 12, 14, 15, 16, 17, 18, 20, 25, 27, 28, 32, 34, 35, 39, 
  46, 48, 50, 51, 53, 54, 56, 61 ],
[ 1, 2, 4, 5, 6, 11, 12, 14, 15, 16, 17, 18, 20, 25, 26, 28, 32, 33, 34, 39, 
  46, 47, 49, 51, 54, 55, 56, 62 ],
[ 1, 2, 4, 5, 6, 11, 12, 14, 15, 16, 17, 18, 20, 25, 26, 27, 28, 32, 34, 39, 
  46, 47, 50, 51, 53, 55, 56, 63 ],
[ 1, 2, 4, 5, 6, 11, 12, 14, 15, 16, 17, 18, 20, 24, 25, 28, 32, 34, 35, 39, 
  47, 48, 49, 51, 53, 54, 56, 62 ],
[ 1, 2, 4, 5, 6, 7, 11, 15, 16, 18, 20, 22, 25, 27, 28, 30, 33, 34, 35, 36, 
  37, 43, 48, 49, 51, 52, 59, 63 ],
[ 1, 2, 4, 5, 6, 7, 11, 14, 15, 16, 18, 20, 22, 25, 27, 28, 30, 34, 35, 43, 
  48, 49, 51, 52, 53, 54, 56, 59 ],
[ 1, 2, 4, 5, 6, 7, 11, 13, 15, 16, 18, 20, 22, 25, 27, 28, 30, 36, 37, 43, 
  48, 49, 51, 52, 53, 54, 55, 59 ],
[ 1, 2, 4, 5, 6, 7, 11, 13, 14, 15, 16, 18, 20, 22, 25, 27, 28, 30, 33, 43, 
  48, 49, 51, 52, 55, 56, 59, 63 ],
[ 1, 2, 3, 11, 12, 13, 15, 18, 19, 20, 21, 22, 25, 28, 30, 32, 34, 37, 39, 
  40, 43, 48, 51, 52, 54, 56, 59, 63 ],
[ 1, 2, 3, 11, 12, 13, 15, 18, 19, 20, 21, 22, 25, 27, 30, 32, 34, 37, 39, 
  40, 44, 48, 50, 52, 54, 56, 60, 63 ],
[ 1, 2, 3, 11, 12, 13, 15, 18, 19, 20, 21, 22, 25, 27, 28, 32, 34, 37, 39, 
  40, 46, 48, 50, 51, 54, 56, 61, 63 ],
[ 1, 2, 3, 11, 12, 13, 15, 18, 19, 20, 21, 22, 24, 25, 28, 32, 34, 37, 39, 
  40, 47, 48, 49, 51, 54, 56, 62, 63 ],
[ 1, 2, 3, 11, 12, 13, 14, 15, 18, 19, 20, 21, 22, 25, 28, 30, 32, 33, 34, 
  36, 39, 40, 43, 48, 51, 52, 53, 59 ],
[ 1, 2, 3, 11, 12, 13, 14, 15, 18, 19, 20, 21, 22, 25, 27, 30, 32, 33, 34, 
  36, 39, 40, 44, 48, 50, 52, 53, 60 ],
[ 1, 2, 3, 11, 12, 13, 14, 15, 18, 19, 20, 21, 22, 25, 27, 28, 32, 33, 34, 
  36, 39, 40, 46, 48, 50, 51, 53, 61 ],
[ 1, 2, 3, 11, 12, 13, 14, 15, 18, 19, 20, 21, 22, 24, 25, 28, 32, 33, 34, 
  36, 39, 40, 47, 48, 49, 51, 53, 62 ],
[ 1, 2, 3, 9, 11, 15, 16, 18, 19, 20, 21, 22, 25, 28, 31, 33, 34, 38, 39, 40, 
  46, 48, 50, 52, 54, 55, 61, 62 ],
[ 1, 2, 3, 9, 11, 15, 16, 18, 19, 20, 21, 22, 24, 25, 28, 31, 34, 38, 39, 40, 
  47, 48, 50, 52, 53, 55, 62, 63 ],
[ 1, 2, 3, 9, 10, 11, 15, 16, 18, 19, 20, 21, 22, 25, 27, 28, 30, 33, 34, 38, 
  39, 40, 46, 48, 49, 54, 55, 61 ],
[ 1, 2, 3, 9, 10, 11, 15, 16, 18, 19, 20, 21, 22, 24, 25, 27, 28, 30, 34, 38, 
  39, 40, 47, 48, 49, 53, 55, 63 ],
[ 1, 2, 3, 8, 11, 12, 14, 15, 18, 20, 22, 25, 28, 29, 30, 31, 32, 33, 34, 37, 
  39, 40, 41, 42, 53, 55, 59, 64 ],
[ 1, 2, 3, 8, 10, 11, 12, 14, 15, 17, 18, 20, 22, 25, 28, 29, 32, 33, 34, 37, 
  41, 42, 52, 53, 55, 57, 59, 64 ],
[ 1, 2, 3, 7, 11, 12, 13, 15, 18, 20, 25, 26, 27, 30, 31, 32, 34, 37, 39, 41, 
  42, 44, 45, 54, 56, 57, 62, 63 ],
[ 1, 2, 3, 7, 11, 12, 13, 15, 18, 19, 20, 25, 28, 29, 32, 34, 37, 39, 40, 42, 
  46, 48, 49, 50, 54, 56, 61, 63 ],
[ 1, 2, 3, 7, 11, 12, 13, 14, 15, 18, 20, 25, 26, 27, 30, 31, 32, 33, 34, 36, 
  39, 41, 42, 44, 45, 53, 57, 62 ],
[ 1, 2, 3, 7, 11, 12, 13, 14, 15, 18, 19, 20, 25, 28, 29, 32, 33, 34, 36, 39, 
  40, 42, 46, 48, 49, 50, 53, 61 ],
[ 1, 2, 3, 7, 8, 11, 12, 15, 18, 19, 20, 21, 25, 28, 29, 30, 31, 32, 33, 34, 
  36, 39, 53, 55, 56, 57, 59, 64 ],
[ 1, 2, 3, 7, 8, 11, 12, 14, 15, 17, 18, 19, 20, 21, 25, 28, 29, 30, 31, 32, 
  33, 34, 37, 40, 53, 55, 59, 64 ],
[ 1, 2, 3, 6, 11, 15, 16, 17, 18, 19, 20, 21, 25, 28, 29, 30, 31, 33, 34, 38, 
  39, 46, 48, 50, 54, 55, 61, 62 ],
[ 1, 2, 3, 6, 11, 15, 16, 17, 18, 19, 20, 21, 24, 25, 28, 29, 30, 31, 34, 38, 
  39, 47, 48, 50, 53, 55, 62, 63 ],
[ 1, 2, 3, 6, 11, 13, 15, 17, 18, 20, 22, 27, 28, 30, 31, 32, 34, 37, 38, 40, 
  47, 48, 52, 53, 55, 57, 58, 60 ],
[ 1, 2, 3, 6, 11, 13, 15, 16, 17, 18, 19, 20, 21, 25, 28, 29, 30, 31, 35, 38, 
  39, 46, 48, 50, 53, 61, 62, 63 ],
[ 1, 2, 3, 6, 11, 13, 15, 16, 17, 18, 19, 20, 21, 24, 25, 28, 29, 30, 31, 33, 
  35, 38, 39, 47, 48, 50, 54, 62 ],
[ 1, 2, 3, 6, 10, 11, 13, 15, 17, 18, 20, 22, 26, 29, 30, 32, 34, 37, 38, 40, 
  44, 46, 49, 52, 53, 55, 57, 58 ],
[ 1, 2, 3, 6, 10, 11, 13, 15, 16, 17, 18, 20, 22, 23, 25, 27, 30, 32, 34, 35, 
  36, 40, 43, 47, 51, 52, 54, 57 ],
[ 1, 2, 3, 6, 10, 11, 12, 13, 15, 16, 17, 18, 20, 22, 27, 28, 31, 34, 35, 36, 
  40, 44, 47, 48, 52, 54, 57, 64 ],
[ 1, 2, 3, 6, 7, 11, 12, 13, 15, 18, 20, 28, 30, 31, 34, 35, 38, 39, 40, 45, 
  48, 49, 52, 53, 56, 57, 58, 61 ],
[ 1, 2, 3, 6, 7, 10, 11, 13, 15, 18, 20, 30, 31, 32, 34, 35, 38, 39, 40, 43, 
  44, 46, 48, 49, 51, 53, 56, 57 ],
[ 1, 2, 3, 6, 7, 10, 11, 13, 15, 18, 20, 23, 28, 31, 32, 34, 35, 36, 38, 39, 
  40, 48, 49, 52, 57, 61, 63, 64 ],
[ 1, 2, 3, 6, 7, 10, 11, 13, 14, 15, 16, 18, 20, 25, 27, 29, 30, 31, 32, 34, 
  39, 40, 43, 44, 54, 55, 57, 61 ],
[ 1, 2, 3, 5, 11, 12, 13, 15, 17, 18, 19, 22, 25, 28, 30, 32, 34, 37, 42, 43, 
  48, 51, 52, 54, 56, 57, 59, 63 ],
[ 1, 2, 3, 5, 11, 12, 13, 15, 17, 18, 19, 22, 25, 27, 30, 32, 34, 37, 42, 44, 
  48, 50, 52, 54, 56, 57, 60, 63 ],
[ 1, 2, 3, 5, 11, 12, 13, 14, 15, 17, 18, 19, 22, 25, 28, 30, 32, 33, 34, 36, 
  42, 43, 48, 51, 52, 53, 57, 59 ],
[ 1, 2, 3, 5, 11, 12, 13, 14, 15, 17, 18, 19, 22, 25, 27, 30, 32, 33, 34, 36, 
  42, 44, 48, 50, 52, 53, 57, 60 ],
[ 1, 2, 3, 5, 7, 11, 12, 13, 15, 18, 19, 21, 24, 25, 28, 29, 32, 34, 37, 39, 
  40, 47, 48, 49, 50, 54, 56, 63 ],
[ 1, 2, 3, 5, 7, 11, 12, 13, 15, 17, 18, 21, 25, 26, 27, 30, 31, 32, 34, 37, 
  40, 41, 44, 45, 54, 56, 62, 63 ],
[ 1, 2, 3, 5, 7, 11, 12, 13, 14, 15, 18, 19, 21, 24, 25, 28, 29, 32, 33, 34, 
  36, 39, 40, 47, 48, 49, 50, 53 ],
[ 1, 2, 3, 5, 7, 11, 12, 13, 14, 15, 17, 18, 21, 25, 26, 27, 30, 31, 32, 33, 
  34, 36, 40, 41, 44, 45, 53, 62 ],
[ 1, 2, 3, 5, 6, 11, 15, 16, 18, 20, 22, 27, 29, 30, 32, 34, 35, 36, 40, 42, 
  47, 48, 49, 53, 55, 58, 60, 62 ],
[ 1, 2, 3, 5, 6, 11, 15, 16, 18, 20, 22, 26, 27, 28, 29, 30, 32, 33, 34, 40, 
  42, 44, 46, 51, 53, 56, 58, 63 ],
[ 1, 2, 3, 5, 6, 11, 13, 15, 18, 20, 22, 27, 28, 32, 34, 37, 38, 40, 42, 47, 
  48, 49, 50, 52, 53, 55, 58, 60 ],
[ 1, 2, 3, 5, 6, 11, 13, 15, 18, 20, 21, 22, 27, 28, 31, 32, 33, 34, 38, 43, 
  48, 49, 55, 56, 57, 60, 61, 62 ],
[ 1, 2, 3, 5, 6, 11, 12, 15, 18, 20, 21, 22, 25, 28, 29, 30, 33, 38, 43, 46, 
  49, 51, 54, 55, 56, 57, 60, 63 ],
[ 1, 2, 3, 5, 6, 11, 12, 14, 15, 16, 18, 20, 21, 22, 26, 27, 30, 33, 34, 35, 
  45, 47, 49, 51, 55, 57, 58, 62 ],
[ 1, 2, 3, 5, 6, 10, 11, 12, 15, 16, 18, 20, 22, 24, 25, 27, 28, 29, 33, 35, 
  40, 42, 51, 54, 56, 58, 60, 63 ],
[ 1, 2, 3, 5, 6, 9, 11, 14, 15, 16, 18, 20, 21, 22, 25, 27, 28, 29, 31, 32, 
  33, 35, 45, 53, 57, 61, 63, 64 ],
[ 1, 2, 3, 4, 7, 11, 12, 15, 18, 20, 25, 26, 27, 30, 31, 32, 34, 37, 40, 42, 
  44, 45, 53, 55, 56, 57, 62, 63 ],
[ 1, 2, 3, 4, 7, 11, 12, 15, 17, 18, 20, 25, 26, 27, 30, 31, 32, 34, 37, 39, 
  42, 44, 45, 53, 55, 56, 62, 63 ],
[ 1, 2, 3, 4, 7, 11, 12, 15, 17, 18, 20, 23, 25, 26, 30, 31, 32, 34, 37, 39, 
  42, 49, 50, 53, 55, 56, 60, 63 ],
[ 1, 2, 3, 4, 7, 11, 12, 14, 15, 18, 20, 25, 26, 27, 30, 31, 32, 34, 36, 40, 
  42, 44, 45, 53, 55, 57, 62, 63 ],
[ 1, 2, 3, 4, 7, 11, 12, 14, 15, 18, 20, 23, 25, 26, 30, 31, 32, 34, 36, 40, 
  42, 49, 50, 53, 55, 57, 60, 63 ],
[ 1, 2, 3, 4, 7, 11, 12, 14, 15, 17, 18, 20, 25, 26, 27, 30, 31, 32, 34, 36, 
  39, 42, 44, 45, 53, 55, 62, 63 ],
[ 1, 2, 3, 4, 6, 11, 15, 16, 18, 20, 22, 25, 27, 28, 30, 31, 32, 40, 41, 44, 
  47, 52, 53, 54, 55, 56, 58, 63 ],
[ 1, 2, 3, 4, 6, 11, 15, 16, 18, 19, 20, 22, 25, 27, 28, 30, 31, 32, 33, 35, 
  36, 45, 47, 52, 53, 54, 57, 59 ],
[ 1, 2, 3, 4, 6, 11, 12, 15, 18, 20, 25, 26, 27, 30, 31, 32, 33, 35, 36, 39, 
  42, 44, 45, 54, 55, 56, 57, 62 ],
[ 1, 2, 3, 4, 6, 11, 12, 15, 18, 20, 23, 25, 26, 30, 31, 32, 33, 35, 36, 39, 
  42, 49, 50, 54, 55, 56, 57, 60 ],
[ 1, 2, 3, 4, 6, 11, 12, 15, 18, 20, 21, 25, 28, 30, 32, 33, 35, 36, 37, 39, 
  40, 43, 48, 51, 52, 55, 59, 63 ],
[ 1, 2, 3, 4, 6, 11, 12, 15, 18, 20, 21, 25, 27, 30, 32, 33, 35, 36, 37, 39, 
  40, 44, 48, 50, 52, 55, 60, 63 ],
[ 1, 2, 3, 4, 6, 11, 12, 15, 18, 20, 21, 25, 27, 28, 32, 33, 35, 36, 37, 39, 
  40, 46, 48, 50, 51, 55, 61, 63 ],
[ 1, 2, 3, 4, 6, 11, 12, 15, 18, 20, 21, 24, 25, 28, 32, 33, 35, 36, 37, 39, 
  40, 47, 48, 49, 51, 55, 62, 63 ],
[ 1, 2, 3, 4, 6, 11, 12, 15, 18, 20, 21, 23, 25, 30, 32, 33, 35, 36, 37, 39, 
  40, 45, 48, 49, 52, 55, 62, 63 ],
[ 1, 2, 3, 4, 6, 11, 12, 15, 17, 18, 20, 21, 25, 28, 30, 32, 35, 36, 37, 43, 
  48, 51, 52, 53, 54, 55, 57, 59 ],
[ 1, 2, 3, 4, 6, 11, 12, 15, 17, 18, 20, 21, 25, 27, 28, 32, 35, 36, 37, 46, 
  48, 50, 51, 53, 54, 55, 57, 61 ],
[ 1, 2, 3, 4, 6, 11, 12, 15, 17, 18, 20, 21, 24, 25, 28, 32, 35, 36, 37, 47, 
  48, 49, 51, 53, 54, 55, 57, 62 ],
[ 1, 2, 3, 4, 6, 11, 12, 14, 15, 18, 20, 25, 26, 27, 30, 31, 32, 35, 37, 39, 
  42, 44, 45, 53, 55, 57, 62, 63 ],
[ 1, 2, 3, 4, 6, 11, 12, 14, 15, 18, 20, 23, 25, 26, 30, 31, 32, 35, 37, 39, 
  42, 49, 50, 53, 55, 57, 60, 63 ],
[ 1, 2, 3, 4, 6, 11, 12, 14, 15, 18, 20, 21, 25, 28, 30, 32, 35, 39, 40, 43, 
  48, 51, 52, 53, 54, 55, 56, 59 ],
[ 1, 2, 3, 4, 6, 11, 12, 14, 15, 18, 20, 21, 25, 27, 30, 32, 35, 39, 40, 44, 
  48, 50, 52, 53, 54, 55, 56, 60 ],
[ 1, 2, 3, 4, 6, 11, 12, 14, 15, 18, 20, 21, 23, 25, 30, 32, 35, 39, 40, 45, 
  48, 49, 52, 53, 54, 55, 56, 62 ],
[ 1, 2, 3, 4, 6, 11, 12, 14, 15, 17, 18, 20, 21, 25, 28, 30, 32, 33, 35, 43, 
  48, 51, 52, 55, 56, 57, 59, 63 ],
[ 1, 2, 3, 4, 6, 10, 11, 15, 18, 20, 22, 24, 25, 29, 30, 32, 33, 35, 37, 38, 
  40, 41, 43, 45, 49, 52, 54, 63 ],
[ 1, 2, 3, 4, 6, 10, 11, 15, 16, 18, 20, 22, 26, 27, 30, 32, 33, 36, 40, 41, 
  51, 52, 53, 55, 58, 60, 61, 63 ],
[ 1, 2, 3, 4, 6, 7, 11, 12, 15, 18, 20, 23, 25, 28, 30, 31, 33, 38, 41, 49, 
  52, 54, 55, 56, 57, 58, 61, 63 ],
[ 1, 2, 3, 4, 6, 7, 11, 12, 14, 15, 16, 18, 19, 20, 25, 28, 30, 31, 33, 40, 
  49, 52, 53, 54, 55, 59, 60, 61 ],
[ 1, 2, 3, 4, 6, 7, 10, 11, 15, 18, 20, 26, 27, 29, 30, 31, 32, 33, 36, 38, 
  41, 45, 47, 53, 54, 55, 57, 58 ],
[ 1, 2, 3, 4, 6, 7, 10, 11, 15, 18, 20, 25, 30, 31, 32, 33, 38, 41, 43, 46, 
  49, 51, 54, 55, 56, 57, 60, 63 ],
[ 1, 2, 3, 4, 5, 7, 11, 12, 15, 18, 21, 25, 26, 27, 30, 31, 32, 33, 34, 37, 
  40, 44, 45, 54, 55, 56, 57, 62 ],
[ 1, 2, 3, 4, 5, 7, 11, 12, 15, 17, 18, 21, 25, 26, 27, 30, 31, 32, 33, 34, 
  37, 39, 44, 45, 54, 55, 56, 62 ],
[ 1, 2, 3, 4, 5, 7, 11, 12, 15, 17, 18, 21, 23, 25, 26, 30, 31, 32, 33, 34, 
  37, 39, 49, 50, 54, 55, 56, 60 ],
[ 1, 2, 3, 4, 5, 7, 11, 12, 14, 15, 18, 21, 25, 26, 27, 30, 31, 32, 33, 34, 
  36, 40, 44, 45, 54, 55, 57, 62 ],
[ 1, 2, 3, 4, 5, 7, 11, 12, 14, 15, 18, 21, 23, 25, 26, 30, 31, 32, 33, 34, 
  36, 40, 49, 50, 54, 55, 57, 60 ],
[ 1, 2, 3, 4, 5, 7, 11, 12, 14, 15, 17, 18, 21, 25, 26, 27, 30, 31, 32, 33, 
  34, 36, 39, 44, 45, 54, 55, 62 ]
];

