## Group: [64, 153]
## Difference Sets: 180
## Time:  0:29:14.003

return [
[ 1, 4, 7, 8, 12, 15, 16, 18, 19, 20, 24, 26, 27, 29, 30, 31, 32, 33, 34, 35, 
  37, 41, 42, 47, 51, 53, 56, 62 ],
[ 1, 4, 7, 8, 12, 15, 16, 18, 19, 20, 24, 26, 27, 28, 29, 30, 31, 32, 34, 35, 
  37, 41, 42, 47, 49, 54, 56, 63 ],
[ 1, 4, 7, 8, 12, 15, 16, 17, 19, 20, 25, 26, 27, 29, 30, 31, 32, 33, 34, 35, 
  37, 40, 42, 48, 51, 53, 56, 62 ],
[ 1, 4, 7, 8, 12, 15, 16, 17, 19, 20, 25, 26, 27, 28, 29, 30, 31, 32, 34, 35, 
  37, 40, 42, 48, 49, 54, 56, 63 ],
[ 1, 4, 7, 8, 12, 14, 16, 18, 19, 20, 24, 26, 29, 30, 31, 32, 34, 35, 38, 41, 
  42, 47, 49, 50, 51, 54, 56, 63 ],
[ 1, 4, 7, 8, 12, 14, 16, 17, 19, 20, 25, 26, 29, 30, 31, 32, 34, 35, 38, 40, 
  42, 48, 49, 50, 51, 54, 56, 63 ],
[ 1, 4, 7, 8, 12, 13, 14, 16, 18, 19, 20, 24, 26, 28, 29, 30, 31, 32, 38, 41, 
  42, 47, 50, 54, 55, 56, 62, 63 ],
[ 1, 4, 7, 8, 12, 13, 14, 16, 17, 19, 20, 25, 26, 28, 29, 30, 31, 32, 38, 40, 
  42, 48, 50, 54, 55, 56, 62, 63 ],
[ 1, 4, 6, 7, 8, 12, 15, 16, 19, 22, 24, 26, 27, 29, 30, 31, 32, 33, 34, 35, 
  37, 39, 47, 51, 53, 56, 57, 62 ],
[ 1, 4, 6, 7, 8, 12, 15, 16, 19, 22, 24, 26, 27, 28, 29, 30, 31, 32, 34, 35, 
  37, 39, 47, 49, 54, 56, 57, 63 ],
[ 1, 4, 6, 7, 8, 12, 15, 16, 17, 19, 22, 26, 27, 29, 30, 31, 32, 33, 34, 35, 
  37, 40, 46, 51, 53, 56, 61, 62 ],
[ 1, 4, 6, 7, 8, 12, 15, 16, 17, 19, 22, 26, 27, 28, 29, 30, 31, 32, 34, 35, 
  37, 40, 46, 49, 54, 56, 61, 63 ],
[ 1, 4, 6, 7, 8, 12, 14, 16, 19, 22, 24, 26, 27, 28, 29, 30, 31, 32, 33, 35, 
  38, 39, 47, 49, 55, 56, 57, 63 ],
[ 1, 4, 6, 7, 8, 12, 14, 16, 17, 19, 22, 26, 27, 28, 29, 30, 31, 32, 33, 35, 
  38, 40, 46, 49, 55, 56, 61, 63 ],
[ 1, 4, 6, 7, 8, 12, 13, 15, 16, 19, 22, 24, 26, 28, 29, 30, 31, 32, 33, 34, 
  37, 39, 47, 50, 56, 57, 62, 63 ],
[ 1, 4, 6, 7, 8, 12, 13, 15, 16, 17, 19, 22, 26, 28, 29, 30, 31, 32, 33, 34, 
  37, 40, 46, 50, 56, 61, 62, 63 ],
[ 1, 4, 6, 7, 8, 10, 12, 16, 17, 19, 22, 26, 28, 29, 32, 35, 36, 37, 38, 40, 
  46, 50, 52, 53, 54, 55, 61, 62 ],
[ 1, 4, 6, 7, 8, 10, 12, 16, 17, 19, 22, 26, 27, 29, 32, 33, 34, 35, 36, 37, 
  38, 40, 46, 51, 52, 53, 61, 62 ],
[ 1, 4, 6, 7, 8, 10, 12, 14, 15, 16, 17, 19, 22, 26, 29, 32, 34, 35, 36, 40, 
  46, 49, 50, 51, 52, 54, 61, 63 ],
[ 1, 4, 6, 7, 8, 10, 12, 13, 16, 17, 19, 22, 26, 29, 32, 34, 36, 37, 38, 40, 
  46, 49, 50, 51, 52, 53, 54, 61 ],
[ 1, 4, 5, 7, 8, 12, 15, 16, 19, 21, 25, 26, 27, 29, 30, 31, 32, 33, 34, 35, 
  37, 39, 48, 51, 53, 56, 57, 62 ],
[ 1, 4, 5, 7, 8, 12, 15, 16, 19, 21, 25, 26, 27, 28, 29, 30, 31, 32, 34, 35, 
  37, 39, 48, 49, 54, 56, 57, 63 ],
[ 1, 4, 5, 7, 8, 12, 15, 16, 18, 19, 21, 26, 27, 29, 30, 31, 32, 33, 34, 35, 
  37, 41, 46, 51, 53, 56, 61, 62 ],
[ 1, 4, 5, 7, 8, 12, 15, 16, 18, 19, 21, 26, 27, 28, 29, 30, 31, 32, 34, 35, 
  37, 41, 46, 49, 54, 56, 61, 63 ],
[ 1, 4, 5, 7, 8, 12, 14, 16, 19, 21, 25, 26, 27, 28, 29, 30, 31, 32, 33, 35, 
  38, 39, 48, 49, 55, 56, 57, 63 ],
[ 1, 4, 5, 7, 8, 12, 14, 16, 18, 19, 21, 26, 29, 30, 31, 32, 34, 35, 38, 41, 
  46, 49, 50, 51, 54, 56, 61, 63 ],
[ 1, 4, 5, 7, 8, 12, 13, 15, 16, 19, 21, 25, 26, 28, 29, 30, 31, 32, 33, 34, 
  37, 39, 48, 50, 56, 57, 62, 63 ],
[ 1, 4, 5, 7, 8, 12, 13, 14, 16, 18, 19, 21, 26, 28, 29, 30, 31, 32, 38, 41, 
  46, 50, 54, 55, 56, 61, 62, 63 ],
[ 1, 4, 5, 7, 8, 10, 12, 16, 18, 19, 21, 26, 28, 29, 32, 35, 36, 37, 38, 41, 
  46, 50, 52, 53, 54, 55, 61, 62 ],
[ 1, 4, 5, 7, 8, 10, 12, 14, 15, 16, 18, 19, 21, 26, 29, 32, 34, 35, 36, 41, 
  46, 49, 50, 51, 52, 54, 61, 63 ],
[ 1, 4, 5, 7, 8, 10, 12, 14, 15, 16, 18, 19, 21, 26, 28, 29, 32, 33, 34, 35, 
  36, 41, 46, 50, 52, 53, 61, 62 ],
[ 1, 4, 5, 7, 8, 10, 12, 13, 16, 18, 19, 21, 26, 29, 32, 34, 36, 37, 38, 41, 
  46, 49, 50, 51, 52, 53, 54, 61 ],
[ 1, 3, 6, 7, 9, 12, 16, 19, 22, 24, 26, 27, 29, 30, 31, 32, 34, 35, 36, 39, 
  40, 41, 48, 50, 54, 56, 61, 63 ],
[ 1, 3, 6, 7, 9, 12, 16, 18, 19, 22, 25, 26, 27, 29, 30, 31, 32, 35, 36, 40, 
  47, 50, 53, 54, 55, 56, 57, 61 ],
[ 1, 3, 6, 7, 9, 12, 14, 16, 19, 22, 24, 26, 29, 30, 31, 32, 34, 35, 37, 39, 
  40, 41, 48, 49, 54, 61, 62, 63 ],
[ 1, 3, 6, 7, 9, 12, 14, 16, 18, 19, 22, 25, 26, 29, 30, 31, 32, 35, 37, 40, 
  47, 49, 53, 54, 55, 57, 61, 62 ],
[ 1, 3, 6, 7, 9, 12, 14, 16, 17, 19, 22, 25, 26, 29, 30, 31, 32, 33, 34, 35, 
  37, 41, 47, 49, 53, 57, 61, 62 ],
[ 1, 3, 6, 7, 9, 12, 14, 16, 17, 18, 19, 22, 25, 26, 29, 30, 31, 32, 34, 35, 
  37, 39, 47, 49, 54, 61, 62, 63 ],
[ 1, 3, 6, 7, 9, 11, 12, 16, 19, 22, 24, 25, 26, 27, 29, 31, 33, 35, 36, 39, 
  40, 41, 46, 50, 52, 55, 56, 63 ],
[ 1, 3, 6, 7, 9, 11, 12, 16, 18, 19, 22, 26, 27, 29, 31, 33, 34, 35, 36, 40, 
  46, 47, 48, 50, 52, 53, 56, 57 ],
[ 1, 3, 5, 7, 9, 12, 16, 19, 21, 24, 26, 28, 29, 30, 31, 32, 34, 35, 36, 39, 
  40, 41, 48, 51, 54, 56, 61, 63 ],
[ 1, 3, 5, 7, 9, 12, 16, 18, 19, 21, 25, 26, 28, 29, 30, 31, 32, 35, 36, 40, 
  47, 51, 53, 54, 55, 56, 57, 61 ],
[ 1, 3, 5, 7, 9, 12, 16, 17, 19, 21, 25, 26, 28, 29, 30, 31, 32, 33, 34, 35, 
  36, 41, 47, 51, 53, 56, 57, 61 ],
[ 1, 3, 5, 7, 9, 12, 16, 17, 18, 19, 21, 25, 26, 28, 29, 30, 31, 32, 34, 35, 
  36, 39, 47, 51, 54, 56, 61, 63 ],
[ 1, 2, 9, 12, 15, 16, 19, 21, 22, 25, 28, 29, 30, 33, 35, 37, 39, 40, 41, 
  42, 46, 48, 51, 52, 55, 56, 61, 63 ],
[ 1, 2, 9, 12, 15, 16, 18, 19, 21, 22, 25, 28, 29, 30, 33, 34, 35, 37, 40, 
  42, 46, 48, 51, 52, 53, 56, 57, 61 ],
[ 1, 2, 9, 12, 15, 16, 17, 19, 20, 21, 22, 25, 28, 29, 30, 35, 36, 37, 39, 
  41, 46, 48, 51, 52, 54, 55, 61, 63 ],
[ 1, 2, 9, 12, 15, 16, 17, 18, 19, 20, 21, 22, 25, 28, 29, 30, 34, 35, 36, 
  37, 46, 48, 51, 52, 53, 54, 57, 61 ],
[ 1, 2, 8, 11, 12, 15, 16, 19, 21, 22, 23, 26, 27, 30, 32, 33, 35, 37, 39, 
  40, 41, 42, 45, 50, 52, 55, 56, 63 ],
[ 1, 2, 8, 11, 12, 15, 16, 18, 19, 21, 22, 23, 26, 27, 30, 32, 33, 34, 35, 
  37, 40, 42, 45, 50, 52, 53, 56, 57 ],
[ 1, 2, 8, 11, 12, 15, 16, 17, 19, 21, 22, 23, 26, 27, 30, 32, 35, 37, 41, 
  42, 45, 50, 52, 53, 54, 55, 56, 57 ],
[ 1, 2, 8, 11, 12, 15, 16, 17, 19, 20, 21, 22, 23, 26, 27, 30, 32, 35, 36, 
  37, 39, 41, 45, 50, 52, 54, 55, 63 ],
[ 1, 2, 8, 11, 12, 15, 16, 17, 18, 19, 21, 22, 23, 26, 27, 30, 32, 34, 35, 
  37, 39, 42, 45, 50, 52, 54, 56, 63 ],
[ 1, 2, 8, 11, 12, 15, 16, 17, 18, 19, 20, 21, 22, 23, 26, 27, 30, 32, 34, 
  35, 36, 37, 45, 50, 52, 53, 54, 57 ],
[ 1, 2, 8, 10, 11, 12, 15, 16, 19, 21, 22, 23, 26, 31, 32, 33, 35, 37, 39, 
  40, 41, 42, 45, 49, 55, 56, 62, 63 ],
[ 1, 2, 8, 10, 11, 12, 15, 16, 18, 19, 21, 22, 23, 26, 31, 32, 33, 34, 35, 
  37, 40, 42, 45, 49, 53, 56, 57, 62 ],
[ 1, 2, 8, 10, 11, 12, 15, 16, 17, 19, 21, 22, 23, 26, 31, 32, 35, 37, 41, 
  42, 45, 49, 53, 54, 55, 56, 57, 62 ],
[ 1, 2, 8, 10, 11, 12, 15, 16, 17, 19, 20, 21, 22, 23, 26, 31, 32, 35, 36, 
  37, 39, 41, 45, 49, 54, 55, 62, 63 ],
[ 1, 2, 8, 10, 11, 12, 15, 16, 17, 18, 19, 21, 22, 23, 26, 31, 32, 34, 35, 
  37, 39, 42, 45, 49, 54, 56, 62, 63 ],
[ 1, 2, 8, 10, 11, 12, 15, 16, 17, 18, 19, 20, 21, 22, 23, 26, 31, 32, 34, 
  35, 36, 37, 45, 49, 53, 54, 57, 62 ],
[ 1, 2, 8, 9, 12, 15, 16, 19, 21, 22, 25, 26, 27, 29, 30, 33, 35, 37, 39, 40, 
  41, 42, 48, 50, 52, 55, 56, 63 ],
[ 1, 2, 8, 9, 12, 15, 16, 19, 21, 22, 24, 26, 28, 29, 30, 33, 35, 37, 39, 40, 
  41, 42, 47, 51, 52, 55, 56, 63 ],
[ 1, 2, 8, 9, 12, 15, 16, 18, 19, 21, 22, 25, 26, 27, 29, 30, 33, 34, 35, 37, 
  40, 42, 48, 50, 52, 53, 56, 57 ],
[ 1, 2, 8, 9, 12, 15, 16, 18, 19, 21, 22, 24, 26, 28, 29, 30, 33, 34, 35, 37, 
  40, 42, 47, 51, 52, 53, 56, 57 ],
[ 1, 2, 8, 9, 12, 15, 16, 17, 19, 20, 21, 22, 25, 26, 27, 29, 30, 35, 36, 37, 
  39, 41, 48, 50, 52, 54, 55, 63 ],
[ 1, 2, 8, 9, 12, 15, 16, 17, 19, 20, 21, 22, 24, 26, 28, 29, 30, 35, 36, 37, 
  39, 41, 47, 51, 52, 54, 55, 63 ],
[ 1, 2, 8, 9, 12, 15, 16, 17, 18, 19, 20, 21, 22, 24, 26, 28, 29, 30, 34, 35, 
  36, 37, 47, 51, 52, 53, 54, 57 ],
[ 1, 2, 8, 9, 11, 12, 15, 16, 19, 21, 22, 26, 29, 30, 32, 33, 35, 37, 39, 40, 
  41, 42, 43, 52, 55, 56, 59, 63 ],
[ 1, 2, 8, 9, 11, 12, 15, 16, 19, 21, 22, 26, 27, 29, 32, 33, 35, 37, 39, 40, 
  41, 42, 46, 50, 55, 56, 61, 63 ],
[ 1, 2, 8, 9, 11, 12, 15, 16, 19, 21, 22, 24, 26, 29, 32, 33, 35, 37, 39, 40, 
  41, 42, 47, 49, 55, 56, 62, 63 ],
[ 1, 2, 8, 9, 11, 12, 15, 16, 18, 19, 21, 22, 26, 29, 30, 32, 33, 34, 35, 37, 
  40, 42, 43, 52, 53, 56, 57, 59 ],
[ 1, 2, 8, 9, 11, 12, 15, 16, 18, 19, 21, 22, 26, 27, 29, 32, 33, 34, 35, 37, 
  40, 42, 46, 50, 53, 56, 57, 61 ],
[ 1, 2, 8, 9, 11, 12, 15, 16, 18, 19, 21, 22, 24, 26, 29, 32, 33, 34, 35, 37, 
  40, 42, 47, 49, 53, 56, 57, 62 ],
[ 1, 2, 8, 9, 11, 12, 15, 16, 17, 19, 21, 22, 26, 29, 30, 32, 35, 37, 41, 42, 
  43, 52, 53, 54, 55, 56, 57, 59 ],
[ 1, 2, 8, 9, 11, 12, 15, 16, 17, 19, 21, 22, 24, 26, 29, 32, 35, 37, 41, 42, 
  47, 49, 53, 54, 55, 56, 57, 62 ],
[ 1, 2, 8, 9, 11, 12, 15, 16, 17, 19, 20, 21, 22, 26, 29, 30, 32, 35, 36, 37, 
  39, 41, 43, 52, 54, 55, 59, 63 ],
[ 1, 2, 8, 9, 11, 12, 15, 16, 17, 19, 20, 21, 22, 26, 27, 29, 32, 35, 36, 37, 
  39, 41, 46, 50, 54, 55, 61, 63 ],
[ 1, 2, 8, 9, 11, 12, 15, 16, 17, 19, 20, 21, 22, 24, 26, 29, 32, 35, 36, 37, 
  39, 41, 47, 49, 54, 55, 62, 63 ],
[ 1, 2, 8, 9, 11, 12, 15, 16, 17, 18, 19, 21, 22, 26, 29, 30, 32, 34, 35, 37, 
  39, 42, 43, 52, 54, 56, 59, 63 ],
[ 1, 2, 8, 9, 11, 12, 15, 16, 17, 18, 19, 21, 22, 24, 26, 29, 32, 34, 35, 37, 
  39, 42, 47, 49, 54, 56, 62, 63 ],
[ 1, 2, 8, 9, 11, 12, 15, 16, 17, 18, 19, 20, 21, 22, 26, 29, 30, 32, 34, 35, 
  36, 37, 43, 52, 53, 54, 57, 59 ],
[ 1, 2, 8, 9, 11, 12, 15, 16, 17, 18, 19, 20, 21, 22, 24, 26, 29, 32, 34, 35, 
  36, 37, 47, 49, 53, 54, 57, 62 ],
[ 1, 2, 8, 9, 10, 12, 15, 16, 19, 21, 22, 26, 28, 29, 31, 33, 35, 37, 39, 40, 
  41, 42, 46, 51, 55, 56, 61, 63 ],
[ 1, 2, 8, 9, 10, 12, 15, 16, 19, 21, 22, 25, 26, 29, 31, 33, 35, 37, 39, 40, 
  41, 42, 48, 49, 55, 56, 62, 63 ],
[ 1, 2, 8, 9, 10, 12, 15, 16, 18, 19, 21, 22, 26, 28, 29, 31, 33, 34, 35, 37, 
  40, 42, 46, 51, 53, 56, 57, 61 ],
[ 1, 2, 8, 9, 10, 12, 15, 16, 18, 19, 21, 22, 25, 26, 29, 31, 33, 34, 35, 37, 
  40, 42, 48, 49, 53, 56, 57, 62 ],
[ 1, 2, 8, 9, 10, 12, 15, 16, 17, 19, 20, 21, 22, 26, 28, 29, 31, 35, 36, 37, 
  39, 41, 46, 51, 54, 55, 61, 63 ],
[ 1, 2, 8, 9, 10, 12, 15, 16, 17, 19, 20, 21, 22, 25, 26, 29, 31, 35, 36, 37, 
  39, 41, 48, 49, 54, 55, 62, 63 ],
[ 1, 2, 8, 9, 10, 12, 15, 16, 17, 18, 19, 20, 21, 22, 26, 28, 29, 31, 34, 35, 
  36, 37, 46, 51, 53, 54, 57, 61 ],
[ 1, 2, 8, 9, 10, 12, 15, 16, 17, 18, 19, 20, 21, 22, 25, 26, 29, 31, 34, 35, 
  36, 37, 48, 49, 53, 54, 57, 62 ],
[ 1, 2, 8, 9, 10, 11, 12, 15, 16, 19, 21, 22, 26, 29, 31, 32, 33, 35, 37, 39, 
  40, 41, 42, 55, 56, 58, 63, 64 ],
[ 1, 2, 8, 9, 10, 11, 12, 15, 16, 18, 19, 21, 22, 26, 29, 31, 32, 33, 34, 35, 
  37, 40, 42, 53, 56, 57, 58, 64 ],
[ 1, 2, 8, 9, 10, 11, 12, 15, 16, 17, 19, 21, 22, 26, 29, 31, 32, 35, 37, 41, 
  42, 53, 54, 55, 56, 57, 58, 64 ],
[ 1, 2, 8, 9, 10, 11, 12, 15, 16, 17, 19, 20, 21, 22, 26, 29, 31, 32, 35, 36, 
  37, 39, 41, 54, 55, 58, 63, 64 ],
[ 1, 2, 8, 9, 10, 11, 12, 15, 16, 17, 18, 19, 21, 22, 26, 29, 31, 32, 34, 35, 
  37, 39, 42, 54, 56, 58, 63, 64 ],
[ 1, 2, 8, 9, 10, 11, 12, 15, 16, 17, 18, 19, 20, 21, 22, 26, 29, 31, 32, 34, 
  35, 36, 37, 53, 54, 57, 58, 64 ],
[ 1, 2, 7, 11, 12, 13, 16, 19, 20, 24, 26, 28, 29, 32, 33, 35, 36, 37, 38, 
  39, 40, 41, 42, 48, 50, 54, 61, 62 ],
[ 1, 2, 7, 11, 12, 13, 16, 18, 19, 20, 24, 26, 29, 32, 33, 35, 36, 37, 38, 
  40, 42, 48, 49, 50, 51, 54, 57, 61 ],
[ 1, 2, 7, 11, 12, 13, 14, 16, 19, 20, 26, 28, 29, 32, 33, 35, 38, 39, 40, 
  41, 42, 46, 47, 48, 50, 54, 56, 62 ],
[ 1, 2, 7, 11, 12, 13, 14, 16, 18, 19, 20, 26, 29, 32, 33, 35, 38, 40, 42, 
  46, 47, 48, 49, 50, 51, 54, 56, 57 ],
[ 1, 2, 6, 8, 11, 12, 16, 17, 19, 21, 23, 26, 27, 30, 32, 35, 37, 38, 39, 41, 
  42, 45, 50, 52, 54, 55, 56, 63 ],
[ 1, 2, 6, 8, 11, 12, 16, 17, 18, 19, 21, 23, 26, 27, 30, 32, 34, 35, 37, 38, 
  42, 45, 50, 52, 53, 54, 56, 57 ],
[ 1, 2, 6, 8, 10, 11, 12, 16, 17, 19, 21, 23, 26, 31, 32, 35, 37, 38, 39, 41, 
  42, 45, 49, 54, 55, 56, 62, 63 ],
[ 1, 2, 6, 8, 10, 11, 12, 16, 17, 18, 19, 21, 23, 26, 31, 32, 34, 35, 37, 38, 
  42, 45, 49, 53, 54, 56, 57, 62 ],
[ 1, 2, 6, 8, 9, 12, 16, 17, 19, 21, 25, 26, 27, 29, 30, 35, 37, 38, 39, 41, 
  42, 48, 50, 52, 54, 55, 56, 63 ],
[ 1, 2, 6, 8, 9, 11, 12, 16, 17, 19, 21, 26, 29, 30, 32, 35, 37, 38, 39, 41, 
  42, 43, 52, 54, 55, 56, 59, 63 ],
[ 1, 2, 6, 8, 9, 11, 12, 16, 17, 19, 21, 26, 27, 29, 32, 35, 37, 38, 39, 41, 
  42, 46, 50, 54, 55, 56, 61, 63 ],
[ 1, 2, 6, 8, 9, 11, 12, 16, 17, 19, 21, 24, 26, 29, 32, 35, 37, 38, 39, 41, 
  42, 47, 49, 54, 55, 56, 62, 63 ],
[ 1, 2, 6, 8, 9, 11, 12, 16, 17, 18, 19, 21, 26, 29, 30, 32, 34, 35, 37, 38, 
  42, 43, 52, 53, 54, 56, 57, 59 ],
[ 1, 2, 6, 8, 9, 11, 12, 16, 17, 18, 19, 21, 24, 26, 29, 32, 34, 35, 37, 38, 
  42, 47, 49, 53, 54, 56, 57, 62 ],
[ 1, 2, 6, 8, 9, 10, 11, 12, 16, 17, 19, 21, 26, 29, 31, 32, 35, 37, 38, 39, 
  41, 42, 54, 55, 56, 58, 63, 64 ],
[ 1, 2, 6, 8, 9, 10, 11, 12, 16, 17, 18, 19, 21, 26, 29, 31, 32, 34, 35, 37, 
  38, 42, 53, 54, 56, 57, 58, 64 ],
[ 1, 2, 6, 7, 12, 13, 16, 19, 22, 24, 26, 28, 29, 30, 33, 35, 36, 37, 38, 39, 
  40, 41, 48, 50, 52, 54, 61, 62 ],
[ 1, 2, 6, 7, 12, 13, 16, 18, 19, 22, 24, 26, 29, 30, 33, 35, 36, 37, 38, 40, 
  48, 49, 50, 51, 52, 54, 57, 61 ],
[ 1, 2, 6, 7, 12, 13, 16, 17, 18, 19, 22, 25, 26, 28, 29, 30, 33, 35, 36, 37, 
  38, 39, 47, 50, 52, 54, 61, 62 ],
[ 1, 2, 6, 7, 12, 13, 14, 16, 19, 22, 26, 28, 29, 30, 33, 35, 38, 39, 40, 41, 
  46, 47, 48, 50, 52, 54, 56, 62 ],
[ 1, 2, 6, 7, 10, 12, 16, 17, 19, 21, 22, 23, 26, 27, 29, 30, 33, 34, 35, 38, 
  39, 42, 46, 48, 55, 57, 59, 61 ],
[ 1, 2, 6, 7, 10, 12, 13, 16, 19, 22, 24, 26, 28, 29, 31, 35, 36, 37, 38, 39, 
  40, 41, 48, 50, 53, 61, 62, 63 ],
[ 1, 2, 6, 7, 10, 12, 13, 16, 18, 19, 22, 24, 26, 29, 31, 35, 36, 37, 38, 40, 
  48, 49, 50, 51, 53, 57, 61, 63 ],
[ 1, 2, 6, 7, 10, 12, 13, 16, 17, 18, 19, 22, 25, 26, 28, 29, 31, 35, 36, 37, 
  38, 39, 47, 50, 53, 61, 62, 63 ],
[ 1, 2, 6, 7, 10, 12, 13, 15, 16, 19, 22, 24, 25, 26, 28, 29, 31, 35, 37, 39, 
  40, 41, 46, 50, 53, 56, 62, 63 ],
[ 1, 2, 6, 7, 10, 12, 13, 15, 16, 18, 19, 22, 26, 27, 28, 29, 31, 35, 37, 40, 
  46, 47, 48, 49, 53, 56, 57, 63 ],
[ 1, 2, 6, 7, 10, 12, 13, 14, 16, 17, 19, 22, 26, 27, 28, 29, 31, 35, 38, 41, 
  46, 47, 48, 49, 53, 56, 57, 63 ],
[ 1, 2, 6, 7, 10, 12, 13, 14, 16, 17, 18, 19, 22, 24, 25, 26, 28, 29, 31, 35, 
  38, 39, 46, 50, 53, 56, 62, 63 ],
[ 1, 2, 6, 7, 10, 12, 13, 14, 15, 16, 17, 19, 22, 24, 26, 29, 31, 35, 36, 41, 
  48, 49, 50, 51, 53, 57, 61, 63 ],
[ 1, 2, 6, 7, 9, 10, 12, 13, 16, 19, 21, 22, 23, 26, 27, 30, 33, 34, 38, 39, 
  40, 42, 43, 46, 48, 55, 57, 61 ],
[ 1, 2, 6, 7, 8, 12, 13, 16, 17, 19, 20, 21, 22, 24, 26, 29, 30, 31, 34, 35, 
  38, 39, 46, 50, 57, 58, 60, 63 ],
[ 1, 2, 6, 7, 8, 12, 13, 15, 16, 17, 19, 21, 22, 24, 26, 29, 31, 34, 35, 39, 
  42, 50, 52, 57, 58, 60, 61, 63 ],
[ 1, 2, 5, 7, 11, 12, 13, 16, 19, 21, 24, 26, 28, 29, 32, 35, 36, 37, 38, 39, 
  40, 41, 48, 50, 53, 61, 62, 63 ],
[ 1, 2, 5, 7, 11, 12, 13, 16, 18, 19, 21, 24, 26, 29, 32, 35, 36, 37, 38, 40, 
  48, 49, 50, 51, 53, 57, 61, 63 ],
[ 1, 2, 5, 7, 11, 12, 13, 16, 17, 18, 19, 21, 25, 26, 28, 29, 32, 35, 36, 37, 
  38, 39, 47, 50, 53, 61, 62, 63 ],
[ 1, 2, 5, 7, 11, 12, 13, 16, 17, 18, 19, 21, 24, 26, 27, 29, 32, 35, 36, 37, 
  38, 39, 48, 51, 53, 61, 62, 63 ],
[ 1, 2, 5, 7, 11, 12, 13, 15, 16, 19, 21, 24, 25, 26, 28, 29, 32, 35, 37, 39, 
  40, 41, 46, 50, 53, 56, 62, 63 ],
[ 1, 2, 5, 7, 11, 12, 13, 14, 16, 18, 19, 21, 26, 29, 32, 35, 38, 40, 46, 47, 
  48, 49, 50, 51, 53, 56, 57, 63 ],
[ 1, 2, 5, 7, 11, 12, 13, 14, 16, 17, 18, 19, 21, 24, 25, 26, 28, 29, 32, 35, 
  38, 39, 46, 50, 53, 56, 62, 63 ],
[ 1, 2, 5, 7, 11, 12, 13, 14, 15, 16, 17, 19, 21, 24, 26, 29, 32, 35, 36, 41, 
  48, 49, 50, 51, 53, 57, 61, 63 ],
[ 1, 2, 4, 7, 12, 15, 16, 19, 21, 22, 23, 25, 29, 30, 31, 32, 33, 35, 38, 40, 
  41, 47, 49, 52, 54, 56, 58, 63 ],
[ 1, 2, 4, 7, 12, 15, 16, 18, 19, 21, 22, 23, 26, 27, 30, 31, 32, 33, 35, 38, 
  40, 51, 52, 53, 54, 56, 61, 64 ],
[ 1, 2, 4, 7, 12, 15, 16, 17, 19, 21, 22, 23, 26, 28, 30, 31, 32, 33, 35, 38, 
  41, 50, 52, 53, 54, 56, 61, 64 ],
[ 1, 2, 4, 7, 12, 13, 15, 16, 19, 21, 22, 25, 29, 30, 31, 32, 33, 38, 40, 41, 
  45, 47, 49, 52, 53, 54, 56, 64 ],
[ 1, 2, 4, 7, 11, 12, 15, 16, 18, 19, 21, 22, 24, 25, 27, 28, 30, 31, 33, 35, 
  38, 40, 44, 52, 53, 54, 56, 59 ],
[ 1, 2, 4, 7, 11, 12, 15, 16, 17, 19, 21, 22, 26, 27, 28, 30, 31, 33, 35, 36, 
  38, 41, 45, 52, 54, 58, 61, 63 ],
[ 1, 2, 4, 7, 11, 12, 15, 16, 17, 19, 21, 22, 24, 30, 31, 33, 35, 36, 38, 41, 
  48, 50, 51, 52, 54, 59, 60, 63 ],
[ 1, 2, 4, 7, 11, 12, 15, 16, 17, 19, 21, 22, 24, 25, 27, 28, 30, 31, 33, 35, 
  38, 41, 43, 52, 53, 54, 56, 60 ],
[ 1, 2, 4, 7, 11, 12, 15, 16, 17, 18, 19, 21, 22, 26, 29, 30, 31, 33, 35, 36, 
  38, 44, 52, 53, 54, 59, 61, 62 ],
[ 1, 2, 4, 7, 11, 12, 13, 15, 16, 19, 21, 22, 24, 29, 30, 31, 33, 36, 38, 40, 
  41, 45, 48, 52, 54, 62, 63, 64 ],
[ 1, 2, 4, 7, 10, 12, 15, 16, 19, 21, 22, 26, 29, 30, 32, 33, 35, 38, 40, 41, 
  43, 44, 46, 52, 54, 56, 62, 63 ],
[ 1, 2, 4, 7, 10, 12, 15, 16, 17, 18, 19, 21, 22, 26, 29, 30, 32, 33, 35, 38, 
  46, 52, 54, 56, 59, 60, 62, 63 ],
[ 1, 2, 4, 6, 7, 10, 12, 16, 19, 21, 22, 25, 26, 29, 33, 34, 38, 41, 42, 45, 
  46, 50, 52, 53, 54, 57, 59, 61 ],
[ 1, 2, 4, 6, 7, 10, 12, 16, 18, 19, 21, 22, 23, 25, 26, 27, 29, 33, 34, 38, 
  42, 46, 52, 54, 57, 59, 61, 63 ],
[ 1, 2, 4, 6, 7, 8, 12, 16, 19, 20, 21, 22, 26, 29, 31, 33, 35, 38, 39, 41, 
  46, 47, 50, 52, 53, 58, 60, 63 ],
[ 1, 2, 4, 6, 7, 8, 12, 13, 15, 16, 18, 19, 21, 22, 26, 29, 30, 31, 42, 47, 
  50, 53, 54, 57, 58, 60, 61, 63 ],
[ 1, 2, 4, 5, 7, 11, 12, 14, 16, 19, 21, 22, 25, 26, 29, 30, 34, 40, 42, 47, 
  48, 51, 53, 54, 55, 57, 58, 59 ],
[ 1, 2, 4, 5, 7, 11, 12, 14, 16, 19, 21, 22, 25, 26, 28, 29, 30, 34, 39, 40, 
  42, 47, 48, 54, 55, 59, 63, 64 ],
[ 1, 2, 4, 5, 7, 11, 12, 14, 16, 17, 19, 20, 21, 22, 25, 26, 28, 29, 30, 35, 
  43, 47, 48, 53, 55, 57, 58, 63 ],
[ 1, 2, 4, 5, 7, 11, 12, 13, 14, 16, 19, 20, 21, 22, 25, 26, 29, 30, 40, 43, 
  47, 48, 51, 53, 55, 57, 63, 64 ],
[ 1, 2, 4, 5, 7, 8, 12, 19, 20, 21, 22, 25, 26, 29, 32, 33, 35, 36, 38, 40, 
  46, 51, 52, 54, 55, 57, 59, 64 ],
[ 1, 2, 4, 5, 7, 8, 12, 15, 19, 21, 22, 26, 29, 30, 32, 33, 35, 36, 40, 42, 
  46, 48, 51, 54, 55, 57, 59, 64 ],
[ 1, 2, 4, 5, 7, 8, 12, 13, 19, 21, 22, 26, 29, 32, 35, 36, 38, 40, 42, 43, 
  48, 51, 52, 54, 57, 58, 61, 63 ],
[ 1, 2, 4, 5, 7, 8, 12, 13, 19, 20, 21, 22, 25, 26, 29, 30, 32, 35, 38, 40, 
  43, 51, 54, 56, 57, 58, 61, 63 ],
[ 1, 2, 3, 4, 12, 14, 16, 18, 19, 21, 22, 25, 26, 29, 30, 33, 35, 37, 41, 42, 
  47, 49, 50, 51, 52, 55, 61, 63 ],
[ 1, 2, 3, 4, 12, 14, 16, 18, 19, 21, 22, 25, 26, 27, 29, 30, 35, 37, 41, 42, 
  47, 51, 52, 53, 54, 55, 61, 62 ],
[ 1, 2, 3, 4, 12, 14, 16, 18, 19, 21, 22, 24, 26, 27, 28, 29, 30, 33, 35, 37, 
  41, 42, 48, 49, 52, 55, 61, 63 ],
[ 1, 2, 3, 4, 12, 13, 14, 16, 18, 19, 21, 22, 24, 26, 28, 29, 30, 33, 34, 37, 
  41, 42, 48, 50, 52, 61, 62, 63 ],
[ 1, 2, 3, 4, 10, 12, 16, 18, 19, 21, 22, 25, 26, 29, 31, 33, 35, 36, 41, 42, 
  47, 49, 50, 51, 55, 56, 61, 63 ],
[ 1, 2, 3, 4, 10, 12, 16, 18, 19, 21, 22, 25, 26, 27, 29, 31, 35, 36, 41, 42, 
  47, 51, 53, 54, 55, 56, 61, 62 ],
[ 1, 2, 3, 4, 7, 12, 15, 16, 18, 19, 21, 22, 24, 27, 30, 31, 32, 37, 40, 48, 
  51, 52, 53, 54, 55, 59, 60, 63 ],
[ 1, 2, 3, 4, 7, 12, 15, 16, 18, 19, 21, 22, 24, 27, 30, 31, 32, 33, 34, 37, 
  40, 43, 44, 48, 51, 52, 53, 63 ],
[ 1, 2, 3, 4, 7, 12, 14, 16, 19, 21, 22, 26, 29, 30, 31, 32, 34, 38, 40, 41, 
  43, 49, 52, 53, 54, 60, 61, 63 ],
[ 1, 2, 3, 4, 7, 12, 14, 16, 19, 21, 22, 26, 29, 30, 31, 32, 33, 38, 40, 41, 
  44, 49, 52, 53, 55, 59, 61, 63 ],
[ 1, 2, 3, 4, 7, 11, 12, 16, 18, 19, 21, 22, 25, 30, 31, 33, 37, 38, 40, 43, 
  44, 47, 50, 51, 52, 53, 55, 63 ],
[ 1, 2, 3, 4, 7, 11, 12, 16, 17, 18, 19, 21, 22, 23, 25, 29, 30, 31, 37, 38, 
  47, 52, 53, 54, 55, 58, 62, 63 ],
[ 1, 2, 3, 4, 7, 11, 12, 15, 16, 19, 21, 22, 29, 30, 31, 33, 37, 40, 41, 45, 
  47, 48, 52, 53, 55, 58, 62, 63 ],
[ 1, 2, 3, 4, 7, 11, 12, 15, 16, 18, 19, 21, 22, 23, 26, 30, 31, 33, 34, 37, 
  40, 46, 50, 51, 52, 53, 58, 63 ],
[ 1, 2, 3, 4, 7, 11, 12, 15, 16, 18, 19, 21, 22, 23, 26, 27, 28, 30, 31, 37, 
  40, 46, 52, 53, 54, 55, 58, 63 ],
[ 1, 2, 3, 4, 7, 11, 12, 15, 16, 17, 18, 19, 21, 22, 23, 29, 30, 31, 33, 37, 
  47, 48, 52, 53, 55, 62, 63, 64 ],
[ 1, 2, 3, 4, 7, 11, 12, 14, 15, 16, 19, 21, 22, 26, 29, 30, 31, 40, 41, 44, 
  52, 53, 54, 55, 59, 61, 62, 63 ],
[ 1, 2, 3, 4, 7, 11, 12, 14, 15, 16, 18, 19, 21, 22, 26, 27, 28, 30, 31, 34, 
  40, 45, 52, 53, 54, 58, 61, 63 ],
[ 1, 2, 3, 4, 5, 10, 12, 16, 18, 19, 20, 22, 26, 29, 31, 34, 35, 36, 41, 46, 
  47, 48, 49, 50, 51, 54, 56, 63 ],
[ 1, 2, 3, 4, 5, 10, 12, 16, 18, 19, 20, 22, 26, 28, 29, 31, 35, 36, 41, 46, 
  47, 48, 50, 53, 54, 55, 56, 62 ]
];

