## Group: [64, 134]
## Difference Sets: 342
## Time:  0:23:59.484

return [
[ 1, 2, 3, 4, 5, 6, 7, 8, 9, 10, 11, 13, 14, 15, 17, 29, 32, 36, 38, 40, 45, 
  49, 51, 54, 56, 57, 61, 64 ],
[ 1, 2, 3, 4, 5, 6, 7, 8, 9, 10, 11, 13, 14, 16, 19, 21, 22, 34, 36, 48, 50, 
  51, 52, 53, 58, 59, 62, 63 ],
[ 1, 2, 3, 4, 5, 6, 7, 8, 9, 10, 11, 13, 14, 17, 29, 32, 34, 40, 45, 49, 51, 
  53, 54, 55, 57, 61, 63, 64 ],
[ 1, 2, 3, 4, 5, 6, 7, 8, 9, 10, 11, 13, 19, 21, 22, 25, 27, 35, 36, 38, 49, 
  51, 52, 53, 54, 56, 59, 64 ],
[ 1, 2, 3, 4, 5, 6, 7, 8, 9, 10, 11, 14, 15, 16, 17, 23, 29, 32, 37, 40, 46, 
  49, 51, 55, 56, 57, 63, 64 ],
[ 1, 2, 3, 4, 5, 6, 7, 8, 9, 10, 11, 14, 15, 16, 18, 19, 32, 36, 37, 40, 45, 
  49, 50, 53, 55, 61, 62, 64 ],
[ 1, 2, 3, 4, 5, 6, 7, 8, 9, 10, 11, 14, 19, 21, 22, 25, 27, 34, 37, 38, 49, 
  51, 52, 53, 54, 55, 59, 64 ],
[ 1, 2, 3, 4, 5, 6, 7, 8, 9, 10, 11, 15, 22, 23, 26, 27, 29, 31, 41, 42, 46, 
  47, 49, 54, 58, 60, 63, 64 ],
[ 1, 2, 3, 4, 5, 6, 7, 8, 9, 10, 11, 15, 22, 24, 26, 27, 29, 31, 41, 42, 44, 
  45, 49, 54, 58, 61, 63, 64 ],
[ 1, 2, 3, 4, 5, 6, 7, 8, 9, 10, 11, 16, 19, 21, 22, 23, 24, 30, 44, 48, 49, 
  50, 51, 53, 59, 61, 63, 64 ],
[ 1, 2, 3, 4, 5, 6, 7, 8, 9, 10, 11, 16, 19, 21, 22, 23, 24, 44, 46, 48, 50, 
  51, 52, 53, 58, 59, 62, 63 ],
[ 1, 2, 3, 4, 5, 6, 7, 8, 9, 10, 11, 16, 19, 21, 22, 23, 25, 27, 30, 47, 51, 
  53, 58, 59, 60, 61, 62, 63 ],
[ 1, 2, 3, 4, 5, 6, 7, 8, 9, 10, 11, 16, 19, 21, 22, 23, 25, 27, 46, 47, 49, 
  51, 52, 53, 59, 60, 63, 64 ],
[ 1, 2, 3, 4, 5, 6, 7, 8, 9, 10, 11, 16, 19, 21, 22, 24, 25, 27, 28, 45, 52, 
  53, 58, 59, 60, 61, 62, 63 ],
[ 1, 2, 3, 4, 5, 6, 7, 8, 9, 10, 11, 16, 19, 21, 22, 24, 25, 27, 30, 44, 45, 
  46, 51, 53, 58, 59, 62, 63 ],
[ 1, 2, 3, 4, 5, 6, 7, 8, 9, 10, 11, 16, 19, 21, 22, 24, 25, 27, 44, 45, 49, 
  51, 52, 53, 59, 61, 63, 64 ],
[ 1, 2, 3, 4, 5, 6, 7, 8, 9, 10, 11, 16, 19, 21, 22, 24, 25, 30, 43, 44, 45, 
  46, 49, 50, 51, 53, 63, 64 ],
[ 1, 2, 3, 4, 5, 6, 7, 8, 9, 10, 11, 16, 19, 21, 22, 24, 27, 30, 45, 48, 51, 
  53, 59, 60, 61, 62, 63, 64 ],
[ 1, 2, 3, 4, 5, 6, 7, 8, 9, 10, 11, 16, 19, 21, 22, 24, 28, 43, 44, 45, 46, 
  48, 49, 50, 52, 53, 58, 63 ],
[ 1, 2, 3, 4, 5, 6, 7, 8, 9, 10, 11, 16, 19, 21, 22, 25, 27, 28, 43, 45, 46, 
  47, 52, 53, 60, 62, 63, 64 ],
[ 1, 2, 3, 4, 5, 6, 7, 8, 9, 10, 11, 16, 19, 21, 22, 25, 30, 44, 45, 47, 49, 
  50, 51, 53, 58, 59, 61, 63 ],
[ 1, 2, 3, 4, 5, 6, 7, 8, 9, 10, 11, 16, 19, 21, 22, 27, 30, 43, 45, 46, 47, 
  48, 51, 53, 58, 60, 62, 63 ],
[ 1, 2, 3, 4, 5, 6, 7, 8, 9, 10, 11, 16, 19, 21, 22, 28, 44, 45, 47, 48, 49, 
  50, 52, 53, 59, 61, 63, 64 ],
[ 1, 2, 3, 4, 5, 6, 7, 8, 9, 10, 11, 16, 19, 21, 22, 30, 45, 46, 47, 48, 49, 
  50, 51, 53, 59, 60, 63, 64 ],
[ 1, 2, 3, 4, 5, 6, 7, 8, 9, 10, 11, 16, 19, 21, 22, 45, 47, 48, 50, 51, 52, 
  53, 58, 59, 60, 61, 62, 63 ],
[ 1, 2, 3, 4, 5, 6, 7, 8, 9, 10, 11, 22, 23, 25, 27, 29, 31, 38, 41, 42, 45, 
  46, 49, 53, 54, 59, 61, 64 ],
[ 1, 2, 3, 4, 5, 6, 7, 8, 9, 10, 11, 22, 24, 25, 27, 29, 31, 38, 41, 42, 44, 
  47, 49, 53, 54, 59, 60, 64 ],
[ 1, 2, 3, 4, 5, 6, 7, 8, 9, 10, 12, 13, 15, 22, 26, 27, 28, 30, 36, 37, 41, 
  42, 50, 54, 55, 58, 63, 64 ],
[ 1, 2, 3, 4, 5, 6, 7, 8, 9, 10, 12, 13, 15, 22, 26, 28, 30, 36, 37, 41, 42, 
  43, 49, 54, 55, 59, 62, 63 ],
[ 1, 2, 3, 4, 5, 6, 7, 8, 9, 10, 12, 14, 15, 22, 26, 28, 30, 34, 35, 41, 42, 
  43, 49, 54, 56, 59, 62, 63 ],
[ 1, 2, 3, 4, 5, 6, 7, 8, 9, 10, 12, 15, 18, 20, 22, 23, 26, 27, 46, 47, 50, 
  51, 52, 54, 58, 60, 63, 64 ],
[ 1, 2, 3, 4, 5, 6, 7, 8, 9, 10, 12, 15, 18, 20, 22, 23, 26, 43, 46, 47, 49, 
  51, 52, 54, 59, 60, 62, 63 ],
[ 1, 2, 3, 4, 5, 6, 7, 8, 9, 10, 12, 15, 18, 20, 22, 24, 26, 43, 44, 45, 49, 
  51, 52, 54, 59, 61, 62, 63 ],
[ 1, 2, 3, 4, 5, 6, 7, 8, 9, 10, 12, 15, 18, 22, 23, 24, 29, 30, 42, 44, 47, 
  48, 49, 50, 53, 54, 58, 64 ],
[ 1, 2, 3, 4, 5, 6, 7, 8, 9, 10, 12, 15, 18, 22, 23, 29, 30, 42, 43, 44, 46, 
  48, 49, 50, 53, 54, 59, 61 ],
[ 1, 2, 3, 4, 5, 6, 7, 8, 9, 10, 12, 15, 20, 22, 24, 26, 29, 30, 33, 41, 44, 
  46, 49, 50, 58, 59, 60, 63 ],
[ 1, 2, 3, 4, 5, 6, 7, 8, 9, 10, 12, 15, 20, 22, 24, 26, 29, 30, 41, 43, 44, 
  46, 49, 50, 53, 54, 60, 64 ],
[ 1, 2, 3, 4, 5, 6, 7, 8, 9, 10, 12, 15, 20, 22, 24, 26, 29, 33, 41, 44, 50, 
  52, 59, 60, 61, 62, 63, 64 ],
[ 1, 2, 3, 4, 5, 6, 7, 8, 9, 10, 12, 15, 20, 22, 26, 29, 41, 44, 46, 47, 50, 
  52, 53, 54, 59, 60, 62, 64 ],
[ 1, 2, 3, 4, 5, 6, 7, 8, 9, 10, 12, 15, 22, 23, 24, 28, 30, 41, 42, 45, 47, 
  48, 49, 54, 58, 59, 62, 63 ],
[ 1, 2, 3, 4, 5, 6, 7, 8, 9, 10, 12, 15, 22, 23, 27, 28, 30, 41, 42, 45, 46, 
  48, 50, 54, 58, 59, 61, 63 ],
[ 1, 2, 3, 4, 5, 6, 7, 8, 9, 10, 12, 15, 22, 28, 30, 41, 42, 44, 46, 48, 49, 
  54, 58, 59, 60, 61, 62, 63 ],
[ 1, 2, 3, 4, 5, 6, 7, 8, 9, 10, 12, 18, 20, 22, 23, 24, 25, 38, 45, 47, 49, 
  51, 52, 53, 54, 59, 62, 64 ],
[ 1, 2, 3, 4, 5, 6, 7, 8, 9, 10, 12, 18, 20, 22, 25, 38, 44, 46, 49, 51, 52, 
  53, 54, 59, 60, 61, 62, 64 ],
[ 1, 2, 3, 4, 5, 6, 7, 8, 9, 10, 12, 18, 22, 24, 26, 27, 29, 30, 38, 42, 44, 
  46, 54, 58, 59, 60, 62, 63 ],
[ 1, 2, 3, 4, 5, 6, 7, 8, 9, 10, 12, 18, 22, 24, 26, 29, 30, 33, 38, 42, 44, 
  46, 49, 50, 53, 58, 59, 60 ],
[ 1, 2, 3, 4, 5, 6, 7, 8, 9, 10, 12, 18, 22, 24, 26, 29, 30, 38, 42, 43, 44, 
  46, 49, 50, 54, 60, 63, 64 ],
[ 1, 2, 3, 4, 5, 6, 7, 8, 9, 10, 12, 18, 22, 24, 26, 29, 33, 38, 42, 44, 50, 
  52, 53, 59, 60, 61, 62, 64 ],
[ 1, 2, 3, 4, 5, 6, 7, 8, 9, 10, 12, 18, 22, 24, 26, 29, 38, 42, 43, 44, 50, 
  52, 54, 58, 60, 61, 62, 63 ],
[ 1, 2, 3, 4, 5, 6, 7, 8, 9, 10, 12, 18, 22, 26, 27, 29, 30, 38, 42, 43, 44, 
  47, 54, 60, 61, 62, 63, 64 ],
[ 1, 2, 3, 4, 5, 6, 7, 8, 9, 10, 12, 20, 22, 23, 24, 25, 29, 38, 41, 47, 50, 
  52, 54, 58, 60, 62, 63, 64 ],
[ 1, 2, 3, 4, 5, 6, 7, 8, 9, 10, 12, 20, 22, 23, 25, 29, 38, 41, 43, 46, 50, 
  52, 54, 59, 60, 61, 62, 63 ],
[ 1, 2, 3, 4, 5, 6, 7, 8, 9, 10, 13, 14, 18, 24, 25, 29, 30, 41, 45, 47, 48, 
  49, 51, 52, 54, 57, 61, 64 ],
[ 1, 2, 3, 4, 5, 6, 7, 8, 9, 10, 13, 14, 18, 29, 30, 41, 43, 44, 45, 49, 51, 
  52, 54, 57, 59, 60, 61, 64 ],
[ 1, 2, 3, 4, 5, 6, 7, 8, 9, 10, 13, 16, 19, 21, 22, 27, 28, 30, 32, 34, 37, 
  48, 53, 56, 58, 59, 62, 63 ],
[ 1, 2, 3, 4, 5, 6, 7, 8, 9, 10, 13, 18, 20, 22, 26, 27, 29, 31, 32, 34, 37, 
  38, 53, 54, 56, 58, 62, 64 ],
[ 1, 2, 3, 4, 5, 6, 7, 8, 9, 10, 13, 19, 21, 22, 25, 28, 30, 32, 33, 35, 36, 
  38, 49, 50, 56, 59, 63, 64 ],
[ 1, 2, 3, 4, 5, 6, 7, 8, 9, 10, 14, 15, 16, 18, 19, 28, 30, 36, 37, 40, 45, 
  50, 51, 52, 53, 55, 61, 64 ],
[ 1, 2, 3, 4, 5, 6, 7, 8, 9, 10, 14, 15, 16, 18, 28, 29, 30, 33, 35, 36, 37, 
  41, 52, 57, 59, 60, 61, 62 ],
[ 1, 2, 3, 4, 5, 6, 7, 8, 9, 10, 14, 17, 19, 23, 28, 30, 34, 41, 45, 50, 51, 
  52, 58, 59, 60, 61, 63, 64 ],
[ 1, 2, 3, 4, 5, 6, 7, 8, 9, 10, 14, 18, 20, 22, 26, 27, 29, 31, 32, 35, 36, 
  38, 53, 54, 55, 58, 62, 64 ],
[ 1, 2, 3, 4, 5, 6, 7, 8, 9, 10, 14, 19, 21, 22, 25, 28, 30, 32, 33, 34, 37, 
  38, 49, 50, 55, 59, 63, 64 ],
[ 1, 2, 3, 4, 5, 6, 7, 8, 9, 10, 15, 18, 20, 22, 23, 29, 31, 32, 43, 45, 46, 
  48, 49, 50, 54, 61, 63, 64 ],
[ 1, 2, 3, 4, 5, 6, 7, 8, 9, 10, 15, 18, 20, 22, 24, 29, 31, 32, 43, 44, 47, 
  48, 49, 50, 54, 60, 63, 64 ],
[ 1, 2, 3, 4, 5, 6, 7, 8, 9, 10, 15, 18, 22, 23, 26, 28, 31, 32, 33, 42, 45, 
  47, 49, 58, 59, 61, 62, 63 ],
[ 1, 2, 3, 4, 5, 6, 7, 8, 9, 10, 15, 18, 22, 23, 26, 28, 31, 32, 42, 43, 45, 
  47, 49, 53, 54, 61, 62, 64 ],
[ 1, 2, 3, 4, 5, 6, 7, 8, 9, 10, 15, 18, 22, 26, 27, 28, 31, 32, 33, 42, 44, 
  47, 50, 58, 59, 60, 61, 63 ],
[ 1, 2, 3, 4, 5, 6, 7, 8, 9, 10, 15, 18, 22, 26, 27, 28, 31, 32, 42, 43, 44, 
  47, 50, 53, 54, 60, 61, 64 ],
[ 1, 2, 3, 4, 5, 6, 7, 8, 9, 10, 15, 20, 22, 27, 28, 31, 32, 41, 43, 45, 46, 
  48, 50, 53, 54, 59, 60, 61 ],
[ 1, 2, 3, 4, 5, 6, 7, 8, 9, 10, 16, 19, 21, 22, 23, 24, 25, 28, 30, 32, 49, 
  50, 53, 59, 60, 61, 63, 64 ],
[ 1, 2, 3, 4, 5, 6, 7, 8, 9, 10, 16, 19, 21, 22, 23, 27, 28, 30, 32, 44, 47, 
  48, 53, 58, 59, 61, 62, 63 ],
[ 1, 2, 3, 4, 5, 6, 7, 8, 9, 10, 16, 19, 21, 22, 24, 25, 30, 32, 43, 45, 50, 
  51, 53, 60, 61, 62, 63, 64 ],
[ 1, 2, 3, 4, 5, 6, 7, 8, 9, 10, 16, 19, 21, 22, 24, 27, 28, 30, 32, 45, 46, 
  48, 53, 58, 59, 60, 62, 63 ],
[ 1, 2, 3, 4, 5, 6, 7, 8, 9, 10, 16, 19, 21, 22, 24, 27, 30, 32, 44, 45, 46, 
  48, 49, 51, 53, 59, 63, 64 ],
[ 1, 2, 3, 4, 5, 6, 7, 8, 9, 10, 16, 19, 21, 22, 25, 28, 30, 32, 44, 45, 46, 
  47, 49, 50, 53, 59, 63, 64 ],
[ 1, 2, 3, 4, 5, 6, 7, 8, 9, 10, 16, 19, 21, 22, 25, 30, 32, 45, 46, 47, 50, 
  51, 53, 58, 59, 60, 62, 63 ],
[ 1, 2, 3, 4, 5, 6, 7, 8, 9, 10, 16, 19, 21, 22, 27, 30, 32, 43, 44, 45, 47, 
  48, 49, 51, 53, 58, 61, 63 ],
[ 1, 2, 3, 4, 5, 6, 7, 8, 9, 10, 18, 20, 22, 23, 26, 27, 29, 31, 32, 38, 44, 
  47, 53, 54, 58, 61, 62, 64 ],
[ 1, 2, 3, 4, 5, 6, 7, 8, 9, 10, 18, 24, 25, 26, 29, 30, 35, 37, 41, 44, 46, 
  49, 51, 52, 54, 57, 59, 61 ],
[ 1, 2, 3, 4, 5, 6, 7, 8, 9, 10, 20, 22, 23, 26, 28, 31, 32, 33, 38, 41, 45, 
  47, 49, 53, 58, 59, 61, 62 ],
[ 1, 2, 3, 4, 5, 6, 7, 8, 9, 10, 20, 22, 23, 26, 28, 31, 32, 38, 41, 43, 45, 
  47, 49, 54, 61, 62, 63, 64 ],
[ 1, 2, 3, 4, 5, 6, 7, 8, 9, 10, 20, 22, 26, 27, 28, 31, 32, 33, 38, 41, 44, 
  47, 50, 53, 58, 59, 60, 61 ],
[ 1, 2, 3, 4, 5, 6, 7, 8, 9, 10, 20, 22, 26, 27, 28, 31, 32, 38, 41, 43, 44, 
  47, 50, 54, 60, 61, 63, 64 ],
[ 1, 2, 3, 4, 5, 6, 7, 8, 9, 11, 12, 17, 24, 25, 26, 28, 30, 37, 40, 45, 46, 
  50, 51, 55, 57, 58, 61, 63 ],
[ 1, 2, 3, 4, 5, 6, 7, 8, 9, 11, 13, 16, 19, 21, 22, 27, 30, 31, 34, 37, 43, 
  48, 49, 51, 53, 56, 63, 64 ],
[ 1, 2, 3, 4, 5, 6, 7, 8, 9, 11, 13, 19, 21, 22, 25, 30, 31, 33, 35, 36, 38, 
  43, 50, 51, 56, 58, 62, 63 ],
[ 1, 2, 3, 4, 5, 6, 7, 8, 9, 11, 14, 19, 21, 22, 25, 30, 31, 33, 34, 37, 38, 
  43, 50, 51, 55, 58, 62, 63 ],
[ 1, 2, 3, 4, 5, 6, 7, 8, 9, 11, 15, 22, 23, 26, 27, 29, 30, 41, 42, 43, 46, 
  47, 49, 52, 54, 59, 60, 63 ],
[ 1, 2, 3, 4, 5, 6, 7, 8, 9, 11, 16, 19, 21, 22, 23, 24, 25, 30, 31, 43, 50, 
  51, 53, 58, 60, 61, 62, 63 ],
[ 1, 2, 3, 4, 5, 6, 7, 8, 9, 11, 16, 19, 21, 22, 23, 27, 30, 31, 43, 44, 47, 
  48, 49, 51, 53, 61, 63, 64 ],
[ 1, 2, 3, 4, 5, 6, 7, 8, 9, 11, 16, 19, 21, 22, 24, 25, 28, 30, 31, 45, 49, 
  50, 53, 58, 59, 60, 61, 63 ],
[ 1, 2, 3, 4, 5, 6, 7, 8, 9, 11, 16, 19, 21, 22, 24, 27, 28, 30, 31, 43, 44, 
  45, 46, 48, 53, 58, 62, 63 ],
[ 1, 2, 3, 4, 5, 6, 7, 8, 9, 11, 16, 19, 21, 22, 24, 27, 30, 31, 43, 45, 46, 
  48, 49, 51, 53, 60, 63, 64 ],
[ 1, 2, 3, 4, 5, 6, 7, 8, 9, 11, 16, 19, 21, 22, 25, 28, 30, 31, 43, 45, 46, 
  47, 49, 50, 53, 60, 63, 64 ],
[ 1, 2, 3, 4, 5, 6, 7, 8, 9, 11, 16, 19, 21, 22, 25, 30, 31, 43, 44, 45, 46, 
  47, 50, 51, 53, 58, 62, 63 ],
[ 1, 2, 3, 4, 5, 6, 7, 8, 9, 11, 16, 19, 21, 22, 27, 28, 30, 31, 44, 45, 47, 
  48, 53, 59, 61, 62, 63, 64 ],
[ 1, 2, 3, 4, 5, 6, 7, 8, 9, 12, 13, 14, 22, 26, 27, 28, 31, 34, 36, 38, 41, 
  42, 50, 52, 53, 54, 58, 64 ],
[ 1, 2, 3, 4, 5, 6, 7, 8, 9, 12, 13, 17, 28, 29, 30, 32, 34, 37, 39, 40, 44, 
  53, 54, 55, 59, 61, 62, 63 ],
[ 1, 2, 3, 4, 5, 6, 7, 8, 9, 12, 14, 16, 17, 28, 32, 37, 38, 40, 45, 50, 51, 
  52, 53, 55, 56, 57, 61, 64 ],
[ 1, 2, 3, 4, 5, 6, 7, 8, 9, 12, 15, 18, 22, 23, 24, 25, 27, 29, 30, 31, 42, 
  47, 49, 53, 54, 58, 60, 64 ],
[ 1, 2, 3, 4, 5, 6, 7, 8, 9, 12, 15, 18, 22, 23, 24, 27, 29, 31, 42, 44, 47, 
  48, 52, 53, 54, 58, 62, 64 ],
[ 1, 2, 3, 4, 5, 6, 7, 8, 9, 12, 15, 18, 22, 23, 25, 27, 29, 30, 31, 42, 43, 
  46, 49, 53, 54, 59, 60, 61 ],
[ 1, 2, 3, 4, 5, 6, 7, 8, 9, 12, 15, 18, 22, 23, 27, 29, 31, 42, 43, 44, 46, 
  48, 52, 53, 54, 59, 61, 62 ],
[ 1, 2, 3, 4, 5, 6, 7, 8, 9, 12, 15, 18, 22, 23, 29, 31, 33, 42, 43, 44, 46, 
  48, 49, 50, 52, 59, 61, 63 ],
[ 1, 2, 3, 4, 5, 6, 7, 8, 9, 12, 15, 18, 22, 24, 25, 27, 29, 30, 31, 33, 42, 
  44, 45, 47, 49, 58, 63, 64 ],
[ 1, 2, 3, 4, 5, 6, 7, 8, 9, 12, 15, 18, 22, 25, 27, 29, 30, 31, 33, 42, 43, 
  44, 45, 46, 49, 59, 61, 63 ],
[ 1, 2, 3, 4, 5, 6, 7, 8, 9, 12, 15, 18, 22, 29, 31, 42, 43, 45, 46, 48, 49, 
  50, 52, 53, 54, 59, 60, 61 ],
[ 1, 2, 3, 4, 5, 6, 7, 8, 9, 12, 20, 22, 23, 29, 31, 33, 38, 41, 43, 44, 46, 
  48, 49, 50, 52, 53, 59, 61 ],
[ 1, 2, 3, 4, 5, 6, 7, 8, 9, 12, 20, 22, 24, 25, 27, 29, 30, 31, 33, 38, 41, 
  44, 45, 47, 49, 53, 58, 64 ],
[ 1, 2, 3, 4, 5, 6, 7, 8, 9, 12, 20, 22, 25, 27, 29, 30, 31, 33, 38, 41, 43, 
  44, 45, 46, 49, 53, 59, 61 ],
[ 1, 2, 3, 4, 5, 6, 7, 8, 9, 12, 20, 22, 29, 31, 38, 41, 43, 45, 46, 48, 49, 
  50, 52, 54, 59, 60, 61, 63 ],
[ 1, 2, 3, 4, 5, 6, 7, 8, 9, 12, 22, 23, 24, 26, 27, 28, 31, 38, 41, 42, 44, 
  46, 50, 52, 53, 54, 58, 64 ],
[ 1, 2, 3, 4, 5, 6, 7, 8, 9, 12, 22, 23, 24, 26, 28, 31, 38, 41, 42, 43, 44, 
  46, 49, 52, 53, 54, 59, 62 ],
[ 1, 2, 3, 4, 5, 6, 7, 8, 9, 12, 22, 26, 28, 31, 38, 41, 42, 43, 45, 47, 49, 
  52, 53, 54, 59, 60, 61, 62 ],
[ 1, 2, 3, 4, 5, 6, 7, 8, 9, 13, 14, 15, 18, 20, 22, 26, 29, 30, 32, 43, 49, 
  50, 52, 54, 55, 56, 59, 63 ],
[ 1, 2, 3, 4, 5, 6, 7, 8, 9, 13, 14, 16, 19, 21, 22, 28, 31, 32, 34, 36, 43, 
  48, 49, 50, 52, 53, 63, 64 ],
[ 1, 2, 3, 4, 5, 6, 7, 8, 9, 13, 18, 20, 22, 26, 27, 29, 30, 32, 34, 37, 38, 
  43, 52, 53, 54, 56, 59, 62 ],
[ 1, 2, 3, 4, 5, 6, 7, 8, 9, 14, 17, 18, 19, 24, 25, 29, 30, 31, 45, 46, 47, 
  48, 49, 51, 52, 55, 63, 64 ],
[ 1, 2, 3, 4, 5, 6, 7, 8, 9, 14, 17, 18, 19, 29, 30, 31, 43, 44, 45, 46, 49, 
  51, 52, 55, 59, 60, 63, 64 ],
[ 1, 2, 3, 4, 5, 6, 7, 8, 9, 16, 19, 21, 22, 23, 24, 28, 31, 32, 43, 44, 46, 
  48, 49, 50, 52, 53, 63, 64 ],
[ 1, 2, 3, 4, 5, 6, 7, 8, 9, 16, 19, 21, 22, 23, 25, 27, 28, 31, 32, 43, 46, 
  47, 52, 53, 58, 60, 62, 63 ],
[ 1, 2, 3, 4, 5, 6, 7, 8, 9, 16, 19, 21, 22, 24, 25, 27, 28, 31, 32, 43, 44, 
  45, 52, 53, 58, 61, 62, 63 ],
[ 1, 2, 3, 4, 5, 6, 7, 8, 9, 16, 19, 21, 22, 24, 25, 27, 31, 32, 43, 45, 49, 
  51, 52, 53, 60, 61, 63, 64 ],
[ 1, 2, 3, 4, 5, 6, 7, 8, 9, 16, 19, 21, 22, 24, 31, 32, 44, 45, 46, 48, 50, 
  51, 52, 53, 59, 62, 63, 64 ],
[ 1, 2, 3, 4, 5, 6, 7, 8, 9, 16, 19, 21, 22, 25, 27, 31, 32, 45, 46, 47, 49, 
  51, 52, 53, 58, 59, 60, 63 ],
[ 1, 2, 3, 4, 5, 6, 7, 8, 9, 16, 19, 21, 22, 28, 31, 32, 43, 45, 47, 48, 49, 
  50, 52, 53, 60, 61, 63, 64 ],
[ 1, 2, 3, 4, 5, 6, 7, 8, 9, 16, 19, 21, 22, 31, 32, 43, 44, 45, 47, 48, 50, 
  51, 52, 53, 58, 61, 62, 63 ],
[ 1, 2, 3, 4, 5, 6, 7, 8, 9, 18, 20, 22, 23, 26, 27, 29, 30, 32, 38, 43, 44, 
  47, 52, 53, 54, 59, 61, 62 ],
[ 1, 2, 3, 4, 5, 6, 7, 8, 10, 11, 14, 15, 16, 18, 27, 28, 32, 33, 35, 36, 37, 
  41, 50, 57, 59, 60, 61, 62 ],
[ 1, 2, 3, 4, 5, 6, 7, 8, 10, 11, 15, 18, 22, 23, 24, 26, 28, 29, 31, 42, 43, 
  45, 49, 53, 54, 58, 61, 62 ],
[ 1, 2, 3, 4, 5, 6, 7, 8, 10, 11, 15, 18, 22, 23, 26, 28, 29, 31, 33, 42, 43, 
  45, 46, 47, 49, 58, 62, 63 ],
[ 1, 2, 3, 4, 5, 6, 7, 8, 10, 11, 15, 20, 22, 23, 25, 27, 28, 29, 31, 41, 43, 
  46, 50, 53, 54, 59, 60, 61 ],
[ 1, 2, 3, 4, 5, 6, 7, 8, 10, 11, 15, 20, 22, 25, 27, 28, 29, 31, 33, 41, 43, 
  44, 45, 46, 50, 59, 61, 63 ],
[ 1, 2, 3, 4, 5, 6, 7, 8, 10, 11, 15, 22, 23, 26, 27, 28, 31, 41, 42, 43, 46, 
  47, 49, 51, 54, 59, 60, 63 ],
[ 1, 2, 3, 4, 5, 6, 7, 8, 10, 18, 20, 22, 23, 26, 27, 28, 31, 32, 38, 43, 44, 
  47, 51, 53, 54, 59, 61, 62 ],
[ 1, 2, 3, 4, 5, 6, 7, 8, 10, 20, 22, 23, 26, 29, 31, 32, 38, 41, 45, 47, 49, 
  51, 54, 58, 59, 61, 62, 63 ],
[ 1, 2, 3, 4, 5, 6, 7, 8, 11, 13, 14, 16, 22, 23, 24, 35, 37, 41, 42, 44, 46, 
  48, 50, 53, 58, 59, 62, 63 ],
[ 1, 2, 3, 4, 5, 6, 7, 8, 11, 13, 16, 22, 23, 24, 33, 35, 36, 41, 42, 44, 46, 
  48, 50, 54, 56, 58, 59, 62 ],
[ 1, 2, 3, 4, 5, 6, 7, 8, 11, 13, 16, 22, 24, 25, 27, 33, 35, 36, 41, 42, 44, 
  45, 49, 54, 56, 59, 61, 64 ],
[ 1, 2, 3, 4, 5, 6, 7, 8, 11, 14, 16, 22, 23, 24, 33, 34, 37, 41, 42, 44, 46, 
  48, 50, 54, 55, 58, 59, 62 ],
[ 1, 2, 3, 4, 5, 6, 7, 8, 11, 14, 16, 22, 23, 25, 27, 33, 34, 37, 41, 42, 46, 
  47, 49, 54, 55, 59, 60, 64 ],
[ 1, 2, 3, 4, 5, 6, 7, 8, 11, 16, 22, 23, 24, 34, 36, 41, 42, 44, 46, 48, 50, 
  53, 55, 56, 58, 59, 62, 63 ],
[ 1, 2, 3, 4, 5, 6, 7, 8, 13, 14, 15, 18, 20, 22, 23, 24, 26, 32, 45, 47, 49, 
  50, 54, 55, 56, 58, 63, 64 ],
[ 1, 2, 3, 4, 5, 6, 7, 8, 13, 14, 15, 18, 20, 22, 23, 26, 32, 43, 45, 46, 49, 
  50, 54, 55, 56, 59, 61, 63 ],
[ 1, 2, 3, 4, 5, 6, 7, 8, 13, 14, 15, 18, 20, 22, 24, 26, 32, 43, 44, 47, 49, 
  50, 54, 55, 56, 59, 60, 63 ],
[ 1, 2, 3, 4, 5, 6, 7, 8, 13, 14, 15, 18, 20, 22, 26, 32, 44, 46, 49, 50, 54, 
  55, 56, 58, 60, 61, 63, 64 ],
[ 1, 2, 3, 4, 5, 6, 7, 8, 13, 18, 20, 22, 23, 24, 26, 27, 32, 34, 37, 38, 45, 
  47, 53, 54, 56, 58, 62, 64 ],
[ 1, 2, 3, 4, 5, 6, 7, 8, 14, 18, 20, 22, 26, 27, 32, 35, 36, 38, 44, 46, 53, 
  54, 55, 58, 60, 61, 62, 64 ],
[ 1, 2, 3, 4, 5, 6, 7, 9, 10, 11, 22, 23, 26, 27, 29, 31, 38, 41, 42, 43, 45, 
  46, 48, 49, 53, 54, 58, 61 ],
[ 1, 2, 3, 4, 5, 6, 7, 9, 10, 15, 18, 20, 22, 23, 25, 26, 29, 31, 32, 45, 46, 
  49, 50, 54, 58, 59, 61, 63 ],
[ 1, 2, 3, 4, 5, 6, 8, 9, 10, 12, 13, 14, 20, 25, 26, 29, 31, 34, 38, 39, 40, 
  41, 48, 49, 54, 56, 62, 63 ],
[ 1, 2, 3, 4, 5, 6, 8, 9, 10, 12, 13, 14, 20, 26, 28, 29, 31, 34, 38, 39, 40, 
  41, 46, 51, 54, 56, 61, 63 ],
[ 1, 2, 3, 4, 5, 6, 8, 9, 10, 12, 13, 14, 25, 26, 29, 31, 34, 36, 38, 40, 41, 
  42, 48, 49, 53, 54, 57, 62 ],
[ 1, 2, 3, 4, 5, 6, 8, 9, 10, 12, 13, 14, 26, 28, 29, 31, 34, 36, 38, 40, 41, 
  42, 46, 51, 53, 54, 57, 61 ],
[ 1, 2, 3, 4, 5, 6, 8, 9, 10, 12, 13, 15, 16, 19, 20, 24, 31, 33, 34, 38, 39, 
  48, 49, 50, 51, 53, 57, 61 ],
[ 1, 2, 3, 4, 5, 6, 8, 9, 10, 12, 13, 15, 16, 19, 20, 25, 27, 31, 38, 39, 47, 
  51, 53, 54, 55, 57, 61, 62 ],
[ 1, 2, 3, 4, 5, 6, 8, 9, 10, 12, 13, 15, 17, 20, 26, 28, 29, 31, 37, 41, 46, 
  51, 53, 54, 55, 56, 57, 61 ],
[ 1, 2, 3, 4, 5, 6, 8, 9, 10, 12, 13, 15, 17, 25, 26, 29, 31, 36, 37, 39, 41, 
  42, 48, 49, 54, 55, 62, 63 ],
[ 1, 2, 3, 4, 5, 6, 8, 9, 10, 12, 13, 15, 17, 26, 28, 29, 31, 36, 37, 39, 41, 
  42, 46, 51, 54, 55, 61, 63 ],
[ 1, 2, 3, 4, 5, 6, 8, 9, 10, 12, 13, 16, 18, 19, 20, 24, 31, 33, 34, 36, 41, 
  48, 49, 50, 51, 53, 56, 61 ],
[ 1, 2, 3, 4, 5, 6, 8, 9, 10, 12, 13, 16, 18, 19, 20, 25, 27, 31, 36, 41, 47, 
  51, 53, 54, 55, 56, 61, 62 ],
[ 1, 2, 3, 4, 5, 6, 8, 9, 10, 12, 14, 15, 17, 18, 25, 26, 29, 31, 35, 42, 48, 
  49, 53, 54, 55, 56, 57, 62 ],
[ 1, 2, 3, 4, 5, 6, 8, 9, 10, 12, 14, 15, 17, 18, 26, 28, 29, 31, 35, 42, 46, 
  51, 53, 54, 55, 56, 57, 61 ],
[ 1, 2, 3, 4, 5, 6, 8, 9, 10, 12, 14, 15, 17, 20, 26, 28, 29, 31, 34, 35, 36, 
  41, 46, 51, 53, 54, 57, 61 ],
[ 1, 2, 3, 4, 5, 6, 8, 9, 10, 12, 14, 15, 17, 25, 26, 29, 31, 34, 35, 39, 41, 
  42, 48, 49, 54, 56, 62, 63 ],
[ 1, 2, 3, 4, 5, 6, 8, 9, 10, 12, 14, 15, 17, 26, 28, 29, 31, 34, 35, 39, 41, 
  42, 46, 51, 54, 56, 61, 63 ],
[ 1, 2, 3, 4, 5, 6, 8, 9, 10, 12, 14, 15, 18, 19, 20, 23, 26, 31, 36, 41, 43, 
  46, 49, 50, 51, 60, 61, 64 ],
[ 1, 2, 3, 4, 5, 6, 8, 9, 10, 12, 14, 15, 18, 19, 20, 26, 27, 31, 36, 41, 43, 
  44, 45, 46, 51, 61, 62, 64 ],
[ 1, 2, 3, 4, 5, 6, 8, 9, 10, 12, 14, 15, 19, 20, 25, 26, 27, 31, 36, 39, 43, 
  44, 45, 48, 51, 57, 62, 64 ],
[ 1, 2, 3, 4, 5, 6, 8, 9, 10, 12, 14, 17, 20, 26, 28, 29, 31, 35, 38, 41, 46, 
  51, 54, 55, 56, 57, 61, 63 ],
[ 1, 2, 3, 4, 5, 6, 8, 9, 10, 12, 14, 18, 19, 20, 23, 26, 31, 38, 41, 44, 46, 
  49, 50, 51, 56, 59, 61, 64 ],
[ 1, 2, 3, 4, 5, 6, 8, 9, 10, 12, 14, 18, 19, 20, 26, 27, 31, 38, 41, 45, 46, 
  51, 56, 59, 60, 61, 62, 64 ],
[ 1, 2, 3, 4, 5, 6, 8, 9, 10, 12, 14, 19, 20, 23, 25, 26, 31, 38, 39, 44, 48, 
  49, 50, 51, 56, 57, 59, 64 ],
[ 1, 2, 3, 4, 5, 6, 8, 9, 10, 12, 15, 16, 17, 20, 23, 25, 29, 31, 38, 41, 43, 
  47, 49, 57, 60, 61, 62, 64 ],
[ 1, 2, 3, 4, 5, 6, 8, 9, 10, 12, 15, 16, 20, 23, 24, 25, 29, 31, 38, 39, 40, 
  41, 43, 46, 49, 60, 62, 64 ],
[ 1, 2, 3, 4, 5, 6, 8, 9, 10, 12, 15, 18, 19, 20, 23, 26, 27, 31, 37, 41, 43, 
  46, 51, 56, 60, 61, 62, 64 ],
[ 1, 2, 3, 4, 5, 6, 8, 9, 10, 12, 15, 18, 19, 20, 23, 26, 31, 37, 41, 46, 49, 
  50, 51, 56, 58, 59, 60, 61 ],
[ 1, 2, 3, 4, 5, 6, 8, 9, 10, 12, 16, 17, 20, 23, 25, 28, 29, 31, 36, 41, 43, 
  47, 51, 56, 57, 60, 61, 64 ],
[ 1, 2, 3, 4, 5, 6, 8, 9, 10, 12, 16, 17, 20, 24, 28, 29, 31, 36, 41, 43, 45, 
  48, 51, 56, 57, 58, 60, 61 ],
[ 1, 2, 3, 4, 5, 6, 8, 9, 10, 12, 16, 18, 19, 20, 24, 25, 31, 33, 34, 35, 36, 
  41, 46, 49, 50, 51, 56, 63 ],
[ 1, 2, 3, 4, 5, 6, 8, 9, 10, 12, 16, 18, 19, 20, 24, 27, 31, 33, 35, 36, 41, 
  48, 51, 53, 55, 56, 61, 62 ],
[ 1, 2, 3, 4, 5, 6, 8, 9, 10, 12, 16, 20, 23, 24, 25, 28, 29, 31, 36, 39, 40, 
  41, 43, 46, 51, 56, 60, 64 ],
[ 1, 2, 3, 4, 5, 6, 8, 9, 10, 12, 16, 20, 23, 24, 28, 29, 31, 36, 39, 40, 41, 
  43, 44, 48, 51, 56, 58, 61 ],
[ 1, 2, 3, 4, 5, 6, 8, 9, 10, 12, 18, 19, 20, 26, 27, 31, 36, 37, 38, 41, 43, 
  45, 46, 51, 58, 60, 61, 62 ],
[ 1, 2, 3, 4, 5, 6, 8, 9, 10, 12, 18, 19, 20, 26, 31, 36, 37, 38, 41, 45, 46, 
  49, 50, 51, 59, 60, 61, 64 ],
[ 1, 2, 3, 4, 5, 6, 8, 9, 10, 13, 14, 15, 17, 19, 20, 28, 29, 32, 35, 36, 40, 
  46, 47, 48, 51, 52, 53, 63 ],
[ 1, 2, 3, 4, 5, 6, 8, 9, 10, 13, 14, 15, 17, 19, 20, 29, 32, 34, 35, 36, 40, 
  46, 47, 48, 49, 52, 55, 62 ],
[ 1, 2, 3, 4, 5, 6, 8, 9, 10, 13, 14, 15, 18, 19, 20, 27, 29, 32, 35, 36, 41, 
  46, 47, 48, 50, 52, 53, 63 ],
[ 1, 2, 3, 4, 5, 6, 8, 9, 10, 13, 14, 15, 18, 19, 20, 29, 32, 33, 35, 36, 41, 
  46, 47, 48, 49, 52, 54, 62 ],
[ 1, 2, 3, 4, 5, 6, 8, 9, 10, 13, 14, 15, 19, 20, 27, 29, 32, 34, 35, 36, 39, 
  46, 47, 48, 50, 52, 55, 57 ],
[ 1, 2, 3, 4, 5, 6, 8, 9, 10, 13, 14, 15, 19, 20, 28, 29, 32, 33, 35, 36, 39, 
  46, 47, 48, 51, 52, 54, 57 ],
[ 1, 2, 3, 4, 5, 6, 8, 9, 10, 13, 14, 16, 17, 20, 25, 26, 28, 32, 35, 37, 41, 
  48, 50, 52, 53, 57, 62, 63 ],
[ 1, 2, 3, 4, 5, 6, 8, 9, 10, 13, 14, 16, 17, 20, 26, 28, 32, 34, 35, 37, 41, 
  46, 50, 52, 55, 57, 61, 62 ],
[ 1, 2, 3, 4, 5, 6, 8, 9, 10, 13, 15, 16, 17, 20, 24, 26, 28, 32, 35, 38, 41, 
  47, 50, 52, 53, 57, 62, 63 ],
[ 1, 2, 3, 4, 5, 6, 8, 9, 10, 13, 15, 16, 17, 20, 26, 28, 32, 33, 35, 38, 41, 
  46, 50, 52, 54, 57, 61, 62 ],
[ 1, 2, 3, 4, 5, 6, 8, 9, 10, 13, 15, 17, 19, 20, 24, 28, 29, 32, 35, 37, 40, 
  48, 51, 52, 53, 56, 61, 63 ],
[ 1, 2, 3, 4, 5, 6, 8, 9, 10, 13, 15, 17, 19, 20, 24, 29, 32, 34, 35, 37, 40, 
  48, 49, 52, 55, 56, 61, 62 ],
[ 1, 2, 3, 4, 5, 6, 8, 9, 10, 13, 15, 18, 19, 20, 24, 29, 32, 33, 35, 37, 41, 
  48, 49, 52, 54, 56, 61, 62 ],
[ 1, 2, 3, 4, 5, 6, 8, 9, 10, 13, 15, 19, 20, 24, 27, 29, 32, 34, 35, 37, 39, 
  48, 50, 52, 55, 56, 57, 61 ],
[ 1, 2, 3, 4, 5, 6, 8, 9, 10, 13, 16, 17, 20, 24, 26, 28, 32, 34, 35, 36, 41, 
  47, 50, 52, 55, 56, 57, 62 ],
[ 1, 2, 3, 4, 5, 6, 8, 9, 10, 13, 16, 17, 20, 25, 26, 28, 32, 33, 35, 36, 41, 
  48, 50, 52, 54, 56, 57, 62 ],
[ 1, 2, 3, 4, 5, 6, 8, 9, 10, 14, 15, 17, 19, 20, 23, 28, 29, 32, 36, 40, 45, 
  46, 47, 48, 51, 52, 58, 64 ],
[ 1, 2, 3, 4, 5, 6, 8, 9, 10, 14, 15, 18, 19, 20, 29, 32, 36, 41, 44, 46, 47, 
  48, 49, 52, 58, 60, 62, 64 ],
[ 1, 2, 3, 4, 5, 6, 8, 9, 11, 12, 13, 14, 20, 26, 27, 29, 32, 34, 38, 39, 40, 
  41, 46, 50, 54, 56, 61, 63 ],
[ 1, 2, 3, 4, 5, 6, 8, 9, 11, 12, 13, 14, 20, 26, 29, 30, 32, 34, 38, 39, 40, 
  41, 43, 52, 54, 56, 59, 63 ],
[ 1, 2, 3, 4, 5, 6, 8, 9, 11, 12, 13, 14, 24, 26, 29, 32, 34, 36, 38, 40, 41, 
  42, 47, 49, 53, 54, 57, 62 ],
[ 1, 2, 3, 4, 5, 6, 8, 9, 11, 12, 13, 14, 26, 27, 29, 32, 34, 36, 38, 40, 41, 
  42, 46, 50, 53, 54, 57, 61 ],
[ 1, 2, 3, 4, 5, 6, 8, 9, 11, 12, 13, 14, 26, 29, 30, 32, 34, 36, 38, 40, 41, 
  42, 43, 52, 53, 54, 57, 59 ],
[ 1, 2, 3, 4, 5, 6, 8, 9, 11, 12, 13, 15, 17, 20, 26, 27, 29, 32, 37, 41, 46, 
  50, 53, 54, 55, 56, 57, 61 ],
[ 1, 2, 3, 4, 5, 6, 8, 9, 11, 12, 13, 15, 17, 20, 26, 29, 30, 32, 37, 41, 43, 
  52, 53, 54, 55, 56, 57, 59 ],
[ 1, 2, 3, 4, 5, 6, 8, 9, 11, 12, 13, 15, 17, 24, 26, 29, 32, 36, 37, 39, 41, 
  42, 47, 49, 54, 55, 62, 63 ],
[ 1, 2, 3, 4, 5, 6, 8, 9, 11, 12, 13, 15, 17, 26, 29, 30, 32, 36, 37, 39, 41, 
  42, 43, 52, 54, 55, 59, 63 ],
[ 1, 2, 3, 4, 5, 6, 8, 9, 11, 12, 13, 16, 17, 19, 20, 24, 32, 33, 34, 36, 40, 
  48, 49, 50, 51, 53, 56, 61 ],
[ 1, 2, 3, 4, 5, 6, 8, 9, 11, 12, 13, 16, 17, 19, 20, 25, 27, 32, 36, 40, 47, 
  51, 53, 54, 55, 56, 61, 62 ],
[ 1, 2, 3, 4, 5, 6, 8, 9, 11, 12, 14, 15, 17, 18, 24, 26, 29, 32, 35, 42, 47, 
  49, 53, 54, 55, 56, 57, 62 ],
[ 1, 2, 3, 4, 5, 6, 8, 9, 11, 12, 14, 15, 17, 18, 26, 27, 29, 32, 35, 42, 46, 
  50, 53, 54, 55, 56, 57, 61 ],
[ 1, 2, 3, 4, 5, 6, 8, 9, 11, 12, 14, 15, 17, 18, 26, 29, 30, 32, 35, 42, 43, 
  52, 53, 54, 55, 56, 57, 59 ],
[ 1, 2, 3, 4, 5, 6, 8, 9, 11, 12, 14, 15, 17, 19, 20, 23, 26, 32, 36, 40, 43, 
  46, 49, 50, 51, 60, 61, 64 ],
[ 1, 2, 3, 4, 5, 6, 8, 9, 11, 12, 14, 15, 17, 19, 20, 26, 27, 32, 36, 40, 43, 
  44, 45, 46, 51, 61, 62, 64 ],
[ 1, 2, 3, 4, 5, 6, 8, 9, 11, 12, 14, 15, 17, 24, 26, 29, 32, 34, 35, 39, 41, 
  42, 47, 49, 54, 56, 62, 63 ],
[ 1, 2, 3, 4, 5, 6, 8, 9, 11, 12, 14, 15, 17, 26, 27, 29, 32, 34, 35, 39, 41, 
  42, 46, 50, 54, 56, 61, 63 ],
[ 1, 2, 3, 4, 5, 6, 8, 9, 11, 12, 14, 15, 17, 26, 29, 30, 32, 34, 35, 39, 41, 
  42, 43, 52, 54, 56, 59, 63 ],
[ 1, 2, 3, 4, 5, 6, 8, 9, 11, 12, 14, 15, 20, 26, 27, 29, 32, 33, 34, 35, 36, 
  39, 40, 41, 46, 50, 61, 63 ],
[ 1, 2, 3, 4, 5, 6, 8, 9, 11, 12, 14, 15, 20, 26, 29, 30, 32, 33, 34, 35, 36, 
  39, 40, 41, 43, 52, 59, 63 ],
[ 1, 2, 3, 4, 5, 6, 8, 9, 11, 12, 14, 17, 19, 20, 23, 26, 32, 38, 40, 44, 46, 
  49, 50, 51, 56, 59, 61, 64 ],
[ 1, 2, 3, 4, 5, 6, 8, 9, 11, 12, 14, 17, 19, 20, 26, 27, 32, 38, 40, 45, 46, 
  51, 56, 59, 60, 61, 62, 64 ],
[ 1, 2, 3, 4, 5, 6, 8, 9, 11, 12, 14, 17, 20, 26, 27, 29, 32, 35, 38, 41, 46, 
  50, 54, 55, 56, 57, 61, 63 ],
[ 1, 2, 3, 4, 5, 6, 8, 9, 11, 12, 14, 17, 20, 26, 29, 30, 32, 35, 38, 41, 43, 
  52, 54, 55, 56, 57, 59, 63 ],
[ 1, 2, 3, 4, 5, 6, 8, 9, 11, 12, 14, 18, 26, 27, 29, 32, 33, 34, 35, 36, 38, 
  39, 40, 42, 46, 50, 53, 61 ],
[ 1, 2, 3, 4, 5, 6, 8, 9, 11, 12, 14, 18, 26, 29, 30, 32, 33, 34, 35, 36, 38, 
  39, 40, 42, 43, 52, 53, 59 ],
[ 1, 2, 3, 4, 5, 6, 8, 9, 11, 12, 15, 17, 18, 24, 26, 29, 32, 33, 35, 36, 37, 
  42, 47, 49, 55, 57, 62, 63 ],
[ 1, 2, 3, 4, 5, 6, 8, 9, 11, 12, 16, 17, 19, 20, 24, 25, 32, 33, 34, 35, 36, 
  40, 46, 49, 50, 51, 56, 63 ],
[ 1, 2, 3, 4, 5, 6, 8, 9, 11, 12, 16, 17, 19, 20, 24, 27, 32, 33, 35, 36, 40, 
  48, 51, 53, 55, 56, 61, 62 ],
[ 1, 2, 3, 4, 5, 6, 8, 9, 11, 12, 16, 17, 20, 23, 25, 27, 29, 32, 36, 41, 43, 
  47, 50, 56, 57, 60, 61, 64 ],
[ 1, 2, 3, 4, 5, 6, 8, 9, 11, 12, 16, 17, 20, 24, 25, 27, 29, 32, 36, 41, 43, 
  44, 45, 46, 50, 56, 57, 64 ],
[ 1, 2, 3, 4, 5, 6, 8, 9, 11, 12, 16, 17, 20, 24, 27, 29, 32, 36, 41, 43, 45, 
  48, 50, 56, 57, 58, 60, 61 ],
[ 1, 2, 3, 4, 5, 6, 8, 9, 11, 12, 16, 17, 20, 27, 29, 32, 36, 41, 45, 46, 47, 
  48, 50, 56, 57, 59, 60, 64 ],
[ 1, 2, 3, 4, 5, 6, 8, 9, 11, 12, 24, 26, 29, 32, 35, 37, 38, 40, 41, 42, 47, 
  49, 53, 54, 55, 56, 57, 62 ],
[ 1, 2, 3, 4, 5, 6, 8, 9, 11, 12, 26, 29, 30, 32, 35, 37, 38, 40, 41, 42, 43, 
  52, 53, 54, 55, 56, 57, 59 ],
[ 1, 2, 3, 4, 5, 6, 8, 9, 12, 13, 14, 20, 24, 26, 29, 34, 38, 39, 40, 41, 44, 
  46, 47, 54, 56, 60, 61, 63 ],
[ 1, 2, 3, 4, 5, 6, 8, 9, 12, 13, 14, 20, 25, 26, 27, 29, 30, 34, 38, 39, 40, 
  41, 48, 50, 52, 54, 56, 63 ],
[ 1, 2, 3, 4, 5, 6, 8, 9, 12, 13, 14, 24, 26, 28, 29, 30, 34, 36, 38, 40, 41, 
  42, 47, 51, 52, 53, 54, 57 ],
[ 1, 2, 3, 4, 5, 6, 8, 9, 12, 13, 14, 24, 26, 29, 34, 36, 38, 40, 41, 42, 44, 
  46, 47, 53, 54, 57, 60, 61 ],
[ 1, 2, 3, 4, 5, 6, 8, 9, 12, 13, 14, 25, 26, 27, 29, 30, 34, 36, 38, 40, 41, 
  42, 48, 50, 52, 53, 54, 57 ],
[ 1, 2, 3, 4, 5, 6, 8, 9, 12, 13, 14, 26, 27, 28, 29, 34, 36, 38, 40, 41, 42, 
  50, 51, 53, 54, 57, 58, 64 ],
[ 1, 2, 3, 4, 5, 6, 8, 9, 12, 13, 14, 26, 29, 34, 36, 38, 40, 41, 42, 43, 44, 
  53, 54, 57, 58, 59, 60, 64 ],
[ 1, 2, 3, 4, 5, 6, 8, 9, 12, 13, 15, 16, 17, 19, 20, 24, 30, 33, 34, 38, 40, 
  48, 49, 50, 51, 52, 53, 61 ],
[ 1, 2, 3, 4, 5, 6, 8, 9, 12, 13, 15, 16, 17, 19, 20, 25, 27, 30, 38, 40, 47, 
  51, 52, 53, 54, 55, 61, 62 ],
[ 1, 2, 3, 4, 5, 6, 8, 9, 12, 13, 15, 17, 24, 26, 28, 29, 30, 36, 37, 39, 41, 
  42, 47, 51, 52, 54, 55, 63 ],
[ 1, 2, 3, 4, 5, 6, 8, 9, 12, 13, 15, 17, 24, 26, 29, 36, 37, 39, 41, 42, 44, 
  46, 47, 54, 55, 60, 61, 63 ],
[ 1, 2, 3, 4, 5, 6, 8, 9, 12, 13, 15, 17, 25, 26, 27, 29, 30, 36, 37, 39, 41, 
  42, 48, 50, 52, 54, 55, 63 ],
[ 1, 2, 3, 4, 5, 6, 8, 9, 12, 13, 15, 17, 26, 27, 28, 29, 36, 37, 39, 41, 42, 
  50, 51, 54, 55, 58, 63, 64 ],
[ 1, 2, 3, 4, 5, 6, 8, 9, 12, 13, 15, 17, 26, 29, 36, 37, 39, 41, 42, 43, 44, 
  54, 55, 58, 59, 60, 63, 64 ],
[ 1, 2, 3, 4, 5, 6, 8, 9, 12, 14, 15, 17, 18, 24, 26, 28, 29, 30, 35, 42, 47, 
  51, 52, 53, 54, 55, 56, 57 ],
[ 1, 2, 3, 4, 5, 6, 8, 9, 12, 14, 15, 17, 18, 24, 26, 29, 35, 42, 44, 46, 47, 
  53, 54, 55, 56, 57, 60, 61 ],
[ 1, 2, 3, 4, 5, 6, 8, 9, 12, 14, 15, 17, 18, 25, 26, 27, 29, 30, 35, 42, 48, 
  50, 52, 53, 54, 55, 56, 57 ],
[ 1, 2, 3, 4, 5, 6, 8, 9, 12, 14, 15, 17, 18, 26, 27, 28, 29, 35, 42, 50, 51, 
  53, 54, 55, 56, 57, 58, 64 ],
[ 1, 2, 3, 4, 5, 6, 8, 9, 12, 14, 15, 17, 18, 26, 29, 35, 42, 43, 44, 53, 54, 
  55, 56, 57, 58, 59, 60, 64 ],
[ 1, 2, 3, 4, 5, 6, 8, 9, 12, 14, 15, 17, 19, 20, 25, 26, 27, 30, 36, 40, 43, 
  44, 45, 48, 51, 52, 62, 64 ],
[ 1, 2, 3, 4, 5, 6, 8, 9, 12, 14, 15, 17, 20, 24, 26, 29, 34, 35, 36, 41, 44, 
  46, 47, 53, 54, 57, 60, 61 ],
[ 1, 2, 3, 4, 5, 6, 8, 9, 12, 14, 15, 17, 24, 26, 28, 29, 30, 34, 35, 39, 41, 
  42, 47, 51, 52, 54, 56, 63 ],
[ 1, 2, 3, 4, 5, 6, 8, 9, 12, 14, 15, 17, 24, 26, 29, 34, 35, 39, 41, 42, 44, 
  46, 47, 54, 56, 60, 61, 63 ],
[ 1, 2, 3, 4, 5, 6, 8, 9, 12, 14, 15, 17, 25, 26, 27, 29, 30, 34, 35, 39, 41, 
  42, 48, 50, 52, 54, 56, 63 ],
[ 1, 2, 3, 4, 5, 6, 8, 9, 12, 14, 15, 18, 19, 20, 23, 24, 26, 30, 36, 41, 43, 
  47, 49, 50, 51, 52, 60, 64 ],
[ 1, 2, 3, 4, 5, 6, 8, 9, 12, 14, 15, 18, 19, 20, 24, 26, 27, 30, 36, 41, 43, 
  44, 45, 47, 51, 52, 62, 64 ],
[ 1, 2, 3, 4, 5, 6, 8, 9, 12, 14, 15, 20, 24, 26, 29, 33, 34, 35, 36, 39, 40, 
  41, 44, 46, 47, 60, 61, 63 ],
[ 1, 2, 3, 4, 5, 6, 8, 9, 12, 14, 15, 20, 25, 26, 27, 29, 30, 33, 34, 35, 36, 
  39, 40, 41, 48, 50, 52, 63 ],
[ 1, 2, 3, 4, 5, 6, 8, 9, 12, 14, 17, 19, 20, 23, 25, 26, 30, 38, 40, 44, 48, 
  49, 50, 51, 52, 56, 59, 64 ],
[ 1, 2, 3, 4, 5, 6, 8, 9, 12, 14, 18, 19, 20, 23, 24, 26, 30, 38, 41, 44, 47, 
  49, 50, 51, 52, 56, 59, 64 ],
[ 1, 2, 3, 4, 5, 6, 8, 9, 12, 14, 18, 19, 20, 24, 26, 27, 30, 38, 41, 45, 47, 
  51, 52, 56, 59, 60, 62, 64 ],
[ 1, 2, 3, 4, 5, 6, 8, 9, 12, 14, 18, 24, 26, 29, 33, 34, 35, 36, 38, 39, 40, 
  42, 44, 46, 47, 53, 60, 61 ],
[ 1, 2, 3, 4, 5, 6, 8, 9, 12, 14, 18, 25, 26, 27, 29, 30, 33, 34, 35, 36, 38, 
  39, 40, 42, 48, 50, 52, 53 ],
[ 1, 2, 3, 4, 5, 6, 8, 9, 12, 14, 18, 26, 29, 33, 34, 35, 36, 38, 39, 40, 42, 
  43, 44, 53, 58, 59, 60, 64 ],
[ 1, 2, 3, 4, 5, 6, 8, 9, 12, 15, 16, 17, 20, 23, 25, 27, 29, 30, 38, 41, 43, 
  47, 50, 52, 57, 60, 61, 64 ],
[ 1, 2, 3, 4, 5, 6, 8, 9, 12, 15, 16, 17, 20, 24, 27, 29, 30, 38, 41, 43, 45, 
  48, 50, 52, 57, 58, 60, 61 ],
[ 1, 2, 3, 4, 5, 6, 8, 9, 12, 15, 17, 18, 24, 26, 28, 29, 30, 33, 35, 36, 37, 
  42, 47, 51, 52, 55, 57, 63 ],
[ 1, 2, 3, 4, 5, 6, 8, 9, 12, 15, 17, 18, 24, 26, 29, 33, 35, 36, 37, 42, 44, 
  46, 47, 55, 57, 60, 61, 63 ],
[ 1, 2, 3, 4, 5, 6, 8, 9, 12, 15, 17, 18, 25, 26, 27, 29, 30, 33, 35, 36, 37, 
  42, 48, 50, 52, 55, 57, 63 ],
[ 1, 2, 3, 4, 5, 6, 8, 9, 12, 15, 20, 24, 26, 29, 34, 35, 37, 39, 40, 41, 44, 
  46, 47, 53, 54, 56, 60, 61 ],
[ 1, 2, 3, 4, 5, 6, 8, 9, 12, 18, 24, 26, 29, 34, 35, 37, 38, 39, 40, 42, 44, 
  46, 47, 54, 56, 60, 61, 63 ],
[ 1, 2, 3, 4, 5, 6, 8, 9, 12, 18, 25, 26, 27, 29, 30, 34, 35, 37, 38, 39, 40, 
  42, 48, 50, 52, 54, 56, 63 ],
[ 1, 2, 3, 4, 5, 6, 8, 9, 12, 24, 26, 28, 29, 30, 35, 37, 38, 40, 41, 42, 47, 
  51, 52, 53, 54, 55, 56, 57 ],
[ 1, 2, 3, 4, 5, 6, 8, 9, 12, 24, 26, 29, 35, 37, 38, 40, 41, 42, 44, 46, 47, 
  53, 54, 55, 56, 57, 60, 61 ],
[ 1, 2, 3, 4, 5, 6, 8, 9, 12, 25, 26, 27, 29, 30, 35, 37, 38, 40, 41, 42, 48, 
  50, 52, 53, 54, 55, 56, 57 ],
[ 1, 2, 3, 4, 5, 6, 8, 9, 12, 26, 27, 28, 29, 35, 37, 38, 40, 41, 42, 50, 51, 
  53, 54, 55, 56, 57, 58, 64 ],
[ 1, 2, 3, 4, 5, 6, 8, 9, 12, 26, 29, 35, 37, 38, 40, 41, 42, 43, 44, 53, 54, 
  55, 56, 57, 58, 59, 60, 64 ],
[ 1, 2, 3, 4, 5, 6, 8, 9, 13, 14, 17, 19, 20, 25, 28, 29, 30, 31, 32, 35, 38, 
  40, 47, 51, 53, 56, 61, 63 ],
[ 1, 2, 3, 4, 5, 6, 8, 9, 13, 14, 17, 19, 20, 25, 29, 30, 31, 32, 34, 35, 38, 
  40, 47, 49, 55, 56, 61, 62 ],
[ 1, 2, 3, 4, 5, 6, 8, 9, 13, 14, 18, 19, 20, 25, 27, 29, 30, 31, 32, 35, 38, 
  41, 47, 50, 53, 56, 61, 63 ],
[ 1, 2, 3, 4, 5, 6, 8, 9, 13, 14, 18, 19, 20, 25, 29, 30, 31, 32, 33, 35, 38, 
  41, 47, 49, 54, 56, 61, 62 ],
[ 1, 2, 3, 4, 5, 6, 8, 9, 13, 14, 19, 20, 25, 27, 29, 30, 31, 32, 34, 35, 38, 
  39, 47, 50, 55, 56, 57, 61 ],
[ 1, 2, 3, 4, 5, 6, 8, 9, 13, 14, 19, 20, 25, 28, 29, 30, 31, 32, 33, 35, 38, 
  39, 47, 51, 54, 56, 57, 61 ],
[ 1, 2, 3, 4, 5, 6, 8, 9, 13, 16, 20, 24, 26, 28, 30, 31, 32, 34, 35, 36, 39, 
  40, 41, 47, 50, 55, 56, 62 ],
[ 1, 2, 3, 4, 5, 6, 8, 9, 14, 17, 19, 20, 25, 28, 29, 30, 31, 32, 33, 34, 38, 
  40, 47, 51, 54, 55, 56, 61 ],
[ 1, 2, 3, 4, 5, 6, 8, 9, 14, 17, 19, 20, 25, 28, 29, 30, 31, 32, 38, 40, 43, 
  44, 47, 51, 56, 59, 60, 61 ],
[ 1, 2, 3, 4, 5, 6, 8, 9, 14, 18, 19, 20, 25, 29, 30, 31, 32, 34, 38, 41, 47, 
  49, 53, 55, 56, 61, 62, 63 ],
[ 1, 2, 3, 4, 5, 6, 8, 9, 14, 18, 19, 20, 25, 29, 30, 31, 32, 38, 41, 44, 47, 
  49, 56, 58, 60, 61, 62, 64 ],
[ 1, 2, 3, 4, 5, 6, 8, 9, 16, 20, 23, 24, 26, 28, 30, 31, 32, 36, 39, 40, 41, 
  44, 45, 47, 50, 56, 60, 62 ],
[ 1, 2, 3, 4, 5, 6, 8, 10, 11, 12, 13, 14, 26, 28, 31, 32, 34, 36, 38, 40, 
  41, 42, 43, 51, 53, 54, 57, 59 ],
[ 1, 2, 3, 4, 5, 6, 8, 10, 11, 12, 13, 15, 17, 26, 27, 31, 32, 36, 37, 39, 
  41, 42, 44, 50, 54, 55, 60, 63 ],
[ 1, 2, 3, 4, 5, 6, 8, 10, 11, 12, 13, 15, 17, 26, 28, 31, 32, 36, 37, 39, 
  41, 42, 43, 51, 54, 55, 59, 63 ],
[ 1, 2, 3, 4, 5, 6, 8, 10, 11, 12, 14, 15, 17, 18, 26, 27, 31, 32, 35, 42, 
  44, 50, 53, 54, 55, 56, 57, 60 ],
[ 1, 2, 3, 4, 5, 6, 8, 10, 11, 12, 14, 18, 26, 28, 31, 32, 33, 34, 35, 36, 
  38, 39, 40, 42, 43, 51, 53, 59 ],
[ 1, 2, 3, 4, 5, 6, 8, 10, 11, 12, 15, 17, 18, 26, 27, 31, 32, 33, 35, 36, 
  37, 42, 44, 50, 55, 57, 60, 63 ],
[ 1, 2, 3, 4, 5, 6, 8, 10, 11, 12, 26, 27, 31, 32, 35, 37, 38, 40, 41, 42, 
  44, 50, 53, 54, 55, 56, 57, 60 ],
[ 1, 2, 3, 4, 5, 6, 8, 10, 11, 12, 26, 28, 31, 32, 35, 37, 38, 40, 41, 42, 
  43, 51, 53, 54, 55, 56, 57, 59 ],
[ 1, 2, 3, 4, 5, 6, 8, 10, 12, 13, 14, 20, 25, 26, 27, 28, 31, 34, 38, 39, 
  40, 41, 48, 50, 51, 54, 56, 63 ],
[ 1, 2, 3, 4, 5, 6, 8, 10, 12, 13, 14, 23, 25, 26, 31, 34, 36, 38, 40, 41, 
  42, 45, 48, 53, 54, 57, 58, 64 ],
[ 1, 2, 3, 4, 5, 6, 8, 10, 12, 13, 14, 25, 26, 27, 28, 31, 34, 36, 38, 40, 
  41, 42, 48, 50, 51, 53, 54, 57 ],
[ 1, 2, 3, 4, 5, 6, 8, 10, 12, 13, 14, 26, 31, 34, 36, 38, 40, 41, 42, 43, 
  46, 53, 54, 57, 58, 59, 61, 64 ],
[ 1, 2, 3, 4, 5, 6, 8, 10, 12, 13, 15, 17, 23, 26, 31, 36, 37, 39, 41, 42, 
  44, 45, 46, 54, 55, 60, 61, 63 ],
[ 1, 2, 3, 4, 5, 6, 8, 10, 12, 13, 15, 17, 25, 26, 27, 28, 31, 36, 37, 39, 
  41, 42, 48, 50, 51, 54, 55, 63 ],
[ 1, 2, 3, 4, 5, 6, 8, 10, 12, 13, 15, 17, 25, 26, 31, 36, 37, 39, 41, 42, 
  43, 44, 48, 54, 55, 59, 60, 63 ],
[ 1, 2, 3, 4, 5, 6, 8, 10, 12, 14, 15, 17, 18, 23, 25, 26, 31, 35, 42, 45, 
  48, 53, 54, 55, 56, 57, 58, 64 ],
[ 1, 2, 3, 4, 5, 6, 8, 10, 12, 14, 15, 17, 18, 23, 26, 31, 35, 42, 44, 45, 
  46, 53, 54, 55, 56, 57, 60, 61 ],
[ 1, 2, 3, 4, 5, 6, 8, 10, 12, 14, 15, 17, 18, 25, 26, 27, 28, 31, 35, 42, 
  48, 50, 51, 53, 54, 55, 56, 57 ],
[ 1, 2, 3, 4, 5, 6, 8, 10, 12, 14, 15, 17, 18, 26, 27, 31, 35, 42, 46, 49, 
  50, 53, 54, 55, 56, 57, 61, 62 ],
[ 1, 2, 3, 4, 5, 6, 8, 10, 12, 14, 15, 17, 25, 26, 27, 28, 31, 34, 35, 39, 
  41, 42, 48, 50, 51, 54, 56, 63 ],
[ 1, 2, 3, 4, 5, 6, 8, 11, 12, 13, 14, 23, 26, 32, 34, 36, 38, 40, 41, 42, 
  43, 45, 46, 53, 54, 57, 59, 61 ],
[ 1, 2, 3, 4, 5, 6, 8, 11, 12, 13, 14, 24, 26, 27, 28, 32, 34, 36, 38, 40, 
  41, 42, 47, 50, 51, 53, 54, 57 ],
[ 1, 2, 3, 4, 5, 6, 8, 11, 12, 13, 14, 24, 26, 32, 34, 36, 38, 40, 41, 42, 
  43, 44, 47, 53, 54, 57, 59, 60 ],
[ 1, 2, 3, 4, 5, 6, 8, 11, 12, 13, 15, 17, 26, 30, 32, 36, 37, 39, 41, 42, 
  44, 49, 52, 54, 55, 60, 62, 63 ],
[ 1, 2, 3, 4, 5, 6, 8, 11, 12, 14, 15, 17, 18, 23, 24, 26, 32, 35, 42, 45, 
  47, 53, 54, 55, 56, 57, 58, 64 ],
[ 1, 2, 3, 4, 5, 6, 8, 11, 12, 14, 15, 17, 18, 24, 26, 27, 28, 32, 35, 42, 
  47, 50, 51, 53, 54, 55, 56, 57 ],
[ 1, 2, 3, 4, 5, 6, 8, 11, 12, 14, 15, 17, 24, 26, 32, 34, 35, 39, 41, 42, 
  43, 44, 47, 54, 56, 59, 60, 63 ],
[ 1, 2, 3, 4, 5, 6, 8, 11, 12, 14, 15, 17, 26, 28, 32, 34, 35, 39, 41, 42, 
  46, 49, 51, 54, 56, 61, 62, 63 ],
[ 1, 2, 3, 4, 5, 6, 8, 11, 12, 14, 18, 23, 24, 26, 32, 33, 34, 35, 36, 38, 
  39, 40, 42, 45, 47, 53, 58, 64 ],
[ 1, 2, 3, 4, 5, 6, 8, 11, 12, 14, 18, 23, 26, 32, 33, 34, 35, 36, 38, 39, 
  40, 42, 43, 45, 46, 53, 59, 61 ],
[ 1, 2, 3, 4, 5, 6, 8, 11, 12, 26, 30, 32, 35, 37, 38, 40, 41, 42, 44, 49, 
  52, 53, 54, 55, 56, 57, 60, 62 ],
[ 1, 2, 3, 4, 5, 6, 8, 12, 13, 14, 23, 25, 26, 27, 34, 36, 38, 40, 41, 42, 
  45, 46, 48, 50, 53, 54, 57, 61 ],
[ 1, 2, 3, 4, 5, 6, 8, 12, 13, 14, 24, 25, 26, 27, 34, 36, 38, 40, 41, 42, 
  44, 47, 48, 50, 53, 54, 57, 60 ],
[ 1, 2, 3, 4, 5, 6, 8, 12, 13, 14, 24, 26, 27, 30, 34, 36, 38, 40, 41, 42, 
  47, 49, 50, 52, 53, 54, 57, 62 ],
[ 1, 2, 3, 4, 5, 6, 8, 12, 14, 15, 17, 18, 23, 26, 27, 28, 35, 42, 45, 49, 
  50, 51, 53, 54, 55, 56, 57, 62 ],
[ 1, 2, 3, 4, 5, 6, 8, 12, 14, 15, 17, 18, 24, 25, 26, 28, 35, 42, 43, 47, 
  48, 51, 53, 54, 55, 56, 57, 59 ],
[ 1, 2, 3, 4, 5, 6, 8, 12, 14, 15, 17, 18, 24, 26, 27, 30, 35, 42, 47, 49, 
  50, 52, 53, 54, 55, 56, 57, 62 ],
[ 1, 2, 3, 4, 5, 6, 8, 12, 14, 15, 17, 18, 24, 26, 35, 42, 43, 46, 47, 49, 
  53, 54, 55, 56, 57, 59, 61, 62 ],
[ 1, 2, 3, 4, 5, 6, 8, 12, 14, 15, 17, 18, 25, 26, 28, 30, 35, 42, 48, 49, 
  51, 52, 53, 54, 55, 56, 57, 62 ],
[ 1, 2, 3, 4, 5, 6, 8, 12, 14, 15, 17, 18, 25, 26, 28, 35, 42, 46, 48, 51, 
  53, 54, 55, 56, 57, 58, 61, 64 ],
[ 1, 2, 3, 4, 5, 6, 8, 12, 14, 15, 17, 24, 26, 34, 35, 39, 41, 42, 43, 46, 
  47, 49, 54, 56, 59, 61, 62, 63 ],
[ 1, 2, 3, 4, 5, 6, 8, 12, 14, 15, 17, 25, 26, 28, 30, 34, 35, 39, 41, 42, 
  48, 49, 51, 52, 54, 56, 62, 63 ],
[ 1, 2, 3, 4, 5, 6, 8, 13, 14, 17, 19, 20, 25, 27, 28, 30, 31, 32, 34, 35, 
  38, 40, 47, 50, 51, 55, 56, 61 ],
[ 1, 2, 3, 4, 5, 6, 8, 13, 14, 18, 19, 20, 23, 25, 30, 31, 32, 35, 38, 41, 
  43, 45, 47, 53, 56, 59, 61, 63 ]
];

