## Group: [64, 193]
## Difference Sets: 322
## Time:  1:19:17.111

return [
[ 1, 4, 5, 7, 8, 10, 14, 16, 17, 21, 24, 25, 27, 28, 30, 31, 33, 34, 35, 36, 
  38, 41, 46, 50, 51, 52, 57, 63 ],
[ 1, 4, 5, 7, 8, 10, 14, 16, 17, 21, 24, 25, 27, 28, 30, 31, 32, 33, 34, 35, 
  36, 41, 46, 50, 55, 56, 57, 62 ],
[ 1, 4, 5, 7, 8, 10, 14, 16, 17, 21, 24, 25, 27, 28, 29, 30, 31, 33, 34, 36, 
  38, 41, 46, 52, 54, 55, 57, 62 ],
[ 1, 4, 5, 7, 8, 10, 14, 16, 17, 21, 24, 25, 27, 28, 29, 30, 31, 32, 33, 34, 
  36, 41, 46, 51, 54, 56, 57, 63 ],
[ 1, 4, 5, 7, 8, 10, 14, 16, 17, 18, 21, 24, 27, 28, 30, 31, 33, 34, 35, 36, 
  38, 39, 48, 50, 51, 52, 61, 63 ],
[ 1, 4, 5, 7, 8, 10, 14, 16, 17, 18, 21, 24, 27, 28, 30, 31, 32, 33, 34, 35, 
  36, 39, 48, 50, 55, 56, 61, 62 ],
[ 1, 4, 5, 7, 8, 10, 14, 16, 17, 18, 21, 24, 27, 28, 29, 30, 31, 33, 34, 36, 
  38, 39, 48, 52, 54, 55, 61, 62 ],
[ 1, 4, 5, 7, 8, 10, 14, 15, 17, 21, 24, 25, 27, 29, 30, 31, 33, 34, 35, 37, 
  38, 41, 46, 49, 51, 52, 57, 63 ],
[ 1, 4, 5, 7, 8, 10, 14, 15, 17, 21, 24, 25, 27, 28, 29, 30, 31, 33, 35, 37, 
  38, 41, 46, 52, 53, 55, 57, 62 ],
[ 1, 4, 5, 7, 8, 10, 14, 15, 17, 18, 21, 24, 27, 29, 30, 31, 33, 34, 35, 37, 
  38, 39, 48, 49, 51, 52, 61, 63 ],
[ 1, 4, 5, 7, 8, 10, 14, 15, 17, 18, 21, 24, 27, 29, 30, 31, 32, 33, 34, 35, 
  37, 39, 48, 49, 55, 56, 61, 62 ],
[ 1, 4, 5, 7, 8, 10, 14, 15, 17, 18, 21, 24, 27, 28, 29, 30, 31, 33, 35, 37, 
  38, 39, 48, 52, 53, 55, 61, 62 ],
[ 1, 4, 5, 7, 8, 10, 14, 15, 16, 17, 21, 24, 25, 27, 29, 30, 31, 33, 34, 41, 
  46, 49, 51, 52, 54, 55, 56, 57 ],
[ 1, 4, 5, 7, 8, 10, 14, 15, 16, 17, 21, 24, 25, 27, 28, 30, 31, 33, 35, 41, 
  46, 50, 51, 52, 53, 55, 56, 57 ],
[ 1, 4, 5, 7, 8, 10, 14, 15, 16, 17, 18, 21, 24, 27, 29, 30, 31, 33, 34, 39, 
  48, 49, 51, 52, 54, 55, 56, 61 ],
[ 1, 4, 5, 7, 8, 10, 14, 15, 16, 17, 18, 21, 24, 27, 28, 30, 31, 33, 35, 39, 
  48, 50, 51, 52, 53, 55, 56, 61 ],
[ 1, 4, 5, 7, 8, 10, 13, 14, 16, 17, 18, 21, 24, 27, 28, 29, 30, 31, 35, 36, 
  38, 39, 48, 52, 53, 61, 62, 63 ],
[ 1, 4, 5, 7, 8, 10, 13, 14, 15, 16, 17, 21, 24, 25, 27, 29, 30, 31, 35, 41, 
  46, 49, 51, 52, 53, 56, 57, 63 ],
[ 1, 4, 5, 7, 8, 10, 12, 14, 17, 21, 24, 25, 27, 28, 30, 32, 33, 34, 35, 36, 
  37, 41, 46, 50, 51, 56, 57, 63 ],
[ 1, 4, 5, 7, 8, 10, 12, 14, 17, 21, 24, 25, 27, 28, 29, 30, 32, 33, 34, 36, 
  37, 41, 46, 54, 55, 56, 57, 62 ],
[ 1, 4, 5, 7, 8, 10, 12, 14, 17, 18, 21, 24, 27, 28, 30, 32, 33, 34, 35, 36, 
  37, 39, 48, 50, 51, 56, 61, 63 ],
[ 1, 4, 5, 7, 8, 10, 12, 14, 17, 18, 21, 24, 27, 28, 29, 30, 32, 33, 34, 36, 
  37, 39, 48, 54, 55, 56, 61, 62 ],
[ 1, 4, 5, 7, 8, 10, 12, 14, 15, 17, 21, 24, 25, 27, 28, 29, 30, 32, 33, 37, 
  38, 41, 46, 53, 54, 57, 62, 63 ],
[ 1, 4, 5, 7, 8, 10, 12, 14, 15, 17, 18, 21, 24, 27, 28, 29, 30, 32, 33, 37, 
  38, 39, 48, 53, 54, 61, 62, 63 ],
[ 1, 4, 5, 7, 8, 10, 12, 14, 15, 16, 17, 21, 24, 25, 27, 28, 30, 32, 33, 41, 
  46, 50, 51, 53, 54, 56, 57, 63 ],
[ 1, 4, 5, 7, 8, 10, 12, 14, 15, 16, 17, 18, 21, 24, 27, 28, 30, 32, 33, 39, 
  48, 50, 51, 53, 54, 56, 61, 63 ],
[ 1, 4, 5, 7, 8, 10, 12, 13, 14, 17, 18, 21, 24, 27, 28, 30, 32, 36, 37, 39, 
  48, 50, 51, 53, 54, 55, 56, 61 ],
[ 1, 4, 5, 7, 8, 10, 11, 14, 17, 21, 24, 25, 27, 28, 29, 31, 32, 33, 35, 36, 
  37, 41, 46, 53, 55, 56, 57, 62 ],
[ 1, 4, 5, 7, 8, 10, 11, 14, 17, 18, 21, 24, 27, 28, 29, 31, 32, 33, 35, 36, 
  37, 39, 48, 53, 55, 56, 61, 62 ],
[ 1, 4, 5, 7, 8, 10, 11, 14, 16, 17, 21, 24, 25, 27, 28, 29, 31, 32, 33, 36, 
  38, 41, 46, 53, 54, 57, 62, 63 ],
[ 1, 4, 5, 7, 8, 10, 11, 14, 16, 17, 18, 21, 24, 27, 28, 29, 31, 32, 33, 36, 
  38, 39, 48, 53, 54, 61, 62, 63 ],
[ 1, 4, 5, 7, 8, 10, 11, 13, 14, 16, 17, 21, 24, 25, 27, 28, 29, 31, 32, 34, 
  35, 36, 38, 41, 46, 55, 57, 62 ],
[ 1, 4, 5, 6, 8, 10, 14, 16, 17, 20, 24, 26, 27, 28, 30, 31, 32, 33, 34, 35, 
  36, 41, 47, 50, 55, 56, 57, 62 ],
[ 1, 4, 5, 6, 8, 10, 14, 16, 17, 20, 24, 26, 27, 28, 29, 30, 31, 33, 34, 36, 
  38, 41, 47, 52, 54, 55, 57, 62 ],
[ 1, 4, 5, 6, 8, 10, 14, 16, 17, 20, 24, 26, 27, 28, 29, 30, 31, 32, 33, 34, 
  36, 41, 47, 51, 54, 56, 57, 63 ],
[ 1, 4, 5, 6, 8, 10, 14, 15, 17, 20, 24, 26, 27, 29, 30, 31, 33, 34, 35, 37, 
  38, 41, 47, 49, 51, 52, 57, 63 ],
[ 1, 4, 5, 6, 8, 10, 14, 15, 17, 20, 24, 26, 27, 28, 29, 30, 31, 33, 35, 37, 
  38, 41, 47, 52, 53, 55, 57, 62 ],
[ 1, 4, 5, 6, 8, 10, 14, 15, 16, 17, 20, 24, 26, 27, 29, 30, 31, 33, 34, 41, 
  47, 49, 51, 52, 54, 55, 56, 57 ],
[ 1, 4, 5, 6, 8, 10, 12, 14, 17, 20, 24, 26, 27, 28, 30, 32, 33, 34, 35, 36, 
  37, 41, 47, 50, 51, 56, 57, 63 ],
[ 1, 4, 5, 6, 8, 10, 12, 14, 17, 20, 24, 26, 27, 28, 29, 30, 32, 33, 34, 36, 
  37, 41, 47, 54, 55, 56, 57, 62 ],
[ 1, 4, 5, 6, 8, 10, 12, 14, 15, 17, 20, 24, 26, 27, 28, 29, 30, 32, 33, 37, 
  38, 41, 47, 53, 54, 57, 62, 63 ],
[ 1, 4, 5, 6, 8, 10, 12, 14, 15, 16, 17, 20, 24, 26, 27, 28, 30, 32, 33, 41, 
  47, 50, 51, 53, 54, 56, 57, 63 ],
[ 1, 4, 5, 6, 8, 10, 12, 13, 14, 15, 17, 20, 24, 26, 27, 28, 29, 30, 32, 34, 
  35, 37, 38, 41, 47, 55, 57, 62 ],
[ 1, 4, 5, 6, 8, 10, 11, 14, 17, 20, 24, 26, 27, 28, 29, 31, 32, 33, 35, 36, 
  37, 41, 47, 53, 55, 56, 57, 62 ],
[ 1, 4, 5, 6, 8, 10, 11, 14, 16, 17, 20, 24, 26, 27, 28, 29, 31, 32, 33, 36, 
  38, 41, 47, 53, 54, 57, 62, 63 ],
[ 1, 4, 5, 6, 7, 8, 10, 14, 16, 17, 20, 21, 24, 27, 28, 30, 31, 33, 34, 35, 
  36, 38, 50, 51, 52, 60, 63, 64 ],
[ 1, 4, 5, 6, 7, 8, 10, 14, 16, 17, 20, 21, 24, 27, 28, 30, 31, 32, 33, 34, 
  35, 36, 50, 55, 56, 60, 62, 64 ],
[ 1, 4, 5, 6, 7, 8, 10, 14, 16, 17, 20, 21, 24, 27, 28, 29, 30, 31, 33, 34, 
  36, 38, 52, 54, 55, 60, 62, 64 ],
[ 1, 4, 5, 6, 7, 8, 10, 14, 16, 17, 20, 21, 24, 27, 28, 29, 30, 31, 32, 33, 
  34, 36, 51, 54, 56, 60, 63, 64 ],
[ 1, 4, 5, 6, 7, 8, 10, 14, 15, 17, 20, 21, 24, 27, 29, 30, 31, 33, 34, 35, 
  37, 38, 49, 51, 52, 60, 63, 64 ],
[ 1, 4, 5, 6, 7, 8, 10, 14, 15, 17, 20, 21, 24, 27, 29, 30, 31, 32, 33, 34, 
  35, 37, 49, 55, 56, 60, 62, 64 ],
[ 1, 4, 5, 6, 7, 8, 10, 14, 15, 17, 20, 21, 24, 27, 28, 29, 30, 31, 32, 33, 
  35, 37, 51, 53, 56, 60, 63, 64 ],
[ 1, 4, 5, 6, 7, 8, 10, 14, 15, 16, 17, 20, 21, 24, 27, 29, 30, 31, 33, 34, 
  49, 51, 52, 54, 55, 56, 60, 64 ],
[ 1, 4, 5, 6, 7, 8, 10, 14, 15, 16, 17, 20, 21, 24, 27, 29, 30, 31, 32, 33, 
  34, 38, 49, 54, 60, 62, 63, 64 ],
[ 1, 4, 5, 6, 7, 8, 10, 14, 15, 16, 17, 20, 21, 24, 27, 28, 30, 31, 33, 35, 
  50, 51, 52, 53, 55, 56, 60, 64 ],
[ 1, 4, 5, 6, 7, 8, 10, 14, 15, 16, 17, 20, 21, 24, 27, 28, 30, 31, 32, 33, 
  35, 38, 50, 53, 60, 62, 63, 64 ],
[ 1, 4, 5, 6, 7, 8, 10, 13, 14, 17, 20, 21, 24, 27, 30, 31, 32, 34, 35, 36, 
  37, 38, 49, 50, 51, 60, 63, 64 ],
[ 1, 4, 5, 6, 7, 8, 10, 13, 14, 16, 17, 20, 21, 24, 27, 30, 31, 32, 34, 36, 
  49, 50, 51, 54, 55, 56, 60, 64 ],
[ 1, 4, 5, 6, 7, 8, 10, 13, 14, 16, 17, 20, 21, 24, 27, 28, 29, 30, 31, 35, 
  36, 38, 52, 53, 60, 62, 63, 64 ],
[ 1, 4, 5, 6, 7, 8, 10, 13, 14, 15, 16, 17, 20, 21, 24, 27, 28, 29, 30, 31, 
  32, 34, 35, 38, 51, 60, 63, 64 ],
[ 1, 4, 5, 6, 7, 8, 10, 12, 14, 17, 20, 21, 24, 27, 28, 30, 32, 33, 34, 35, 
  36, 37, 50, 51, 56, 60, 63, 64 ],
[ 1, 4, 5, 6, 7, 8, 10, 12, 14, 17, 20, 21, 24, 27, 28, 29, 30, 32, 33, 34, 
  36, 37, 54, 55, 56, 60, 62, 64 ],
[ 1, 4, 5, 6, 7, 8, 10, 12, 14, 15, 17, 20, 21, 24, 27, 28, 29, 30, 32, 33, 
  37, 38, 53, 54, 60, 62, 63, 64 ],
[ 1, 4, 5, 6, 7, 8, 10, 12, 13, 14, 17, 20, 21, 24, 27, 28, 30, 32, 36, 37, 
  50, 51, 53, 54, 55, 56, 60, 64 ],
[ 1, 4, 5, 6, 7, 8, 10, 11, 14, 17, 20, 21, 24, 27, 28, 29, 31, 32, 33, 35, 
  36, 37, 53, 55, 56, 60, 62, 64 ],
[ 1, 4, 5, 6, 7, 8, 10, 11, 14, 16, 17, 20, 21, 24, 27, 28, 29, 31, 32, 33, 
  36, 38, 53, 54, 60, 62, 63, 64 ],
[ 1, 3, 5, 10, 12, 13, 14, 16, 17, 20, 21, 22, 24, 27, 28, 30, 32, 33, 34, 
  37, 42, 44, 45, 50, 51, 53, 57, 61 ],
[ 1, 3, 5, 10, 12, 13, 14, 16, 17, 20, 21, 22, 24, 27, 28, 29, 30, 33, 34, 
  37, 42, 44, 48, 51, 52, 53, 57, 59 ],
[ 1, 3, 5, 10, 11, 13, 14, 16, 17, 20, 21, 22, 24, 27, 29, 31, 32, 33, 34, 
  37, 42, 44, 45, 49, 51, 53, 57, 61 ],
[ 1, 3, 5, 10, 11, 13, 14, 16, 17, 20, 21, 22, 24, 27, 28, 29, 31, 33, 34, 
  37, 42, 45, 48, 51, 52, 53, 57, 58 ],
[ 1, 3, 5, 9, 10, 14, 16, 17, 19, 22, 24, 25, 26, 27, 28, 30, 31, 33, 34, 37, 
  39, 41, 42, 49, 52, 54, 55, 61 ],
[ 1, 3, 5, 9, 10, 14, 16, 17, 18, 19, 22, 24, 26, 27, 28, 30, 31, 33, 34, 37, 
  42, 46, 48, 49, 52, 54, 55, 57 ],
[ 1, 3, 5, 9, 10, 12, 14, 16, 17, 22, 24, 25, 27, 28, 30, 32, 33, 34, 35, 37, 
  39, 40, 42, 47, 48, 49, 57, 63 ],
[ 1, 3, 5, 9, 10, 12, 14, 16, 17, 22, 24, 25, 26, 27, 28, 30, 32, 33, 34, 37, 
  39, 40, 42, 49, 54, 55, 57, 61 ],
[ 1, 3, 5, 9, 10, 12, 14, 16, 17, 18, 22, 24, 27, 28, 30, 32, 33, 34, 35, 37, 
  40, 41, 42, 46, 47, 49, 61, 63 ],
[ 1, 3, 5, 9, 10, 12, 14, 16, 17, 18, 19, 22, 24, 27, 28, 30, 32, 33, 34, 37, 
  42, 46, 47, 49, 54, 55, 57, 61 ],
[ 1, 3, 5, 9, 10, 12, 13, 14, 16, 17, 18, 19, 22, 24, 27, 28, 30, 32, 35, 37, 
  42, 46, 47, 49, 53, 57, 61, 63 ],
[ 1, 3, 5, 9, 10, 11, 14, 16, 17, 19, 22, 24, 27, 28, 31, 32, 33, 34, 35, 37, 
  39, 41, 42, 46, 47, 49, 61, 63 ],
[ 1, 3, 5, 9, 10, 11, 14, 16, 17, 19, 22, 24, 25, 26, 27, 28, 31, 32, 33, 37, 
  39, 41, 42, 49, 53, 54, 61, 63 ],
[ 1, 3, 5, 9, 10, 11, 14, 16, 17, 18, 19, 22, 24, 27, 28, 31, 32, 33, 35, 37, 
  42, 46, 47, 49, 53, 55, 57, 61 ],
[ 1, 3, 5, 9, 10, 11, 14, 16, 17, 18, 19, 22, 24, 26, 27, 28, 31, 32, 33, 37, 
  42, 46, 48, 49, 53, 54, 57, 63 ],
[ 1, 3, 5, 8, 10, 14, 16, 17, 19, 22, 24, 25, 27, 28, 30, 31, 33, 34, 35, 37, 
  39, 41, 42, 46, 50, 51, 52, 63 ],
[ 1, 3, 5, 8, 10, 14, 16, 17, 19, 22, 24, 25, 27, 28, 29, 30, 31, 33, 34, 37, 
  39, 41, 42, 46, 52, 54, 55, 62 ],
[ 1, 3, 5, 8, 10, 14, 16, 17, 18, 22, 24, 25, 27, 29, 30, 31, 33, 34, 35, 37, 
  40, 41, 42, 46, 49, 51, 52, 63 ],
[ 1, 3, 5, 8, 10, 14, 16, 17, 18, 19, 22, 24, 25, 27, 29, 30, 31, 33, 34, 37, 
  42, 46, 49, 51, 52, 54, 55, 57 ],
[ 1, 3, 5, 8, 10, 12, 14, 16, 17, 22, 24, 25, 27, 28, 30, 32, 33, 34, 35, 37, 
  39, 40, 42, 46, 50, 51, 57, 63 ],
[ 1, 3, 5, 8, 10, 12, 14, 16, 17, 18, 22, 24, 25, 27, 30, 32, 33, 34, 35, 37, 
  40, 41, 42, 46, 49, 50, 62, 63 ],
[ 1, 3, 5, 8, 10, 12, 14, 15, 16, 17, 20, 21, 22, 24, 27, 28, 30, 32, 33, 35, 
  42, 44, 50, 51, 54, 57, 58, 63 ],
[ 1, 3, 5, 8, 10, 11, 14, 16, 17, 22, 24, 25, 27, 29, 31, 32, 33, 34, 35, 37, 
  39, 40, 42, 46, 49, 51, 57, 63 ],
[ 1, 3, 5, 8, 10, 11, 14, 16, 17, 22, 24, 25, 27, 28, 29, 31, 32, 33, 35, 37, 
  39, 40, 42, 46, 53, 55, 57, 62 ],
[ 1, 3, 5, 8, 10, 11, 14, 16, 17, 20, 21, 22, 24, 27, 28, 29, 31, 33, 35, 36, 
  42, 44, 51, 52, 54, 55, 57, 58 ],
[ 1, 3, 5, 8, 10, 11, 14, 16, 17, 19, 22, 24, 25, 27, 31, 32, 33, 34, 35, 37, 
  39, 41, 42, 46, 49, 50, 62, 63 ],
[ 1, 3, 5, 8, 10, 11, 14, 16, 17, 19, 22, 24, 25, 27, 28, 29, 31, 32, 33, 37, 
  39, 41, 42, 46, 53, 54, 62, 63 ],
[ 1, 3, 5, 8, 10, 11, 14, 16, 17, 18, 19, 22, 24, 25, 27, 31, 32, 33, 35, 37, 
  42, 46, 49, 50, 53, 55, 57, 62 ],
[ 1, 3, 5, 8, 10, 11, 14, 16, 17, 18, 19, 22, 24, 25, 27, 29, 31, 32, 33, 37, 
  42, 46, 49, 51, 53, 54, 57, 63 ],
[ 1, 3, 5, 8, 10, 11, 14, 15, 16, 17, 20, 21, 22, 24, 27, 29, 31, 32, 33, 35, 
  42, 44, 49, 51, 54, 57, 58, 63 ],
[ 1, 3, 5, 8, 10, 11, 12, 14, 16, 17, 20, 21, 22, 24, 27, 28, 32, 33, 35, 36, 
  42, 44, 50, 54, 55, 57, 58, 62 ],
[ 1, 3, 5, 7, 10, 13, 14, 16, 17, 20, 22, 24, 27, 28, 30, 31, 32, 33, 34, 37, 
  41, 42, 44, 45, 50, 53, 61, 62 ],
[ 1, 3, 5, 7, 10, 13, 14, 15, 17, 20, 21, 24, 26, 27, 28, 29, 30, 31, 32, 33, 
  36, 40, 42, 44, 51, 55, 63, 64 ],
[ 1, 3, 5, 7, 10, 12, 13, 14, 15, 17, 20, 21, 24, 27, 28, 29, 30, 32, 33, 36, 
  40, 42, 44, 47, 55, 60, 62, 63 ],
[ 1, 3, 5, 7, 10, 12, 13, 14, 15, 17, 19, 20, 21, 22, 24, 27, 28, 30, 33, 36, 
  44, 47, 50, 52, 55, 60, 62, 63 ],
[ 1, 3, 5, 7, 10, 11, 13, 14, 16, 17, 20, 22, 24, 27, 31, 33, 34, 37, 41, 42, 
  44, 45, 49, 50, 51, 52, 53, 61 ],
[ 1, 3, 5, 7, 10, 11, 13, 14, 15, 17, 20, 21, 24, 26, 27, 28, 29, 31, 33, 36, 
  40, 42, 51, 52, 55, 58, 60, 63 ],
[ 1, 3, 5, 7, 10, 11, 13, 14, 15, 17, 19, 20, 21, 22, 24, 27, 29, 31, 33, 36, 
  44, 47, 49, 52, 55, 60, 62, 63 ],
[ 1, 3, 5, 7, 10, 11, 12, 13, 14, 15, 17, 20, 21, 24, 27, 29, 33, 36, 40, 42, 
  44, 47, 49, 51, 52, 55, 60, 63 ],
[ 1, 3, 5, 7, 8, 10, 14, 17, 19, 21, 24, 25, 27, 28, 30, 31, 33, 34, 35, 38, 
  39, 41, 46, 50, 51, 52, 56, 63 ],
[ 1, 3, 5, 7, 8, 10, 14, 17, 19, 21, 24, 25, 27, 28, 29, 30, 31, 33, 34, 38, 
  39, 41, 46, 52, 54, 55, 56, 62 ],
[ 1, 3, 5, 7, 8, 10, 14, 17, 18, 21, 24, 25, 27, 29, 30, 31, 33, 34, 35, 38, 
  40, 41, 46, 49, 51, 52, 56, 63 ],
[ 1, 3, 5, 7, 8, 10, 14, 15, 17, 20, 22, 24, 27, 28, 29, 30, 31, 33, 35, 37, 
  41, 42, 44, 52, 54, 55, 58, 62 ],
[ 1, 3, 5, 7, 8, 10, 14, 15, 17, 20, 21, 24, 27, 28, 29, 30, 31, 32, 33, 34, 
  35, 40, 42, 51, 53, 56, 60, 64 ],
[ 1, 3, 5, 7, 8, 10, 14, 15, 17, 19, 20, 21, 22, 24, 27, 28, 30, 31, 33, 34, 
  35, 50, 51, 52, 53, 56, 60, 64 ],
[ 1, 3, 5, 7, 8, 10, 14, 15, 16, 17, 20, 22, 24, 27, 28, 30, 31, 32, 33, 35, 
  41, 42, 44, 50, 54, 58, 62, 63 ],
[ 1, 3, 5, 7, 8, 10, 12, 14, 17, 21, 24, 25, 27, 28, 30, 32, 33, 34, 35, 38, 
  39, 40, 46, 50, 51, 56, 57, 63 ],
[ 1, 3, 5, 7, 8, 10, 12, 14, 17, 21, 24, 25, 27, 28, 29, 30, 32, 33, 34, 38, 
  39, 40, 46, 54, 55, 56, 57, 62 ],
[ 1, 3, 5, 7, 8, 10, 12, 14, 17, 18, 21, 24, 25, 27, 30, 32, 33, 34, 35, 38, 
  40, 41, 46, 49, 50, 56, 62, 63 ],
[ 1, 3, 5, 7, 8, 10, 12, 14, 15, 17, 20, 21, 24, 27, 28, 29, 30, 32, 33, 34, 
  38, 40, 42, 53, 54, 60, 62, 64 ],
[ 1, 3, 5, 7, 8, 10, 12, 14, 15, 17, 19, 20, 21, 22, 24, 27, 28, 30, 33, 34, 
  38, 50, 52, 53, 54, 60, 62, 64 ],
[ 1, 3, 5, 7, 8, 10, 11, 14, 17, 21, 24, 25, 27, 29, 31, 32, 33, 34, 35, 38, 
  39, 40, 46, 49, 51, 56, 57, 63 ],
[ 1, 3, 5, 7, 8, 10, 11, 14, 17, 21, 24, 25, 27, 28, 29, 31, 32, 33, 35, 38, 
  39, 40, 46, 53, 55, 56, 57, 62 ],
[ 1, 3, 5, 7, 8, 10, 11, 14, 17, 20, 22, 24, 27, 28, 29, 31, 33, 35, 36, 37, 
  41, 42, 44, 51, 52, 54, 58, 63 ],
[ 1, 3, 5, 7, 8, 10, 11, 14, 17, 19, 21, 24, 25, 27, 31, 32, 33, 34, 35, 38, 
  39, 41, 46, 49, 50, 56, 62, 63 ],
[ 1, 3, 5, 7, 8, 10, 11, 14, 17, 19, 21, 24, 25, 27, 28, 29, 31, 32, 33, 38, 
  39, 41, 46, 53, 54, 56, 62, 63 ],
[ 1, 3, 5, 7, 8, 10, 11, 14, 17, 19, 20, 21, 22, 24, 27, 28, 29, 31, 33, 34, 
  36, 51, 52, 53, 54, 56, 60, 64 ],
[ 1, 3, 5, 7, 8, 10, 11, 14, 17, 18, 19, 21, 24, 25, 27, 31, 32, 33, 35, 38, 
  46, 49, 50, 53, 55, 56, 57, 62 ],
[ 1, 3, 5, 7, 8, 10, 11, 14, 17, 18, 19, 21, 24, 25, 27, 29, 31, 32, 33, 38, 
  46, 49, 51, 53, 54, 56, 57, 63 ],
[ 1, 3, 5, 7, 8, 10, 11, 14, 15, 17, 19, 20, 21, 22, 24, 27, 31, 32, 33, 34, 
  35, 49, 50, 53, 56, 60, 62, 64 ],
[ 1, 3, 5, 7, 8, 10, 11, 14, 15, 16, 17, 20, 22, 24, 27, 31, 33, 35, 41, 42, 
  44, 49, 50, 51, 52, 54, 58, 63 ],
[ 1, 3, 5, 7, 8, 10, 11, 12, 14, 17, 19, 20, 21, 22, 24, 27, 28, 32, 33, 34, 
  36, 50, 53, 54, 56, 60, 62, 64 ],
[ 1, 3, 5, 7, 8, 10, 11, 12, 14, 15, 17, 20, 22, 24, 27, 33, 35, 37, 41, 42, 
  44, 49, 50, 52, 54, 55, 58, 62 ],
[ 1, 3, 5, 7, 8, 10, 11, 12, 14, 15, 17, 20, 21, 24, 27, 32, 33, 34, 35, 40, 
  42, 49, 50, 51, 53, 56, 60, 64 ],
[ 1, 3, 5, 7, 8, 10, 11, 12, 14, 15, 17, 20, 21, 24, 27, 29, 33, 34, 38, 40, 
  42, 49, 51, 52, 53, 54, 60, 64 ],
[ 1, 3, 5, 6, 10, 13, 14, 16, 17, 20, 21, 24, 25, 27, 28, 29, 30, 31, 32, 33, 
  37, 39, 42, 45, 51, 55, 63, 64 ],
[ 1, 3, 5, 6, 10, 12, 13, 14, 16, 17, 20, 21, 24, 25, 27, 28, 29, 30, 33, 37, 
  39, 42, 51, 52, 55, 59, 60, 63 ],
[ 1, 3, 5, 6, 10, 12, 13, 14, 16, 17, 18, 20, 21, 22, 24, 27, 28, 30, 33, 37, 
  45, 46, 50, 52, 55, 60, 62, 63 ],
[ 1, 3, 5, 6, 10, 12, 13, 14, 16, 17, 18, 20, 21, 22, 24, 27, 28, 29, 30, 33, 
  37, 46, 51, 52, 55, 59, 63, 64 ],
[ 1, 3, 5, 6, 10, 11, 13, 14, 16, 17, 20, 21, 24, 27, 28, 29, 31, 32, 33, 37, 
  39, 42, 45, 46, 55, 60, 62, 63 ],
[ 1, 3, 5, 6, 10, 11, 12, 13, 14, 16, 17, 20, 21, 24, 27, 28, 33, 37, 39, 42, 
  45, 46, 50, 51, 52, 55, 60, 63 ],
[ 1, 3, 5, 6, 8, 10, 14, 17, 19, 20, 24, 26, 27, 28, 30, 31, 33, 34, 35, 38, 
  39, 41, 47, 50, 51, 52, 56, 63 ],
[ 1, 3, 5, 6, 8, 10, 14, 17, 19, 20, 24, 26, 27, 28, 29, 30, 31, 33, 34, 38, 
  39, 41, 47, 52, 54, 55, 56, 62 ],
[ 1, 3, 5, 6, 8, 10, 14, 17, 18, 20, 24, 26, 27, 29, 30, 31, 33, 34, 35, 38, 
  40, 41, 47, 49, 51, 52, 56, 63 ],
[ 1, 3, 5, 6, 8, 10, 14, 17, 18, 20, 24, 26, 27, 28, 29, 30, 31, 33, 35, 38, 
  40, 41, 47, 52, 53, 55, 56, 62 ],
[ 1, 3, 5, 6, 8, 10, 14, 17, 18, 19, 20, 24, 26, 27, 29, 30, 31, 33, 34, 38, 
  47, 49, 51, 52, 54, 55, 56, 57 ],
[ 1, 3, 5, 6, 8, 10, 14, 17, 18, 19, 20, 24, 26, 27, 28, 30, 31, 33, 35, 38, 
  47, 50, 51, 52, 53, 55, 56, 57 ],
[ 1, 3, 5, 6, 8, 10, 14, 16, 17, 20, 21, 24, 27, 28, 29, 30, 31, 32, 33, 34, 
  35, 39, 42, 51, 54, 56, 60, 64 ],
[ 1, 3, 5, 6, 8, 10, 14, 16, 17, 19, 20, 24, 27, 28, 30, 31, 33, 34, 35, 37, 
  39, 41, 48, 50, 51, 52, 61, 63 ],
[ 1, 3, 5, 6, 8, 10, 14, 16, 17, 19, 20, 24, 27, 28, 29, 30, 31, 33, 34, 37, 
  39, 41, 48, 52, 54, 55, 61, 62 ],
[ 1, 3, 5, 6, 8, 10, 14, 16, 17, 18, 20, 24, 27, 29, 30, 31, 33, 34, 35, 37, 
  40, 41, 48, 49, 51, 52, 61, 63 ],
[ 1, 3, 5, 6, 8, 10, 14, 16, 17, 18, 20, 21, 22, 24, 27, 29, 30, 31, 33, 34, 
  35, 49, 51, 52, 54, 56, 60, 64 ],
[ 1, 3, 5, 6, 8, 10, 14, 16, 17, 18, 19, 20, 24, 27, 29, 30, 31, 33, 34, 37, 
  48, 49, 51, 52, 54, 55, 57, 61 ],
[ 1, 3, 5, 6, 8, 10, 14, 16, 17, 18, 19, 20, 24, 27, 28, 30, 31, 33, 35, 37, 
  48, 50, 51, 52, 53, 55, 57, 61 ],
[ 1, 3, 5, 6, 8, 10, 12, 14, 17, 20, 24, 26, 27, 28, 30, 32, 33, 34, 35, 38, 
  39, 40, 47, 50, 51, 56, 57, 63 ],
[ 1, 3, 5, 6, 8, 10, 12, 14, 17, 20, 24, 26, 27, 28, 29, 30, 32, 33, 34, 38, 
  39, 40, 47, 54, 55, 56, 57, 62 ],
[ 1, 3, 5, 6, 8, 10, 12, 14, 17, 18, 20, 24, 26, 27, 30, 32, 33, 34, 35, 38, 
  40, 41, 47, 49, 50, 56, 62, 63 ],
[ 1, 3, 5, 6, 8, 10, 12, 14, 17, 18, 20, 24, 26, 27, 28, 29, 30, 32, 33, 38, 
  40, 41, 47, 53, 54, 56, 62, 63 ],
[ 1, 3, 5, 6, 8, 10, 12, 14, 17, 18, 20, 21, 22, 24, 27, 28, 29, 30, 33, 35, 
  37, 51, 52, 53, 54, 56, 60, 64 ],
[ 1, 3, 5, 6, 8, 10, 12, 14, 17, 18, 19, 20, 24, 26, 27, 30, 32, 33, 34, 38, 
  47, 49, 50, 54, 55, 56, 57, 62 ],
[ 1, 3, 5, 6, 8, 10, 12, 14, 17, 18, 19, 20, 24, 26, 27, 28, 30, 32, 33, 38, 
  47, 50, 51, 53, 54, 56, 57, 63 ],
[ 1, 3, 5, 6, 8, 10, 12, 14, 16, 17, 20, 24, 27, 28, 30, 32, 33, 34, 35, 37, 
  39, 40, 48, 50, 51, 57, 61, 63 ],
[ 1, 3, 5, 6, 8, 10, 12, 14, 16, 17, 20, 24, 27, 28, 29, 30, 32, 33, 34, 37, 
  39, 40, 48, 54, 55, 57, 61, 62 ],
[ 1, 3, 5, 6, 8, 10, 12, 14, 16, 17, 18, 20, 24, 27, 30, 32, 33, 34, 35, 37, 
  40, 41, 48, 49, 50, 61, 62, 63 ],
[ 1, 3, 5, 6, 8, 10, 12, 14, 16, 17, 18, 20, 24, 27, 28, 29, 30, 32, 33, 37, 
  40, 41, 48, 53, 54, 61, 62, 63 ],
[ 1, 3, 5, 6, 8, 10, 12, 14, 16, 17, 18, 20, 21, 22, 24, 27, 30, 32, 33, 34, 
  35, 49, 50, 54, 56, 60, 62, 64 ],
[ 1, 3, 5, 6, 8, 10, 12, 14, 16, 17, 18, 20, 21, 22, 24, 27, 28, 30, 33, 35, 
  38, 50, 52, 53, 54, 60, 62, 64 ],
[ 1, 3, 5, 6, 8, 10, 11, 14, 17, 20, 24, 26, 27, 29, 31, 32, 33, 34, 35, 38, 
  39, 40, 47, 49, 51, 56, 57, 63 ],
[ 1, 3, 5, 6, 8, 10, 11, 14, 17, 20, 24, 26, 27, 28, 29, 31, 32, 33, 35, 38, 
  39, 40, 47, 53, 55, 56, 57, 62 ],
[ 1, 3, 5, 6, 8, 10, 11, 14, 17, 19, 20, 24, 26, 27, 31, 32, 33, 34, 35, 38, 
  39, 41, 47, 49, 50, 56, 62, 63 ],
[ 1, 3, 5, 6, 8, 10, 11, 14, 17, 19, 20, 24, 26, 27, 28, 29, 31, 32, 33, 38, 
  39, 41, 47, 53, 54, 56, 62, 63 ],
[ 1, 3, 5, 6, 8, 10, 11, 14, 17, 18, 19, 20, 24, 26, 27, 31, 32, 33, 35, 38, 
  47, 49, 50, 53, 55, 56, 57, 62 ],
[ 1, 3, 5, 6, 8, 10, 11, 14, 17, 18, 19, 20, 24, 26, 27, 29, 31, 32, 33, 38, 
  47, 49, 51, 53, 54, 56, 57, 63 ],
[ 1, 3, 5, 6, 8, 10, 11, 14, 16, 17, 20, 24, 27, 29, 31, 32, 33, 34, 35, 37, 
  39, 40, 48, 49, 51, 57, 61, 63 ],
[ 1, 3, 5, 6, 8, 10, 11, 14, 16, 17, 20, 24, 27, 28, 29, 31, 32, 33, 35, 37, 
  39, 40, 48, 53, 55, 57, 61, 62 ],
[ 1, 3, 5, 6, 8, 10, 11, 14, 16, 17, 20, 21, 24, 27, 28, 29, 31, 32, 33, 35, 
  38, 39, 42, 53, 54, 60, 62, 64 ],
[ 1, 3, 5, 6, 8, 10, 11, 14, 16, 17, 19, 20, 24, 27, 31, 32, 33, 34, 35, 37, 
  39, 41, 48, 49, 50, 61, 62, 63 ],
[ 1, 3, 5, 6, 8, 10, 11, 14, 16, 17, 19, 20, 24, 27, 28, 29, 31, 32, 33, 37, 
  39, 41, 48, 53, 54, 61, 62, 63 ],
[ 1, 3, 5, 6, 8, 10, 11, 14, 16, 17, 18, 20, 21, 22, 24, 27, 29, 31, 33, 35, 
  38, 49, 52, 53, 54, 60, 62, 64 ],
[ 1, 3, 5, 6, 8, 10, 11, 14, 16, 17, 18, 19, 20, 24, 27, 31, 32, 33, 35, 37, 
  48, 49, 50, 53, 55, 57, 61, 62 ],
[ 1, 3, 5, 6, 8, 10, 11, 14, 16, 17, 18, 19, 20, 24, 27, 29, 31, 32, 33, 37, 
  48, 49, 51, 53, 54, 57, 61, 63 ],
[ 1, 3, 5, 6, 8, 10, 11, 12, 14, 17, 20, 24, 26, 27, 29, 33, 34, 38, 39, 40, 
  47, 49, 51, 52, 54, 55, 56, 57 ],
[ 1, 3, 5, 6, 8, 10, 11, 12, 14, 17, 20, 24, 26, 27, 28, 33, 35, 38, 39, 40, 
  47, 50, 51, 52, 53, 55, 56, 57 ],
[ 1, 3, 5, 6, 8, 10, 11, 12, 14, 17, 19, 20, 24, 26, 27, 33, 34, 38, 39, 41, 
  47, 49, 50, 52, 54, 55, 56, 62 ],
[ 1, 3, 5, 6, 8, 10, 11, 12, 14, 17, 19, 20, 24, 26, 27, 28, 33, 38, 39, 41, 
  47, 50, 51, 52, 53, 54, 56, 63 ],
[ 1, 3, 5, 6, 8, 10, 11, 12, 14, 17, 18, 20, 24, 26, 27, 33, 35, 38, 40, 41, 
  47, 49, 50, 52, 53, 55, 56, 62 ],
[ 1, 3, 5, 6, 8, 10, 11, 12, 14, 17, 18, 20, 24, 26, 27, 29, 33, 38, 40, 41, 
  47, 49, 51, 52, 53, 54, 56, 63 ],
[ 1, 3, 5, 6, 8, 10, 11, 12, 14, 17, 18, 20, 21, 22, 24, 27, 29, 32, 33, 35, 
  37, 49, 53, 54, 56, 60, 62, 64 ],
[ 1, 3, 5, 6, 8, 10, 11, 12, 14, 16, 17, 20, 24, 27, 29, 33, 34, 37, 39, 40, 
  48, 49, 51, 52, 54, 55, 57, 61 ],
[ 1, 3, 5, 6, 8, 10, 11, 12, 14, 16, 17, 20, 24, 27, 28, 33, 35, 37, 39, 40, 
  48, 50, 51, 52, 53, 55, 57, 61 ],
[ 1, 3, 5, 6, 8, 10, 11, 12, 14, 16, 17, 20, 21, 24, 27, 32, 33, 34, 35, 39, 
  42, 49, 50, 51, 54, 56, 60, 64 ],
[ 1, 3, 5, 6, 8, 10, 11, 12, 14, 16, 17, 20, 21, 24, 27, 28, 33, 35, 38, 39, 
  42, 50, 51, 52, 53, 54, 60, 64 ],
[ 1, 3, 5, 6, 8, 10, 11, 12, 14, 16, 17, 19, 20, 24, 27, 33, 34, 37, 39, 41, 
  48, 49, 50, 52, 54, 55, 61, 62 ],
[ 1, 3, 5, 6, 8, 10, 11, 12, 14, 16, 17, 19, 20, 24, 27, 28, 33, 37, 39, 41, 
  48, 50, 51, 52, 53, 54, 61, 63 ],
[ 1, 3, 5, 6, 8, 10, 11, 12, 14, 16, 17, 18, 20, 24, 27, 29, 33, 37, 40, 41, 
  48, 49, 51, 52, 53, 54, 61, 63 ],
[ 1, 3, 4, 5, 8, 10, 14, 17, 21, 22, 24, 25, 27, 29, 30, 31, 34, 35, 37, 38, 
  40, 41, 46, 49, 51, 52, 53, 63 ],
[ 1, 3, 4, 5, 8, 10, 14, 17, 21, 22, 24, 25, 27, 29, 30, 31, 32, 34, 35, 37, 
  40, 41, 46, 49, 53, 55, 56, 62 ],
[ 1, 3, 4, 5, 8, 10, 14, 17, 19, 21, 22, 24, 25, 27, 29, 30, 31, 34, 37, 38, 
  46, 49, 51, 52, 53, 54, 55, 57 ],
[ 1, 3, 4, 5, 8, 10, 14, 16, 17, 18, 19, 20, 21, 24, 27, 30, 31, 32, 34, 36, 
  48, 49, 50, 51, 54, 55, 61, 63 ],
[ 1, 3, 4, 5, 8, 10, 12, 14, 17, 20, 21, 24, 27, 28, 30, 32, 34, 35, 36, 37, 
  39, 40, 48, 50, 51, 55, 61, 63 ],
[ 1, 3, 4, 5, 8, 10, 12, 14, 17, 18, 19, 20, 21, 24, 27, 28, 30, 32, 36, 37, 
  48, 50, 51, 53, 54, 55, 61, 63 ],
[ 1, 3, 4, 5, 8, 10, 12, 14, 16, 17, 18, 19, 20, 21, 24, 27, 29, 30, 34, 36, 
  48, 49, 52, 54, 55, 61, 62, 63 ],
[ 1, 3, 4, 5, 8, 10, 11, 14, 17, 21, 24, 25, 27, 28, 29, 31, 32, 34, 35, 37, 
  40, 42, 46, 53, 55, 56, 57, 62 ],
[ 1, 3, 4, 5, 8, 10, 11, 14, 17, 19, 21, 24, 25, 27, 28, 31, 34, 35, 37, 38, 
  41, 42, 46, 50, 52, 53, 62, 63 ],
[ 1, 3, 4, 5, 8, 10, 11, 14, 17, 19, 21, 24, 25, 27, 28, 29, 31, 32, 34, 37, 
  41, 42, 46, 53, 54, 56, 62, 63 ],
[ 1, 3, 4, 5, 7, 10, 12, 14, 17, 18, 21, 24, 27, 28, 30, 32, 33, 34, 35, 38, 
  39, 46, 47, 50, 51, 56, 61, 63 ],
[ 1, 3, 4, 5, 7, 10, 12, 14, 17, 18, 21, 24, 27, 28, 29, 30, 32, 33, 34, 38, 
  39, 46, 47, 54, 55, 56, 61, 62 ],
[ 1, 3, 4, 5, 7, 10, 12, 14, 17, 18, 21, 24, 25, 27, 28, 29, 30, 32, 33, 38, 
  39, 47, 48, 53, 54, 56, 62, 63 ],
[ 1, 3, 4, 5, 7, 10, 12, 14, 17, 18, 21, 24, 25, 26, 27, 28, 30, 32, 33, 38, 
  39, 50, 51, 53, 54, 56, 61, 63 ],
[ 1, 3, 4, 5, 7, 10, 12, 14, 15, 17, 21, 24, 27, 28, 30, 32, 33, 34, 35, 36, 
  41, 46, 47, 50, 51, 57, 61, 63 ],
[ 1, 3, 4, 5, 7, 10, 12, 14, 15, 17, 21, 24, 27, 28, 29, 30, 32, 33, 34, 36, 
  41, 46, 47, 54, 55, 57, 61, 62 ],
[ 1, 3, 4, 5, 7, 10, 12, 14, 15, 17, 21, 24, 25, 27, 28, 29, 30, 32, 33, 36, 
  41, 47, 48, 53, 54, 57, 62, 63 ],
[ 1, 3, 4, 5, 7, 10, 12, 14, 15, 17, 21, 24, 25, 26, 27, 28, 30, 32, 33, 36, 
  41, 50, 51, 53, 54, 57, 61, 63 ],
[ 1, 3, 4, 5, 7, 10, 11, 14, 17, 18, 21, 24, 27, 29, 31, 32, 33, 34, 35, 38, 
  39, 46, 47, 49, 51, 56, 61, 63 ],
[ 1, 3, 4, 5, 7, 10, 11, 14, 17, 18, 21, 24, 27, 28, 29, 31, 32, 33, 35, 38, 
  39, 46, 47, 53, 55, 56, 61, 62 ],
[ 1, 3, 4, 5, 7, 10, 11, 14, 17, 18, 21, 24, 26, 27, 28, 29, 31, 32, 33, 38, 
  39, 46, 48, 53, 54, 56, 62, 63 ],
[ 1, 3, 4, 5, 7, 10, 11, 14, 17, 18, 21, 24, 25, 26, 27, 29, 31, 32, 33, 38, 
  39, 49, 51, 53, 54, 56, 61, 63 ],
[ 1, 3, 4, 5, 7, 10, 11, 14, 15, 17, 21, 24, 27, 29, 31, 32, 33, 34, 35, 36, 
  41, 46, 47, 49, 51, 57, 61, 63 ],
[ 1, 3, 4, 5, 7, 10, 11, 14, 15, 17, 21, 24, 27, 28, 29, 31, 32, 33, 35, 36, 
  41, 46, 47, 53, 55, 57, 61, 62 ],
[ 1, 3, 4, 5, 7, 10, 11, 14, 15, 17, 21, 24, 26, 27, 28, 29, 31, 32, 33, 36, 
  41, 46, 48, 53, 54, 57, 62, 63 ],
[ 1, 3, 4, 5, 7, 10, 11, 14, 15, 17, 21, 24, 25, 26, 27, 29, 31, 32, 33, 36, 
  41, 49, 51, 53, 54, 57, 61, 63 ],
[ 1, 3, 4, 5, 7, 10, 11, 12, 14, 17, 18, 21, 24, 27, 29, 33, 34, 38, 39, 46, 
  47, 49, 51, 52, 54, 55, 56, 61 ],
[ 1, 3, 4, 5, 7, 10, 11, 12, 14, 17, 18, 21, 24, 27, 28, 33, 35, 38, 39, 46, 
  47, 50, 51, 52, 53, 55, 56, 61 ],
[ 1, 3, 4, 5, 7, 10, 11, 12, 14, 17, 18, 21, 24, 26, 27, 28, 33, 38, 39, 46, 
  48, 50, 51, 52, 53, 54, 56, 63 ],
[ 1, 3, 4, 5, 7, 10, 11, 12, 14, 17, 18, 21, 24, 25, 27, 29, 33, 38, 39, 47, 
  48, 49, 51, 52, 53, 54, 56, 63 ],
[ 1, 3, 4, 5, 7, 10, 11, 12, 14, 15, 17, 21, 24, 27, 28, 33, 35, 36, 41, 46, 
  47, 50, 51, 52, 53, 55, 57, 61 ],
[ 1, 3, 4, 5, 7, 10, 11, 12, 14, 15, 17, 21, 24, 26, 27, 28, 33, 36, 41, 46, 
  48, 50, 51, 52, 53, 54, 57, 63 ],
[ 1, 3, 4, 5, 7, 10, 11, 12, 14, 15, 17, 21, 24, 25, 27, 29, 33, 36, 41, 47, 
  48, 49, 51, 52, 53, 54, 57, 63 ],
[ 1, 3, 4, 5, 7, 8, 10, 14, 17, 18, 20, 24, 27, 28, 29, 30, 31, 32, 36, 37, 
  40, 48, 51, 53, 54, 55, 61, 63 ],
[ 1, 3, 4, 5, 7, 8, 10, 14, 16, 17, 19, 20, 24, 27, 28, 29, 30, 31, 34, 36, 
  39, 48, 52, 54, 55, 61, 62, 63 ],
[ 1, 3, 4, 5, 7, 8, 10, 14, 16, 17, 18, 20, 24, 27, 28, 29, 30, 31, 35, 36, 
  40, 48, 52, 53, 55, 61, 62, 63 ],
[ 1, 3, 4, 5, 7, 8, 10, 12, 14, 17, 19, 20, 24, 27, 28, 30, 34, 35, 36, 37, 
  39, 48, 50, 52, 55, 61, 62, 63 ],
[ 1, 3, 4, 5, 6, 10, 14, 16, 17, 20, 21, 24, 25, 27, 28, 30, 31, 32, 35, 37, 
  41, 42, 43, 45, 55, 57, 58, 64 ],
[ 1, 3, 4, 5, 6, 10, 14, 16, 17, 20, 21, 23, 24, 25, 27, 28, 30, 31, 32, 37, 
  41, 42, 44, 45, 54, 57, 63, 64 ],
[ 1, 3, 4, 5, 6, 10, 12, 14, 16, 17, 20, 24, 27, 28, 30, 32, 33, 34, 35, 37, 
  41, 46, 47, 50, 51, 57, 61, 63 ],
[ 1, 3, 4, 5, 6, 10, 12, 14, 16, 17, 20, 24, 27, 28, 29, 30, 32, 33, 34, 37, 
  41, 46, 47, 54, 55, 57, 61, 62 ],
[ 1, 3, 4, 5, 6, 10, 12, 14, 16, 17, 20, 24, 25, 27, 28, 29, 30, 32, 33, 37, 
  41, 47, 48, 53, 54, 57, 62, 63 ],
[ 1, 3, 4, 5, 6, 10, 12, 14, 16, 17, 20, 24, 25, 26, 27, 28, 30, 32, 33, 37, 
  41, 50, 51, 53, 54, 57, 61, 63 ],
[ 1, 3, 4, 5, 6, 10, 11, 14, 16, 17, 20, 24, 27, 29, 31, 32, 33, 34, 35, 37, 
  41, 46, 47, 49, 51, 57, 61, 63 ],
[ 1, 3, 4, 5, 6, 10, 11, 14, 16, 17, 20, 24, 27, 28, 29, 31, 32, 33, 35, 37, 
  41, 46, 47, 53, 55, 57, 61, 62 ],
[ 1, 3, 4, 5, 6, 10, 11, 14, 16, 17, 20, 24, 26, 27, 28, 29, 31, 32, 33, 37, 
  41, 46, 48, 53, 54, 57, 62, 63 ],
[ 1, 3, 4, 5, 6, 10, 11, 14, 16, 17, 20, 24, 25, 26, 27, 29, 31, 32, 33, 37, 
  41, 49, 51, 53, 54, 57, 61, 63 ],
[ 1, 3, 4, 5, 6, 10, 11, 14, 16, 17, 20, 21, 24, 27, 31, 32, 35, 37, 41, 42, 
  43, 44, 45, 46, 49, 55, 57, 64 ],
[ 1, 3, 4, 5, 6, 10, 11, 14, 16, 17, 20, 21, 23, 24, 27, 31, 32, 35, 37, 41, 
  42, 46, 49, 55, 57, 58, 59, 60 ],
[ 1, 3, 4, 5, 6, 10, 11, 12, 14, 16, 17, 20, 24, 27, 28, 33, 35, 37, 41, 46, 
  47, 50, 51, 52, 53, 55, 57, 61 ],
[ 1, 3, 4, 5, 6, 10, 11, 12, 14, 16, 17, 20, 24, 26, 27, 28, 33, 37, 41, 46, 
  48, 50, 51, 52, 53, 54, 57, 63 ],
[ 1, 3, 4, 5, 6, 10, 11, 12, 14, 16, 17, 20, 24, 25, 27, 29, 33, 37, 41, 47, 
  48, 49, 51, 52, 53, 54, 57, 63 ],
[ 1, 3, 4, 5, 6, 10, 11, 12, 14, 16, 17, 20, 21, 24, 27, 35, 37, 41, 42, 43, 
  44, 46, 49, 52, 55, 57, 59, 60 ],
[ 1, 3, 4, 5, 6, 10, 11, 12, 14, 16, 17, 20, 21, 23, 24, 27, 35, 37, 41, 42, 
  45, 46, 49, 52, 55, 57, 58, 64 ],
[ 1, 3, 4, 5, 6, 7, 10, 14, 17, 20, 21, 23, 24, 25, 27, 28, 30, 31, 32, 37, 
  40, 44, 45, 55, 56, 57, 63, 64 ],
[ 1, 3, 4, 5, 6, 7, 10, 14, 17, 19, 20, 21, 24, 25, 27, 28, 30, 31, 32, 37, 
  41, 43, 45, 55, 56, 58, 63, 64 ],
[ 1, 3, 4, 5, 6, 7, 10, 12, 14, 17, 20, 21, 24, 27, 28, 30, 32, 34, 35, 36, 
  37, 43, 50, 51, 55, 61, 63, 64 ],
[ 1, 3, 4, 5, 6, 7, 10, 12, 14, 17, 20, 21, 24, 27, 28, 29, 30, 32, 33, 36, 
  44, 47, 54, 55, 56, 60, 62, 63 ],
[ 1, 3, 4, 5, 6, 7, 10, 12, 14, 17, 20, 21, 23, 24, 27, 28, 30, 32, 36, 37, 
  50, 51, 53, 54, 55, 60, 61, 63 ],
[ 1, 3, 4, 5, 6, 7, 10, 12, 14, 15, 17, 20, 21, 24, 27, 28, 29, 30, 32, 33, 
  38, 47, 54, 55, 58, 62, 63, 64 ],
[ 1, 3, 4, 5, 6, 7, 10, 11, 14, 17, 20, 21, 24, 27, 28, 29, 31, 32, 33, 37, 
  45, 46, 53, 55, 56, 60, 62, 63 ],
[ 1, 3, 4, 5, 6, 7, 10, 11, 14, 17, 20, 21, 23, 24, 25, 27, 28, 31, 37, 40, 
  45, 52, 55, 56, 57, 58, 60, 63 ],
[ 1, 3, 4, 5, 6, 7, 10, 11, 14, 17, 19, 20, 21, 24, 27, 31, 32, 37, 41, 43, 
  44, 45, 46, 49, 55, 56, 63, 64 ],
[ 1, 3, 4, 5, 6, 7, 10, 11, 14, 17, 19, 20, 21, 23, 24, 27, 31, 32, 37, 41, 
  46, 49, 55, 56, 58, 59, 60, 63 ],
[ 1, 3, 4, 5, 6, 7, 10, 11, 14, 17, 19, 20, 21, 23, 24, 25, 27, 28, 31, 37, 
  41, 52, 55, 56, 58, 59, 63, 64 ],
[ 1, 3, 4, 5, 6, 7, 10, 11, 14, 16, 17, 20, 21, 24, 27, 28, 29, 31, 32, 33, 
  38, 46, 53, 55, 59, 62, 63, 64 ],
[ 1, 3, 4, 5, 6, 7, 10, 11, 12, 14, 17, 19, 20, 21, 24, 27, 37, 41, 43, 44, 
  46, 49, 52, 55, 56, 59, 60, 63 ],
[ 1, 3, 4, 5, 6, 7, 10, 11, 12, 14, 17, 19, 20, 21, 23, 24, 27, 37, 41, 45, 
  46, 49, 52, 55, 56, 58, 63, 64 ],
[ 1, 2, 5, 10, 12, 13, 14, 17, 19, 22, 24, 25, 26, 27, 28, 31, 33, 34, 36, 
  37, 39, 41, 42, 50, 51, 53, 56, 61 ],
[ 1, 2, 5, 10, 12, 13, 14, 17, 18, 19, 22, 24, 26, 27, 28, 31, 33, 34, 36, 
  37, 42, 46, 48, 50, 51, 53, 56, 57 ],
[ 1, 2, 5, 10, 12, 13, 14, 16, 17, 22, 24, 25, 26, 27, 28, 31, 33, 34, 36, 
  38, 39, 40, 42, 50, 51, 53, 57, 61 ],
[ 1, 2, 5, 10, 12, 13, 14, 16, 17, 18, 19, 22, 24, 27, 28, 31, 33, 34, 36, 
  38, 42, 46, 47, 50, 51, 53, 57, 61 ],
[ 1, 2, 5, 10, 12, 13, 14, 15, 16, 17, 22, 24, 26, 27, 28, 31, 33, 34, 39, 
  40, 42, 46, 48, 50, 51, 53, 56, 57 ],
[ 1, 2, 5, 10, 12, 13, 14, 15, 16, 17, 19, 22, 24, 27, 28, 31, 33, 34, 39, 
  41, 42, 46, 47, 50, 51, 53, 56, 61 ],
[ 1, 2, 5, 9, 10, 12, 13, 14, 16, 17, 18, 19, 22, 24, 29, 31, 33, 34, 36, 38, 
  42, 46, 47, 49, 53, 57, 61, 62 ],
[ 1, 2, 5, 8, 10, 12, 14, 17, 19, 22, 24, 25, 27, 28, 31, 33, 34, 35, 36, 37, 
  39, 41, 42, 46, 50, 51, 56, 63 ],
[ 1, 2, 5, 8, 10, 12, 14, 17, 18, 19, 22, 24, 25, 27, 28, 31, 33, 35, 36, 37, 
  42, 46, 50, 51, 53, 55, 56, 57 ],
[ 1, 2, 5, 8, 10, 12, 14, 15, 16, 17, 22, 24, 25, 27, 28, 31, 33, 35, 39, 40, 
  42, 46, 50, 51, 53, 55, 56, 57 ],
[ 1, 2, 5, 8, 10, 12, 14, 15, 16, 17, 19, 22, 24, 25, 27, 28, 31, 33, 39, 41, 
  42, 46, 50, 51, 53, 54, 56, 63 ],
[ 1, 2, 5, 8, 10, 11, 14, 17, 18, 22, 24, 26, 27, 29, 30, 33, 34, 35, 36, 37, 
  40, 41, 42, 47, 49, 51, 56, 63 ],
[ 1, 2, 5, 8, 10, 11, 14, 17, 18, 19, 22, 24, 26, 27, 29, 30, 33, 34, 36, 37, 
  42, 47, 49, 51, 54, 55, 56, 57 ],
[ 1, 2, 5, 8, 10, 11, 14, 15, 16, 17, 22, 24, 26, 27, 29, 30, 33, 34, 39, 40, 
  42, 47, 49, 51, 54, 55, 56, 57 ],
[ 1, 2, 5, 8, 10, 11, 14, 15, 16, 17, 18, 22, 24, 26, 27, 29, 30, 33, 40, 41, 
  42, 47, 49, 51, 53, 54, 56, 63 ],
[ 1, 2, 5, 7, 10, 11, 13, 14, 17, 18, 21, 24, 25, 26, 27, 29, 30, 33, 36, 37, 
  40, 41, 49, 51, 55, 56, 61, 63 ],
[ 1, 2, 5, 7, 10, 11, 13, 14, 15, 16, 17, 18, 21, 24, 27, 29, 30, 33, 40, 41, 
  46, 47, 49, 51, 55, 56, 61, 63 ],
[ 1, 2, 5, 7, 9, 10, 11, 13, 14, 15, 16, 17, 18, 21, 24, 28, 30, 33, 40, 41, 
  46, 47, 50, 55, 56, 61, 62, 63 ],
[ 1, 2, 5, 7, 8, 10, 14, 17, 18, 21, 24, 25, 27, 28, 29, 32, 33, 35, 36, 37, 
  40, 41, 46, 52, 53, 55, 56, 62 ],
[ 1, 2, 5, 7, 8, 10, 14, 16, 17, 18, 21, 24, 25, 27, 28, 29, 32, 33, 36, 38, 
  40, 41, 46, 52, 53, 54, 62, 63 ],
[ 1, 2, 5, 7, 8, 10, 11, 14, 17, 18, 21, 24, 27, 29, 30, 33, 34, 35, 36, 37, 
  40, 41, 48, 49, 51, 56, 61, 63 ],
[ 1, 2, 5, 6, 10, 12, 13, 14, 17, 19, 20, 24, 25, 26, 27, 28, 31, 33, 36, 37, 
  39, 41, 50, 51, 55, 56, 61, 63 ],
[ 1, 2, 5, 6, 10, 12, 13, 14, 16, 17, 20, 24, 25, 26, 27, 28, 31, 33, 36, 38, 
  39, 40, 50, 51, 55, 57, 61, 63 ],
[ 1, 2, 5, 6, 10, 12, 13, 14, 15, 16, 17, 19, 20, 24, 27, 28, 31, 33, 39, 41, 
  46, 47, 50, 51, 55, 56, 61, 63 ],
[ 1, 2, 5, 6, 9, 10, 12, 13, 14, 15, 16, 17, 19, 20, 24, 29, 31, 33, 39, 41, 
  46, 47, 49, 55, 56, 61, 62, 63 ],
[ 1, 2, 5, 6, 8, 10, 14, 17, 19, 20, 24, 26, 27, 28, 29, 32, 33, 34, 36, 37, 
  39, 41, 47, 52, 54, 55, 56, 62 ],
[ 1, 2, 5, 6, 8, 10, 14, 17, 18, 20, 24, 26, 27, 28, 29, 32, 33, 35, 36, 37, 
  40, 41, 47, 52, 53, 55, 56, 62 ],
[ 1, 2, 5, 6, 8, 10, 14, 16, 17, 20, 24, 26, 27, 28, 29, 32, 33, 34, 36, 38, 
  39, 40, 47, 52, 54, 55, 57, 62 ],
[ 1, 2, 5, 6, 8, 10, 12, 14, 17, 19, 20, 24, 27, 28, 31, 33, 34, 35, 36, 37, 
  39, 41, 48, 50, 51, 56, 61, 63 ],
[ 1, 2, 4, 5, 7, 10, 14, 17, 20, 21, 22, 23, 24, 28, 31, 33, 34, 36, 37, 38, 
  39, 40, 45, 48, 49, 52, 60, 64 ],
[ 1, 2, 4, 5, 7, 10, 14, 17, 18, 20, 21, 24, 26, 27, 32, 33, 34, 36, 37, 38, 
  40, 42, 44, 45, 49, 52, 60, 64 ],
[ 1, 2, 4, 5, 7, 10, 14, 16, 17, 18, 19, 20, 21, 22, 24, 27, 32, 33, 34, 36, 
  44, 47, 49, 52, 56, 59, 60, 64 ],
[ 1, 2, 4, 5, 7, 10, 14, 15, 17, 20, 21, 22, 23, 24, 28, 30, 31, 35, 37, 38, 
  39, 40, 43, 46, 55, 60, 62, 64 ],
[ 1, 2, 4, 5, 7, 10, 14, 15, 17, 18, 21, 24, 27, 28, 29, 32, 33, 35, 37, 38, 
  39, 46, 47, 52, 53, 55, 61, 62 ],
[ 1, 2, 4, 5, 7, 10, 14, 15, 17, 18, 19, 20, 21, 22, 24, 28, 31, 33, 37, 38, 
  43, 45, 49, 52, 53, 60, 61, 64 ],
[ 1, 2, 4, 5, 7, 10, 14, 15, 16, 17, 19, 20, 21, 23, 24, 28, 31, 33, 39, 42, 
  45, 48, 49, 52, 53, 56, 60, 64 ],
[ 1, 2, 4, 5, 7, 10, 14, 15, 16, 17, 19, 20, 21, 23, 24, 28, 30, 31, 35, 38, 
  39, 42, 43, 46, 60, 62, 63, 64 ],
[ 1, 2, 4, 5, 7, 10, 14, 15, 16, 17, 18, 20, 21, 23, 24, 28, 31, 33, 34, 38, 
  40, 42, 49, 52, 59, 60, 61, 64 ],
[ 1, 2, 4, 5, 7, 10, 14, 15, 16, 17, 18, 19, 20, 21, 22, 23, 24, 28, 31, 33, 
  34, 38, 45, 48, 49, 52, 60, 64 ],
[ 1, 2, 4, 5, 7, 10, 13, 14, 16, 17, 18, 20, 21, 24, 26, 27, 32, 36, 40, 42, 
  44, 45, 49, 52, 53, 56, 60, 64 ],
[ 1, 2, 4, 5, 7, 10, 13, 14, 15, 17, 20, 21, 22, 24, 26, 27, 32, 34, 37, 38, 
  39, 40, 49, 52, 58, 59, 60, 64 ],
[ 1, 2, 4, 5, 7, 10, 13, 14, 15, 17, 18, 19, 20, 21, 22, 24, 26, 27, 32, 34, 
  37, 38, 44, 45, 49, 52, 60, 64 ],
[ 1, 2, 4, 5, 7, 10, 13, 14, 15, 16, 17, 19, 20, 21, 24, 27, 32, 34, 39, 42, 
  45, 47, 49, 52, 56, 58, 60, 64 ],
[ 1, 2, 4, 5, 7, 10, 13, 14, 15, 16, 17, 18, 20, 21, 24, 27, 32, 34, 40, 42, 
  44, 47, 49, 52, 56, 59, 60, 64 ],
[ 1, 2, 4, 5, 7, 10, 12, 14, 16, 17, 19, 20, 21, 23, 24, 28, 32, 33, 34, 36, 
  39, 42, 49, 56, 59, 60, 61, 64 ],
[ 1, 2, 4, 5, 7, 10, 12, 14, 15, 17, 20, 21, 22, 23, 24, 28, 32, 33, 37, 38, 
  39, 40, 49, 53, 59, 60, 61, 64 ],
[ 1, 2, 4, 5, 7, 10, 12, 14, 15, 17, 20, 21, 22, 23, 24, 28, 30, 37, 39, 40, 
  43, 46, 51, 54, 55, 56, 60, 64 ],
[ 1, 2, 4, 5, 7, 10, 12, 14, 15, 17, 18, 20, 21, 23, 24, 28, 32, 33, 34, 37, 
  40, 42, 49, 56, 59, 60, 61, 64 ],
[ 1, 2, 4, 5, 7, 10, 12, 14, 15, 17, 18, 19, 20, 21, 22, 23, 24, 28, 32, 33, 
  34, 37, 45, 48, 49, 56, 60, 64 ],
[ 1, 2, 4, 5, 7, 10, 12, 14, 15, 16, 17, 19, 20, 21, 23, 24, 28, 30, 39, 42, 
  43, 46, 51, 54, 56, 60, 63, 64 ],
[ 1, 2, 4, 5, 7, 10, 12, 14, 15, 16, 17, 18, 20, 21, 24, 28, 32, 33, 40, 42, 
  43, 48, 49, 53, 56, 59, 60, 64 ],
[ 1, 2, 4, 5, 7, 10, 11, 14, 15, 17, 21, 24, 27, 29, 30, 33, 34, 35, 37, 38, 
  41, 46, 47, 49, 51, 57, 61, 63 ],
[ 1, 2, 4, 5, 7, 10, 11, 14, 15, 16, 17, 19, 20, 21, 23, 24, 31, 35, 39, 42, 
  43, 46, 49, 55, 56, 60, 62, 64 ],
[ 1, 2, 4, 5, 7, 10, 11, 12, 14, 15, 17, 20, 21, 22, 23, 24, 37, 38, 39, 40, 
  43, 46, 49, 51, 54, 60, 63, 64 ],
[ 1, 2, 4, 5, 7, 8, 10, 14, 17, 18, 20, 21, 24, 27, 30, 32, 36, 37, 38, 40, 
  42, 44, 45, 54, 55, 58, 60, 62 ],
[ 1, 2, 4, 5, 7, 8, 10, 14, 16, 17, 18, 20, 21, 24, 27, 30, 32, 35, 36, 40, 
  42, 44, 45, 56, 58, 60, 62, 63 ],
[ 1, 2, 4, 5, 7, 8, 10, 14, 15, 17, 20, 21, 22, 24, 27, 30, 37, 39, 40, 44, 
  45, 51, 52, 54, 55, 56, 58, 60 ],
[ 1, 2, 4, 5, 7, 8, 10, 14, 15, 17, 20, 21, 22, 24, 27, 30, 32, 37, 38, 39, 
  40, 44, 45, 54, 58, 60, 62, 63 ],
[ 1, 2, 4, 5, 7, 8, 10, 14, 15, 17, 20, 21, 22, 24, 27, 30, 32, 35, 37, 38, 
  39, 40, 44, 55, 58, 59, 62, 64 ],
[ 1, 2, 4, 5, 6, 10, 14, 15, 17, 19, 20, 21, 24, 27, 32, 35, 37, 38, 40, 42, 
  43, 44, 45, 46, 49, 52, 55, 64 ],
[ 1, 2, 4, 5, 6, 10, 14, 15, 17, 19, 20, 21, 23, 24, 27, 32, 35, 37, 38, 40, 
  42, 46, 49, 52, 55, 58, 59, 60 ],
[ 1, 2, 4, 5, 6, 10, 12, 13, 14, 15, 16, 17, 20, 21, 24, 27, 30, 34, 41, 42, 
  44, 47, 50, 56, 57, 59, 60, 64 ],
[ 1, 2, 4, 5, 6, 10, 11, 13, 14, 15, 16, 17, 20, 21, 24, 27, 31, 34, 41, 42, 
  45, 47, 50, 56, 57, 58, 60, 64 ]
];

