## Group: [64, 176]
## Difference Sets: 379
## Time:  0:07:58.984

return [
[ 1, 6, 7, 9, 11, 13, 14, 15, 18, 19, 20, 21, 22, 25, 26, 28, 30, 32, 34, 37, 
  38, 43, 50, 52, 54, 62, 63, 64 ],
[ 1, 6, 7, 9, 11, 13, 14, 15, 18, 19, 20, 21, 22, 25, 26, 28, 30, 32, 33, 34, 
  37, 38, 43, 50, 52, 53, 62, 64 ],
[ 1, 6, 7, 9, 11, 13, 14, 15, 18, 19, 20, 21, 22, 25, 26, 27, 28, 30, 32, 34, 
  37, 38, 43, 49, 52, 54, 63, 64 ],
[ 1, 6, 7, 9, 11, 13, 14, 15, 18, 19, 20, 21, 22, 25, 26, 27, 28, 30, 32, 33, 
  34, 37, 38, 43, 49, 52, 53, 64 ],
[ 1, 6, 7, 9, 11, 12, 13, 15, 18, 19, 22, 24, 25, 27, 28, 30, 31, 34, 36, 38, 
  39, 40, 47, 48, 49, 54, 56, 63 ],
[ 1, 6, 7, 9, 11, 12, 13, 15, 18, 19, 22, 24, 25, 27, 28, 30, 31, 33, 34, 36, 
  38, 39, 40, 47, 48, 49, 53, 56 ],
[ 1, 6, 7, 9, 11, 12, 13, 15, 16, 18, 22, 24, 25, 27, 28, 30, 31, 34, 36, 37, 
  39, 41, 47, 48, 49, 54, 57, 63 ],
[ 1, 6, 7, 9, 11, 12, 13, 15, 16, 18, 22, 24, 25, 27, 28, 30, 31, 33, 34, 36, 
  37, 39, 41, 47, 48, 49, 53, 57 ],
[ 1, 6, 7, 9, 11, 12, 13, 15, 16, 17, 18, 22, 25, 27, 28, 30, 31, 34, 36, 37, 
  40, 41, 46, 48, 49, 54, 61, 63 ],
[ 1, 6, 7, 9, 11, 12, 13, 15, 16, 17, 18, 22, 25, 27, 28, 30, 31, 33, 34, 36, 
  37, 40, 41, 46, 48, 49, 53, 61 ],
[ 1, 6, 7, 9, 11, 12, 13, 14, 15, 18, 19, 22, 25, 27, 28, 30, 31, 34, 37, 38, 
  39, 40, 46, 48, 49, 54, 61, 63 ],
[ 1, 6, 7, 9, 11, 12, 13, 14, 15, 18, 19, 22, 25, 27, 28, 30, 31, 33, 34, 37, 
  38, 39, 40, 46, 48, 49, 53, 61 ],
[ 1, 6, 7, 9, 11, 12, 13, 14, 15, 16, 18, 22, 24, 25, 27, 28, 30, 31, 34, 39, 
  41, 47, 48, 49, 54, 56, 57, 63 ],
[ 1, 6, 7, 9, 11, 12, 13, 14, 15, 16, 18, 22, 24, 25, 27, 28, 30, 31, 33, 34, 
  39, 41, 47, 48, 49, 53, 56, 57 ],
[ 1, 6, 7, 9, 11, 12, 13, 14, 15, 16, 17, 18, 22, 25, 27, 28, 30, 31, 34, 40, 
  41, 46, 48, 49, 54, 56, 61, 63 ],
[ 1, 6, 7, 9, 11, 12, 13, 14, 15, 16, 17, 18, 22, 25, 27, 28, 30, 31, 33, 34, 
  40, 41, 46, 48, 49, 53, 56, 61 ],
[ 1, 6, 7, 9, 10, 11, 13, 15, 18, 19, 20, 21, 22, 25, 26, 28, 31, 32, 34, 36, 
  38, 43, 50, 54, 56, 62, 63, 64 ],
[ 1, 6, 7, 9, 10, 11, 13, 15, 18, 19, 20, 21, 22, 25, 26, 28, 31, 32, 33, 34, 
  36, 38, 43, 50, 53, 56, 62, 64 ],
[ 1, 6, 7, 9, 10, 11, 13, 15, 18, 19, 20, 21, 22, 25, 26, 27, 28, 31, 32, 34, 
  36, 38, 43, 49, 54, 56, 63, 64 ],
[ 1, 6, 7, 9, 10, 11, 13, 15, 18, 19, 20, 21, 22, 25, 26, 27, 28, 31, 32, 33, 
  34, 36, 38, 43, 49, 53, 56, 64 ],
[ 1, 6, 7, 9, 10, 11, 12, 13, 15, 18, 19, 22, 24, 25, 27, 28, 34, 36, 38, 39, 
  40, 47, 48, 49, 52, 54, 56, 63 ],
[ 1, 6, 7, 9, 10, 11, 12, 13, 15, 18, 19, 22, 24, 25, 27, 28, 33, 34, 36, 38, 
  39, 40, 47, 48, 49, 52, 53, 56 ],
[ 1, 6, 7, 9, 10, 11, 12, 13, 15, 16, 18, 22, 24, 25, 27, 28, 34, 36, 37, 39, 
  41, 47, 48, 49, 52, 54, 57, 63 ],
[ 1, 6, 7, 9, 10, 11, 12, 13, 15, 16, 18, 22, 24, 25, 27, 28, 33, 34, 36, 37, 
  39, 41, 47, 48, 49, 52, 53, 57 ],
[ 1, 6, 7, 9, 10, 11, 12, 13, 15, 16, 17, 18, 22, 25, 27, 28, 34, 36, 37, 40, 
  41, 46, 48, 49, 52, 54, 61, 63 ],
[ 1, 6, 7, 9, 10, 11, 12, 13, 15, 16, 17, 18, 22, 25, 27, 28, 33, 34, 36, 37, 
  40, 41, 46, 48, 49, 52, 53, 61 ],
[ 1, 6, 7, 9, 10, 11, 12, 13, 14, 15, 18, 19, 22, 25, 27, 28, 34, 37, 38, 39, 
  40, 46, 48, 49, 52, 54, 61, 63 ],
[ 1, 6, 7, 9, 10, 11, 12, 13, 14, 15, 18, 19, 22, 25, 27, 28, 33, 34, 37, 38, 
  39, 40, 46, 48, 49, 52, 53, 61 ],
[ 1, 6, 7, 9, 10, 11, 12, 13, 14, 15, 16, 18, 22, 24, 25, 27, 28, 34, 39, 41, 
  47, 48, 49, 52, 54, 56, 57, 63 ],
[ 1, 6, 7, 9, 10, 11, 12, 13, 14, 15, 16, 18, 22, 24, 25, 27, 28, 33, 34, 39, 
  41, 47, 48, 49, 52, 53, 56, 57 ],
[ 1, 6, 7, 9, 10, 11, 12, 13, 14, 15, 16, 17, 18, 22, 25, 27, 28, 34, 40, 41, 
  46, 48, 49, 52, 54, 56, 61, 63 ],
[ 1, 6, 7, 9, 10, 11, 12, 13, 14, 15, 16, 17, 18, 22, 25, 27, 28, 33, 34, 40, 
  41, 46, 48, 49, 52, 53, 56, 61 ],
[ 1, 6, 7, 8, 11, 12, 13, 15, 18, 19, 22, 24, 25, 27, 28, 30, 31, 34, 36, 38, 
  39, 40, 46, 50, 51, 54, 56, 63 ],
[ 1, 6, 7, 8, 11, 12, 13, 15, 18, 19, 22, 24, 25, 27, 28, 30, 31, 33, 34, 36, 
  38, 39, 40, 46, 50, 51, 53, 56 ],
[ 1, 6, 7, 8, 11, 12, 13, 15, 17, 18, 22, 24, 25, 27, 28, 29, 30, 31, 34, 36, 
  38, 40, 41, 46, 54, 56, 62, 63 ],
[ 1, 6, 7, 8, 11, 12, 13, 15, 17, 18, 22, 24, 25, 27, 28, 29, 30, 31, 33, 34, 
  36, 38, 40, 41, 46, 53, 56, 62 ],
[ 1, 6, 7, 8, 11, 12, 13, 15, 17, 18, 19, 22, 24, 25, 27, 28, 30, 31, 34, 36, 
  38, 46, 50, 51, 54, 56, 57, 63 ],
[ 1, 6, 7, 8, 11, 12, 13, 15, 17, 18, 19, 22, 24, 25, 27, 28, 30, 31, 33, 34, 
  36, 38, 46, 50, 51, 53, 56, 57 ],
[ 1, 6, 7, 8, 11, 12, 13, 15, 16, 18, 22, 24, 25, 27, 28, 30, 31, 34, 36, 37, 
  39, 41, 46, 50, 51, 54, 57, 63 ],
[ 1, 6, 7, 8, 11, 12, 13, 15, 16, 18, 22, 24, 25, 27, 28, 30, 31, 33, 34, 36, 
  37, 39, 41, 46, 50, 51, 53, 57 ],
[ 1, 6, 7, 8, 11, 12, 13, 15, 16, 17, 18, 22, 24, 25, 28, 30, 31, 34, 36, 37, 
  40, 41, 46, 49, 51, 54, 62, 63 ],
[ 1, 6, 7, 8, 11, 12, 13, 15, 16, 17, 18, 22, 24, 25, 28, 30, 31, 33, 34, 36, 
  37, 40, 41, 46, 49, 51, 53, 62 ],
[ 1, 6, 7, 8, 11, 12, 13, 14, 15, 18, 22, 24, 25, 27, 28, 29, 30, 31, 34, 37, 
  38, 39, 41, 46, 54, 57, 62, 63 ],
[ 1, 6, 7, 8, 11, 12, 13, 14, 15, 18, 22, 24, 25, 27, 28, 29, 30, 31, 33, 34, 
  37, 38, 39, 41, 46, 53, 57, 62 ],
[ 1, 6, 7, 8, 11, 12, 13, 14, 15, 18, 19, 22, 24, 25, 28, 30, 31, 34, 37, 38, 
  39, 40, 46, 49, 51, 54, 62, 63 ],
[ 1, 6, 7, 8, 11, 12, 13, 14, 15, 18, 19, 22, 24, 25, 28, 30, 31, 33, 34, 37, 
  38, 39, 40, 46, 49, 51, 53, 62 ],
[ 1, 6, 7, 8, 11, 12, 13, 14, 15, 17, 18, 19, 22, 24, 25, 28, 30, 31, 34, 37, 
  38, 46, 49, 51, 54, 57, 62, 63 ],
[ 1, 6, 7, 8, 11, 12, 13, 14, 15, 17, 18, 19, 22, 24, 25, 28, 30, 31, 33, 34, 
  37, 38, 46, 49, 51, 53, 57, 62 ],
[ 1, 6, 7, 8, 11, 12, 13, 14, 15, 16, 18, 22, 24, 25, 27, 28, 30, 31, 34, 39, 
  41, 46, 50, 51, 54, 56, 57, 63 ],
[ 1, 6, 7, 8, 11, 12, 13, 14, 15, 16, 18, 22, 24, 25, 27, 28, 30, 31, 33, 34, 
  39, 41, 46, 50, 51, 53, 56, 57 ],
[ 1, 6, 7, 8, 11, 12, 13, 14, 15, 16, 17, 18, 22, 24, 25, 28, 30, 31, 34, 40, 
  41, 46, 49, 51, 54, 56, 62, 63 ],
[ 1, 6, 7, 8, 11, 12, 13, 14, 15, 16, 17, 18, 22, 24, 25, 28, 30, 31, 33, 34, 
  40, 41, 46, 49, 51, 53, 56, 62 ],
[ 1, 6, 7, 8, 9, 11, 13, 14, 15, 18, 19, 20, 21, 22, 28, 30, 32, 33, 34, 37, 
  38, 48, 50, 52, 53, 58, 59, 62 ],
[ 1, 6, 7, 8, 9, 11, 13, 14, 15, 18, 19, 20, 21, 22, 27, 28, 30, 32, 34, 37, 
  38, 48, 49, 52, 54, 58, 59, 63 ],
[ 1, 6, 7, 8, 9, 11, 12, 13, 15, 16, 18, 20, 22, 25, 27, 28, 30, 31, 33, 34, 
  36, 41, 42, 49, 54, 56, 58, 59 ],
[ 1, 6, 7, 8, 9, 11, 12, 13, 15, 16, 18, 20, 22, 25, 27, 28, 30, 31, 33, 34, 
  36, 41, 42, 43, 49, 54, 56, 64 ],
[ 1, 6, 7, 8, 9, 10, 11, 13, 15, 18, 19, 20, 21, 22, 28, 31, 32, 33, 34, 36, 
  38, 48, 50, 53, 56, 58, 59, 62 ],
[ 1, 6, 7, 8, 9, 10, 11, 13, 15, 18, 19, 20, 21, 22, 27, 28, 31, 32, 34, 36, 
  38, 48, 49, 54, 56, 58, 59, 63 ],
[ 1, 5, 6, 8, 9, 11, 15, 16, 17, 18, 20, 25, 28, 29, 30, 32, 33, 34, 35, 36, 
  37, 40, 41, 47, 51, 52, 61, 63 ],
[ 1, 5, 6, 8, 9, 11, 15, 16, 17, 18, 20, 25, 26, 28, 30, 32, 33, 34, 35, 36, 
  37, 40, 41, 48, 50, 52, 62, 63 ],
[ 1, 5, 6, 8, 9, 11, 15, 16, 17, 18, 20, 25, 26, 27, 28, 30, 32, 33, 34, 35, 
  36, 37, 40, 41, 48, 49, 52, 63 ],
[ 1, 5, 6, 8, 9, 11, 15, 16, 17, 18, 20, 24, 25, 28, 29, 30, 32, 33, 34, 35, 
  36, 37, 40, 41, 46, 51, 52, 63 ],
[ 1, 5, 6, 8, 9, 11, 12, 15, 18, 19, 20, 25, 28, 29, 30, 31, 33, 34, 36, 38, 
  39, 40, 47, 51, 54, 55, 56, 61 ],
[ 1, 5, 6, 8, 9, 11, 12, 15, 18, 19, 20, 25, 26, 28, 30, 31, 33, 34, 36, 38, 
  39, 40, 48, 50, 54, 55, 56, 62 ],
[ 1, 5, 6, 8, 9, 11, 12, 15, 18, 19, 20, 25, 26, 27, 28, 30, 31, 33, 34, 36, 
  38, 39, 40, 48, 49, 54, 55, 56 ],
[ 1, 5, 6, 8, 9, 11, 12, 15, 18, 19, 20, 24, 25, 28, 29, 30, 31, 33, 34, 36, 
  38, 39, 40, 46, 51, 54, 55, 56 ],
[ 1, 5, 6, 8, 9, 11, 12, 15, 17, 18, 19, 20, 25, 28, 29, 30, 31, 33, 34, 36, 
  38, 47, 51, 54, 55, 56, 57, 61 ],
[ 1, 5, 6, 8, 9, 11, 12, 15, 17, 18, 19, 20, 25, 26, 28, 30, 31, 33, 34, 36, 
  38, 48, 50, 54, 55, 56, 57, 62 ],
[ 1, 5, 6, 8, 9, 11, 12, 15, 17, 18, 19, 20, 25, 26, 27, 28, 30, 31, 33, 34, 
  36, 38, 48, 49, 54, 55, 56, 57 ],
[ 1, 5, 6, 8, 9, 11, 12, 15, 17, 18, 19, 20, 24, 25, 28, 29, 30, 31, 33, 34, 
  36, 38, 46, 51, 54, 55, 56, 57 ],
[ 1, 5, 6, 8, 9, 11, 12, 15, 16, 18, 20, 25, 28, 29, 30, 31, 33, 34, 36, 37, 
  39, 41, 47, 51, 54, 55, 57, 61 ],
[ 1, 5, 6, 8, 9, 11, 12, 15, 16, 18, 20, 25, 26, 28, 30, 31, 33, 34, 36, 37, 
  39, 41, 48, 50, 54, 55, 57, 62 ],
[ 1, 5, 6, 8, 9, 11, 12, 15, 16, 18, 20, 25, 26, 27, 28, 30, 31, 33, 34, 36, 
  37, 39, 41, 48, 49, 54, 55, 57 ],
[ 1, 5, 6, 8, 9, 11, 12, 15, 16, 18, 20, 24, 25, 28, 29, 30, 31, 33, 34, 36, 
  37, 39, 41, 46, 51, 54, 55, 57 ],
[ 1, 5, 6, 8, 9, 11, 12, 15, 16, 17, 18, 20, 25, 28, 29, 30, 31, 34, 36, 37, 
  40, 41, 47, 51, 53, 55, 61, 63 ],
[ 1, 5, 6, 8, 9, 11, 12, 15, 16, 17, 18, 20, 25, 26, 28, 30, 31, 34, 36, 37, 
  40, 41, 48, 50, 53, 55, 62, 63 ],
[ 1, 5, 6, 8, 9, 11, 12, 15, 16, 17, 18, 20, 25, 26, 27, 28, 30, 31, 34, 36, 
  37, 40, 41, 48, 49, 53, 55, 63 ],
[ 1, 5, 6, 8, 9, 11, 12, 15, 16, 17, 18, 20, 24, 25, 28, 29, 30, 31, 34, 36, 
  37, 40, 41, 46, 51, 53, 55, 63 ],
[ 1, 5, 6, 8, 9, 11, 12, 14, 15, 18, 19, 20, 25, 28, 29, 30, 31, 34, 37, 38, 
  39, 40, 47, 51, 53, 55, 61, 63 ],
[ 1, 5, 6, 8, 9, 11, 12, 14, 15, 18, 19, 20, 25, 26, 28, 30, 31, 34, 37, 38, 
  39, 40, 48, 50, 53, 55, 62, 63 ],
[ 1, 5, 6, 8, 9, 11, 12, 14, 15, 18, 19, 20, 25, 26, 27, 28, 30, 31, 34, 37, 
  38, 39, 40, 48, 49, 53, 55, 63 ],
[ 1, 5, 6, 8, 9, 11, 12, 14, 15, 18, 19, 20, 24, 25, 28, 29, 30, 31, 34, 37, 
  38, 39, 40, 46, 51, 53, 55, 63 ],
[ 1, 5, 6, 8, 9, 11, 12, 14, 15, 17, 18, 19, 20, 25, 28, 29, 30, 31, 34, 37, 
  38, 47, 51, 53, 55, 57, 61, 63 ],
[ 1, 5, 6, 8, 9, 11, 12, 14, 15, 17, 18, 19, 20, 25, 26, 28, 30, 31, 34, 37, 
  38, 48, 50, 53, 55, 57, 62, 63 ],
[ 1, 5, 6, 8, 9, 11, 12, 14, 15, 17, 18, 19, 20, 25, 26, 27, 28, 30, 31, 34, 
  37, 38, 48, 49, 53, 55, 57, 63 ],
[ 1, 5, 6, 8, 9, 11, 12, 14, 15, 17, 18, 19, 20, 24, 25, 28, 29, 30, 31, 34, 
  37, 38, 46, 51, 53, 55, 57, 63 ],
[ 1, 5, 6, 8, 9, 11, 12, 14, 15, 16, 18, 20, 25, 28, 29, 30, 31, 33, 34, 39, 
  41, 47, 51, 54, 55, 56, 57, 61 ],
[ 1, 5, 6, 8, 9, 11, 12, 14, 15, 16, 18, 20, 24, 25, 28, 29, 30, 31, 33, 34, 
  39, 41, 46, 51, 54, 55, 56, 57 ],
[ 1, 5, 6, 8, 9, 11, 12, 14, 15, 16, 17, 18, 20, 25, 28, 29, 30, 31, 34, 40, 
  41, 47, 51, 53, 55, 56, 61, 63 ],
[ 1, 5, 6, 8, 9, 11, 12, 14, 15, 16, 17, 18, 20, 24, 25, 28, 29, 30, 31, 34, 
  40, 41, 46, 51, 53, 55, 56, 63 ],
[ 1, 5, 6, 8, 9, 10, 11, 15, 16, 18, 20, 25, 28, 29, 31, 32, 33, 34, 35, 36, 
  37, 39, 41, 47, 51, 57, 61, 63 ],
[ 1, 5, 6, 8, 9, 10, 11, 15, 16, 18, 20, 25, 26, 28, 31, 32, 33, 34, 35, 36, 
  37, 39, 41, 48, 50, 57, 62, 63 ],
[ 1, 5, 6, 8, 9, 10, 11, 15, 16, 18, 20, 25, 26, 27, 28, 31, 32, 33, 34, 35, 
  36, 37, 39, 41, 48, 49, 57, 63 ],
[ 1, 5, 6, 8, 9, 10, 11, 15, 16, 18, 20, 24, 25, 28, 29, 31, 32, 33, 34, 35, 
  36, 37, 39, 41, 46, 51, 57, 63 ],
[ 1, 5, 6, 8, 9, 10, 11, 12, 15, 18, 19, 20, 25, 26, 28, 33, 34, 36, 38, 39, 
  40, 48, 50, 52, 54, 55, 56, 62 ],
[ 1, 5, 6, 8, 9, 10, 11, 12, 15, 18, 19, 20, 25, 26, 27, 28, 33, 34, 36, 38, 
  39, 40, 48, 49, 52, 54, 55, 56 ],
[ 1, 5, 6, 8, 9, 10, 11, 12, 15, 17, 18, 19, 20, 25, 26, 28, 33, 34, 36, 38, 
  48, 50, 52, 54, 55, 56, 57, 62 ],
[ 1, 5, 6, 8, 9, 10, 11, 12, 15, 17, 18, 19, 20, 25, 26, 27, 28, 33, 34, 36, 
  38, 48, 49, 52, 54, 55, 56, 57 ],
[ 1, 5, 6, 8, 9, 10, 11, 12, 15, 16, 18, 20, 25, 26, 28, 33, 34, 36, 37, 39, 
  41, 48, 50, 52, 54, 55, 57, 62 ],
[ 1, 5, 6, 8, 9, 10, 11, 12, 15, 16, 18, 20, 25, 26, 27, 28, 33, 34, 36, 37, 
  39, 41, 48, 49, 52, 54, 55, 57 ],
[ 1, 5, 6, 8, 9, 10, 11, 12, 15, 16, 17, 18, 20, 25, 26, 28, 34, 36, 37, 40, 
  41, 48, 50, 52, 53, 55, 62, 63 ],
[ 1, 5, 6, 8, 9, 10, 11, 12, 15, 16, 17, 18, 20, 25, 26, 27, 28, 34, 36, 37, 
  40, 41, 48, 49, 52, 53, 55, 63 ],
[ 1, 5, 6, 8, 9, 10, 11, 12, 14, 15, 18, 19, 20, 25, 26, 28, 34, 37, 38, 39, 
  40, 48, 50, 52, 53, 55, 62, 63 ],
[ 1, 5, 6, 8, 9, 10, 11, 12, 14, 15, 18, 19, 20, 25, 26, 27, 28, 34, 37, 38, 
  39, 40, 48, 49, 52, 53, 55, 63 ],
[ 1, 5, 6, 8, 9, 10, 11, 12, 14, 15, 17, 18, 19, 20, 25, 26, 28, 34, 37, 38, 
  48, 50, 52, 53, 55, 57, 62, 63 ],
[ 1, 5, 6, 8, 9, 10, 11, 12, 14, 15, 17, 18, 19, 20, 25, 26, 27, 28, 34, 37, 
  38, 48, 49, 52, 53, 55, 57, 63 ],
[ 1, 5, 6, 7, 9, 11, 12, 13, 15, 16, 18, 19, 20, 22, 25, 28, 30, 33, 34, 36, 
  37, 43, 48, 49, 52, 53, 59, 62 ],
[ 1, 5, 6, 7, 9, 11, 12, 13, 15, 16, 18, 19, 20, 22, 25, 27, 28, 30, 33, 34, 
  36, 37, 48, 50, 52, 53, 58, 64 ],
[ 1, 5, 6, 7, 8, 11, 13, 15, 16, 18, 19, 20, 22, 25, 27, 28, 30, 32, 33, 34, 
  36, 37, 50, 51, 52, 53, 58, 59 ],
[ 1, 5, 6, 7, 8, 11, 12, 13, 15, 18, 19, 20, 22, 25, 27, 28, 30, 31, 33, 34, 
  36, 38, 50, 51, 53, 56, 58, 59 ],
[ 1, 5, 6, 7, 8, 11, 12, 13, 14, 15, 18, 19, 20, 22, 25, 28, 30, 31, 33, 34, 
  37, 38, 49, 51, 53, 58, 59, 62 ],
[ 1, 5, 6, 7, 8, 10, 11, 13, 15, 16, 18, 19, 20, 22, 25, 28, 31, 32, 33, 34, 
  36, 37, 49, 51, 53, 58, 59, 62 ],
[ 1, 5, 6, 7, 8, 9, 11, 15, 16, 18, 19, 20, 22, 25, 27, 28, 30, 32, 33, 34, 
  36, 37, 49, 52, 54, 55, 58, 59 ],
[ 1, 5, 6, 7, 8, 9, 11, 12, 15, 18, 19, 20, 22, 25, 27, 28, 30, 31, 33, 34, 
  36, 38, 49, 54, 55, 56, 58, 59 ],
[ 1, 5, 6, 7, 8, 9, 11, 12, 14, 15, 18, 19, 20, 22, 25, 27, 28, 30, 31, 34, 
  37, 38, 49, 53, 55, 58, 59, 63 ],
[ 1, 5, 6, 7, 8, 9, 10, 11, 15, 16, 18, 19, 20, 22, 25, 27, 28, 31, 32, 34, 
  36, 37, 49, 53, 55, 58, 59, 63 ],
[ 1, 4, 5, 6, 9, 11, 15, 16, 17, 18, 20, 24, 25, 28, 29, 30, 32, 33, 34, 35, 
  36, 37, 39, 47, 48, 51, 52, 63 ],
[ 1, 4, 5, 6, 9, 11, 12, 15, 16, 17, 18, 20, 25, 28, 29, 30, 31, 33, 34, 36, 
  37, 39, 46, 48, 51, 54, 55, 61 ],
[ 1, 4, 5, 6, 9, 11, 12, 15, 16, 17, 18, 20, 24, 25, 28, 29, 30, 31, 34, 36, 
  37, 39, 47, 48, 51, 53, 55, 63 ],
[ 1, 4, 5, 6, 9, 11, 12, 14, 15, 16, 17, 18, 20, 25, 28, 29, 30, 31, 33, 34, 
  39, 46, 48, 51, 54, 55, 56, 61 ],
[ 1, 4, 5, 6, 9, 11, 12, 14, 15, 16, 17, 18, 20, 24, 25, 28, 29, 30, 31, 34, 
  39, 47, 48, 51, 53, 55, 56, 63 ],
[ 1, 4, 5, 6, 9, 10, 11, 15, 16, 17, 18, 20, 25, 28, 29, 31, 32, 33, 34, 35, 
  36, 37, 39, 46, 48, 51, 61, 63 ],
[ 1, 4, 5, 6, 8, 11, 15, 16, 17, 18, 20, 25, 26, 27, 28, 30, 32, 33, 34, 35, 
  36, 37, 39, 48, 50, 51, 52, 63 ],
[ 1, 4, 5, 6, 8, 11, 14, 15, 16, 17, 18, 20, 25, 26, 27, 28, 30, 32, 34, 35, 
  39, 48, 50, 51, 52, 53, 54, 56 ],
[ 1, 4, 5, 6, 8, 11, 12, 15, 17, 18, 20, 25, 26, 27, 28, 29, 30, 31, 33, 34, 
  36, 38, 39, 48, 54, 55, 56, 62 ],
[ 1, 4, 5, 6, 8, 11, 12, 15, 16, 17, 18, 20, 25, 26, 28, 30, 31, 33, 34, 36, 
  37, 39, 48, 49, 51, 54, 55, 62 ],
[ 1, 4, 5, 6, 8, 11, 12, 15, 16, 17, 18, 20, 25, 26, 27, 28, 30, 31, 34, 36, 
  37, 39, 48, 50, 51, 53, 55, 63 ],
[ 1, 4, 5, 6, 8, 11, 12, 14, 15, 17, 18, 20, 25, 26, 27, 28, 29, 30, 31, 34, 
  37, 38, 39, 48, 53, 55, 62, 63 ],
[ 1, 4, 5, 6, 8, 10, 11, 15, 16, 17, 18, 20, 25, 26, 28, 31, 32, 33, 34, 35, 
  36, 37, 39, 48, 49, 51, 62, 63 ],
[ 1, 4, 5, 6, 8, 10, 11, 12, 15, 17, 18, 20, 25, 26, 28, 29, 33, 34, 36, 38, 
  39, 48, 49, 50, 52, 54, 55, 56 ],
[ 1, 4, 5, 6, 8, 10, 11, 12, 15, 16, 17, 18, 20, 25, 26, 28, 33, 34, 36, 37, 
  39, 48, 49, 51, 52, 54, 55, 62 ],
[ 1, 4, 5, 6, 8, 10, 11, 12, 15, 16, 17, 18, 20, 25, 26, 27, 28, 34, 36, 37, 
  39, 48, 50, 51, 52, 53, 55, 63 ],
[ 1, 4, 5, 6, 8, 10, 11, 12, 14, 15, 17, 18, 20, 25, 26, 28, 29, 34, 37, 38, 
  39, 48, 49, 50, 52, 53, 55, 63 ],
[ 1, 3, 9, 11, 13, 15, 16, 18, 19, 20, 21, 22, 24, 25, 27, 28, 30, 32, 33, 
  34, 38, 39, 40, 47, 48, 49, 52, 53 ],
[ 1, 3, 9, 11, 13, 15, 16, 17, 18, 20, 21, 22, 25, 26, 27, 28, 30, 32, 33, 
  34, 38, 40, 41, 46, 47, 49, 52, 53 ],
[ 1, 3, 9, 11, 13, 15, 16, 17, 18, 20, 21, 22, 24, 25, 26, 27, 28, 30, 32, 
  33, 34, 38, 40, 41, 49, 52, 53, 61 ],
[ 1, 3, 9, 10, 11, 13, 15, 16, 18, 20, 21, 22, 25, 26, 27, 28, 31, 32, 33, 
  34, 38, 39, 41, 46, 47, 49, 53, 57 ],
[ 1, 3, 9, 10, 11, 13, 15, 16, 18, 20, 21, 22, 24, 25, 26, 27, 28, 31, 32, 
  33, 34, 38, 39, 41, 49, 53, 57, 61 ],
[ 1, 3, 9, 10, 11, 13, 15, 16, 18, 19, 20, 21, 22, 25, 27, 28, 31, 32, 33, 
  34, 38, 39, 40, 46, 48, 49, 53, 61 ],
[ 1, 3, 8, 11, 13, 15, 16, 18, 19, 20, 21, 22, 24, 25, 27, 28, 30, 32, 33, 
  34, 38, 39, 40, 46, 50, 51, 52, 53 ],
[ 1, 3, 8, 11, 13, 15, 16, 17, 18, 20, 21, 22, 24, 25, 28, 29, 30, 32, 33, 
  34, 38, 40, 41, 46, 49, 50, 52, 53 ],
[ 1, 3, 8, 11, 13, 15, 16, 17, 18, 20, 21, 22, 24, 25, 27, 28, 29, 30, 32, 
  33, 34, 38, 40, 41, 46, 52, 53, 62 ],
[ 1, 3, 8, 10, 11, 13, 15, 16, 18, 20, 21, 22, 24, 25, 28, 29, 31, 32, 33, 
  34, 38, 39, 41, 46, 49, 50, 53, 57 ],
[ 1, 3, 8, 10, 11, 13, 15, 16, 18, 20, 21, 22, 24, 25, 27, 28, 29, 31, 32, 
  33, 34, 38, 39, 41, 46, 53, 57, 62 ],
[ 1, 3, 8, 10, 11, 13, 15, 16, 18, 19, 20, 21, 22, 24, 25, 28, 31, 32, 33, 
  34, 38, 39, 40, 46, 49, 51, 53, 62 ],
[ 1, 3, 8, 9, 11, 15, 16, 17, 18, 20, 21, 22, 25, 28, 30, 32, 33, 34, 35, 38, 
  40, 41, 47, 49, 50, 52, 53, 61 ],
[ 1, 3, 8, 9, 11, 15, 16, 17, 18, 20, 21, 22, 25, 27, 28, 30, 32, 33, 34, 35, 
  38, 40, 41, 47, 52, 53, 61, 62 ],
[ 1, 3, 8, 9, 11, 15, 16, 17, 18, 20, 21, 22, 25, 27, 28, 30, 32, 33, 34, 35, 
  38, 40, 41, 46, 47, 49, 52, 53 ],
[ 1, 3, 8, 9, 11, 13, 15, 16, 17, 18, 20, 21, 22, 24, 25, 30, 32, 33, 34, 38, 
  40, 41, 46, 49, 50, 51, 52, 53 ],
[ 1, 3, 8, 9, 11, 13, 15, 16, 17, 18, 20, 21, 22, 24, 25, 27, 30, 32, 33, 34, 
  38, 40, 41, 46, 51, 52, 53, 62 ],
[ 1, 3, 8, 9, 10, 11, 15, 16, 18, 20, 21, 22, 25, 28, 31, 32, 33, 34, 35, 38, 
  39, 41, 47, 49, 50, 53, 57, 61 ],
[ 1, 3, 8, 9, 10, 11, 15, 16, 18, 20, 21, 22, 25, 27, 28, 31, 32, 33, 34, 35, 
  38, 39, 41, 46, 47, 49, 53, 57 ],
[ 1, 3, 8, 9, 10, 11, 13, 15, 16, 18, 20, 21, 22, 24, 25, 31, 32, 33, 34, 38, 
  39, 41, 46, 49, 50, 51, 53, 57 ],
[ 1, 3, 8, 9, 10, 11, 13, 15, 16, 18, 20, 21, 22, 24, 25, 27, 31, 32, 33, 34, 
  38, 39, 41, 46, 51, 53, 57, 62 ],
[ 1, 3, 7, 9, 11, 12, 13, 15, 16, 18, 19, 20, 25, 27, 28, 30, 31, 33, 34, 38, 
  39, 40, 42, 46, 48, 49, 53, 61 ],
[ 1, 3, 7, 9, 11, 12, 13, 15, 16, 17, 18, 19, 20, 25, 27, 28, 30, 31, 33, 34, 
  38, 42, 46, 48, 49, 53, 57, 61 ],
[ 1, 3, 7, 9, 10, 11, 12, 13, 15, 16, 18, 19, 20, 25, 27, 28, 33, 34, 38, 39, 
  40, 42, 46, 48, 49, 52, 53, 61 ],
[ 1, 3, 7, 9, 10, 11, 12, 13, 15, 16, 17, 18, 19, 20, 25, 27, 28, 33, 34, 38, 
  42, 46, 48, 49, 52, 53, 57, 61 ],
[ 1, 3, 7, 8, 11, 12, 13, 15, 16, 18, 20, 24, 25, 27, 28, 29, 30, 31, 33, 34, 
  38, 39, 41, 42, 46, 53, 57, 62 ],
[ 1, 3, 7, 8, 11, 12, 13, 15, 16, 18, 19, 20, 24, 25, 28, 30, 31, 33, 34, 38, 
  39, 40, 42, 46, 49, 51, 53, 62 ],
[ 1, 3, 7, 8, 11, 12, 13, 15, 16, 17, 18, 19, 20, 24, 25, 28, 30, 31, 33, 34, 
  38, 42, 46, 49, 51, 53, 57, 62 ],
[ 1, 3, 7, 8, 10, 11, 12, 13, 15, 16, 18, 20, 24, 25, 28, 29, 33, 34, 38, 39, 
  41, 42, 46, 49, 50, 52, 53, 57 ],
[ 1, 3, 7, 8, 10, 11, 12, 13, 15, 16, 18, 19, 20, 24, 25, 28, 33, 34, 38, 39, 
  40, 42, 46, 49, 51, 52, 53, 62 ],
[ 1, 3, 7, 8, 10, 11, 12, 13, 15, 16, 17, 18, 19, 20, 24, 25, 28, 33, 34, 38, 
  42, 46, 49, 51, 52, 53, 57, 62 ],
[ 1, 3, 7, 8, 9, 11, 12, 13, 15, 16, 18, 19, 20, 24, 25, 27, 29, 30, 31, 33, 
  34, 38, 39, 40, 42, 46, 50, 53 ],
[ 1, 3, 7, 8, 9, 11, 12, 13, 15, 16, 17, 18, 19, 20, 24, 25, 27, 29, 30, 31, 
  33, 34, 38, 42, 46, 50, 53, 57 ],
[ 1, 3, 7, 8, 9, 10, 11, 12, 13, 15, 16, 18, 19, 20, 24, 25, 27, 29, 33, 34, 
  38, 39, 40, 42, 46, 50, 52, 53 ],
[ 1, 3, 7, 8, 9, 10, 11, 12, 13, 15, 16, 17, 18, 19, 20, 24, 25, 27, 29, 33, 
  34, 38, 42, 46, 50, 52, 53, 57 ],
[ 1, 3, 6, 9, 11, 13, 15, 16, 17, 18, 20, 21, 24, 25, 26, 28, 30, 32, 34, 38, 
  40, 41, 49, 50, 52, 54, 61, 63 ],
[ 1, 3, 6, 9, 11, 13, 15, 16, 17, 18, 20, 21, 24, 25, 26, 27, 28, 30, 32, 34, 
  38, 40, 41, 52, 54, 61, 62, 63 ],
[ 1, 3, 6, 9, 11, 12, 15, 16, 18, 19, 21, 25, 27, 28, 30, 31, 33, 34, 38, 39, 
  40, 42, 46, 48, 49, 54, 55, 61 ],
[ 1, 3, 6, 9, 11, 12, 15, 16, 18, 19, 21, 24, 25, 27, 28, 30, 31, 34, 38, 39, 
  40, 42, 47, 48, 49, 53, 55, 63 ],
[ 1, 3, 6, 9, 11, 12, 15, 16, 17, 18, 19, 21, 25, 27, 28, 30, 31, 33, 34, 38, 
  42, 46, 48, 49, 54, 55, 57, 61 ],
[ 1, 3, 6, 9, 11, 12, 15, 16, 17, 18, 19, 21, 24, 25, 27, 28, 30, 31, 34, 38, 
  42, 47, 48, 49, 53, 55, 57, 63 ],
[ 1, 3, 6, 9, 11, 12, 13, 15, 16, 17, 18, 19, 21, 25, 27, 28, 30, 31, 35, 38, 
  42, 46, 48, 49, 53, 57, 61, 63 ],
[ 1, 3, 6, 9, 11, 12, 13, 15, 16, 17, 18, 19, 21, 24, 25, 27, 28, 30, 31, 33, 
  35, 38, 42, 47, 48, 49, 54, 57 ],
[ 1, 3, 6, 9, 10, 11, 13, 15, 16, 18, 20, 21, 24, 25, 26, 28, 31, 32, 34, 38, 
  39, 41, 49, 50, 54, 57, 61, 63 ],
[ 1, 3, 6, 9, 10, 11, 13, 15, 16, 18, 20, 21, 24, 25, 26, 27, 28, 31, 32, 34, 
  38, 39, 41, 54, 57, 61, 62, 63 ],
[ 1, 3, 6, 9, 10, 11, 12, 15, 16, 18, 19, 21, 25, 27, 28, 33, 34, 38, 39, 40, 
  42, 46, 48, 49, 52, 54, 55, 61 ],
[ 1, 3, 6, 9, 10, 11, 12, 15, 16, 18, 19, 21, 24, 25, 27, 28, 34, 38, 39, 40, 
  42, 47, 48, 49, 52, 53, 55, 63 ],
[ 1, 3, 6, 9, 10, 11, 12, 15, 16, 17, 18, 19, 21, 25, 27, 28, 33, 34, 38, 42, 
  46, 48, 49, 52, 54, 55, 57, 61 ],
[ 1, 3, 6, 9, 10, 11, 12, 15, 16, 17, 18, 19, 21, 24, 25, 27, 28, 34, 38, 42, 
  47, 48, 49, 52, 53, 55, 57, 63 ],
[ 1, 3, 6, 9, 10, 11, 12, 13, 15, 16, 18, 19, 21, 25, 27, 28, 35, 38, 39, 40, 
  42, 46, 48, 49, 52, 53, 61, 63 ],
[ 1, 3, 6, 9, 10, 11, 12, 13, 15, 16, 18, 19, 21, 24, 25, 27, 28, 33, 35, 38, 
  39, 40, 42, 47, 48, 49, 52, 54 ],
[ 1, 3, 6, 8, 11, 15, 16, 17, 18, 20, 21, 25, 27, 28, 29, 30, 32, 34, 35, 38, 
  40, 41, 46, 47, 49, 52, 54, 63 ],
[ 1, 3, 6, 8, 11, 13, 15, 16, 17, 18, 20, 21, 25, 28, 29, 30, 32, 34, 38, 40, 
  41, 46, 47, 50, 52, 53, 54, 62 ],
[ 1, 3, 6, 8, 11, 13, 15, 16, 17, 18, 20, 21, 25, 28, 29, 30, 32, 34, 38, 40, 
  41, 46, 47, 49, 50, 52, 54, 63 ],
[ 1, 3, 6, 8, 11, 12, 15, 16, 18, 21, 24, 25, 27, 28, 29, 30, 31, 33, 34, 38, 
  39, 41, 42, 46, 54, 55, 57, 62 ],
[ 1, 3, 6, 8, 11, 12, 15, 16, 18, 19, 21, 24, 25, 28, 30, 31, 33, 34, 38, 39, 
  40, 42, 46, 49, 51, 54, 55, 62 ],
[ 1, 3, 6, 8, 11, 12, 15, 16, 18, 19, 21, 24, 25, 27, 28, 30, 31, 34, 38, 39, 
  40, 42, 46, 50, 51, 53, 55, 63 ],
[ 1, 3, 6, 8, 11, 12, 15, 16, 17, 18, 21, 24, 25, 27, 28, 29, 30, 31, 34, 38, 
  40, 41, 42, 46, 53, 55, 62, 63 ],
[ 1, 3, 6, 8, 11, 12, 15, 16, 17, 18, 19, 21, 24, 25, 28, 30, 31, 33, 34, 38, 
  42, 46, 49, 51, 54, 55, 57, 62 ],
[ 1, 3, 6, 8, 11, 12, 15, 16, 17, 18, 19, 21, 24, 25, 27, 28, 30, 31, 34, 38, 
  42, 46, 50, 51, 53, 55, 57, 63 ],
[ 1, 3, 6, 8, 10, 11, 15, 16, 18, 20, 21, 25, 27, 28, 29, 31, 32, 34, 35, 38, 
  39, 41, 46, 47, 49, 54, 57, 63 ],
[ 1, 3, 6, 8, 10, 11, 13, 15, 16, 18, 20, 21, 25, 28, 29, 31, 32, 34, 38, 39, 
  41, 46, 47, 50, 53, 54, 57, 62 ],
[ 1, 3, 6, 8, 10, 11, 13, 15, 16, 18, 20, 21, 25, 28, 29, 31, 32, 34, 38, 39, 
  41, 46, 47, 49, 50, 54, 57, 63 ],
[ 1, 3, 6, 8, 9, 11, 15, 16, 17, 18, 20, 21, 25, 27, 28, 30, 32, 33, 34, 35, 
  38, 40, 41, 46, 47, 52, 53, 62 ],
[ 1, 3, 6, 8, 9, 11, 15, 16, 17, 18, 20, 21, 24, 25, 28, 30, 32, 33, 34, 35, 
  38, 40, 41, 49, 50, 52, 53, 61 ],
[ 1, 3, 6, 8, 9, 11, 15, 16, 17, 18, 20, 21, 24, 25, 27, 30, 32, 34, 35, 38, 
  40, 41, 49, 51, 52, 54, 61, 63 ],
[ 1, 3, 6, 8, 9, 11, 15, 16, 17, 18, 20, 21, 24, 25, 27, 28, 30, 32, 33, 34, 
  35, 38, 40, 41, 49, 52, 61, 63 ],
[ 1, 3, 6, 8, 9, 11, 13, 15, 16, 17, 18, 20, 21, 25, 30, 32, 33, 34, 38, 40, 
  41, 46, 47, 50, 51, 52, 62, 63 ],
[ 1, 3, 6, 8, 9, 11, 13, 15, 16, 17, 18, 20, 21, 25, 28, 30, 32, 33, 34, 38, 
  40, 41, 46, 47, 49, 50, 52, 63 ],
[ 1, 3, 6, 8, 9, 11, 13, 15, 16, 17, 18, 20, 21, 25, 27, 28, 30, 32, 34, 38, 
  40, 41, 46, 47, 52, 53, 54, 62 ],
[ 1, 3, 6, 8, 9, 10, 11, 15, 16, 18, 20, 21, 25, 27, 28, 31, 32, 33, 34, 35, 
  38, 39, 41, 46, 47, 53, 57, 62 ],
[ 1, 3, 6, 8, 9, 10, 11, 15, 16, 18, 20, 21, 24, 25, 28, 31, 32, 33, 34, 35, 
  38, 39, 41, 49, 50, 53, 57, 61 ],
[ 1, 3, 6, 8, 9, 10, 11, 15, 16, 18, 20, 21, 24, 25, 27, 31, 32, 34, 35, 38, 
  39, 41, 49, 51, 54, 57, 61, 63 ],
[ 1, 3, 6, 8, 9, 10, 11, 15, 16, 18, 20, 21, 24, 25, 27, 28, 31, 32, 33, 34, 
  35, 38, 39, 41, 49, 57, 61, 63 ],
[ 1, 3, 6, 8, 9, 10, 11, 13, 15, 16, 18, 20, 21, 25, 31, 32, 33, 34, 38, 39, 
  41, 46, 47, 50, 51, 57, 62, 63 ],
[ 1, 3, 6, 8, 9, 10, 11, 13, 15, 16, 18, 20, 21, 25, 28, 31, 32, 33, 34, 38, 
  39, 41, 46, 47, 49, 50, 57, 63 ],
[ 1, 3, 6, 8, 9, 10, 11, 13, 15, 16, 18, 20, 21, 25, 27, 28, 31, 32, 34, 38, 
  39, 41, 46, 47, 53, 54, 57, 62 ],
[ 1, 3, 6, 7, 11, 13, 15, 18, 19, 20, 21, 22, 25, 26, 27, 28, 30, 32, 34, 37, 
  43, 50, 51, 52, 54, 56, 63, 64 ],
[ 1, 3, 6, 7, 11, 13, 14, 15, 18, 19, 20, 21, 22, 25, 26, 27, 28, 30, 32, 33, 
  34, 36, 43, 50, 51, 52, 53, 64 ],
[ 1, 3, 6, 7, 11, 12, 13, 15, 18, 22, 24, 25, 27, 28, 29, 30, 31, 34, 37, 39, 
  41, 47, 48, 54, 56, 57, 62, 63 ],
[ 1, 3, 6, 7, 11, 12, 13, 15, 18, 19, 22, 25, 27, 28, 30, 31, 34, 37, 39, 40, 
  46, 48, 50, 51, 54, 56, 61, 63 ],
[ 1, 3, 6, 7, 11, 12, 13, 15, 18, 19, 22, 24, 25, 28, 30, 31, 34, 37, 39, 40, 
  47, 48, 49, 51, 54, 56, 62, 63 ],
[ 1, 3, 6, 7, 11, 12, 13, 15, 17, 18, 22, 25, 27, 28, 29, 30, 31, 34, 37, 40, 
  41, 46, 48, 54, 56, 61, 62, 63 ],
[ 1, 3, 6, 7, 11, 12, 13, 14, 15, 18, 22, 24, 25, 27, 28, 29, 30, 31, 33, 34, 
  36, 39, 41, 47, 48, 53, 57, 62 ],
[ 1, 3, 6, 7, 11, 12, 13, 14, 15, 18, 19, 22, 25, 27, 28, 30, 31, 33, 34, 36, 
  39, 40, 46, 48, 50, 51, 53, 61 ],
[ 1, 3, 6, 7, 11, 12, 13, 14, 15, 18, 19, 22, 24, 25, 28, 30, 31, 33, 34, 36, 
  39, 40, 47, 48, 49, 51, 53, 62 ],
[ 1, 3, 6, 7, 11, 12, 13, 14, 15, 17, 18, 22, 25, 27, 28, 29, 30, 31, 33, 34, 
  36, 40, 41, 46, 48, 53, 61, 62 ],
[ 1, 3, 6, 7, 10, 11, 13, 15, 18, 19, 20, 21, 22, 25, 26, 28, 31, 32, 34, 37, 
  43, 49, 51, 54, 56, 62, 63, 64 ],
[ 1, 3, 6, 7, 10, 11, 13, 14, 15, 18, 19, 20, 21, 22, 25, 26, 28, 31, 32, 33, 
  34, 36, 43, 49, 51, 53, 62, 64 ],
[ 1, 3, 6, 7, 9, 11, 13, 15, 18, 19, 20, 21, 22, 25, 26, 29, 30, 32, 34, 37, 
  43, 49, 52, 54, 56, 62, 63, 64 ],
[ 1, 3, 6, 7, 9, 11, 13, 14, 15, 18, 19, 20, 21, 22, 25, 26, 29, 30, 32, 33, 
  34, 36, 43, 49, 52, 53, 62, 64 ],
[ 1, 3, 6, 7, 9, 10, 11, 13, 15, 18, 19, 20, 21, 22, 25, 26, 27, 29, 31, 32, 
  34, 37, 43, 50, 54, 56, 63, 64 ],
[ 1, 3, 6, 7, 9, 10, 11, 13, 14, 15, 18, 19, 20, 21, 22, 25, 26, 27, 29, 31, 
  32, 33, 34, 36, 43, 50, 53, 64 ],
[ 1, 3, 5, 9, 11, 13, 15, 16, 17, 18, 22, 25, 26, 27, 28, 30, 32, 33, 34, 38, 
  40, 41, 42, 46, 47, 49, 52, 53 ],
[ 1, 3, 5, 9, 11, 13, 15, 16, 17, 18, 22, 24, 25, 26, 27, 28, 30, 32, 33, 34, 
  38, 40, 41, 42, 49, 52, 53, 61 ],
[ 1, 3, 5, 9, 11, 13, 15, 16, 17, 18, 19, 22, 24, 25, 27, 28, 30, 32, 33, 34, 
  38, 42, 47, 48, 49, 52, 53, 57 ],
[ 1, 3, 5, 9, 10, 11, 13, 15, 16, 18, 22, 25, 26, 27, 28, 31, 32, 33, 34, 38, 
  39, 41, 42, 46, 47, 49, 53, 57 ],
[ 1, 3, 5, 9, 10, 11, 13, 15, 16, 18, 22, 24, 25, 26, 27, 28, 31, 32, 33, 34, 
  38, 39, 41, 42, 49, 53, 57, 61 ],
[ 1, 3, 5, 9, 10, 11, 13, 15, 16, 17, 18, 19, 22, 25, 27, 28, 31, 32, 33, 34, 
  38, 42, 46, 48, 49, 53, 57, 61 ],
[ 1, 3, 5, 8, 11, 13, 15, 16, 17, 18, 22, 24, 25, 28, 29, 30, 32, 33, 34, 38, 
  40, 41, 42, 46, 49, 50, 52, 53 ],
[ 1, 3, 5, 8, 11, 13, 15, 16, 17, 18, 22, 24, 25, 27, 28, 29, 30, 32, 33, 34, 
  38, 40, 41, 42, 46, 52, 53, 62 ],
[ 1, 3, 5, 8, 11, 13, 15, 16, 17, 18, 19, 22, 24, 25, 27, 28, 30, 32, 33, 34, 
  38, 42, 46, 50, 51, 52, 53, 57 ],
[ 1, 3, 5, 8, 10, 11, 13, 15, 16, 18, 22, 24, 25, 28, 29, 31, 32, 33, 34, 38, 
  39, 41, 42, 46, 49, 50, 53, 57 ],
[ 1, 3, 5, 8, 10, 11, 13, 15, 16, 18, 22, 24, 25, 27, 28, 29, 31, 32, 33, 34, 
  38, 39, 41, 42, 46, 53, 57, 62 ],
[ 1, 3, 5, 8, 10, 11, 13, 15, 16, 17, 18, 19, 22, 24, 25, 28, 31, 32, 33, 34, 
  38, 42, 46, 49, 51, 53, 57, 62 ],
[ 1, 3, 5, 8, 9, 11, 13, 15, 16, 17, 18, 22, 25, 28, 30, 32, 34, 38, 40, 41, 
  42, 47, 49, 50, 52, 53, 54, 61 ],
[ 1, 3, 5, 8, 9, 11, 13, 15, 16, 17, 18, 22, 25, 27, 28, 30, 32, 34, 38, 40, 
  41, 42, 47, 52, 53, 54, 61, 62 ],
[ 1, 3, 5, 8, 9, 11, 13, 15, 16, 17, 18, 22, 25, 27, 28, 30, 32, 34, 38, 40, 
  41, 42, 46, 47, 49, 52, 53, 54 ],
[ 1, 3, 5, 8, 9, 11, 13, 15, 16, 17, 18, 22, 24, 25, 30, 32, 33, 34, 38, 40, 
  41, 42, 46, 49, 50, 51, 52, 53 ],
[ 1, 3, 5, 8, 9, 11, 13, 15, 16, 17, 18, 22, 24, 25, 27, 30, 32, 33, 34, 38, 
  40, 41, 42, 46, 51, 52, 53, 62 ],
[ 1, 3, 5, 8, 9, 10, 11, 13, 15, 16, 18, 22, 25, 28, 31, 32, 34, 38, 39, 41, 
  42, 47, 49, 50, 53, 54, 57, 61 ],
[ 1, 3, 5, 8, 9, 10, 11, 13, 15, 16, 18, 22, 25, 27, 28, 31, 32, 34, 38, 39, 
  41, 42, 46, 47, 49, 53, 54, 57 ],
[ 1, 3, 5, 8, 9, 10, 11, 13, 15, 16, 18, 22, 24, 25, 31, 32, 33, 34, 38, 39, 
  41, 42, 46, 49, 50, 51, 53, 57 ],
[ 1, 3, 5, 8, 9, 10, 11, 13, 15, 16, 18, 22, 24, 25, 27, 31, 32, 33, 34, 38, 
  39, 41, 42, 46, 51, 53, 57, 62 ],
[ 1, 3, 5, 7, 9, 11, 12, 13, 15, 16, 18, 19, 21, 24, 25, 27, 28, 30, 31, 33, 
  34, 38, 39, 40, 47, 48, 49, 53 ],
[ 1, 3, 5, 7, 9, 11, 12, 13, 15, 16, 17, 18, 19, 21, 24, 25, 27, 28, 30, 31, 
  33, 34, 38, 47, 48, 49, 53, 57 ],
[ 1, 3, 5, 7, 9, 10, 11, 12, 13, 15, 16, 18, 19, 21, 24, 25, 27, 28, 33, 34, 
  38, 39, 40, 47, 48, 49, 52, 53 ],
[ 1, 3, 5, 7, 9, 10, 11, 12, 13, 15, 16, 17, 18, 19, 21, 24, 25, 27, 28, 33, 
  34, 38, 47, 48, 49, 52, 53, 57 ],
[ 1, 3, 5, 7, 8, 11, 12, 13, 15, 16, 18, 19, 21, 24, 25, 27, 28, 30, 31, 33, 
  34, 38, 39, 40, 46, 50, 51, 53 ],
[ 1, 3, 5, 7, 8, 11, 12, 13, 15, 16, 17, 18, 21, 24, 25, 27, 28, 29, 30, 31, 
  33, 34, 38, 40, 41, 46, 53, 62 ],
[ 1, 3, 5, 7, 8, 11, 12, 13, 15, 16, 17, 18, 19, 21, 24, 25, 27, 28, 30, 31, 
  33, 34, 38, 46, 50, 51, 53, 57 ],
[ 1, 3, 5, 7, 8, 10, 11, 12, 13, 15, 16, 18, 19, 21, 24, 25, 27, 28, 33, 34, 
  38, 39, 40, 46, 50, 51, 52, 53 ],
[ 1, 3, 5, 7, 8, 10, 11, 12, 13, 15, 16, 17, 18, 21, 24, 25, 28, 29, 33, 34, 
  38, 40, 41, 46, 49, 50, 52, 53 ],
[ 1, 3, 5, 7, 8, 10, 11, 12, 13, 15, 16, 17, 18, 19, 21, 24, 25, 27, 28, 33, 
  34, 38, 46, 50, 51, 52, 53, 57 ],
[ 1, 3, 5, 7, 8, 9, 11, 12, 13, 15, 16, 18, 19, 21, 24, 25, 29, 30, 31, 33, 
  34, 38, 39, 40, 46, 49, 53, 62 ],
[ 1, 3, 5, 7, 8, 9, 11, 12, 13, 15, 16, 17, 18, 19, 21, 24, 25, 29, 30, 31, 
  33, 34, 38, 46, 49, 53, 57, 62 ],
[ 1, 3, 5, 7, 8, 9, 10, 11, 12, 13, 15, 16, 18, 19, 21, 24, 25, 29, 33, 34, 
  38, 39, 40, 46, 49, 52, 53, 62 ],
[ 1, 3, 5, 7, 8, 9, 10, 11, 12, 13, 15, 16, 17, 18, 19, 21, 24, 25, 29, 33, 
  34, 38, 46, 49, 52, 53, 57, 62 ],
[ 1, 3, 5, 6, 9, 11, 12, 15, 16, 18, 19, 20, 25, 27, 28, 30, 31, 33, 34, 38, 
  39, 40, 46, 48, 49, 54, 55, 61 ],
[ 1, 3, 5, 6, 9, 11, 12, 15, 16, 18, 19, 20, 24, 25, 27, 28, 30, 31, 34, 38, 
  39, 40, 47, 48, 49, 53, 55, 63 ],
[ 1, 3, 5, 6, 9, 11, 12, 15, 16, 17, 18, 19, 20, 25, 27, 28, 30, 31, 33, 34, 
  38, 46, 48, 49, 54, 55, 57, 61 ],
[ 1, 3, 5, 6, 9, 11, 12, 15, 16, 17, 18, 19, 20, 24, 25, 27, 28, 30, 31, 34, 
  38, 47, 48, 49, 53, 55, 57, 63 ],
[ 1, 3, 5, 6, 9, 11, 12, 13, 15, 16, 18, 19, 20, 25, 27, 28, 30, 31, 35, 38, 
  39, 40, 46, 48, 49, 53, 61, 63 ],
[ 1, 3, 5, 6, 9, 11, 12, 13, 15, 16, 18, 19, 20, 24, 25, 27, 28, 30, 31, 33, 
  35, 38, 39, 40, 47, 48, 49, 54 ],
[ 1, 3, 5, 6, 9, 10, 11, 12, 15, 16, 18, 19, 20, 25, 27, 28, 33, 34, 38, 39, 
  40, 46, 48, 49, 52, 54, 55, 61 ],
[ 1, 3, 5, 6, 9, 10, 11, 12, 15, 16, 18, 19, 20, 24, 25, 27, 28, 34, 38, 39, 
  40, 47, 48, 49, 52, 53, 55, 63 ],
[ 1, 3, 5, 6, 9, 10, 11, 12, 15, 16, 17, 18, 19, 20, 25, 27, 28, 33, 34, 38, 
  46, 48, 49, 52, 54, 55, 57, 61 ],
[ 1, 3, 5, 6, 9, 10, 11, 12, 15, 16, 17, 18, 19, 20, 24, 25, 27, 28, 34, 38, 
  47, 48, 49, 52, 53, 55, 57, 63 ],
[ 1, 3, 5, 6, 9, 10, 11, 12, 13, 15, 16, 17, 18, 19, 20, 25, 27, 28, 35, 38, 
  46, 48, 49, 52, 53, 57, 61, 63 ],
[ 1, 3, 5, 6, 9, 10, 11, 12, 13, 15, 16, 17, 18, 19, 20, 24, 25, 27, 28, 33, 
  35, 38, 47, 48, 49, 52, 54, 57 ],
[ 1, 3, 5, 6, 8, 11, 12, 15, 16, 18, 20, 24, 25, 27, 28, 29, 30, 31, 33, 34, 
  38, 39, 41, 46, 54, 55, 57, 62 ],
[ 1, 3, 5, 6, 8, 11, 12, 15, 16, 18, 19, 20, 24, 25, 28, 30, 31, 33, 34, 38, 
  39, 40, 46, 49, 51, 54, 55, 62 ],
[ 1, 3, 5, 6, 8, 11, 12, 15, 16, 18, 19, 20, 24, 25, 27, 28, 30, 31, 34, 38, 
  39, 40, 46, 50, 51, 53, 55, 63 ],
[ 1, 3, 5, 6, 8, 11, 12, 15, 16, 17, 18, 20, 24, 25, 27, 28, 29, 30, 31, 34, 
  38, 40, 41, 46, 53, 55, 62, 63 ],
[ 1, 3, 5, 6, 8, 11, 12, 15, 16, 17, 18, 19, 20, 24, 25, 28, 30, 31, 33, 34, 
  38, 46, 49, 51, 54, 55, 57, 62 ],
[ 1, 3, 5, 6, 8, 11, 12, 15, 16, 17, 18, 19, 20, 24, 25, 27, 28, 30, 31, 34, 
  38, 46, 50, 51, 53, 55, 57, 63 ],
[ 1, 3, 4, 6, 11, 12, 15, 16, 18, 21, 25, 27, 28, 29, 30, 31, 33, 34, 38, 40, 
  42, 46, 48, 54, 55, 57, 61, 62 ],
[ 1, 3, 4, 6, 11, 12, 15, 16, 18, 21, 24, 25, 27, 28, 29, 30, 31, 34, 38, 40, 
  42, 47, 48, 53, 55, 57, 62, 63 ],
[ 1, 3, 4, 6, 7, 11, 15, 18, 20, 21, 22, 25, 26, 27, 28, 30, 32, 33, 34, 35, 
  37, 43, 50, 51, 52, 56, 58, 63 ],
[ 1, 3, 4, 6, 7, 11, 15, 18, 20, 21, 22, 25, 26, 27, 28, 29, 30, 32, 33, 34, 
  37, 43, 52, 54, 55, 56, 58, 62 ],
[ 1, 3, 4, 6, 7, 10, 11, 15, 18, 20, 21, 22, 25, 26, 28, 31, 32, 33, 34, 35, 
  37, 43, 49, 51, 56, 58, 62, 63 ],
[ 1, 3, 4, 6, 7, 10, 11, 15, 18, 20, 21, 22, 25, 26, 27, 28, 29, 31, 32, 34, 
  37, 43, 53, 55, 56, 58, 62, 63 ],
[ 1, 3, 4, 5, 6, 11, 12, 15, 16, 17, 18, 20, 25, 27, 28, 29, 30, 31, 33, 34, 
  38, 39, 46, 48, 54, 55, 61, 62 ],
[ 1, 3, 4, 5, 6, 11, 12, 15, 16, 17, 18, 20, 24, 25, 27, 28, 29, 30, 31, 34, 
  38, 39, 47, 48, 53, 55, 62, 63 ],
[ 1, 3, 4, 5, 6, 7, 11, 15, 18, 20, 22, 25, 26, 27, 28, 30, 32, 33, 34, 35, 
  36, 37, 50, 51, 52, 53, 58, 59 ],
[ 1, 3, 4, 5, 6, 7, 11, 14, 15, 18, 20, 22, 25, 26, 27, 28, 30, 32, 33, 34, 
  35, 43, 50, 51, 52, 53, 56, 64 ],
[ 1, 3, 4, 5, 6, 7, 10, 11, 15, 18, 20, 22, 25, 26, 28, 31, 32, 33, 34, 35, 
  36, 37, 49, 51, 53, 58, 59, 62 ],
[ 1, 3, 4, 5, 6, 7, 10, 11, 14, 15, 18, 20, 22, 25, 26, 28, 31, 32, 33, 34, 
  35, 43, 49, 51, 53, 56, 62, 64 ],
[ 1, 2, 8, 9, 10, 11, 12, 15, 18, 19, 20, 21, 22, 25, 28, 30, 32, 33, 34, 36, 
  38, 39, 40, 43, 54, 55, 56, 58 ],
[ 1, 2, 8, 9, 10, 11, 12, 14, 15, 18, 19, 20, 21, 22, 25, 28, 30, 32, 34, 37, 
  38, 39, 40, 43, 53, 55, 58, 63 ],
[ 1, 2, 8, 9, 10, 11, 12, 13, 15, 18, 19, 20, 21, 22, 25, 28, 30, 32, 35, 36, 
  38, 39, 40, 43, 53, 56, 58, 63 ],
[ 1, 2, 8, 9, 10, 11, 12, 13, 14, 15, 18, 19, 20, 21, 22, 25, 28, 30, 32, 33, 
  35, 37, 38, 39, 40, 43, 54, 58 ],
[ 1, 2, 6, 8, 11, 12, 15, 17, 18, 20, 21, 24, 25, 27, 28, 29, 32, 33, 34, 35, 
  36, 38, 40, 41, 46, 49, 56, 63 ],
[ 1, 2, 6, 8, 11, 12, 14, 15, 18, 20, 21, 24, 25, 27, 28, 29, 32, 33, 34, 35, 
  37, 38, 39, 41, 46, 49, 57, 63 ],
[ 1, 2, 6, 8, 11, 12, 13, 15, 17, 18, 20, 21, 25, 28, 29, 32, 34, 36, 38, 40, 
  41, 46, 47, 50, 53, 54, 56, 62 ],
[ 1, 2, 6, 8, 11, 12, 13, 15, 17, 18, 20, 21, 24, 25, 28, 29, 32, 33, 34, 36, 
  38, 40, 41, 50, 56, 61, 62, 63 ],
[ 1, 2, 6, 8, 11, 12, 13, 14, 15, 18, 20, 21, 25, 28, 29, 32, 34, 37, 38, 39, 
  41, 46, 47, 50, 53, 54, 57, 62 ],
[ 1, 2, 6, 8, 11, 12, 13, 14, 15, 18, 20, 21, 24, 25, 28, 29, 32, 33, 34, 37, 
  38, 39, 41, 50, 57, 61, 62, 63 ],
[ 1, 2, 6, 8, 11, 12, 13, 14, 15, 18, 20, 21, 24, 25, 27, 28, 29, 32, 37, 38, 
  39, 41, 46, 49, 53, 54, 55, 57 ],
[ 1, 2, 6, 8, 9, 11, 12, 15, 17, 18, 20, 21, 25, 28, 32, 33, 34, 35, 36, 38, 
  40, 41, 47, 49, 50, 56, 61, 63 ],
[ 1, 2, 6, 8, 9, 11, 12, 15, 17, 18, 20, 21, 25, 27, 28, 32, 33, 34, 35, 36, 
  38, 40, 41, 46, 47, 49, 56, 63 ],
[ 1, 2, 6, 8, 9, 11, 12, 14, 15, 18, 20, 21, 25, 28, 32, 33, 34, 35, 37, 38, 
  39, 41, 47, 49, 50, 57, 61, 63 ],
[ 1, 2, 6, 8, 9, 11, 12, 14, 15, 18, 20, 21, 25, 27, 28, 32, 33, 34, 35, 37, 
  38, 39, 41, 46, 47, 49, 57, 63 ],
[ 1, 2, 6, 8, 9, 11, 12, 13, 15, 18, 19, 20, 25, 28, 30, 31, 32, 33, 34, 36, 
  37, 38, 39, 42, 54, 57, 58, 59 ],
[ 1, 2, 6, 8, 9, 11, 12, 13, 15, 17, 18, 20, 21, 25, 28, 32, 33, 34, 36, 38, 
  40, 41, 46, 47, 49, 50, 56, 63 ],
[ 1, 2, 6, 8, 9, 11, 12, 13, 15, 17, 18, 20, 21, 25, 27, 28, 32, 36, 38, 40, 
  41, 46, 47, 49, 53, 54, 55, 56 ],
[ 1, 2, 6, 8, 9, 11, 12, 13, 15, 17, 18, 20, 21, 25, 27, 28, 32, 34, 36, 38, 
  40, 41, 46, 47, 53, 54, 56, 62 ],
[ 1, 2, 6, 8, 9, 11, 12, 13, 15, 17, 18, 19, 20, 25, 28, 30, 31, 32, 34, 36, 
  37, 38, 40, 42, 53, 58, 59, 63 ],
[ 1, 2, 6, 8, 9, 11, 12, 13, 15, 16, 18, 20, 25, 28, 30, 31, 32, 33, 34, 36, 
  39, 40, 41, 42, 43, 54, 56, 64 ],
[ 1, 2, 6, 8, 9, 11, 12, 13, 15, 16, 17, 18, 20, 25, 28, 30, 31, 32, 33, 34, 
  36, 41, 42, 54, 56, 57, 58, 59 ],
[ 1, 2, 6, 8, 9, 11, 12, 13, 14, 15, 18, 20, 21, 25, 28, 32, 37, 38, 39, 41, 
  47, 49, 50, 53, 54, 55, 57, 61 ],
[ 1, 2, 6, 8, 9, 11, 12, 13, 14, 15, 18, 20, 21, 25, 28, 32, 33, 34, 37, 38, 
  39, 41, 46, 47, 49, 50, 57, 63 ],
[ 1, 2, 6, 8, 9, 11, 12, 13, 14, 15, 18, 20, 21, 25, 27, 28, 32, 37, 38, 39, 
  41, 46, 47, 49, 53, 54, 55, 57 ],
[ 1, 2, 6, 8, 9, 11, 12, 13, 14, 15, 18, 20, 21, 25, 27, 28, 32, 34, 37, 38, 
  39, 41, 46, 47, 53, 54, 57, 62 ],
[ 1, 2, 6, 7, 9, 11, 15, 18, 19, 20, 21, 22, 25, 26, 28, 31, 33, 34, 36, 38, 
  43, 50, 52, 54, 55, 56, 62, 64 ],
[ 1, 2, 6, 7, 9, 11, 14, 15, 18, 19, 20, 21, 22, 25, 26, 28, 31, 34, 37, 38, 
  43, 50, 52, 53, 55, 62, 63, 64 ],
[ 1, 2, 6, 7, 9, 11, 13, 15, 18, 19, 20, 21, 22, 25, 26, 28, 31, 35, 36, 38, 
  43, 50, 52, 53, 56, 62, 63, 64 ],
[ 1, 2, 6, 7, 9, 11, 13, 14, 15, 18, 19, 20, 21, 22, 25, 26, 28, 31, 33, 35, 
  37, 38, 43, 50, 52, 54, 62, 64 ],
[ 1, 2, 6, 7, 9, 10, 11, 15, 18, 19, 20, 21, 22, 25, 26, 27, 28, 30, 33, 34, 
  36, 38, 43, 49, 54, 55, 56, 64 ],
[ 1, 2, 6, 7, 9, 10, 11, 14, 15, 18, 19, 20, 21, 22, 25, 26, 27, 28, 30, 34, 
  37, 38, 43, 49, 53, 55, 63, 64 ],
[ 1, 2, 6, 7, 9, 10, 11, 13, 15, 18, 19, 20, 21, 22, 25, 26, 27, 28, 30, 35, 
  36, 38, 43, 49, 53, 56, 63, 64 ],
[ 1, 2, 6, 7, 9, 10, 11, 13, 14, 15, 18, 19, 20, 21, 22, 25, 26, 27, 28, 30, 
  33, 35, 37, 38, 43, 49, 54, 64 ],
[ 1, 2, 6, 7, 8, 10, 11, 15, 18, 19, 20, 21, 22, 25, 27, 28, 29, 33, 34, 36, 
  38, 49, 52, 54, 55, 56, 59, 64 ],
[ 1, 2, 6, 7, 8, 10, 11, 14, 15, 18, 19, 20, 21, 22, 25, 27, 28, 29, 34, 37, 
  38, 49, 52, 53, 55, 59, 63, 64 ],
[ 1, 2, 6, 7, 8, 10, 11, 13, 15, 18, 19, 20, 21, 22, 25, 27, 28, 29, 35, 36, 
  38, 49, 52, 53, 56, 59, 63, 64 ],
[ 1, 2, 6, 7, 8, 10, 11, 13, 14, 15, 18, 19, 20, 21, 22, 25, 27, 28, 29, 33, 
  35, 37, 38, 49, 52, 54, 59, 64 ],
[ 1, 2, 5, 6, 9, 11, 12, 15, 17, 18, 20, 25, 26, 27, 28, 32, 34, 35, 36, 38, 
  40, 41, 46, 47, 49, 53, 54, 56 ],
[ 1, 2, 5, 6, 9, 11, 12, 15, 17, 18, 20, 25, 26, 27, 28, 32, 33, 34, 35, 36, 
  38, 40, 41, 46, 47, 49, 56, 63 ],
[ 1, 2, 5, 6, 9, 11, 12, 15, 17, 18, 20, 24, 25, 26, 27, 28, 32, 34, 35, 36, 
  38, 40, 41, 49, 53, 54, 56, 61 ],
[ 1, 2, 5, 6, 9, 11, 12, 15, 17, 18, 20, 24, 25, 26, 27, 28, 32, 33, 34, 35, 
  36, 38, 40, 41, 49, 56, 61, 63 ],
[ 1, 2, 5, 6, 9, 11, 12, 15, 16, 18, 20, 24, 25, 27, 28, 32, 33, 34, 35, 36, 
  37, 39, 41, 47, 48, 49, 57, 63 ],
[ 1, 2, 5, 6, 9, 11, 12, 15, 16, 17, 18, 20, 25, 27, 28, 32, 33, 34, 35, 36, 
  37, 40, 41, 46, 48, 49, 61, 63 ],
[ 1, 2, 5, 6, 9, 11, 12, 14, 15, 18, 20, 25, 26, 27, 28, 32, 34, 35, 37, 38, 
  39, 41, 46, 47, 49, 53, 54, 57 ],
[ 1, 2, 5, 6, 9, 11, 12, 14, 15, 18, 20, 25, 26, 27, 28, 32, 33, 34, 35, 37, 
  38, 39, 41, 46, 47, 49, 57, 63 ],
[ 1, 2, 5, 6, 9, 11, 12, 14, 15, 18, 20, 24, 25, 26, 27, 28, 32, 34, 35, 37, 
  38, 39, 41, 49, 53, 54, 57, 61 ],
[ 1, 2, 5, 6, 9, 11, 12, 14, 15, 18, 20, 24, 25, 26, 27, 28, 32, 33, 34, 35, 
  37, 38, 39, 41, 49, 57, 61, 63 ],
[ 1, 2, 5, 6, 9, 11, 12, 14, 15, 16, 18, 20, 24, 25, 27, 28, 32, 34, 35, 39, 
  41, 47, 48, 49, 53, 54, 56, 57 ],
[ 1, 2, 5, 6, 9, 11, 12, 14, 15, 16, 17, 18, 20, 25, 27, 28, 32, 34, 35, 40, 
  41, 46, 48, 49, 53, 54, 56, 61 ],
[ 1, 2, 5, 6, 8, 11, 12, 15, 16, 18, 20, 25, 27, 28, 32, 33, 34, 35, 36, 37, 
  39, 41, 47, 50, 51, 57, 61, 63 ],
[ 1, 2, 5, 6, 8, 11, 12, 15, 16, 18, 20, 24, 25, 27, 28, 32, 33, 34, 35, 36, 
  37, 39, 41, 46, 50, 51, 57, 63 ],
[ 1, 2, 5, 6, 8, 11, 12, 15, 16, 17, 18, 20, 25, 28, 32, 33, 34, 35, 36, 37, 
  40, 41, 47, 49, 51, 61, 62, 63 ],
[ 1, 2, 5, 6, 8, 11, 12, 15, 16, 17, 18, 20, 24, 25, 28, 32, 33, 34, 35, 36, 
  37, 40, 41, 46, 49, 51, 62, 63 ],
[ 1, 2, 4, 6, 7, 11, 15, 18, 20, 21, 22, 25, 26, 27, 28, 31, 33, 34, 35, 36, 
  38, 43, 50, 51, 52, 56, 58, 63 ],
[ 1, 2, 4, 6, 7, 11, 15, 18, 20, 21, 22, 25, 26, 27, 28, 29, 31, 33, 34, 36, 
  38, 43, 52, 54, 55, 56, 58, 62 ],
[ 1, 2, 4, 6, 7, 11, 14, 15, 18, 20, 21, 22, 25, 26, 28, 31, 33, 34, 35, 37, 
  38, 43, 49, 51, 52, 58, 62, 63 ],
[ 1, 2, 4, 6, 7, 11, 14, 15, 18, 20, 21, 22, 25, 26, 27, 28, 29, 31, 34, 37, 
  38, 43, 52, 53, 55, 58, 62, 63 ],
[ 1, 2, 4, 5, 6, 11, 12, 15, 16, 17, 18, 20, 25, 27, 28, 32, 33, 34, 35, 36, 
  37, 39, 46, 48, 50, 51, 61, 63 ],
[ 1, 2, 4, 5, 6, 11, 12, 15, 16, 17, 18, 20, 24, 25, 28, 32, 33, 34, 35, 36, 
  37, 39, 47, 48, 49, 51, 62, 63 ],
[ 1, 2, 3, 6, 7, 11, 15, 18, 20, 22, 25, 26, 27, 28, 29, 31, 33, 34, 35, 36, 
  41, 42, 43, 52, 54, 56, 58, 62 ],
[ 1, 2, 3, 6, 7, 11, 15, 18, 19, 20, 21, 22, 25, 26, 28, 31, 33, 34, 37, 43, 
  49, 51, 52, 54, 55, 56, 62, 64 ],
[ 1, 2, 3, 6, 7, 11, 15, 18, 19, 20, 21, 22, 25, 26, 27, 28, 31, 34, 37, 43, 
  50, 51, 52, 53, 55, 56, 63, 64 ],
[ 1, 2, 3, 6, 7, 11, 14, 15, 18, 20, 22, 25, 26, 27, 28, 29, 31, 34, 35, 37, 
  41, 42, 43, 52, 53, 58, 62, 63 ],
[ 1, 2, 3, 6, 7, 11, 14, 15, 18, 19, 20, 21, 22, 25, 26, 28, 31, 33, 34, 36, 
  43, 49, 51, 52, 54, 55, 62, 64 ],
[ 1, 2, 3, 6, 7, 11, 14, 15, 18, 19, 20, 21, 22, 25, 26, 27, 28, 31, 34, 36, 
  43, 50, 51, 52, 53, 55, 63, 64 ],
[ 1, 2, 3, 6, 7, 11, 13, 14, 15, 18, 19, 20, 21, 22, 25, 26, 28, 31, 35, 36, 
  43, 49, 51, 52, 53, 62, 63, 64 ],
[ 1, 2, 3, 6, 7, 11, 13, 14, 15, 18, 19, 20, 21, 22, 25, 26, 27, 28, 31, 33, 
  35, 36, 43, 50, 51, 52, 54, 64 ],
[ 1, 2, 3, 6, 7, 10, 11, 15, 18, 19, 20, 21, 22, 25, 26, 28, 30, 33, 34, 37, 
  43, 49, 51, 54, 55, 56, 62, 64 ],
[ 1, 2, 3, 6, 7, 10, 11, 15, 18, 19, 20, 21, 22, 25, 26, 27, 28, 30, 34, 37, 
  43, 50, 51, 53, 55, 56, 63, 64 ],
[ 1, 2, 3, 6, 7, 10, 11, 14, 15, 18, 19, 20, 21, 22, 25, 26, 28, 30, 33, 34, 
  36, 43, 49, 51, 54, 55, 62, 64 ],
[ 1, 2, 3, 6, 7, 10, 11, 14, 15, 18, 19, 20, 21, 22, 25, 26, 27, 28, 30, 34, 
  36, 43, 50, 51, 53, 55, 63, 64 ],
[ 1, 2, 3, 6, 7, 10, 11, 13, 15, 18, 19, 20, 21, 22, 25, 26, 28, 30, 35, 37, 
  43, 49, 51, 53, 56, 62, 63, 64 ],
[ 1, 2, 3, 6, 7, 10, 11, 13, 15, 18, 19, 20, 21, 22, 25, 26, 27, 28, 30, 33, 
  35, 37, 43, 50, 51, 54, 56, 64 ],
[ 1, 2, 3, 4, 10, 11, 12, 15, 17, 18, 20, 22, 25, 26, 28, 29, 30, 32, 33, 34, 
  36, 40, 42, 43, 55, 56, 58, 63 ],
[ 1, 2, 3, 4, 10, 11, 12, 13, 15, 18, 20, 22, 25, 26, 28, 29, 30, 32, 33, 35, 
  36, 39, 42, 43, 56, 57, 58, 63 ],
[ 1, 2, 3, 4, 7, 10, 11, 12, 13, 15, 18, 20, 21, 25, 26, 28, 29, 30, 32, 36, 
  39, 43, 53, 55, 56, 57, 58, 63 ],
[ 1, 2, 3, 4, 7, 10, 11, 12, 13, 15, 17, 18, 20, 21, 25, 26, 28, 29, 30, 32, 
  33, 36, 40, 43, 54, 55, 56, 58 ],
[ 1, 2, 3, 4, 6, 11, 15, 18, 21, 22, 25, 27, 28, 30, 32, 33, 34, 35, 36, 37, 
  41, 47, 48, 49, 50, 54, 57, 61 ],
[ 1, 2, 3, 4, 6, 11, 14, 15, 18, 19, 21, 22, 26, 27, 28, 32, 34, 35, 40, 46, 
  48, 50, 52, 53, 56, 61, 62, 63 ],
[ 1, 2, 3, 4, 6, 11, 14, 15, 18, 19, 21, 22, 24, 26, 27, 28, 32, 33, 34, 35, 
  40, 47, 48, 50, 52, 54, 56, 62 ],
[ 1, 2, 3, 4, 6, 11, 13, 14, 15, 18, 21, 22, 25, 27, 28, 30, 32, 33, 41, 47, 
  48, 49, 50, 54, 55, 56, 57, 61 ],
[ 1, 2, 3, 4, 6, 7, 11, 15, 18, 20, 25, 27, 29, 32, 33, 35, 36, 37, 39, 41, 
  46, 47, 48, 49, 52, 54, 55, 62 ],
[ 1, 2, 3, 4, 6, 7, 11, 15, 18, 20, 25, 26, 27, 30, 32, 33, 35, 36, 37, 39, 
  41, 46, 50, 51, 54, 55, 61, 62 ],
[ 1, 2, 3, 4, 6, 7, 11, 15, 18, 20, 24, 25, 26, 27, 30, 32, 35, 36, 37, 39, 
  41, 47, 50, 51, 53, 55, 62, 63 ],
[ 1, 2, 3, 4, 6, 7, 11, 15, 18, 20, 21, 22, 25, 28, 29, 30, 33, 34, 35, 37, 
  43, 48, 49, 52, 56, 59, 62, 63 ],
[ 1, 2, 3, 4, 6, 7, 11, 15, 18, 20, 21, 22, 25, 27, 28, 29, 30, 33, 34, 35, 
  37, 48, 50, 52, 56, 58, 63, 64 ],
[ 1, 2, 3, 4, 6, 7, 11, 14, 15, 18, 20, 24, 25, 27, 29, 32, 33, 35, 39, 41, 
  48, 49, 52, 54, 55, 56, 61, 62 ]
];

