## Group: [64, 14]
## Difference Sets: 319
## Time:  0:11:56.112

return [
[ 1, 2, 3, 4, 5, 6, 7, 8, 9, 10, 11, 13, 14, 16, 18, 20, 22, 27, 35, 37, 43, 
  48, 49, 51, 52, 53, 63, 64 ],
[ 1, 2, 3, 4, 5, 6, 7, 8, 9, 10, 11, 13, 14, 16, 18, 20, 22, 27, 35, 37, 48, 
  49, 51, 52, 53, 58, 59, 63 ],
[ 1, 2, 3, 4, 5, 6, 7, 8, 9, 10, 11, 13, 16, 18, 20, 22, 27, 33, 35, 36, 43, 
  48, 49, 51, 52, 54, 56, 64 ],
[ 1, 2, 3, 4, 5, 6, 7, 8, 9, 10, 11, 13, 16, 18, 20, 22, 27, 33, 35, 36, 48, 
  49, 51, 52, 54, 56, 58, 59 ],
[ 1, 2, 3, 4, 5, 6, 7, 8, 9, 10, 11, 22, 23, 24, 25, 27, 28, 31, 33, 38, 41, 
  42, 44, 47, 50, 58, 63, 64 ],
[ 1, 2, 3, 4, 5, 6, 7, 8, 9, 10, 11, 22, 23, 24, 25, 27, 28, 31, 38, 41, 42, 
  44, 47, 50, 53, 54, 58, 64 ],
[ 1, 2, 3, 4, 5, 6, 7, 8, 9, 10, 11, 22, 23, 24, 25, 28, 31, 33, 38, 41, 42, 
  43, 44, 47, 49, 59, 62, 63 ],
[ 1, 2, 3, 4, 5, 6, 7, 8, 9, 10, 11, 22, 23, 24, 25, 28, 31, 38, 41, 42, 43, 
  44, 47, 49, 53, 54, 59, 62 ],
[ 1, 2, 3, 4, 5, 6, 7, 8, 9, 10, 11, 22, 23, 24, 26, 27, 28, 30, 33, 38, 41, 
  42, 45, 47, 49, 58, 63, 64 ],
[ 1, 2, 3, 4, 5, 6, 7, 8, 9, 10, 11, 22, 23, 24, 26, 27, 28, 30, 38, 41, 42, 
  45, 47, 49, 53, 54, 58, 64 ],
[ 1, 2, 3, 4, 5, 6, 7, 8, 9, 10, 11, 22, 23, 24, 26, 28, 31, 33, 38, 41, 42, 
  43, 45, 46, 49, 58, 62, 63 ],
[ 1, 2, 3, 4, 5, 6, 7, 8, 9, 10, 11, 22, 23, 24, 26, 28, 31, 38, 41, 42, 43, 
  45, 46, 49, 53, 54, 58, 62 ],
[ 1, 2, 3, 4, 5, 6, 7, 8, 9, 10, 11, 22, 23, 24, 26, 28, 31, 38, 41, 42, 45, 
  46, 49, 53, 54, 59, 62, 64 ],
[ 1, 2, 3, 4, 5, 6, 7, 8, 9, 10, 11, 22, 23, 25, 27, 28, 31, 38, 41, 42, 43, 
  44, 46, 50, 53, 54, 59, 61 ],
[ 1, 2, 3, 4, 5, 6, 7, 8, 9, 10, 11, 22, 23, 25, 28, 31, 33, 38, 41, 42, 44, 
  46, 49, 58, 61, 62, 63, 64 ],
[ 1, 2, 3, 4, 5, 6, 7, 8, 9, 10, 11, 22, 23, 25, 28, 31, 38, 41, 42, 44, 46, 
  49, 53, 54, 58, 61, 62, 64 ],
[ 1, 2, 3, 4, 5, 6, 7, 8, 9, 10, 11, 22, 23, 26, 27, 28, 30, 33, 38, 41, 42, 
  43, 45, 46, 49, 59, 61, 63 ],
[ 1, 2, 3, 4, 5, 6, 7, 8, 9, 10, 11, 22, 23, 26, 27, 28, 30, 38, 41, 42, 43, 
  45, 46, 49, 53, 54, 59, 61 ],
[ 1, 2, 3, 4, 5, 6, 7, 8, 9, 10, 11, 22, 23, 26, 28, 31, 33, 38, 41, 42, 45, 
  47, 49, 59, 61, 62, 63, 64 ],
[ 1, 2, 3, 4, 5, 6, 7, 8, 9, 10, 11, 22, 23, 26, 28, 31, 38, 41, 42, 45, 47, 
  49, 53, 54, 59, 61, 62, 64 ],
[ 1, 2, 3, 4, 5, 6, 7, 8, 9, 10, 11, 22, 24, 25, 28, 31, 33, 38, 41, 42, 43, 
  45, 47, 49, 59, 60, 62, 63 ],
[ 1, 2, 3, 4, 5, 6, 7, 8, 9, 10, 11, 22, 24, 25, 28, 31, 38, 41, 42, 43, 45, 
  47, 49, 53, 54, 59, 60, 62 ],
[ 1, 2, 3, 4, 5, 6, 7, 8, 9, 10, 11, 22, 24, 26, 27, 28, 30, 33, 38, 41, 42, 
  43, 44, 47, 49, 59, 60, 63 ],
[ 1, 2, 3, 4, 5, 6, 7, 8, 9, 10, 11, 22, 24, 26, 27, 28, 30, 38, 41, 42, 43, 
  44, 47, 49, 53, 54, 59, 60 ],
[ 1, 2, 3, 4, 5, 6, 7, 8, 9, 10, 11, 22, 24, 26, 27, 28, 31, 33, 38, 41, 42, 
  43, 44, 46, 50, 58, 60, 63 ],
[ 1, 2, 3, 4, 5, 6, 7, 8, 9, 10, 11, 22, 25, 28, 31, 33, 38, 41, 42, 45, 46, 
  49, 58, 60, 61, 62, 63, 64 ],
[ 1, 2, 3, 4, 5, 6, 7, 8, 9, 10, 11, 22, 26, 27, 28, 30, 33, 38, 41, 42, 44, 
  46, 49, 58, 60, 61, 63, 64 ],
[ 1, 2, 3, 4, 5, 6, 7, 8, 9, 10, 11, 22, 26, 27, 28, 30, 38, 41, 42, 44, 46, 
  49, 53, 54, 58, 60, 61, 64 ],
[ 1, 2, 3, 4, 5, 6, 7, 8, 9, 10, 12, 13, 14, 15, 22, 25, 29, 31, 33, 41, 42, 
  49, 53, 55, 56, 59, 62, 64 ],
[ 1, 2, 3, 4, 5, 6, 7, 8, 9, 10, 12, 13, 14, 15, 22, 25, 29, 31, 41, 42, 43, 
  49, 54, 55, 56, 58, 62, 63 ],
[ 1, 2, 3, 4, 5, 6, 7, 8, 9, 10, 12, 13, 14, 18, 20, 22, 25, 29, 31, 38, 43, 
  49, 53, 54, 55, 56, 58, 62 ],
[ 1, 2, 3, 4, 5, 6, 7, 8, 9, 10, 12, 13, 14, 22, 25, 29, 31, 34, 36, 38, 41, 
  42, 43, 49, 53, 54, 58, 62 ],
[ 1, 2, 3, 4, 5, 6, 7, 8, 9, 10, 12, 13, 15, 22, 25, 29, 31, 33, 36, 37, 41, 
  42, 49, 53, 55, 59, 62, 64 ],
[ 1, 2, 3, 4, 5, 6, 7, 8, 9, 10, 12, 13, 18, 20, 22, 25, 29, 31, 33, 36, 37, 
  38, 43, 49, 55, 58, 62, 63 ],
[ 1, 2, 3, 4, 5, 6, 7, 8, 9, 10, 12, 15, 18, 20, 22, 23, 24, 27, 29, 33, 47, 
  48, 52, 53, 58, 60, 62, 64 ],
[ 1, 2, 3, 4, 5, 6, 7, 8, 9, 10, 12, 15, 18, 20, 22, 23, 24, 29, 31, 33, 48, 
  49, 53, 58, 59, 60, 61, 62 ],
[ 1, 2, 3, 4, 5, 6, 7, 8, 9, 10, 12, 15, 18, 20, 22, 23, 24, 29, 33, 47, 48, 
  49, 50, 52, 53, 58, 60, 64 ],
[ 1, 2, 3, 4, 5, 6, 7, 8, 9, 10, 12, 15, 18, 20, 22, 23, 27, 29, 33, 43, 46, 
  48, 52, 53, 59, 60, 61, 62 ],
[ 1, 2, 3, 4, 5, 6, 7, 8, 9, 10, 12, 15, 18, 20, 22, 24, 26, 27, 29, 33, 43, 
  44, 52, 53, 60, 61, 62, 64 ],
[ 1, 2, 3, 4, 5, 6, 7, 8, 9, 10, 12, 15, 18, 20, 22, 24, 26, 27, 29, 33, 44, 
  52, 53, 58, 59, 60, 61, 62 ],
[ 1, 2, 3, 4, 5, 6, 7, 8, 9, 10, 12, 15, 18, 20, 22, 24, 26, 29, 33, 43, 44, 
  49, 50, 52, 53, 60, 61, 64 ],
[ 1, 2, 3, 4, 5, 6, 7, 8, 9, 10, 12, 15, 18, 20, 22, 24, 26, 29, 33, 44, 49, 
  50, 52, 53, 58, 59, 60, 61 ],
[ 1, 2, 3, 4, 5, 6, 7, 8, 9, 10, 12, 15, 18, 20, 22, 24, 27, 29, 33, 44, 45, 
  47, 48, 52, 53, 58, 62, 64 ],
[ 1, 2, 3, 4, 5, 6, 7, 8, 9, 10, 12, 15, 18, 20, 22, 24, 29, 33, 44, 45, 47, 
  48, 49, 50, 52, 53, 58, 64 ],
[ 1, 2, 3, 4, 5, 6, 7, 8, 9, 10, 12, 15, 18, 20, 22, 26, 27, 29, 33, 43, 44, 
  46, 47, 52, 53, 60, 62, 64 ],
[ 1, 2, 3, 4, 5, 6, 7, 8, 9, 10, 12, 15, 18, 20, 22, 26, 29, 33, 44, 46, 47, 
  49, 50, 52, 53, 58, 59, 60 ],
[ 1, 2, 3, 4, 5, 6, 7, 8, 9, 10, 12, 15, 18, 20, 22, 29, 33, 43, 44, 45, 46, 
  48, 49, 50, 52, 53, 59, 61 ],
[ 1, 2, 3, 4, 5, 6, 7, 8, 9, 10, 12, 22, 23, 24, 25, 27, 29, 30, 33, 38, 41, 
  42, 44, 47, 49, 58, 63, 64 ],
[ 1, 2, 3, 4, 5, 6, 7, 8, 9, 10, 12, 22, 23, 24, 25, 27, 29, 30, 38, 41, 42, 
  44, 47, 49, 53, 54, 58, 64 ],
[ 1, 2, 3, 4, 5, 6, 7, 8, 9, 10, 12, 22, 23, 24, 25, 29, 31, 33, 38, 41, 42, 
  43, 44, 46, 49, 58, 62, 63 ],
[ 1, 2, 3, 4, 5, 6, 7, 8, 9, 10, 12, 22, 23, 24, 25, 29, 31, 38, 41, 42, 43, 
  44, 46, 49, 53, 54, 58, 62 ],
[ 1, 2, 3, 4, 5, 6, 7, 8, 9, 10, 12, 22, 23, 25, 27, 29, 30, 33, 38, 41, 42, 
  43, 44, 46, 49, 59, 61, 63 ],
[ 1, 2, 3, 4, 5, 6, 7, 8, 9, 10, 12, 22, 23, 25, 27, 29, 30, 38, 41, 42, 43, 
  44, 46, 49, 53, 54, 59, 61 ],
[ 1, 2, 3, 4, 5, 6, 7, 8, 9, 10, 12, 22, 23, 25, 29, 31, 33, 38, 41, 42, 44, 
  47, 49, 59, 61, 62, 63, 64 ],
[ 1, 2, 3, 4, 5, 6, 7, 8, 9, 10, 12, 22, 23, 25, 29, 31, 38, 41, 42, 44, 47, 
  49, 53, 54, 59, 61, 62, 64 ],
[ 1, 2, 3, 4, 5, 6, 7, 8, 9, 10, 12, 22, 24, 25, 27, 29, 30, 33, 38, 41, 42, 
  45, 47, 49, 58, 60, 63, 64 ],
[ 1, 2, 3, 4, 5, 6, 7, 8, 9, 10, 12, 22, 24, 25, 27, 29, 30, 38, 41, 42, 45, 
  47, 49, 53, 54, 58, 60, 64 ],
[ 1, 2, 3, 4, 5, 6, 7, 8, 9, 10, 12, 22, 24, 26, 27, 29, 30, 33, 38, 41, 42, 
  43, 44, 46, 49, 58, 60, 63 ],
[ 1, 2, 3, 4, 5, 6, 7, 8, 9, 10, 12, 22, 24, 26, 27, 29, 30, 33, 38, 41, 42, 
  44, 46, 49, 59, 60, 63, 64 ],
[ 1, 2, 3, 4, 5, 6, 7, 8, 9, 10, 12, 22, 24, 26, 27, 29, 30, 38, 41, 42, 43, 
  44, 46, 49, 53, 54, 58, 60 ],
[ 1, 2, 3, 4, 5, 6, 7, 8, 9, 10, 12, 22, 24, 26, 27, 29, 30, 38, 41, 42, 44, 
  46, 49, 53, 54, 59, 60, 64 ],
[ 1, 2, 3, 4, 5, 6, 7, 8, 9, 10, 12, 22, 25, 27, 29, 30, 33, 38, 41, 42, 43, 
  45, 46, 49, 59, 60, 61, 63 ],
[ 1, 2, 3, 4, 5, 6, 7, 8, 9, 10, 12, 22, 25, 27, 29, 30, 38, 41, 42, 43, 45, 
  46, 49, 53, 54, 59, 60, 61 ],
[ 1, 2, 3, 4, 5, 6, 7, 8, 9, 10, 12, 22, 26, 27, 29, 30, 33, 38, 41, 42, 43, 
  44, 47, 49, 58, 60, 61, 63 ],
[ 1, 2, 3, 4, 5, 6, 7, 8, 9, 10, 12, 22, 26, 27, 29, 30, 33, 38, 41, 42, 44, 
  47, 49, 59, 60, 61, 63, 64 ],
[ 1, 2, 3, 4, 5, 6, 7, 8, 9, 10, 12, 22, 26, 27, 29, 30, 38, 41, 42, 43, 44, 
  47, 49, 53, 54, 58, 60, 61 ],
[ 1, 2, 3, 4, 5, 6, 7, 8, 9, 10, 12, 22, 26, 27, 29, 30, 38, 41, 42, 44, 47, 
  49, 53, 54, 59, 60, 61, 64 ],
[ 1, 2, 3, 4, 5, 6, 7, 8, 9, 10, 13, 14, 16, 18, 20, 22, 25, 32, 35, 37, 43, 
  49, 50, 51, 52, 53, 58, 63 ],
[ 1, 2, 3, 4, 5, 6, 7, 8, 9, 10, 13, 16, 18, 20, 22, 25, 32, 33, 35, 36, 43, 
  49, 50, 51, 52, 54, 56, 58 ],
[ 1, 2, 3, 4, 5, 6, 7, 8, 9, 10, 14, 16, 18, 20, 22, 25, 32, 33, 34, 37, 43, 
  49, 50, 51, 52, 54, 55, 58 ],
[ 1, 2, 3, 4, 5, 6, 7, 8, 9, 10, 15, 18, 20, 22, 23, 24, 26, 32, 33, 45, 47, 
  49, 50, 51, 52, 53, 58, 64 ],
[ 1, 2, 3, 4, 5, 6, 7, 8, 9, 10, 15, 18, 20, 22, 23, 26, 32, 33, 43, 45, 46, 
  49, 50, 51, 52, 53, 59, 61 ],
[ 1, 2, 3, 4, 5, 6, 7, 8, 9, 10, 15, 18, 20, 22, 24, 26, 32, 33, 43, 44, 47, 
  49, 50, 51, 52, 53, 59, 60 ],
[ 1, 2, 3, 4, 5, 6, 7, 8, 9, 10, 15, 18, 20, 22, 26, 32, 33, 44, 46, 49, 50, 
  51, 52, 53, 58, 60, 61, 64 ],
[ 1, 2, 3, 4, 5, 6, 7, 8, 9, 10, 16, 18, 20, 22, 25, 32, 34, 36, 43, 49, 50, 
  51, 52, 53, 55, 56, 58, 63 ],
[ 1, 2, 3, 4, 5, 6, 7, 8, 9, 12, 13, 14, 15, 22, 25, 27, 29, 30, 33, 41, 42, 
  50, 52, 53, 55, 56, 59, 64 ],
[ 1, 2, 3, 4, 5, 6, 7, 8, 9, 12, 13, 14, 15, 22, 25, 27, 29, 30, 41, 42, 43, 
  50, 52, 54, 55, 56, 58, 63 ],
[ 1, 2, 3, 4, 5, 6, 7, 8, 9, 12, 13, 14, 18, 20, 22, 25, 27, 29, 30, 38, 43, 
  50, 52, 53, 54, 55, 56, 58 ],
[ 1, 2, 3, 4, 5, 6, 7, 8, 9, 12, 13, 14, 22, 25, 27, 29, 30, 34, 36, 38, 41, 
  42, 43, 50, 52, 53, 54, 58 ],
[ 1, 2, 3, 4, 5, 6, 7, 8, 9, 12, 13, 15, 22, 25, 27, 29, 30, 33, 36, 37, 41, 
  42, 50, 52, 53, 55, 59, 64 ],
[ 1, 2, 3, 4, 5, 6, 7, 8, 9, 12, 13, 18, 20, 22, 25, 27, 29, 30, 33, 36, 37, 
  38, 43, 50, 52, 55, 58, 63 ],
[ 1, 2, 3, 4, 5, 6, 7, 8, 9, 12, 15, 18, 20, 22, 23, 24, 27, 29, 30, 33, 48, 
  50, 52, 53, 58, 59, 60, 61 ],
[ 1, 2, 3, 4, 5, 6, 7, 8, 9, 12, 22, 23, 24, 25, 27, 29, 30, 33, 38, 41, 42, 
  43, 44, 46, 50, 52, 58, 63 ],
[ 1, 2, 3, 4, 5, 6, 7, 8, 9, 12, 22, 23, 24, 25, 27, 29, 30, 38, 41, 42, 43, 
  44, 46, 50, 52, 53, 54, 58 ],
[ 1, 2, 3, 4, 5, 6, 7, 8, 9, 12, 22, 23, 25, 27, 29, 30, 33, 38, 41, 42, 44, 
  47, 50, 52, 59, 61, 63, 64 ],
[ 1, 2, 3, 4, 5, 6, 7, 8, 9, 12, 22, 23, 25, 27, 29, 30, 38, 41, 42, 44, 47, 
  50, 52, 53, 54, 59, 61, 64 ],
[ 1, 2, 3, 4, 5, 6, 7, 8, 11, 13, 14, 15, 22, 23, 24, 26, 27, 41, 42, 45, 47, 
  49, 54, 55, 56, 58, 63, 64 ],
[ 1, 2, 3, 4, 5, 6, 7, 8, 11, 13, 14, 15, 22, 23, 24, 26, 33, 41, 42, 45, 47, 
  50, 53, 55, 56, 58, 62, 64 ],
[ 1, 2, 3, 4, 5, 6, 7, 8, 11, 13, 14, 15, 22, 23, 26, 27, 41, 42, 43, 45, 46, 
  49, 54, 55, 56, 59, 61, 63 ],
[ 1, 2, 3, 4, 5, 6, 7, 8, 11, 13, 14, 15, 22, 23, 26, 33, 41, 42, 43, 45, 46, 
  50, 53, 55, 56, 59, 61, 62 ],
[ 1, 2, 3, 4, 5, 6, 7, 8, 11, 13, 14, 15, 22, 24, 26, 27, 41, 42, 43, 44, 47, 
  49, 54, 55, 56, 59, 60, 63 ],
[ 1, 2, 3, 4, 5, 6, 7, 8, 11, 13, 14, 15, 22, 24, 26, 33, 41, 42, 43, 44, 47, 
  50, 53, 55, 56, 59, 60, 62 ],
[ 1, 2, 3, 4, 5, 6, 7, 8, 11, 13, 14, 15, 22, 26, 27, 41, 42, 44, 46, 49, 54, 
  55, 56, 58, 60, 61, 63, 64 ],
[ 1, 2, 3, 4, 5, 6, 7, 8, 11, 13, 14, 15, 22, 26, 33, 41, 42, 44, 46, 50, 53, 
  55, 56, 58, 60, 61, 62, 64 ],
[ 1, 2, 3, 4, 5, 6, 7, 8, 11, 13, 14, 16, 18, 20, 22, 23, 24, 27, 35, 37, 48, 
  49, 53, 58, 59, 60, 61, 63 ],
[ 1, 2, 3, 4, 5, 6, 7, 8, 11, 13, 14, 16, 18, 20, 22, 23, 27, 35, 37, 43, 46, 
  47, 48, 49, 53, 60, 63, 64 ],
[ 1, 2, 3, 4, 5, 6, 7, 8, 11, 13, 14, 18, 20, 22, 23, 24, 26, 27, 38, 45, 47, 
  49, 53, 54, 55, 56, 58, 64 ],
[ 1, 2, 3, 4, 5, 6, 7, 8, 11, 13, 14, 18, 20, 22, 23, 26, 27, 38, 43, 45, 46, 
  49, 53, 54, 55, 56, 59, 61 ],
[ 1, 2, 3, 4, 5, 6, 7, 8, 13, 14, 16, 18, 20, 22, 23, 24, 25, 27, 32, 35, 37, 
  43, 53, 58, 60, 61, 62, 63 ],
[ 1, 2, 3, 4, 5, 6, 7, 8, 13, 14, 16, 18, 20, 22, 23, 25, 27, 32, 35, 37, 43, 
  46, 47, 53, 58, 60, 62, 63 ],
[ 1, 2, 3, 4, 5, 6, 7, 8, 13, 14, 16, 18, 20, 22, 23, 27, 32, 35, 37, 43, 44, 
  47, 48, 53, 61, 62, 63, 64 ],
[ 1, 2, 3, 4, 5, 6, 7, 8, 13, 14, 16, 18, 20, 22, 23, 27, 32, 35, 37, 44, 47, 
  48, 53, 58, 59, 61, 62, 63 ],
[ 1, 2, 3, 4, 5, 6, 8, 9, 10, 12, 13, 14, 15, 17, 18, 25, 26, 29, 31, 33, 34, 
  42, 48, 49, 56, 57, 62, 63 ],
[ 1, 2, 3, 4, 5, 6, 8, 9, 10, 12, 13, 14, 15, 17, 18, 25, 26, 29, 31, 34, 42, 
  48, 49, 53, 54, 56, 57, 62 ],
[ 1, 2, 3, 4, 5, 6, 8, 9, 10, 12, 13, 14, 15, 17, 18, 26, 29, 30, 31, 33, 34, 
  42, 44, 52, 56, 57, 60, 63 ],
[ 1, 2, 3, 4, 5, 6, 8, 9, 10, 12, 13, 14, 15, 17, 18, 26, 29, 30, 31, 34, 42, 
  44, 52, 53, 54, 56, 57, 60 ],
[ 1, 2, 3, 4, 5, 6, 8, 9, 10, 12, 13, 14, 15, 17, 19, 20, 23, 27, 34, 36, 37, 
  40, 48, 50, 51, 52, 56, 60 ],
[ 1, 2, 3, 4, 5, 6, 8, 9, 10, 12, 13, 14, 15, 17, 19, 20, 23, 34, 36, 37, 40, 
  48, 49, 51, 52, 56, 60, 62 ],
[ 1, 2, 3, 4, 5, 6, 8, 9, 10, 12, 13, 14, 15, 17, 19, 20, 27, 34, 36, 37, 40, 
  44, 45, 48, 50, 51, 52, 56 ],
[ 1, 2, 3, 4, 5, 6, 8, 9, 10, 12, 13, 14, 15, 17, 19, 20, 34, 36, 37, 40, 44, 
  45, 48, 49, 51, 52, 56, 62 ],
[ 1, 2, 3, 4, 5, 6, 8, 9, 10, 12, 13, 14, 15, 17, 20, 25, 26, 29, 31, 36, 41, 
  48, 49, 53, 54, 55, 57, 62 ],
[ 1, 2, 3, 4, 5, 6, 8, 9, 10, 12, 13, 14, 15, 17, 20, 26, 29, 30, 31, 36, 41, 
  44, 52, 53, 54, 55, 57, 60 ],
[ 1, 2, 3, 4, 5, 6, 8, 9, 10, 12, 13, 14, 15, 17, 25, 26, 29, 31, 39, 41, 42, 
  48, 49, 54, 55, 56, 62, 63 ],
[ 1, 2, 3, 4, 5, 6, 8, 9, 10, 12, 13, 14, 15, 17, 26, 29, 30, 31, 39, 41, 42, 
  44, 52, 54, 55, 56, 60, 63 ],
[ 1, 2, 3, 4, 5, 6, 8, 9, 10, 12, 13, 14, 15, 18, 20, 21, 23, 27, 33, 35, 36, 
  42, 48, 50, 51, 52, 54, 60 ],
[ 1, 2, 3, 4, 5, 6, 8, 9, 10, 12, 13, 14, 15, 18, 20, 21, 23, 27, 35, 36, 42, 
  48, 50, 51, 52, 53, 60, 63 ],
[ 1, 2, 3, 4, 5, 6, 8, 9, 10, 12, 13, 14, 15, 18, 20, 21, 27, 33, 35, 36, 42, 
  44, 45, 48, 50, 51, 52, 54 ],
[ 1, 2, 3, 4, 5, 6, 8, 9, 10, 12, 13, 14, 15, 18, 20, 21, 27, 35, 36, 42, 44, 
  45, 48, 50, 51, 52, 53, 63 ],
[ 1, 2, 3, 4, 5, 6, 8, 9, 10, 12, 13, 14, 15, 18, 25, 26, 29, 31, 33, 34, 39, 
  40, 42, 48, 49, 56, 62, 63 ],
[ 1, 2, 3, 4, 5, 6, 8, 9, 10, 12, 13, 14, 15, 18, 25, 26, 29, 31, 34, 39, 40, 
  42, 48, 49, 53, 54, 56, 62 ],
[ 1, 2, 3, 4, 5, 6, 8, 9, 10, 12, 13, 14, 15, 18, 26, 29, 30, 31, 33, 34, 39, 
  40, 42, 44, 52, 56, 60, 63 ],
[ 1, 2, 3, 4, 5, 6, 8, 9, 10, 12, 13, 14, 15, 18, 26, 29, 30, 31, 34, 39, 40, 
  42, 44, 52, 53, 54, 56, 60 ],
[ 1, 2, 3, 4, 5, 6, 8, 9, 10, 12, 13, 14, 15, 20, 25, 26, 29, 31, 33, 36, 39, 
  40, 41, 48, 49, 55, 62, 63 ],
[ 1, 2, 3, 4, 5, 6, 8, 9, 10, 12, 13, 14, 15, 20, 26, 29, 30, 31, 33, 36, 39, 
  40, 41, 44, 52, 55, 60, 63 ],
[ 1, 2, 3, 4, 5, 6, 8, 9, 10, 12, 13, 14, 15, 25, 26, 29, 31, 33, 40, 41, 42, 
  48, 49, 53, 55, 56, 57, 62 ],
[ 1, 2, 3, 4, 5, 6, 8, 9, 10, 12, 13, 14, 15, 26, 29, 30, 31, 33, 40, 41, 42, 
  44, 52, 53, 55, 56, 57, 60 ],
[ 1, 2, 3, 4, 5, 6, 8, 9, 10, 12, 13, 14, 16, 18, 20, 21, 23, 33, 34, 37, 42, 
  48, 49, 51, 52, 53, 60, 62 ],
[ 1, 2, 3, 4, 5, 6, 8, 9, 10, 12, 13, 14, 16, 18, 20, 21, 23, 34, 37, 42, 48, 
  49, 51, 52, 54, 60, 62, 63 ],
[ 1, 2, 3, 4, 5, 6, 8, 9, 10, 12, 13, 14, 16, 18, 20, 21, 33, 34, 37, 42, 44, 
  45, 48, 49, 51, 52, 53, 62 ],
[ 1, 2, 3, 4, 5, 6, 8, 9, 10, 12, 13, 14, 16, 18, 20, 21, 34, 37, 42, 44, 45, 
  48, 49, 51, 52, 54, 62, 63 ],
[ 1, 2, 3, 4, 5, 6, 8, 9, 10, 12, 13, 14, 17, 18, 20, 25, 26, 29, 31, 38, 39, 
  48, 49, 53, 54, 55, 56, 62 ],
[ 1, 2, 3, 4, 5, 6, 8, 9, 10, 12, 13, 14, 17, 18, 20, 26, 29, 30, 31, 38, 39, 
  44, 52, 53, 54, 55, 56, 60 ],
[ 1, 2, 3, 4, 5, 6, 8, 9, 10, 12, 13, 14, 17, 18, 20, 29, 31, 34, 35, 38, 39, 
  46, 47, 48, 49, 55, 56, 62 ],
[ 1, 2, 3, 4, 5, 6, 8, 9, 10, 12, 13, 14, 17, 18, 25, 26, 29, 31, 33, 36, 38, 
  42, 48, 49, 53, 55, 57, 62 ],
[ 1, 2, 3, 4, 5, 6, 8, 9, 10, 12, 13, 14, 17, 18, 25, 26, 29, 31, 36, 38, 42, 
  48, 49, 54, 55, 57, 62, 63 ],
[ 1, 2, 3, 4, 5, 6, 8, 9, 10, 12, 13, 14, 17, 18, 26, 29, 30, 31, 33, 36, 38, 
  42, 44, 52, 53, 55, 57, 60 ],
[ 1, 2, 3, 4, 5, 6, 8, 9, 10, 12, 13, 14, 17, 18, 26, 29, 30, 31, 36, 38, 42, 
  44, 52, 54, 55, 57, 60, 63 ],
[ 1, 2, 3, 4, 5, 6, 8, 9, 10, 12, 13, 14, 17, 26, 29, 30, 31, 33, 34, 36, 38, 
  39, 41, 42, 44, 52, 60, 63 ],
[ 1, 2, 3, 4, 5, 6, 8, 9, 10, 12, 13, 14, 17, 26, 29, 30, 31, 34, 36, 38, 39, 
  41, 42, 44, 52, 53, 54, 60 ],
[ 1, 2, 3, 4, 5, 6, 8, 9, 10, 12, 13, 14, 18, 25, 26, 29, 31, 33, 36, 38, 39, 
  40, 42, 48, 49, 53, 55, 62 ],
[ 1, 2, 3, 4, 5, 6, 8, 9, 10, 12, 13, 14, 18, 26, 29, 30, 31, 33, 36, 38, 39, 
  40, 42, 44, 52, 53, 55, 60 ],
[ 1, 2, 3, 4, 5, 6, 8, 9, 10, 12, 13, 14, 18, 26, 29, 30, 31, 36, 38, 39, 40, 
  42, 44, 52, 54, 55, 60, 63 ],
[ 1, 2, 3, 4, 5, 6, 8, 9, 10, 12, 13, 14, 20, 25, 26, 29, 31, 34, 38, 39, 40, 
  41, 48, 49, 54, 56, 62, 63 ],
[ 1, 2, 3, 4, 5, 6, 8, 9, 10, 12, 13, 14, 20, 26, 29, 30, 31, 34, 38, 39, 40, 
  41, 44, 52, 54, 56, 60, 63 ],
[ 1, 2, 3, 4, 5, 6, 8, 9, 10, 12, 13, 15, 16, 17, 18, 20, 29, 31, 33, 38, 39, 
  46, 47, 48, 49, 55, 62, 63 ],
[ 1, 2, 3, 4, 5, 6, 8, 9, 10, 12, 13, 15, 17, 18, 26, 29, 30, 31, 34, 36, 37, 
  42, 44, 52, 53, 54, 57, 60 ],
[ 1, 2, 3, 4, 5, 6, 8, 9, 10, 12, 13, 15, 17, 19, 20, 23, 24, 27, 34, 40, 46, 
  47, 48, 50, 51, 52, 60, 61 ],
[ 1, 2, 3, 4, 5, 6, 8, 9, 10, 12, 13, 15, 17, 19, 20, 23, 24, 34, 40, 46, 47, 
  48, 49, 51, 52, 60, 61, 62 ],
[ 1, 2, 3, 4, 5, 6, 8, 9, 10, 12, 13, 15, 17, 19, 20, 23, 27, 33, 34, 40, 48, 
  50, 51, 52, 53, 54, 60, 63 ],
[ 1, 2, 3, 4, 5, 6, 8, 9, 10, 12, 13, 15, 17, 19, 20, 23, 27, 34, 40, 43, 48, 
  50, 51, 52, 58, 59, 60, 64 ],
[ 1, 2, 3, 4, 5, 6, 8, 9, 10, 12, 13, 15, 17, 19, 20, 23, 33, 34, 40, 48, 49, 
  51, 52, 53, 54, 60, 62, 63 ],
[ 1, 2, 3, 4, 5, 6, 8, 9, 10, 12, 13, 15, 17, 19, 20, 23, 34, 40, 43, 48, 49, 
  51, 52, 58, 59, 60, 62, 64 ],
[ 1, 2, 3, 4, 5, 6, 8, 9, 10, 12, 13, 15, 17, 19, 20, 27, 33, 34, 40, 44, 45, 
  48, 50, 51, 52, 53, 54, 63 ],
[ 1, 2, 3, 4, 5, 6, 8, 9, 10, 12, 13, 15, 17, 19, 20, 33, 34, 40, 44, 45, 48, 
  49, 51, 52, 53, 54, 62, 63 ],
[ 1, 2, 3, 4, 5, 6, 8, 9, 10, 12, 13, 15, 17, 20, 25, 26, 29, 31, 37, 41, 48, 
  49, 53, 54, 55, 56, 57, 62 ],
[ 1, 2, 3, 4, 5, 6, 8, 9, 10, 12, 13, 15, 17, 20, 26, 29, 30, 31, 37, 41, 44, 
  52, 53, 54, 55, 56, 57, 60 ],
[ 1, 2, 3, 4, 5, 6, 8, 9, 10, 12, 13, 15, 17, 26, 29, 30, 31, 36, 37, 39, 41, 
  42, 44, 52, 54, 55, 60, 63 ],
[ 1, 2, 3, 4, 5, 6, 8, 9, 10, 12, 13, 15, 18, 20, 21, 23, 24, 27, 29, 34, 42, 
  47, 48, 52, 58, 60, 62, 64 ],
[ 1, 2, 3, 4, 5, 6, 8, 9, 10, 12, 13, 15, 18, 20, 21, 23, 24, 29, 31, 34, 42, 
  48, 49, 58, 59, 60, 61, 62 ],
[ 1, 2, 3, 4, 5, 6, 8, 9, 10, 12, 13, 15, 18, 20, 21, 23, 24, 29, 34, 42, 47, 
  48, 49, 50, 52, 58, 60, 64 ],
[ 1, 2, 3, 4, 5, 6, 8, 9, 10, 12, 13, 15, 18, 20, 21, 23, 27, 29, 34, 42, 43, 
  46, 48, 52, 59, 60, 61, 62 ],
[ 1, 2, 3, 4, 5, 6, 8, 9, 10, 12, 13, 15, 18, 20, 21, 23, 29, 31, 34, 42, 43, 
  46, 47, 48, 49, 60, 62, 64 ],
[ 1, 2, 3, 4, 5, 6, 8, 9, 10, 12, 13, 15, 18, 20, 21, 23, 29, 34, 42, 43, 46, 
  48, 49, 50, 52, 59, 60, 61 ],
[ 1, 2, 3, 4, 5, 6, 8, 9, 10, 12, 13, 15, 18, 20, 21, 24, 26, 27, 29, 34, 42, 
  43, 44, 52, 60, 61, 62, 64 ],
[ 1, 2, 3, 4, 5, 6, 8, 9, 10, 12, 13, 15, 18, 20, 21, 24, 26, 27, 29, 34, 42, 
  44, 52, 58, 59, 60, 61, 62 ],
[ 1, 2, 3, 4, 5, 6, 8, 9, 10, 12, 13, 15, 18, 20, 21, 24, 26, 29, 34, 42, 43, 
  44, 49, 50, 52, 60, 61, 64 ],
[ 1, 2, 3, 4, 5, 6, 8, 9, 10, 12, 13, 15, 18, 20, 21, 24, 26, 29, 34, 42, 44, 
  49, 50, 52, 58, 59, 60, 61 ],
[ 1, 2, 3, 4, 5, 6, 8, 9, 10, 12, 13, 15, 18, 20, 21, 24, 27, 29, 34, 42, 44, 
  45, 47, 48, 52, 58, 62, 64 ],
[ 1, 2, 3, 4, 5, 6, 8, 9, 10, 12, 13, 15, 18, 20, 21, 24, 29, 34, 42, 44, 45, 
  47, 48, 49, 50, 52, 58, 64 ],
[ 1, 2, 3, 4, 5, 6, 8, 9, 10, 12, 13, 15, 18, 20, 21, 26, 27, 29, 34, 42, 43, 
  44, 46, 47, 52, 60, 62, 64 ],
[ 1, 2, 3, 4, 5, 6, 8, 9, 10, 12, 13, 15, 18, 20, 21, 26, 27, 29, 34, 42, 44, 
  46, 47, 52, 58, 59, 60, 62 ],
[ 1, 2, 3, 4, 5, 6, 8, 9, 10, 12, 13, 15, 18, 20, 21, 26, 29, 34, 42, 43, 44, 
  46, 47, 49, 50, 52, 60, 64 ],
[ 1, 2, 3, 4, 5, 6, 8, 9, 10, 12, 13, 15, 18, 20, 21, 26, 29, 34, 42, 44, 46, 
  47, 49, 50, 52, 58, 59, 60 ],
[ 1, 2, 3, 4, 5, 6, 8, 9, 10, 12, 13, 15, 18, 20, 21, 27, 29, 34, 42, 43, 44, 
  45, 46, 48, 52, 59, 61, 62 ],
[ 1, 2, 3, 4, 5, 6, 8, 9, 10, 12, 13, 15, 18, 20, 21, 29, 34, 42, 43, 44, 45, 
  46, 48, 49, 50, 52, 59, 61 ],
[ 1, 2, 3, 4, 5, 6, 8, 9, 10, 12, 13, 15, 18, 26, 29, 30, 31, 33, 34, 36, 37, 
  39, 40, 42, 44, 52, 60, 63 ],
[ 1, 2, 3, 4, 5, 6, 8, 9, 10, 12, 13, 15, 20, 25, 26, 29, 31, 33, 37, 39, 40, 
  41, 48, 49, 55, 56, 62, 63 ],
[ 1, 2, 3, 4, 5, 6, 8, 9, 10, 12, 13, 15, 26, 29, 30, 31, 33, 36, 37, 40, 41, 
  42, 44, 52, 53, 55, 57, 60 ],
[ 1, 2, 3, 4, 5, 6, 8, 9, 10, 12, 13, 17, 18, 20, 25, 26, 29, 31, 33, 36, 37, 
  38, 39, 48, 49, 55, 62, 63 ],
[ 1, 2, 3, 4, 5, 6, 8, 9, 10, 12, 13, 17, 18, 20, 26, 29, 30, 31, 33, 36, 37, 
  38, 39, 44, 52, 55, 60, 63 ],
[ 1, 2, 3, 4, 5, 6, 8, 9, 10, 12, 13, 17, 18, 26, 29, 30, 31, 33, 37, 38, 42, 
  44, 52, 53, 55, 56, 57, 60 ],
[ 1, 2, 3, 4, 5, 6, 8, 9, 10, 12, 13, 17, 20, 25, 26, 29, 31, 34, 36, 37, 38, 
  41, 48, 49, 54, 57, 62, 63 ],
[ 1, 2, 3, 4, 5, 6, 8, 9, 10, 12, 13, 17, 20, 26, 29, 30, 31, 34, 36, 37, 38, 
  41, 44, 52, 54, 57, 60, 63 ],
[ 1, 2, 3, 4, 5, 6, 8, 9, 10, 12, 13, 18, 26, 29, 30, 31, 37, 38, 39, 40, 42, 
  44, 52, 54, 55, 56, 60, 63 ],
[ 1, 2, 3, 4, 5, 6, 8, 9, 10, 12, 13, 26, 29, 30, 31, 34, 37, 38, 40, 41, 42, 
  44, 52, 53, 54, 56, 57, 60 ],
[ 1, 2, 3, 4, 5, 6, 8, 9, 10, 12, 14, 15, 17, 18, 25, 26, 29, 31, 33, 35, 42, 
  48, 49, 55, 56, 57, 62, 63 ],
[ 1, 2, 3, 4, 5, 6, 8, 9, 10, 12, 14, 15, 17, 18, 26, 29, 30, 31, 33, 35, 42, 
  44, 52, 55, 56, 57, 60, 63 ],
[ 1, 2, 3, 4, 5, 6, 8, 9, 10, 12, 14, 15, 17, 26, 29, 30, 31, 34, 35, 39, 41, 
  42, 44, 52, 54, 56, 60, 63 ],
[ 1, 2, 3, 4, 5, 6, 8, 9, 10, 12, 14, 15, 18, 25, 26, 29, 31, 33, 35, 39, 40, 
  42, 48, 49, 55, 56, 62, 63 ],
[ 1, 2, 3, 4, 5, 6, 8, 9, 10, 12, 14, 15, 18, 25, 26, 29, 31, 35, 39, 40, 42, 
  48, 49, 53, 54, 55, 56, 62 ],
[ 1, 2, 3, 4, 5, 6, 8, 9, 10, 12, 14, 15, 18, 26, 29, 30, 31, 33, 35, 39, 40, 
  42, 44, 52, 55, 56, 60, 63 ],
[ 1, 2, 3, 4, 5, 6, 8, 9, 10, 12, 14, 15, 18, 26, 29, 30, 31, 35, 39, 40, 42, 
  44, 52, 53, 54, 55, 56, 60 ],
[ 1, 2, 3, 4, 5, 6, 8, 9, 10, 12, 14, 15, 20, 23, 24, 29, 31, 36, 39, 40, 41, 
  44, 45, 48, 49, 60, 61, 62 ],
[ 1, 2, 3, 4, 5, 6, 8, 9, 10, 12, 14, 15, 20, 23, 25, 26, 29, 31, 36, 39, 40, 
  41, 43, 48, 49, 60, 62, 64 ],
[ 1, 2, 3, 4, 5, 6, 8, 9, 10, 12, 14, 15, 26, 29, 30, 31, 33, 34, 35, 40, 41, 
  42, 44, 52, 53, 56, 57, 60 ],
[ 1, 2, 3, 4, 5, 6, 8, 9, 10, 12, 14, 17, 18, 20, 25, 26, 29, 31, 33, 34, 35, 
  38, 39, 48, 49, 56, 62, 63 ],
[ 1, 2, 3, 4, 5, 6, 8, 9, 10, 12, 14, 17, 18, 20, 26, 29, 30, 31, 33, 34, 35, 
  38, 39, 44, 52, 56, 60, 63 ],
[ 1, 2, 3, 4, 5, 6, 8, 9, 10, 12, 14, 17, 18, 26, 29, 30, 31, 33, 34, 35, 36, 
  38, 42, 44, 52, 53, 57, 60 ],
[ 1, 2, 3, 4, 5, 6, 8, 9, 10, 12, 14, 17, 18, 26, 29, 30, 31, 34, 35, 36, 38, 
  42, 44, 52, 54, 57, 60, 63 ],
[ 1, 2, 3, 4, 5, 6, 8, 9, 10, 12, 14, 18, 26, 29, 30, 31, 34, 35, 36, 38, 39, 
  40, 42, 44, 52, 54, 60, 63 ],
[ 1, 2, 3, 4, 5, 6, 8, 9, 10, 12, 14, 26, 29, 30, 31, 35, 36, 38, 40, 41, 42, 
  44, 52, 53, 54, 55, 57, 60 ],
[ 1, 2, 3, 4, 5, 6, 8, 9, 10, 12, 15, 16, 17, 18, 20, 23, 24, 27, 29, 38, 39, 
  47, 48, 52, 58, 60, 62, 64 ],
[ 1, 2, 3, 4, 5, 6, 8, 9, 10, 12, 15, 16, 17, 18, 20, 23, 24, 29, 31, 38, 39, 
  48, 49, 58, 59, 60, 61, 62 ],
[ 1, 2, 3, 4, 5, 6, 8, 9, 10, 12, 15, 16, 17, 18, 20, 23, 24, 29, 38, 39, 47, 
  48, 49, 50, 52, 58, 60, 64 ],
[ 1, 2, 3, 4, 5, 6, 8, 9, 10, 12, 15, 16, 17, 18, 20, 23, 29, 31, 38, 39, 43, 
  46, 47, 48, 49, 60, 62, 64 ],
[ 1, 2, 3, 4, 5, 6, 8, 9, 10, 12, 15, 16, 17, 18, 20, 24, 26, 27, 29, 38, 39, 
  43, 44, 52, 60, 61, 62, 64 ],
[ 1, 2, 3, 4, 5, 6, 8, 9, 10, 12, 15, 16, 17, 18, 20, 24, 26, 29, 38, 39, 43, 
  44, 49, 50, 52, 60, 61, 64 ],
[ 1, 2, 3, 4, 5, 6, 8, 9, 10, 12, 15, 18, 20, 21, 23, 24, 27, 29, 35, 42, 47, 
  48, 52, 55, 58, 60, 62, 64 ],
[ 1, 2, 3, 4, 5, 6, 8, 9, 10, 12, 15, 18, 20, 21, 23, 24, 29, 31, 35, 42, 48, 
  49, 55, 58, 59, 60, 61, 62 ],
[ 1, 2, 3, 4, 5, 6, 8, 9, 10, 12, 15, 18, 20, 21, 23, 24, 29, 35, 42, 47, 48, 
  49, 50, 52, 55, 58, 60, 64 ],
[ 1, 2, 3, 4, 5, 6, 8, 9, 10, 12, 15, 18, 20, 21, 23, 27, 29, 35, 42, 43, 46, 
  48, 52, 55, 59, 60, 61, 62 ],
[ 1, 2, 3, 4, 5, 6, 8, 9, 10, 12, 15, 18, 20, 21, 23, 29, 31, 35, 42, 43, 46, 
  47, 48, 49, 55, 60, 62, 64 ],
[ 1, 2, 3, 4, 5, 6, 8, 9, 10, 12, 15, 18, 20, 21, 23, 29, 35, 42, 43, 46, 48, 
  49, 50, 52, 55, 59, 60, 61 ],
[ 1, 2, 3, 4, 5, 6, 8, 9, 10, 12, 15, 18, 20, 21, 24, 26, 27, 29, 35, 42, 43, 
  44, 52, 55, 60, 61, 62, 64 ],
[ 1, 2, 3, 4, 5, 6, 8, 9, 10, 12, 15, 18, 20, 21, 24, 26, 27, 29, 35, 42, 44, 
  52, 55, 58, 59, 60, 61, 62 ],
[ 1, 2, 3, 4, 5, 6, 8, 9, 10, 12, 15, 18, 20, 21, 24, 26, 29, 35, 42, 43, 44, 
  49, 50, 52, 55, 60, 61, 64 ],
[ 1, 2, 3, 4, 5, 6, 8, 9, 10, 12, 15, 18, 20, 21, 24, 26, 29, 35, 42, 44, 49, 
  50, 52, 55, 58, 59, 60, 61 ],
[ 1, 2, 3, 4, 5, 6, 8, 9, 10, 12, 15, 18, 20, 21, 24, 27, 29, 35, 42, 44, 45, 
  47, 48, 52, 55, 58, 62, 64 ],
[ 1, 2, 3, 4, 5, 6, 8, 9, 10, 12, 15, 18, 20, 21, 24, 29, 35, 42, 44, 45, 47, 
  48, 49, 50, 52, 55, 58, 64 ],
[ 1, 2, 3, 4, 5, 6, 8, 9, 10, 12, 15, 18, 20, 21, 26, 27, 29, 35, 42, 43, 44, 
  46, 47, 52, 55, 60, 62, 64 ],
[ 1, 2, 3, 4, 5, 6, 8, 9, 10, 12, 15, 18, 20, 21, 26, 27, 29, 35, 42, 44, 46, 
  47, 52, 55, 58, 59, 60, 62 ],
[ 1, 2, 3, 4, 5, 6, 8, 9, 10, 12, 15, 18, 20, 21, 26, 29, 35, 42, 43, 44, 46, 
  47, 49, 50, 52, 55, 60, 64 ],
[ 1, 2, 3, 4, 5, 6, 8, 9, 10, 12, 15, 18, 20, 21, 26, 29, 35, 42, 44, 46, 47, 
  49, 50, 52, 55, 58, 59, 60 ],
[ 1, 2, 3, 4, 5, 6, 8, 9, 10, 12, 15, 18, 20, 21, 27, 29, 35, 42, 43, 44, 45, 
  46, 48, 52, 55, 59, 61, 62 ],
[ 1, 2, 3, 4, 5, 6, 8, 9, 10, 12, 15, 18, 20, 21, 29, 35, 42, 43, 44, 45, 46, 
  48, 49, 50, 52, 55, 59, 61 ],
[ 1, 2, 3, 4, 5, 6, 8, 9, 10, 12, 15, 18, 26, 29, 30, 31, 35, 36, 37, 39, 40, 
  42, 44, 52, 53, 54, 55, 60 ],
[ 1, 2, 3, 4, 5, 6, 8, 9, 10, 12, 17, 18, 20, 23, 24, 29, 31, 36, 37, 38, 39, 
  44, 45, 48, 49, 60, 61, 62 ],
[ 1, 2, 3, 4, 5, 6, 8, 9, 10, 12, 17, 18, 20, 25, 26, 29, 31, 34, 35, 36, 37, 
  38, 39, 48, 49, 53, 54, 62 ],
[ 1, 2, 3, 4, 5, 6, 8, 9, 10, 12, 17, 18, 20, 26, 29, 30, 31, 34, 35, 36, 37, 
  38, 39, 44, 52, 53, 54, 60 ],
[ 1, 2, 3, 4, 5, 6, 8, 9, 10, 12, 17, 26, 29, 30, 31, 35, 37, 38, 39, 41, 42, 
  44, 52, 53, 54, 55, 56, 60 ],
[ 1, 2, 3, 4, 5, 6, 8, 9, 10, 12, 23, 25, 26, 29, 31, 33, 38, 40, 41, 42, 44, 
  47, 48, 49, 57, 61, 62, 63 ],
[ 1, 2, 3, 4, 5, 6, 8, 9, 10, 12, 23, 25, 29, 31, 33, 38, 40, 41, 42, 43, 44, 
  45, 49, 57, 58, 60, 62, 63 ],
[ 1, 2, 3, 4, 5, 6, 8, 9, 10, 13, 14, 15, 17, 18, 21, 25, 26, 32, 34, 37, 40, 
  48, 49, 50, 51, 52, 53, 63 ],
[ 1, 2, 3, 4, 5, 6, 8, 9, 10, 13, 14, 15, 17, 18, 21, 28, 29, 32, 34, 37, 40, 
  46, 47, 48, 51, 52, 53, 63 ],
[ 1, 2, 3, 4, 5, 6, 8, 9, 10, 13, 14, 15, 18, 21, 28, 29, 32, 33, 34, 37, 39, 
  46, 47, 48, 51, 52, 54, 57 ],
[ 1, 2, 3, 4, 5, 6, 8, 9, 10, 13, 14, 15, 19, 20, 23, 27, 29, 31, 32, 34, 36, 
  37, 39, 48, 56, 57, 60, 62 ],
[ 1, 2, 3, 4, 5, 6, 8, 9, 10, 13, 14, 15, 19, 20, 23, 29, 31, 32, 34, 36, 37, 
  39, 48, 49, 50, 56, 57, 60 ],
[ 1, 2, 3, 4, 5, 6, 8, 9, 10, 13, 14, 15, 19, 20, 27, 29, 31, 32, 34, 36, 37, 
  39, 44, 45, 48, 56, 57, 62 ],
[ 1, 2, 3, 4, 5, 6, 8, 9, 10, 13, 14, 15, 19, 20, 29, 31, 32, 34, 36, 37, 39, 
  44, 45, 48, 49, 50, 56, 57 ],
[ 1, 2, 3, 4, 5, 6, 8, 9, 10, 13, 14, 16, 17, 18, 20, 25, 26, 32, 35, 37, 39, 
  48, 49, 50, 51, 52, 53, 63 ],
[ 1, 2, 3, 4, 5, 6, 8, 9, 10, 13, 14, 16, 17, 18, 20, 28, 29, 32, 35, 37, 39, 
  46, 47, 48, 51, 52, 53, 63 ],
[ 1, 2, 3, 4, 5, 6, 8, 9, 10, 13, 14, 16, 18, 20, 21, 23, 29, 31, 32, 33, 34, 
  37, 42, 48, 49, 50, 53, 60 ],
[ 1, 2, 3, 4, 5, 6, 8, 9, 10, 13, 14, 16, 18, 20, 21, 23, 29, 31, 32, 34, 37, 
  42, 48, 49, 50, 54, 60, 63 ],
[ 1, 2, 3, 4, 5, 6, 8, 9, 10, 13, 14, 16, 18, 20, 21, 29, 31, 32, 33, 34, 37, 
  42, 44, 45, 48, 49, 50, 53 ],
[ 1, 2, 3, 4, 5, 6, 8, 9, 10, 13, 14, 16, 18, 20, 21, 29, 31, 32, 34, 37, 42, 
  44, 45, 48, 49, 50, 54, 63 ],
[ 1, 2, 3, 4, 5, 6, 8, 9, 10, 13, 14, 16, 18, 21, 25, 26, 32, 33, 35, 36, 39, 
  48, 49, 50, 51, 52, 53, 57 ],
[ 1, 2, 3, 4, 5, 6, 8, 9, 10, 13, 14, 16, 18, 21, 25, 26, 32, 35, 36, 39, 48, 
  49, 50, 51, 52, 54, 57, 63 ],
[ 1, 2, 3, 4, 5, 6, 8, 9, 10, 13, 14, 16, 18, 21, 28, 29, 32, 35, 36, 39, 46, 
  47, 48, 51, 52, 54, 57, 63 ],
[ 1, 2, 3, 4, 5, 6, 8, 9, 10, 13, 15, 17, 18, 21, 28, 29, 32, 33, 34, 36, 40, 
  46, 47, 48, 51, 52, 54, 56 ],
[ 1, 2, 3, 4, 5, 6, 8, 9, 10, 13, 15, 17, 19, 20, 23, 24, 30, 31, 32, 34, 40, 
  45, 47, 48, 51, 52, 58, 59 ],
[ 1, 2, 3, 4, 5, 6, 8, 9, 10, 13, 15, 17, 19, 20, 23, 26, 30, 31, 32, 34, 40, 
  46, 47, 51, 52, 58, 60, 64 ],
[ 1, 2, 3, 4, 5, 6, 8, 9, 10, 13, 15, 18, 20, 21, 23, 24, 26, 32, 34, 42, 45, 
  47, 49, 50, 51, 52, 58, 64 ],
[ 1, 2, 3, 4, 5, 6, 8, 9, 10, 13, 15, 18, 20, 21, 23, 26, 32, 34, 42, 43, 45, 
  46, 49, 50, 51, 52, 59, 61 ],
[ 1, 2, 3, 4, 5, 6, 8, 9, 10, 13, 15, 18, 20, 21, 24, 26, 32, 34, 42, 43, 44, 
  47, 49, 50, 51, 52, 59, 60 ],
[ 1, 2, 3, 4, 5, 6, 8, 9, 10, 13, 15, 18, 20, 21, 26, 32, 34, 42, 44, 46, 49, 
  50, 51, 52, 58, 60, 61, 64 ],
[ 1, 2, 3, 4, 5, 6, 8, 9, 10, 13, 15, 18, 21, 28, 29, 32, 34, 36, 39, 46, 47, 
  48, 51, 52, 53, 56, 57, 63 ],
[ 1, 2, 3, 4, 5, 6, 8, 9, 10, 13, 15, 19, 20, 23, 29, 31, 32, 33, 34, 39, 48, 
  49, 50, 53, 54, 57, 60, 63 ],
[ 1, 2, 3, 4, 5, 6, 8, 9, 10, 13, 15, 19, 20, 29, 31, 32, 33, 34, 39, 44, 45, 
  48, 49, 50, 53, 54, 57, 63 ],
[ 1, 2, 3, 4, 5, 6, 8, 9, 10, 13, 16, 17, 18, 20, 23, 30, 31, 32, 33, 35, 36, 
  39, 48, 51, 52, 54, 56, 60 ],
[ 1, 2, 3, 4, 5, 6, 8, 9, 10, 13, 16, 17, 18, 20, 25, 26, 32, 33, 35, 36, 39, 
  48, 49, 50, 51, 52, 54, 56 ],
[ 1, 2, 3, 4, 5, 6, 8, 9, 10, 13, 16, 17, 18, 20, 28, 29, 32, 33, 35, 36, 39, 
  46, 47, 48, 51, 52, 54, 56 ],
[ 1, 2, 3, 4, 5, 6, 8, 9, 10, 13, 16, 17, 18, 20, 30, 31, 32, 33, 35, 36, 39, 
  44, 45, 48, 51, 52, 54, 56 ],
[ 1, 2, 3, 4, 5, 6, 8, 9, 10, 14, 15, 17, 18, 21, 25, 26, 32, 35, 37, 40, 48, 
  49, 50, 51, 52, 53, 55, 63 ],
[ 1, 2, 3, 4, 5, 6, 8, 9, 10, 14, 15, 17, 18, 21, 28, 29, 32, 35, 37, 40, 46, 
  47, 48, 51, 52, 53, 55, 63 ],
[ 1, 2, 3, 4, 5, 6, 8, 9, 10, 14, 15, 20, 23, 26, 28, 29, 32, 36, 39, 40, 41, 
  43, 45, 46, 51, 52, 59, 61 ],
[ 1, 2, 3, 4, 5, 6, 8, 9, 10, 14, 16, 17, 18, 20, 23, 30, 31, 32, 33, 34, 37, 
  39, 48, 51, 52, 54, 55, 60 ],
[ 1, 2, 3, 4, 5, 6, 8, 9, 10, 14, 16, 17, 18, 20, 30, 31, 32, 33, 34, 37, 39, 
  44, 45, 48, 51, 52, 54, 55 ],
[ 1, 2, 3, 4, 5, 6, 8, 9, 10, 15, 16, 17, 18, 20, 23, 24, 26, 32, 38, 39, 45, 
  47, 49, 50, 51, 52, 58, 64 ],
[ 1, 2, 3, 4, 5, 6, 8, 9, 10, 15, 16, 17, 18, 20, 23, 26, 32, 38, 39, 43, 45, 
  46, 49, 50, 51, 52, 59, 61 ],
[ 1, 2, 3, 4, 5, 6, 8, 9, 10, 15, 16, 17, 18, 20, 24, 26, 32, 38, 39, 43, 44, 
  47, 49, 50, 51, 52, 59, 60 ],
[ 1, 2, 3, 4, 5, 6, 8, 9, 10, 15, 16, 17, 18, 20, 26, 32, 38, 39, 44, 46, 49, 
  50, 51, 52, 58, 60, 61, 64 ],
[ 1, 2, 3, 4, 5, 6, 8, 9, 10, 15, 18, 20, 21, 23, 24, 26, 32, 35, 42, 45, 47, 
  49, 50, 51, 52, 55, 58, 64 ],
[ 1, 2, 3, 4, 5, 6, 8, 9, 10, 15, 18, 20, 21, 23, 26, 32, 35, 42, 43, 45, 46, 
  49, 50, 51, 52, 55, 59, 61 ],
[ 1, 2, 3, 4, 5, 6, 8, 9, 10, 15, 18, 20, 21, 24, 26, 32, 35, 42, 43, 44, 47, 
  49, 50, 51, 52, 55, 59, 60 ],
[ 1, 2, 3, 4, 5, 6, 8, 9, 10, 15, 18, 20, 21, 26, 32, 35, 42, 44, 46, 49, 50, 
  51, 52, 55, 58, 60, 61, 64 ],
[ 1, 2, 3, 4, 5, 6, 8, 9, 10, 16, 17, 18, 20, 25, 26, 32, 34, 36, 39, 48, 49, 
  50, 51, 52, 53, 55, 56, 63 ],
[ 1, 2, 3, 4, 5, 6, 8, 9, 10, 17, 18, 20, 23, 24, 26, 28, 29, 32, 36, 37, 38, 
  39, 45, 47, 51, 52, 58, 64 ],
[ 1, 2, 3, 4, 5, 6, 8, 9, 10, 17, 18, 20, 23, 26, 28, 29, 32, 36, 37, 38, 39, 
  43, 45, 46, 51, 52, 59, 61 ],
[ 1, 2, 3, 4, 5, 6, 8, 9, 11, 12, 13, 14, 15, 17, 18, 21, 27, 32, 34, 37, 40, 
  46, 47, 48, 51, 53, 62, 63 ],
[ 1, 2, 3, 4, 5, 6, 8, 9, 11, 12, 13, 14, 15, 18, 21, 27, 32, 33, 34, 37, 39, 
  46, 47, 48, 51, 54, 57, 62 ],
[ 1, 2, 3, 4, 5, 6, 8, 9, 11, 12, 13, 14, 16, 18, 21, 27, 32, 35, 36, 39, 46, 
  47, 48, 51, 54, 57, 62, 63 ],
[ 1, 2, 3, 4, 5, 6, 8, 9, 11, 12, 13, 16, 18, 21, 27, 32, 33, 35, 37, 39, 46, 
  47, 48, 51, 53, 56, 57, 62 ],
[ 1, 2, 3, 4, 5, 6, 8, 9, 11, 12, 14, 15, 17, 18, 21, 27, 32, 35, 37, 40, 46, 
  47, 48, 51, 53, 55, 62, 63 ],
[ 1, 2, 3, 4, 5, 6, 8, 9, 11, 12, 14, 15, 20, 23, 26, 27, 32, 36, 39, 40, 41, 
  43, 45, 46, 51, 59, 61, 62 ],
[ 1, 2, 3, 4, 5, 6, 8, 9, 11, 12, 15, 17, 18, 21, 27, 32, 33, 35, 36, 40, 46, 
  47, 48, 51, 54, 55, 56, 62 ],
[ 1, 2, 3, 4, 5, 6, 8, 9, 11, 12, 23, 24, 26, 28, 31, 32, 33, 38, 40, 41, 42, 
  45, 47, 52, 57, 58, 63, 64 ],
[ 1, 2, 3, 4, 5, 6, 8, 9, 11, 12, 23, 24, 26, 28, 31, 32, 38, 40, 41, 42, 45, 
  47, 52, 53, 54, 57, 58, 64 ],
[ 1, 2, 3, 4, 5, 6, 8, 9, 12, 13, 14, 15, 17, 18, 26, 27, 29, 34, 42, 44, 49, 
  50, 53, 54, 56, 57, 60, 62 ],
[ 1, 2, 3, 4, 5, 6, 8, 9, 12, 13, 14, 15, 18, 24, 26, 29, 33, 34, 39, 40, 42, 
  44, 46, 47, 56, 60, 61, 63 ],
[ 1, 2, 3, 4, 5, 6, 8, 9, 12, 13, 14, 15, 18, 24, 26, 29, 34, 39, 40, 42, 44, 
  46, 47, 53, 54, 56, 60, 61 ],
[ 1, 2, 3, 4, 5, 6, 8, 9, 12, 13, 14, 15, 18, 26, 27, 29, 34, 39, 40, 42, 44, 
  49, 50, 53, 54, 56, 60, 62 ],
[ 1, 2, 3, 4, 5, 6, 8, 9, 12, 13, 14, 17, 18, 20, 24, 25, 26, 29, 38, 39, 47, 
  48, 53, 54, 55, 56, 58, 64 ],
[ 1, 2, 3, 4, 5, 6, 8, 9, 12, 13, 14, 17, 18, 20, 24, 26, 29, 38, 39, 44, 46, 
  47, 53, 54, 55, 56, 60, 61 ],
[ 1, 2, 3, 4, 5, 6, 8, 9, 12, 13, 14, 17, 18, 20, 25, 26, 27, 29, 30, 38, 39, 
  48, 50, 52, 53, 54, 55, 56 ],
[ 1, 2, 3, 4, 5, 6, 8, 9, 12, 13, 14, 17, 18, 20, 27, 29, 30, 34, 35, 38, 39, 
  46, 47, 48, 50, 52, 55, 56 ],
[ 1, 2, 3, 4, 5, 6, 8, 9, 12, 13, 14, 17, 18, 26, 29, 33, 36, 38, 42, 43, 44, 
  53, 55, 57, 58, 59, 60, 64 ],
[ 1, 2, 3, 4, 5, 6, 8, 9, 12, 13, 15, 16, 17, 18, 20, 27, 29, 30, 33, 38, 39, 
  46, 47, 48, 50, 52, 55, 63 ],
[ 1, 2, 3, 4, 5, 6, 8, 9, 12, 13, 17, 18, 20, 24, 25, 26, 29, 33, 36, 37, 38, 
  39, 47, 48, 55, 58, 63, 64 ],
[ 1, 2, 3, 4, 5, 6, 8, 9, 12, 13, 17, 18, 20, 24, 26, 29, 33, 36, 37, 38, 39, 
  44, 46, 47, 55, 60, 61, 63 ],
[ 1, 2, 3, 4, 5, 6, 8, 9, 12, 14, 15, 18, 24, 25, 26, 29, 35, 39, 40, 42, 47, 
  48, 53, 54, 55, 56, 58, 64 ],
[ 1, 2, 3, 4, 5, 6, 8, 9, 12, 14, 17, 18, 20, 25, 26, 27, 29, 30, 33, 34, 35, 
  38, 39, 48, 50, 52, 56, 63 ],
[ 1, 2, 3, 4, 5, 6, 8, 9, 12, 14, 17, 18, 20, 26, 29, 33, 34, 35, 38, 39, 43, 
  44, 56, 58, 59, 60, 63, 64 ],
[ 1, 2, 3, 4, 5, 6, 8, 9, 12, 14, 17, 18, 26, 27, 29, 33, 34, 35, 36, 38, 42, 
  44, 49, 50, 53, 57, 60, 62 ],
[ 1, 2, 3, 4, 5, 6, 8, 9, 12, 15, 16, 17, 18, 20, 23, 24, 27, 29, 30, 38, 39, 
  48, 50, 52, 58, 59, 60, 61 ],
[ 1, 2, 3, 4, 5, 6, 8, 9, 12, 17, 18, 20, 23, 24, 27, 29, 30, 36, 37, 38, 39, 
  44, 45, 48, 50, 52, 60, 61 ],
[ 1, 2, 3, 4, 5, 6, 8, 9, 12, 17, 18, 20, 26, 29, 34, 35, 36, 37, 38, 39, 43, 
  44, 53, 54, 58, 59, 60, 64 ],
[ 1, 2, 3, 4, 5, 6, 8, 10, 12, 15, 16, 17, 18, 20, 23, 24, 27, 28, 31, 38, 
  39, 48, 50, 51, 58, 59, 60, 61 ],
[ 1, 2, 3, 4, 5, 6, 8, 10, 12, 17, 18, 20, 23, 24, 27, 28, 31, 36, 37, 38, 
  39, 44, 45, 48, 50, 51, 60, 61 ],
[ 1, 2, 3, 4, 5, 6, 8, 10, 13, 14, 16, 17, 18, 20, 25, 26, 27, 28, 29, 32, 
  35, 37, 39, 48, 52, 53, 62, 63 ],
[ 1, 2, 3, 4, 5, 6, 8, 11, 12, 13, 14, 17, 18, 20, 23, 24, 26, 32, 38, 39, 
  45, 47, 53, 54, 55, 56, 58, 64 ],
[ 1, 2, 3, 4, 5, 6, 8, 11, 12, 13, 14, 17, 18, 20, 23, 26, 32, 38, 39, 43, 
  45, 46, 53, 54, 55, 56, 59, 61 ],
[ 1, 2, 3, 4, 5, 6, 8, 11, 12, 13, 14, 17, 18, 20, 24, 26, 32, 38, 39, 43, 
  44, 47, 53, 54, 55, 56, 59, 60 ],
[ 1, 2, 3, 4, 5, 6, 8, 12, 17, 18, 20, 23, 24, 28, 30, 36, 37, 38, 39, 44, 
  45, 48, 49, 51, 52, 60, 61, 62 ],
[ 1, 2, 3, 4, 5, 6, 8, 13, 14, 16, 17, 18, 20, 23, 24, 30, 31, 32, 35, 37, 
  39, 44, 45, 48, 53, 60, 61, 63 ],
[ 1, 2, 3, 4, 5, 6, 8, 13, 14, 16, 17, 18, 20, 23, 25, 26, 30, 31, 32, 35, 
  37, 39, 43, 48, 53, 60, 63, 64 ],
[ 1, 2, 3, 4, 5, 6, 8, 13, 14, 17, 18, 20, 23, 24, 26, 30, 31, 32, 34, 35, 
  38, 39, 45, 47, 55, 56, 58, 64 ],
[ 1, 2, 3, 4, 5, 6, 8, 13, 14, 17, 18, 20, 23, 26, 30, 31, 32, 34, 35, 38, 
  39, 43, 45, 46, 55, 56, 59, 61 ],
[ 1, 2, 3, 4, 5, 6, 8, 13, 16, 17, 18, 20, 23, 24, 30, 31, 32, 33, 35, 36, 
  39, 44, 45, 48, 54, 56, 60, 61 ],
[ 1, 2, 3, 4, 5, 6, 8, 13, 16, 17, 18, 20, 23, 25, 26, 30, 31, 32, 33, 35, 
  36, 39, 43, 48, 54, 56, 60, 64 ]
];

