## Group: [64, 194]
## Difference Sets: 476
## Time:  4:09:57.932

return [
[ 1, 2, 3, 4, 5, 6, 7, 8, 9, 10, 11, 12, 13, 14, 16, 17, 28, 32, 36, 40, 52, 
  53, 55, 57, 59, 60, 61, 63 ],
[ 1, 2, 3, 4, 5, 6, 7, 8, 9, 10, 11, 12, 13, 14, 16, 17, 28, 36, 38, 40, 51, 
  53, 56, 57, 59, 60, 61, 62 ],
[ 1, 2, 3, 4, 5, 6, 7, 8, 9, 10, 11, 12, 13, 14, 16, 18, 22, 27, 36, 42, 50, 
  53, 55, 59, 60, 61, 62, 63 ],
[ 1, 2, 3, 4, 5, 6, 7, 8, 9, 10, 11, 12, 13, 14, 16, 18, 30, 33, 38, 41, 52, 
  53, 54, 57, 59, 60, 61, 62 ],
[ 1, 2, 3, 4, 5, 6, 7, 8, 9, 10, 11, 12, 13, 14, 17, 19, 30, 34, 37, 38, 41, 
  48, 52, 53, 59, 62, 63, 64 ],
[ 1, 2, 3, 4, 5, 6, 7, 8, 9, 10, 11, 12, 13, 14, 17, 19, 30, 34, 37, 41, 52, 
  53, 55, 56, 59, 60, 61, 62 ],
[ 1, 2, 3, 4, 5, 6, 7, 8, 9, 10, 11, 12, 13, 14, 17, 28, 32, 35, 36, 38, 40, 
  47, 52, 53, 57, 60, 63, 64 ],
[ 1, 2, 3, 4, 5, 6, 7, 8, 9, 10, 11, 12, 13, 14, 17, 28, 35, 36, 38, 40, 47, 
  48, 51, 53, 57, 61, 62, 63 ],
[ 1, 2, 3, 4, 5, 6, 7, 8, 9, 10, 11, 12, 13, 14, 18, 21, 22, 36, 38, 39, 45, 
  50, 55, 57, 58, 59, 61, 64 ],
[ 1, 2, 3, 4, 5, 6, 7, 8, 9, 10, 11, 12, 13, 14, 18, 21, 22, 36, 39, 45, 48, 
  50, 56, 57, 58, 59, 60, 63 ],
[ 1, 2, 3, 4, 5, 6, 7, 8, 9, 10, 11, 12, 13, 14, 18, 22, 27, 35, 36, 38, 42, 
  47, 50, 53, 60, 62, 63, 64 ],
[ 1, 2, 3, 4, 5, 6, 7, 8, 9, 10, 11, 12, 13, 14, 18, 26, 30, 41, 43, 48, 52, 
  54, 57, 58, 59, 60, 61, 62 ],
[ 1, 2, 3, 4, 5, 6, 7, 8, 9, 10, 11, 12, 13, 14, 18, 27, 31, 35, 36, 38, 41, 
  48, 52, 53, 57, 59, 63, 64 ],
[ 1, 2, 3, 4, 5, 6, 7, 8, 9, 10, 11, 12, 13, 14, 18, 27, 31, 35, 36, 41, 52, 
  53, 55, 56, 57, 59, 60, 61 ],
[ 1, 2, 3, 4, 5, 6, 7, 8, 9, 10, 11, 12, 13, 14, 18, 30, 33, 35, 37, 38, 41, 
  48, 52, 53, 57, 59, 62, 64 ],
[ 1, 2, 3, 4, 5, 6, 7, 8, 9, 10, 11, 12, 13, 14, 28, 31, 32, 36, 38, 40, 45, 
  49, 55, 58, 59, 61, 62, 64 ],
[ 1, 2, 3, 4, 5, 6, 7, 8, 9, 10, 11, 12, 13, 14, 28, 31, 32, 36, 40, 45, 48, 
  49, 56, 58, 59, 60, 62, 63 ],
[ 1, 2, 3, 4, 5, 6, 7, 8, 9, 10, 11, 12, 13, 15, 17, 19, 30, 33, 37, 38, 41, 
  47, 52, 53, 60, 62, 63, 64 ],
[ 1, 2, 3, 4, 5, 6, 7, 8, 9, 10, 11, 12, 13, 15, 17, 19, 30, 33, 38, 41, 52, 
  53, 54, 56, 59, 60, 61, 62 ],
[ 1, 2, 3, 4, 5, 6, 7, 8, 9, 10, 11, 12, 13, 15, 17, 24, 29, 32, 37, 49, 52, 
  55, 56, 58, 59, 60, 62, 64 ],
[ 1, 2, 3, 4, 5, 6, 7, 8, 9, 10, 11, 12, 13, 15, 17, 24, 29, 32, 47, 49, 52, 
  54, 55, 58, 60, 61, 62, 63 ],
[ 1, 2, 3, 4, 5, 6, 7, 8, 9, 10, 11, 12, 13, 15, 17, 29, 30, 37, 38, 43, 47, 
  51, 52, 58, 60, 62, 63, 64 ],
[ 1, 2, 3, 4, 5, 6, 7, 8, 9, 10, 11, 12, 13, 15, 17, 29, 30, 38, 43, 51, 52, 
  54, 56, 58, 59, 60, 61, 62 ],
[ 1, 2, 3, 4, 5, 6, 7, 8, 9, 10, 11, 12, 13, 15, 17, 31, 32, 37, 45, 46, 49, 
  51, 55, 56, 58, 59, 62, 64 ],
[ 1, 2, 3, 4, 5, 6, 7, 8, 9, 10, 11, 12, 13, 15, 17, 31, 32, 45, 46, 47, 49, 
  51, 54, 55, 58, 61, 62, 63 ],
[ 1, 2, 3, 4, 5, 6, 7, 8, 9, 10, 11, 12, 13, 15, 19, 20, 27, 37, 38, 41, 42, 
  43, 47, 57, 58, 60, 63, 64 ],
[ 1, 2, 3, 4, 5, 6, 7, 8, 9, 10, 11, 12, 13, 15, 19, 20, 27, 38, 41, 42, 43, 
  54, 56, 57, 58, 59, 60, 61 ],
[ 1, 2, 3, 4, 5, 6, 7, 8, 9, 10, 11, 12, 13, 15, 19, 22, 24, 27, 37, 39, 42, 
  55, 56, 57, 58, 59, 60, 64 ],
[ 1, 2, 3, 4, 5, 6, 7, 8, 9, 10, 11, 12, 13, 15, 19, 22, 24, 27, 39, 42, 47, 
  54, 55, 57, 58, 60, 61, 63 ],
[ 1, 2, 3, 4, 5, 6, 7, 8, 9, 10, 11, 12, 13, 15, 20, 27, 29, 33, 37, 38, 42, 
  47, 51, 53, 57, 60, 63, 64 ],
[ 1, 2, 3, 4, 5, 6, 7, 8, 9, 10, 11, 12, 13, 15, 20, 27, 29, 33, 38, 42, 51, 
  53, 54, 56, 57, 59, 60, 61 ],
[ 1, 2, 3, 4, 5, 6, 7, 8, 9, 10, 11, 12, 13, 15, 21, 22, 27, 37, 39, 41, 45, 
  46, 55, 56, 57, 58, 59, 64 ],
[ 1, 2, 3, 4, 5, 6, 7, 8, 9, 10, 11, 12, 13, 16, 17, 20, 22, 34, 36, 41, 47, 
  50, 56, 57, 58, 59, 60, 64 ],
[ 1, 2, 3, 4, 5, 6, 7, 8, 9, 10, 11, 12, 13, 16, 17, 20, 22, 34, 41, 46, 47, 
  50, 53, 57, 59, 60, 61, 63 ],
[ 1, 2, 3, 4, 5, 6, 7, 8, 9, 10, 11, 12, 13, 16, 17, 24, 28, 32, 36, 50, 52, 
  55, 56, 58, 59, 60, 62, 64 ],
[ 1, 2, 3, 4, 5, 6, 7, 8, 9, 10, 11, 12, 13, 16, 17, 24, 28, 32, 46, 50, 52, 
  53, 55, 59, 60, 61, 62, 63 ],
[ 1, 2, 3, 4, 5, 6, 7, 8, 9, 10, 11, 12, 13, 16, 17, 24, 30, 34, 38, 40, 52, 
  54, 55, 56, 57, 58, 60, 62 ],
[ 1, 2, 3, 4, 5, 6, 7, 8, 9, 10, 11, 12, 13, 16, 17, 28, 31, 38, 43, 51, 52, 
  53, 56, 58, 59, 60, 61, 62 ],
[ 1, 2, 3, 4, 5, 6, 7, 8, 9, 10, 11, 12, 13, 16, 17, 30, 32, 33, 34, 36, 40, 
  47, 51, 56, 57, 60, 63, 64 ],
[ 1, 2, 3, 4, 5, 6, 7, 8, 9, 10, 11, 12, 13, 16, 17, 30, 32, 34, 36, 37, 40, 
  51, 53, 57, 59, 60, 61, 63 ],
[ 1, 2, 3, 4, 5, 6, 7, 8, 9, 10, 11, 12, 13, 16, 17, 30, 32, 34, 36, 40, 47, 
  51, 53, 54, 56, 57, 60, 64 ],
[ 1, 2, 3, 4, 5, 6, 7, 8, 9, 10, 11, 12, 13, 16, 17, 30, 32, 36, 44, 47, 50, 
  51, 55, 56, 58, 59, 62, 64 ],
[ 1, 2, 3, 4, 5, 6, 7, 8, 9, 10, 11, 12, 13, 16, 17, 30, 32, 37, 40, 44, 46, 
  51, 53, 55, 56, 57, 59, 63 ],
[ 1, 2, 3, 4, 5, 6, 7, 8, 9, 10, 11, 12, 13, 16, 17, 30, 32, 44, 46, 47, 50, 
  51, 53, 55, 59, 61, 62, 63 ],
[ 1, 2, 3, 4, 5, 6, 7, 8, 9, 10, 11, 12, 13, 16, 18, 20, 21, 36, 38, 41, 43, 
  50, 53, 57, 59, 60, 61, 64 ],
[ 1, 2, 3, 4, 5, 6, 7, 8, 9, 10, 11, 12, 13, 16, 18, 20, 21, 38, 41, 43, 46, 
  50, 56, 57, 58, 59, 60, 63 ],
[ 1, 2, 3, 4, 5, 6, 7, 8, 9, 10, 11, 12, 13, 16, 18, 21, 27, 38, 41, 42, 43, 
  53, 56, 57, 58, 59, 60, 61 ],
[ 1, 2, 3, 4, 5, 6, 7, 8, 9, 10, 11, 12, 13, 16, 18, 22, 24, 27, 36, 40, 42, 
  55, 56, 57, 58, 59, 60, 64 ],
[ 1, 2, 3, 4, 5, 6, 7, 8, 9, 10, 11, 12, 13, 16, 18, 22, 24, 27, 40, 42, 46, 
  53, 55, 57, 59, 60, 61, 63 ],
[ 1, 2, 3, 4, 5, 6, 7, 8, 9, 10, 11, 12, 13, 16, 18, 30, 31, 33, 36, 41, 48, 
  50, 53, 55, 56, 57, 59, 64 ],
[ 1, 2, 3, 4, 5, 6, 7, 8, 9, 10, 11, 12, 13, 16, 18, 30, 31, 36, 41, 43, 48, 
  50, 54, 55, 56, 57, 58, 63 ],
[ 1, 2, 3, 4, 5, 6, 7, 8, 9, 10, 11, 12, 13, 16, 20, 21, 28, 33, 36, 40, 48, 
  51, 53, 55, 56, 59, 62, 64 ],
[ 1, 2, 3, 4, 5, 6, 7, 8, 9, 10, 11, 12, 13, 16, 20, 21, 28, 36, 40, 43, 48, 
  51, 54, 55, 56, 58, 62, 63 ],
[ 1, 2, 3, 4, 5, 6, 7, 8, 9, 10, 11, 12, 13, 16, 20, 22, 27, 33, 34, 36, 41, 
  47, 50, 56, 60, 62, 63, 64 ],
[ 1, 2, 3, 4, 5, 6, 7, 8, 9, 10, 11, 12, 13, 16, 20, 22, 27, 34, 36, 37, 41, 
  50, 53, 59, 60, 61, 62, 63 ],
[ 1, 2, 3, 4, 5, 6, 7, 8, 9, 10, 11, 12, 13, 16, 20, 22, 27, 34, 36, 41, 47, 
  50, 53, 54, 56, 60, 62, 64 ],
[ 1, 2, 3, 4, 5, 6, 7, 8, 9, 10, 11, 12, 13, 16, 20, 22, 27, 37, 41, 44, 46, 
  50, 53, 55, 56, 59, 62, 63 ],
[ 1, 2, 3, 4, 5, 6, 7, 8, 9, 10, 11, 12, 13, 16, 20, 22, 27, 40, 41, 44, 46, 
  47, 53, 55, 57, 59, 61, 63 ],
[ 1, 2, 3, 4, 5, 6, 7, 8, 9, 10, 11, 12, 13, 16, 27, 30, 32, 34, 36, 40, 47, 
  51, 56, 58, 59, 60, 62, 64 ],
[ 1, 2, 3, 4, 5, 6, 7, 8, 9, 10, 11, 12, 13, 16, 27, 30, 32, 34, 40, 46, 47, 
  51, 53, 59, 60, 61, 62, 63 ],
[ 1, 2, 3, 4, 5, 6, 7, 8, 9, 10, 11, 12, 13, 16, 28, 30, 31, 36, 38, 40, 43, 
  51, 53, 59, 60, 61, 62, 64 ],
[ 1, 2, 3, 4, 5, 6, 7, 8, 9, 10, 11, 12, 13, 16, 28, 30, 31, 38, 40, 43, 46, 
  51, 56, 58, 59, 60, 62, 63 ],
[ 1, 2, 3, 4, 5, 6, 7, 8, 9, 10, 11, 12, 13, 17, 19, 30, 33, 34, 36, 37, 41, 
  47, 52, 55, 56, 60, 62, 64 ],
[ 1, 2, 3, 4, 5, 6, 7, 8, 9, 10, 11, 12, 13, 17, 19, 30, 33, 34, 36, 38, 41, 
  48, 52, 54, 56, 59, 62, 64 ],
[ 1, 2, 3, 4, 5, 6, 7, 8, 9, 10, 11, 12, 13, 17, 20, 22, 26, 34, 36, 41, 47, 
  50, 54, 55, 57, 58, 61, 64 ],
[ 1, 2, 3, 4, 5, 6, 7, 8, 9, 10, 11, 12, 13, 17, 20, 22, 26, 34, 37, 41, 46, 
  50, 53, 55, 57, 59, 61, 64 ],
[ 1, 2, 3, 4, 5, 6, 7, 8, 9, 10, 11, 12, 13, 17, 21, 26, 28, 42, 43, 48, 51, 
  53, 56, 58, 59, 60, 61, 62 ],
[ 1, 2, 3, 4, 5, 6, 7, 8, 9, 10, 11, 12, 13, 17, 24, 28, 31, 35, 38, 46, 48, 
  51, 52, 53, 59, 62, 63, 64 ],
[ 1, 2, 3, 4, 5, 6, 7, 8, 9, 10, 11, 12, 13, 17, 24, 28, 31, 35, 46, 51, 52, 
  53, 55, 56, 59, 60, 61, 62 ],
[ 1, 2, 3, 4, 5, 6, 7, 8, 9, 10, 11, 12, 13, 17, 24, 28, 32, 35, 38, 46, 47, 
  50, 52, 53, 60, 62, 63, 64 ],
[ 1, 2, 3, 4, 5, 6, 7, 8, 9, 10, 11, 12, 13, 17, 24, 29, 30, 34, 38, 47, 48, 
  51, 52, 54, 58, 62, 63, 64 ],
[ 1, 2, 3, 4, 5, 6, 7, 8, 9, 10, 11, 12, 13, 17, 24, 29, 30, 34, 47, 51, 52, 
  54, 55, 56, 58, 60, 61, 62 ],
[ 1, 2, 3, 4, 5, 6, 7, 8, 9, 10, 11, 12, 13, 17, 24, 29, 32, 34, 38, 46, 47, 
  49, 52, 54, 60, 62, 63, 64 ],
[ 1, 2, 3, 4, 5, 6, 7, 8, 9, 10, 11, 12, 13, 17, 24, 30, 32, 34, 35, 47, 48, 
  50, 51, 56, 58, 62, 63, 64 ],
[ 1, 2, 3, 4, 5, 6, 7, 8, 9, 10, 11, 12, 13, 17, 24, 30, 32, 35, 38, 44, 47, 
  50, 51, 53, 61, 62, 63, 64 ],
[ 1, 2, 3, 4, 5, 6, 7, 8, 9, 10, 11, 12, 13, 17, 24, 31, 32, 34, 35, 46, 48, 
  49, 51, 56, 59, 62, 63, 64 ],
[ 1, 2, 3, 4, 5, 6, 7, 8, 9, 10, 11, 12, 13, 17, 24, 31, 32, 34, 38, 45, 46, 
  49, 51, 54, 61, 62, 63, 64 ],
[ 1, 2, 3, 4, 5, 6, 7, 8, 9, 10, 11, 12, 13, 17, 26, 30, 32, 36, 40, 44, 47, 
  51, 57, 58, 59, 60, 61, 63 ],
[ 1, 2, 3, 4, 5, 6, 7, 8, 9, 10, 11, 12, 13, 17, 28, 31, 35, 38, 43, 47, 48, 
  51, 52, 53, 58, 61, 62, 63 ],
[ 1, 2, 3, 4, 5, 6, 7, 8, 9, 10, 11, 12, 13, 17, 28, 32, 35, 36, 38, 40, 43, 
  46, 52, 54, 56, 57, 60, 63 ],
[ 1, 2, 3, 4, 5, 6, 7, 8, 9, 10, 11, 12, 13, 17, 29, 30, 34, 38, 43, 46, 48, 
  51, 52, 54, 59, 61, 62, 63 ],
[ 1, 2, 3, 4, 5, 6, 7, 8, 9, 10, 11, 12, 13, 18, 20, 21, 26, 33, 38, 41, 46, 
  50, 53, 55, 57, 59, 61, 64 ],
[ 1, 2, 3, 4, 5, 6, 7, 8, 9, 10, 11, 12, 13, 18, 20, 21, 26, 38, 41, 43, 46, 
  50, 54, 55, 57, 58, 61, 63 ],
[ 1, 2, 3, 4, 5, 6, 7, 8, 9, 10, 11, 12, 13, 18, 21, 22, 24, 35, 39, 46, 48, 
  50, 55, 56, 57, 58, 59, 63 ],
[ 1, 2, 3, 4, 5, 6, 7, 8, 9, 10, 11, 12, 13, 18, 22, 27, 35, 36, 38, 42, 43, 
  46, 50, 54, 56, 60, 62, 63 ],
[ 1, 2, 3, 4, 5, 6, 7, 8, 9, 10, 11, 12, 13, 18, 27, 31, 35, 37, 38, 41, 43, 
  48, 52, 53, 56, 57, 58, 63 ],
[ 1, 2, 3, 4, 5, 6, 7, 8, 9, 10, 11, 12, 13, 19, 20, 22, 24, 34, 37, 39, 48, 
  50, 53, 55, 57, 59, 61, 64 ],
[ 1, 2, 3, 4, 5, 6, 7, 8, 9, 10, 11, 12, 13, 19, 20, 22, 24, 34, 38, 39, 47, 
  50, 53, 54, 57, 60, 61, 64 ],
[ 1, 2, 3, 4, 5, 6, 7, 8, 9, 10, 11, 12, 13, 20, 22, 26, 27, 36, 37, 40, 41, 
  44, 56, 57, 58, 59, 60, 63 ],
[ 1, 2, 3, 4, 5, 6, 7, 8, 9, 10, 11, 12, 13, 20, 22, 26, 27, 36, 41, 44, 47, 
  50, 58, 59, 60, 61, 62, 63 ],
[ 1, 2, 3, 4, 5, 6, 7, 8, 9, 10, 11, 12, 13, 20, 22, 26, 27, 40, 41, 44, 46, 
  47, 53, 54, 56, 57, 60, 63 ],
[ 1, 2, 3, 4, 5, 6, 7, 8, 9, 10, 11, 12, 13, 21, 22, 25, 27, 36, 37, 39, 41, 
  45, 56, 57, 58, 59, 60, 63 ],
[ 1, 2, 3, 4, 5, 6, 7, 8, 9, 10, 11, 12, 13, 21, 22, 25, 27, 39, 41, 45, 46, 
  47, 53, 54, 56, 57, 60, 63 ],
[ 1, 2, 3, 4, 5, 6, 7, 8, 9, 10, 11, 12, 13, 26, 27, 30, 32, 34, 36, 40, 47, 
  51, 54, 55, 58, 61, 62, 64 ],
[ 1, 2, 3, 4, 5, 6, 7, 8, 9, 10, 11, 12, 13, 26, 28, 30, 31, 33, 38, 40, 46, 
  51, 53, 55, 59, 61, 62, 64 ],
[ 1, 2, 3, 4, 5, 6, 7, 8, 9, 10, 11, 12, 13, 26, 28, 30, 31, 36, 40, 43, 48, 
  51, 53, 54, 60, 61, 62, 63 ],
[ 1, 2, 3, 4, 5, 6, 7, 8, 9, 10, 11, 12, 13, 26, 28, 30, 31, 38, 40, 43, 46, 
  51, 54, 55, 58, 61, 62, 63 ],
[ 1, 2, 3, 4, 5, 6, 7, 8, 9, 10, 11, 12, 15, 16, 17, 28, 31, 35, 36, 43, 51, 
  52, 58, 59, 60, 61, 62, 63 ],
[ 1, 2, 3, 4, 5, 6, 7, 8, 9, 10, 11, 12, 15, 16, 18, 21, 27, 33, 41, 42, 45, 
  46, 55, 56, 57, 58, 59, 64 ],
[ 1, 2, 3, 4, 5, 6, 7, 8, 9, 10, 11, 12, 15, 17, 26, 28, 31, 33, 35, 46, 51, 
  52, 55, 58, 59, 61, 62, 63 ],
[ 1, 2, 3, 4, 5, 6, 7, 8, 9, 10, 11, 12, 15, 17, 26, 28, 31, 35, 43, 46, 51, 
  52, 53, 54, 55, 61, 62, 64 ],
[ 1, 2, 3, 4, 5, 6, 7, 8, 9, 10, 11, 12, 15, 18, 21, 26, 27, 33, 35, 41, 42, 
  46, 55, 57, 58, 59, 61, 63 ],
[ 1, 2, 3, 4, 5, 6, 7, 8, 9, 10, 11, 12, 15, 18, 21, 26, 27, 35, 41, 42, 43, 
  46, 53, 54, 55, 57, 61, 64 ],
[ 1, 2, 3, 4, 5, 6, 7, 8, 9, 10, 11, 13, 14, 16, 18, 19, 31, 32, 36, 40, 48, 
  49, 52, 53, 55, 59, 63, 64 ],
[ 1, 2, 3, 4, 5, 6, 7, 8, 9, 10, 11, 13, 14, 16, 18, 19, 31, 36, 38, 40, 48, 
  49, 51, 53, 56, 59, 62, 64 ],
[ 1, 2, 3, 4, 5, 6, 7, 8, 9, 10, 11, 13, 14, 16, 18, 20, 22, 29, 31, 48, 50, 
  53, 55, 56, 58, 59, 62, 63 ],
[ 1, 2, 3, 4, 5, 6, 7, 8, 9, 10, 11, 13, 14, 16, 18, 20, 22, 35, 37, 48, 50, 
  51, 52, 53, 58, 59, 62, 63 ],
[ 1, 2, 3, 4, 5, 6, 7, 8, 9, 10, 11, 13, 14, 16, 18, 21, 32, 38, 41, 42, 45, 
  46, 49, 54, 57, 58, 59, 64 ],
[ 1, 2, 3, 4, 5, 6, 7, 8, 9, 10, 11, 13, 14, 16, 18, 22, 27, 29, 31, 36, 42, 
  48, 53, 55, 59, 62, 63, 64 ],
[ 1, 2, 3, 4, 5, 6, 7, 8, 9, 10, 11, 13, 14, 16, 18, 22, 29, 31, 36, 42, 48, 
  49, 50, 53, 55, 59, 63, 64 ],
[ 1, 2, 3, 4, 5, 6, 7, 8, 9, 10, 11, 13, 14, 16, 18, 22, 31, 33, 35, 36, 42, 
  48, 49, 51, 59, 62, 63, 64 ],
[ 1, 2, 3, 4, 5, 6, 7, 8, 9, 10, 11, 13, 14, 16, 18, 22, 31, 35, 36, 42, 48, 
  49, 51, 53, 54, 59, 62, 64 ],
[ 1, 2, 3, 4, 5, 6, 7, 8, 9, 10, 11, 13, 14, 16, 18, 27, 29, 31, 36, 38, 41, 
  48, 53, 56, 57, 59, 62, 64 ],
[ 1, 2, 3, 4, 5, 6, 7, 8, 9, 10, 11, 13, 14, 16, 18, 29, 31, 36, 38, 39, 41, 
  48, 50, 56, 58, 59, 62, 63 ],
[ 1, 2, 3, 4, 5, 6, 7, 8, 9, 10, 11, 13, 14, 16, 18, 29, 31, 36, 38, 41, 48, 
  49, 50, 53, 56, 57, 59, 64 ],
[ 1, 2, 3, 4, 5, 6, 7, 8, 9, 10, 11, 13, 14, 16, 18, 29, 33, 36, 37, 38, 41, 
  48, 49, 52, 57, 59, 62, 64 ],
[ 1, 2, 3, 4, 5, 6, 7, 8, 9, 10, 11, 13, 14, 16, 18, 31, 32, 35, 36, 39, 41, 
  48, 52, 54, 58, 59, 62, 63 ],
[ 1, 2, 3, 4, 5, 6, 7, 8, 9, 10, 11, 13, 14, 16, 19, 21, 22, 28, 30, 48, 50, 
  53, 55, 56, 58, 59, 62, 63 ],
[ 1, 2, 3, 4, 5, 6, 7, 8, 9, 10, 11, 13, 14, 16, 19, 21, 22, 34, 36, 48, 50, 
  51, 52, 53, 58, 59, 62, 63 ],
[ 1, 2, 3, 4, 5, 6, 7, 8, 9, 10, 11, 13, 14, 16, 19, 28, 31, 36, 38, 40, 41, 
  48, 49, 56, 58, 59, 62, 63 ],
[ 1, 2, 3, 4, 5, 6, 7, 8, 9, 10, 11, 13, 14, 16, 19, 31, 32, 34, 36, 40, 41, 
  48, 52, 53, 58, 59, 62, 63 ],
[ 1, 2, 3, 4, 5, 6, 7, 8, 9, 10, 11, 13, 14, 16, 22, 28, 30, 35, 37, 41, 42, 
  48, 50, 53, 58, 59, 62, 63 ],
[ 1, 2, 3, 4, 5, 6, 7, 8, 9, 10, 11, 13, 14, 16, 22, 28, 31, 35, 36, 41, 42, 
  48, 49, 54, 58, 59, 62, 63 ],
[ 1, 2, 3, 4, 5, 6, 7, 8, 9, 10, 11, 13, 14, 16, 22, 29, 31, 34, 36, 41, 42, 
  48, 50, 53, 58, 59, 62, 63 ],
[ 1, 2, 3, 4, 5, 6, 7, 8, 9, 10, 11, 13, 14, 16, 32, 34, 35, 36, 38, 40, 47, 
  53, 56, 58, 59, 60, 62, 64 ],
[ 1, 2, 3, 4, 5, 6, 7, 8, 9, 10, 11, 13, 14, 17, 19, 29, 34, 36, 37, 38, 41, 
  47, 49, 52, 56, 60, 62, 64 ],
[ 1, 2, 3, 4, 5, 6, 7, 8, 9, 10, 11, 13, 14, 17, 19, 31, 34, 35, 36, 41, 47, 
  48, 49, 51, 56, 61, 62, 63 ],
[ 1, 2, 3, 4, 5, 6, 7, 8, 9, 10, 11, 13, 14, 17, 19, 31, 34, 36, 37, 38, 41, 
  45, 49, 51, 56, 61, 62, 64 ],
[ 1, 2, 3, 4, 5, 6, 7, 8, 9, 10, 11, 13, 14, 18, 20, 22, 26, 29, 31, 38, 50, 
  53, 54, 55, 56, 58, 62, 64 ],
[ 1, 2, 3, 4, 5, 6, 7, 8, 9, 10, 11, 13, 14, 18, 20, 22, 26, 35, 37, 38, 50, 
  51, 52, 53, 54, 58, 62, 64 ],
[ 1, 2, 3, 4, 5, 6, 7, 8, 9, 10, 11, 13, 14, 18, 21, 29, 31, 36, 39, 41, 42, 
  45, 48, 56, 58, 59, 60, 63 ],
[ 1, 2, 3, 4, 5, 6, 7, 8, 9, 10, 11, 13, 14, 18, 22, 24, 29, 35, 37, 42, 49, 
  52, 54, 55, 56, 58, 60, 62 ],
[ 1, 2, 3, 4, 5, 6, 7, 8, 9, 10, 11, 13, 14, 18, 22, 27, 29, 31, 35, 36, 42, 
  47, 53, 55, 56, 60, 62, 64 ],
[ 1, 2, 3, 4, 5, 6, 7, 8, 9, 10, 11, 13, 14, 18, 22, 27, 29, 35, 36, 38, 42, 
  48, 50, 52, 53, 59, 63, 64 ],
[ 1, 2, 3, 4, 5, 6, 7, 8, 9, 10, 11, 13, 14, 18, 22, 29, 31, 35, 36, 42, 47, 
  49, 50, 53, 55, 56, 60, 64 ],
[ 1, 2, 3, 4, 5, 6, 7, 8, 9, 10, 11, 13, 14, 18, 22, 29, 33, 35, 36, 38, 42, 
  48, 49, 52, 54, 59, 62, 64 ],
[ 1, 2, 3, 4, 5, 6, 7, 8, 9, 10, 11, 13, 14, 18, 22, 31, 33, 35, 36, 37, 42, 
  45, 49, 51, 55, 61, 62, 64 ],
[ 1, 2, 3, 4, 5, 6, 7, 8, 9, 10, 11, 13, 14, 18, 22, 31, 35, 36, 42, 45, 47, 
  49, 51, 53, 55, 56, 59, 62 ],
[ 1, 2, 3, 4, 5, 6, 7, 8, 9, 10, 11, 13, 14, 18, 29, 31, 35, 36, 41, 47, 48, 
  49, 50, 53, 55, 56, 57, 61 ],
[ 1, 2, 3, 4, 5, 6, 7, 8, 9, 10, 11, 13, 14, 18, 29, 31, 36, 37, 38, 39, 41, 
  45, 50, 55, 56, 58, 61, 62 ],
[ 1, 2, 3, 4, 5, 6, 7, 8, 9, 10, 11, 13, 14, 18, 31, 32, 35, 36, 37, 39, 41, 
  45, 52, 54, 55, 58, 61, 62 ],
[ 1, 2, 3, 4, 5, 6, 7, 8, 9, 10, 11, 13, 14, 19, 21, 22, 26, 28, 30, 38, 50, 
  53, 54, 55, 56, 58, 62, 64 ],
[ 1, 2, 3, 4, 5, 6, 7, 8, 9, 10, 11, 13, 14, 19, 21, 22, 26, 28, 36, 38, 49, 
  50, 52, 54, 55, 58, 63, 64 ],
[ 1, 2, 3, 4, 5, 6, 7, 8, 9, 10, 11, 13, 14, 19, 21, 22, 26, 34, 36, 38, 50, 
  51, 52, 53, 54, 58, 62, 64 ],
[ 1, 2, 3, 4, 5, 6, 7, 8, 9, 10, 11, 13, 14, 19, 21, 22, 28, 35, 36, 47, 49, 
  50, 52, 55, 56, 58, 60, 63 ],
[ 1, 2, 3, 4, 5, 6, 7, 8, 9, 10, 11, 13, 14, 19, 21, 22, 34, 35, 36, 47, 50, 
  51, 52, 53, 56, 58, 60, 62 ],
[ 1, 2, 3, 4, 5, 6, 7, 8, 9, 10, 11, 13, 14, 19, 26, 30, 31, 32, 34, 38, 40, 
  41, 49, 54, 56, 58, 63, 64 ],
[ 1, 2, 3, 4, 5, 6, 7, 8, 9, 10, 11, 13, 14, 19, 26, 31, 32, 34, 36, 38, 40, 
  41, 52, 53, 54, 58, 62, 64 ],
[ 1, 2, 3, 4, 5, 6, 7, 8, 9, 10, 11, 13, 14, 19, 28, 30, 31, 35, 38, 40, 41, 
  47, 52, 53, 56, 58, 60, 63 ],
[ 1, 2, 3, 4, 5, 6, 7, 8, 9, 10, 11, 13, 14, 19, 28, 30, 31, 37, 38, 40, 41, 
  45, 52, 53, 55, 58, 61, 63 ],
[ 1, 2, 3, 4, 5, 6, 7, 8, 9, 10, 11, 13, 14, 19, 28, 31, 36, 37, 38, 40, 41, 
  45, 49, 55, 56, 58, 61, 62 ],
[ 1, 2, 3, 4, 5, 6, 7, 8, 9, 10, 11, 13, 14, 19, 30, 31, 32, 34, 37, 40, 41, 
  45, 49, 55, 56, 58, 61, 63 ],
[ 1, 2, 3, 4, 5, 6, 7, 8, 9, 10, 11, 13, 14, 19, 31, 32, 34, 35, 36, 40, 41, 
  47, 52, 53, 56, 58, 60, 62 ],
[ 1, 2, 3, 4, 5, 6, 7, 8, 9, 10, 11, 13, 14, 19, 31, 32, 34, 36, 37, 40, 41, 
  45, 52, 53, 55, 58, 61, 62 ],
[ 1, 2, 3, 4, 5, 6, 7, 8, 9, 10, 11, 13, 14, 22, 26, 28, 30, 35, 37, 38, 41, 
  42, 50, 53, 54, 58, 62, 64 ],
[ 1, 2, 3, 4, 5, 6, 7, 8, 9, 10, 11, 13, 14, 22, 26, 29, 31, 34, 36, 38, 41, 
  42, 50, 53, 54, 58, 62, 64 ],
[ 1, 2, 3, 4, 5, 6, 7, 8, 9, 10, 11, 13, 14, 22, 28, 31, 35, 36, 37, 41, 42, 
  45, 49, 54, 55, 58, 61, 62 ],
[ 1, 2, 3, 4, 5, 6, 7, 8, 9, 10, 11, 13, 14, 22, 29, 31, 34, 35, 36, 41, 42, 
  47, 50, 53, 56, 58, 60, 62 ],
[ 1, 2, 3, 4, 5, 6, 7, 8, 9, 10, 11, 13, 15, 16, 17, 20, 21, 29, 32, 47, 51, 
  53, 54, 56, 58, 60, 62, 63 ],
[ 1, 2, 3, 4, 5, 6, 7, 8, 9, 10, 11, 13, 15, 16, 17, 29, 32, 36, 37, 39, 40, 
  47, 51, 56, 58, 60, 62, 63 ],
[ 1, 2, 3, 4, 5, 6, 7, 8, 9, 10, 11, 13, 15, 16, 17, 31, 32, 35, 36, 39, 40, 
  47, 52, 55, 58, 60, 62, 63 ],
[ 1, 2, 3, 4, 5, 6, 7, 8, 9, 10, 11, 13, 15, 16, 19, 21, 22, 27, 30, 47, 51, 
  53, 54, 56, 58, 60, 62, 63 ],
[ 1, 2, 3, 4, 5, 6, 7, 8, 9, 10, 11, 13, 15, 16, 19, 21, 22, 33, 36, 47, 50, 
  51, 52, 53, 58, 60, 62, 63 ],
[ 1, 2, 3, 4, 5, 6, 7, 8, 9, 10, 11, 13, 15, 16, 19, 31, 32, 33, 36, 40, 41, 
  47, 52, 53, 58, 60, 62, 63 ],
[ 1, 2, 3, 4, 5, 6, 7, 8, 9, 10, 11, 13, 15, 16, 20, 21, 29, 33, 38, 40, 47, 
  49, 52, 53, 55, 60, 62, 64 ],
[ 1, 2, 3, 4, 5, 6, 7, 8, 9, 10, 11, 13, 15, 16, 21, 29, 32, 33, 36, 40, 42, 
  47, 51, 53, 58, 60, 62, 63 ],
[ 1, 2, 3, 4, 5, 6, 7, 8, 9, 10, 11, 13, 15, 17, 19, 20, 22, 35, 40, 47, 48, 
  51, 52, 53, 58, 59, 61, 63 ],
[ 1, 2, 3, 4, 5, 6, 7, 8, 9, 10, 11, 13, 15, 17, 19, 21, 24, 26, 32, 41, 42, 
  49, 54, 55, 58, 61, 63, 64 ],
[ 1, 2, 3, 4, 5, 6, 7, 8, 9, 10, 11, 13, 15, 17, 19, 21, 26, 32, 41, 42, 46, 
  47, 49, 54, 55, 58, 63, 64 ],
[ 1, 2, 3, 4, 5, 6, 7, 8, 9, 10, 11, 13, 15, 17, 19, 26, 32, 36, 37, 39, 40, 
  41, 47, 55, 58, 61, 62, 64 ],
[ 1, 2, 3, 4, 5, 6, 7, 8, 9, 10, 11, 13, 15, 17, 19, 31, 32, 35, 36, 41, 48, 
  49, 52, 53, 54, 56, 59, 64 ],
[ 1, 2, 3, 4, 5, 6, 7, 8, 9, 10, 11, 13, 15, 17, 19, 32, 35, 36, 39, 40, 41, 
  47, 48, 56, 58, 59, 61, 62 ],
[ 1, 2, 3, 4, 5, 6, 7, 8, 9, 10, 11, 13, 15, 17, 20, 21, 26, 29, 32, 37, 51, 
  53, 54, 55, 56, 58, 62, 64 ],
[ 1, 2, 3, 4, 5, 6, 7, 8, 9, 10, 11, 13, 15, 17, 20, 21, 26, 35, 37, 38, 50, 
  51, 52, 53, 55, 58, 62, 64 ],
[ 1, 2, 3, 4, 5, 6, 7, 8, 9, 10, 11, 13, 15, 17, 20, 22, 26, 29, 31, 41, 47, 
  53, 54, 55, 57, 58, 61, 64 ],
[ 1, 2, 3, 4, 5, 6, 7, 8, 9, 10, 11, 13, 15, 17, 21, 26, 32, 36, 37, 39, 40, 
  42, 45, 55, 58, 60, 62, 64 ],
[ 1, 2, 3, 4, 5, 6, 7, 8, 9, 10, 11, 13, 15, 17, 21, 32, 35, 36, 39, 40, 42, 
  45, 48, 56, 58, 59, 60, 62 ],
[ 1, 2, 3, 4, 5, 6, 7, 8, 9, 10, 11, 13, 15, 17, 24, 26, 29, 31, 32, 49, 51, 
  52, 54, 55, 58, 61, 63, 64 ],
[ 1, 2, 3, 4, 5, 6, 7, 8, 9, 10, 11, 13, 15, 17, 26, 29, 31, 32, 46, 47, 49, 
  51, 52, 54, 55, 58, 63, 64 ],
[ 1, 2, 3, 4, 5, 6, 7, 8, 9, 10, 11, 13, 15, 19, 21, 22, 26, 27, 30, 37, 51, 
  53, 54, 55, 56, 58, 62, 64 ],
[ 1, 2, 3, 4, 5, 6, 7, 8, 9, 10, 11, 13, 15, 19, 21, 22, 26, 27, 36, 37, 49, 
  51, 52, 54, 55, 58, 63, 64 ],
[ 1, 2, 3, 4, 5, 6, 7, 8, 9, 10, 11, 13, 15, 19, 21, 22, 26, 33, 36, 37, 50, 
  51, 52, 53, 55, 58, 62, 64 ],
[ 1, 2, 3, 4, 5, 6, 7, 8, 9, 10, 11, 13, 15, 19, 21, 22, 27, 35, 36, 48, 49, 
  51, 52, 54, 56, 58, 59, 63 ],
[ 1, 2, 3, 4, 5, 6, 7, 8, 9, 10, 11, 13, 15, 19, 21, 22, 33, 35, 36, 48, 50, 
  51, 52, 53, 56, 58, 59, 62 ],
[ 1, 2, 3, 4, 5, 6, 7, 8, 9, 10, 11, 13, 15, 19, 27, 30, 32, 35, 37, 40, 41, 
  48, 52, 53, 56, 58, 59, 63 ],
[ 1, 2, 3, 4, 5, 6, 7, 8, 9, 10, 11, 13, 15, 19, 27, 30, 32, 37, 38, 40, 41, 
  45, 52, 53, 54, 58, 61, 63 ],
[ 1, 2, 3, 4, 5, 6, 7, 8, 9, 10, 11, 13, 15, 19, 31, 32, 33, 35, 36, 40, 41, 
  48, 52, 53, 56, 58, 59, 62 ],
[ 1, 2, 3, 4, 5, 6, 7, 8, 9, 10, 11, 13, 15, 21, 26, 27, 30, 35, 37, 38, 40, 
  42, 51, 53, 55, 58, 62, 64 ],
[ 1, 2, 3, 4, 5, 6, 7, 8, 9, 10, 11, 13, 15, 21, 26, 29, 32, 33, 36, 37, 40, 
  42, 51, 53, 55, 58, 62, 64 ],
[ 1, 2, 3, 4, 5, 6, 7, 8, 9, 10, 11, 13, 15, 22, 26, 27, 29, 31, 36, 37, 41, 
  42, 49, 54, 55, 58, 63, 64 ],
[ 1, 2, 3, 4, 5, 6, 7, 8, 9, 10, 11, 13, 15, 22, 26, 29, 31, 33, 36, 37, 41, 
  42, 50, 53, 55, 58, 62, 64 ],
[ 1, 2, 3, 4, 5, 6, 7, 8, 9, 10, 11, 13, 15, 22, 27, 29, 30, 35, 37, 41, 42, 
  48, 50, 53, 56, 58, 59, 63 ],
[ 1, 2, 3, 4, 5, 6, 7, 8, 9, 10, 11, 13, 15, 22, 27, 29, 31, 35, 36, 41, 42, 
  48, 49, 54, 56, 58, 59, 63 ],
[ 1, 2, 3, 4, 5, 6, 7, 8, 9, 10, 11, 13, 15, 22, 29, 31, 33, 35, 36, 41, 42, 
  48, 50, 53, 56, 58, 59, 62 ],
[ 1, 2, 3, 4, 5, 6, 7, 8, 9, 10, 11, 13, 16, 17, 19, 21, 22, 24, 28, 46, 48, 
  52, 53, 55, 57, 59, 63, 64 ],
[ 1, 2, 3, 4, 5, 6, 7, 8, 9, 10, 11, 13, 16, 17, 19, 21, 22, 28, 43, 47, 48, 
  52, 53, 55, 57, 58, 61, 63 ],
[ 1, 2, 3, 4, 5, 6, 7, 8, 9, 10, 11, 13, 16, 17, 19, 21, 22, 34, 39, 47, 48, 
  51, 52, 53, 58, 59, 61, 63 ],
[ 1, 2, 3, 4, 5, 6, 7, 8, 9, 10, 11, 13, 16, 17, 19, 21, 24, 25, 32, 41, 42, 
  49, 53, 55, 59, 61, 63, 64 ],
[ 1, 2, 3, 4, 5, 6, 7, 8, 9, 10, 11, 13, 16, 17, 19, 21, 32, 38, 41, 42, 44, 
  47, 49, 53, 56, 58, 59, 64 ],
[ 1, 2, 3, 4, 5, 6, 7, 8, 9, 10, 11, 13, 16, 17, 19, 24, 28, 36, 38, 40, 41, 
  47, 48, 52, 57, 58, 63, 64 ],
[ 1, 2, 3, 4, 5, 6, 7, 8, 9, 10, 11, 13, 16, 17, 19, 28, 36, 38, 40, 41, 43, 
  46, 48, 52, 57, 59, 61, 63 ],
[ 1, 2, 3, 4, 5, 6, 7, 8, 9, 10, 11, 13, 16, 17, 20, 21, 26, 36, 38, 40, 44, 
  51, 52, 53, 57, 59, 60, 64 ],
[ 1, 2, 3, 4, 5, 6, 7, 8, 9, 10, 11, 13, 16, 17, 20, 21, 29, 32, 36, 38, 44, 
  47, 51, 53, 54, 62, 63, 64 ],
[ 1, 2, 3, 4, 5, 6, 7, 8, 9, 10, 11, 13, 16, 17, 20, 22, 29, 31, 34, 41, 46, 
  47, 48, 53, 57, 59, 63, 64 ],
[ 1, 2, 3, 4, 5, 6, 7, 8, 9, 10, 11, 13, 16, 17, 21, 26, 30, 36, 38, 40, 42, 
  43, 44, 51, 57, 60, 63, 64 ],
[ 1, 2, 3, 4, 5, 6, 7, 8, 9, 10, 11, 13, 16, 17, 21, 26, 30, 36, 38, 40, 42, 
  44, 51, 57, 58, 59, 60, 63 ],
[ 1, 2, 3, 4, 5, 6, 7, 8, 9, 10, 11, 13, 16, 17, 22, 29, 31, 34, 39, 41, 42, 
  47, 48, 53, 58, 59, 61, 63 ],
[ 1, 2, 3, 4, 5, 6, 7, 8, 9, 10, 11, 13, 16, 17, 24, 25, 29, 31, 32, 49, 51, 
  52, 53, 55, 59, 61, 63, 64 ],
[ 1, 2, 3, 4, 5, 6, 7, 8, 9, 10, 11, 13, 16, 17, 25, 29, 32, 36, 37, 39, 40, 
  47, 51, 53, 55, 61, 62, 63 ],
[ 1, 2, 3, 4, 5, 6, 7, 8, 9, 10, 11, 13, 16, 17, 25, 31, 32, 36, 37, 39, 40, 
  45, 52, 53, 55, 60, 62, 63 ],
[ 1, 2, 3, 4, 5, 6, 7, 8, 9, 10, 11, 13, 16, 17, 31, 32, 34, 35, 38, 39, 40, 
  47, 52, 53, 56, 58, 60, 62 ],
[ 1, 2, 3, 4, 5, 6, 7, 8, 9, 10, 11, 13, 16, 17, 31, 32, 34, 37, 38, 39, 40, 
  45, 52, 53, 55, 58, 61, 62 ],
[ 1, 2, 3, 4, 5, 6, 7, 8, 9, 10, 11, 13, 16, 18, 20, 22, 26, 33, 36, 37, 50, 
  51, 52, 54, 55, 58, 62, 64 ],
[ 1, 2, 3, 4, 5, 6, 7, 8, 9, 10, 11, 13, 16, 18, 20, 22, 26, 36, 37, 43, 50, 
  51, 52, 53, 55, 59, 62, 63 ],
[ 1, 2, 3, 4, 5, 6, 7, 8, 9, 10, 11, 13, 16, 18, 20, 22, 29, 31, 36, 37, 43, 
  48, 50, 53, 55, 62, 63, 64 ],
[ 1, 2, 3, 4, 5, 6, 7, 8, 9, 10, 11, 13, 16, 18, 20, 22, 33, 35, 36, 48, 50, 
  51, 52, 54, 56, 58, 59, 62 ],
[ 1, 2, 3, 4, 5, 6, 7, 8, 9, 10, 11, 13, 16, 18, 21, 24, 32, 35, 41, 42, 46, 
  48, 49, 53, 54, 57, 59, 64 ],
[ 1, 2, 3, 4, 5, 6, 7, 8, 9, 10, 11, 13, 16, 18, 22, 24, 26, 30, 33, 40, 42, 
  51, 54, 55, 57, 58, 61, 64 ],
[ 1, 2, 3, 4, 5, 6, 7, 8, 9, 10, 11, 13, 16, 18, 22, 24, 26, 30, 40, 42, 43, 
  51, 53, 55, 57, 59, 61, 63 ],
[ 1, 2, 3, 4, 5, 6, 7, 8, 9, 10, 11, 13, 16, 18, 22, 24, 30, 35, 40, 42, 47, 
  48, 51, 53, 54, 57, 58, 64 ],
[ 1, 2, 3, 4, 5, 6, 7, 8, 9, 10, 11, 13, 16, 18, 22, 26, 30, 33, 40, 42, 46, 
  47, 51, 54, 55, 57, 58, 64 ],
[ 1, 2, 3, 4, 5, 6, 7, 8, 9, 10, 11, 13, 16, 18, 22, 27, 29, 31, 37, 42, 43, 
  48, 53, 55, 56, 58, 62, 63 ],
[ 1, 2, 3, 4, 5, 6, 7, 8, 9, 10, 11, 13, 16, 18, 22, 29, 31, 37, 42, 43, 48, 
  49, 50, 53, 55, 56, 58, 63 ],
[ 1, 2, 3, 4, 5, 6, 7, 8, 9, 10, 11, 13, 16, 18, 22, 31, 33, 35, 37, 42, 43, 
  48, 49, 51, 56, 58, 62, 63 ],
[ 1, 2, 3, 4, 5, 6, 7, 8, 9, 10, 11, 13, 16, 18, 22, 31, 35, 37, 42, 43, 48, 
  49, 51, 53, 54, 56, 58, 62 ],
[ 1, 2, 3, 4, 5, 6, 7, 8, 9, 10, 11, 13, 16, 18, 24, 29, 31, 36, 38, 39, 41, 
  48, 50, 53, 54, 61, 62, 63 ],
[ 1, 2, 3, 4, 5, 6, 7, 8, 9, 10, 11, 13, 16, 18, 24, 31, 32, 36, 38, 39, 41, 
  45, 52, 53, 54, 59, 62, 63 ],
[ 1, 2, 3, 4, 5, 6, 7, 8, 9, 10, 11, 13, 16, 18, 31, 32, 33, 35, 37, 39, 41, 
  48, 52, 53, 56, 58, 59, 62 ],
[ 1, 2, 3, 4, 5, 6, 7, 8, 9, 10, 11, 13, 16, 19, 21, 22, 25, 27, 36, 37, 49, 
  51, 52, 53, 55, 59, 63, 64 ],
[ 1, 2, 3, 4, 5, 6, 7, 8, 9, 10, 11, 13, 16, 19, 21, 22, 25, 36, 37, 43, 50, 
  51, 52, 53, 55, 58, 62, 63 ],
[ 1, 2, 3, 4, 5, 6, 7, 8, 9, 10, 11, 13, 16, 19, 21, 22, 27, 34, 37, 48, 49, 
  51, 52, 53, 56, 58, 59, 63 ],
[ 1, 2, 3, 4, 5, 6, 7, 8, 9, 10, 11, 13, 16, 19, 21, 22, 28, 30, 36, 37, 43, 
  48, 50, 53, 55, 62, 63, 64 ],
[ 1, 2, 3, 4, 5, 6, 7, 8, 9, 10, 11, 13, 16, 19, 24, 31, 32, 36, 38, 40, 41, 
  44, 52, 53, 54, 58, 62, 63 ],
[ 1, 2, 3, 4, 5, 6, 7, 8, 9, 10, 11, 13, 16, 19, 25, 27, 32, 36, 37, 40, 41, 
  47, 49, 53, 55, 61, 62, 63 ],
[ 1, 2, 3, 4, 5, 6, 7, 8, 9, 10, 11, 13, 16, 19, 25, 31, 32, 36, 37, 40, 41, 
  43, 52, 53, 55, 58, 62, 63 ],
[ 1, 2, 3, 4, 5, 6, 7, 8, 9, 10, 11, 13, 16, 19, 27, 30, 32, 34, 36, 40, 41, 
  48, 52, 54, 56, 58, 59, 63 ],
[ 1, 2, 3, 4, 5, 6, 7, 8, 9, 10, 11, 13, 16, 19, 27, 30, 32, 36, 38, 40, 41, 
  44, 52, 53, 54, 59, 61, 63 ],
[ 1, 2, 3, 4, 5, 6, 7, 8, 9, 10, 11, 13, 16, 19, 28, 30, 31, 33, 36, 40, 41, 
  47, 52, 55, 56, 58, 60, 63 ],
[ 1, 2, 3, 4, 5, 6, 7, 8, 9, 10, 11, 13, 16, 20, 22, 24, 28, 33, 35, 40, 41, 
  47, 48, 52, 57, 58, 63, 64 ],
[ 1, 2, 3, 4, 5, 6, 7, 8, 9, 10, 11, 13, 16, 20, 22, 24, 28, 35, 40, 41, 47, 
  48, 52, 53, 54, 57, 58, 64 ],
[ 1, 2, 3, 4, 5, 6, 7, 8, 9, 10, 11, 13, 16, 20, 22, 25, 31, 33, 35, 37, 41, 
  49, 51, 56, 58, 59, 62, 63 ],
[ 1, 2, 3, 4, 5, 6, 7, 8, 9, 10, 11, 13, 16, 20, 22, 25, 31, 35, 37, 41, 43, 
  49, 51, 53, 54, 56, 62, 64 ],
[ 1, 2, 3, 4, 5, 6, 7, 8, 9, 10, 11, 13, 16, 20, 22, 28, 33, 35, 40, 41, 43, 
  46, 48, 52, 57, 59, 61, 63 ],
[ 1, 2, 3, 4, 5, 6, 7, 8, 9, 10, 11, 13, 16, 20, 22, 28, 35, 40, 41, 43, 46, 
  48, 52, 53, 54, 57, 59, 61 ],
[ 1, 2, 3, 4, 5, 6, 7, 8, 9, 10, 11, 13, 16, 21, 22, 24, 28, 33, 35, 39, 41, 
  46, 48, 52, 57, 59, 63, 64 ],
[ 1, 2, 3, 4, 5, 6, 7, 8, 9, 10, 11, 13, 16, 21, 22, 24, 28, 35, 39, 41, 46, 
  48, 52, 53, 54, 57, 59, 64 ],
[ 1, 2, 3, 4, 5, 6, 7, 8, 9, 10, 11, 13, 16, 21, 24, 28, 29, 32, 36, 38, 40, 
  42, 49, 53, 54, 60, 63, 64 ],
[ 1, 2, 3, 4, 5, 6, 7, 8, 9, 10, 11, 13, 16, 21, 25, 27, 32, 36, 37, 40, 42, 
  45, 49, 53, 55, 60, 62, 63 ],
[ 1, 2, 3, 4, 5, 6, 7, 8, 9, 10, 11, 13, 16, 21, 25, 29, 32, 36, 37, 40, 42, 
  43, 51, 53, 55, 58, 62, 63 ],
[ 1, 2, 3, 4, 5, 6, 7, 8, 9, 10, 11, 13, 16, 21, 26, 27, 30, 34, 36, 38, 40, 
  42, 51, 54, 55, 58, 62, 64 ],
[ 1, 2, 3, 4, 5, 6, 7, 8, 9, 10, 11, 13, 16, 21, 28, 29, 30, 33, 36, 40, 42, 
  47, 51, 55, 56, 58, 60, 63 ],
[ 1, 2, 3, 4, 5, 6, 7, 8, 9, 10, 11, 13, 16, 21, 28, 29, 32, 33, 38, 40, 42, 
  47, 49, 53, 56, 58, 60, 63 ],
[ 1, 2, 3, 4, 5, 6, 7, 8, 9, 10, 11, 13, 16, 22, 25, 27, 29, 31, 36, 37, 41, 
  42, 49, 53, 55, 59, 63, 64 ],
[ 1, 2, 3, 4, 5, 6, 7, 8, 9, 10, 11, 13, 16, 22, 25, 29, 31, 36, 37, 41, 42, 
  43, 50, 53, 55, 58, 62, 63 ],
[ 1, 2, 3, 4, 5, 6, 7, 8, 9, 10, 11, 13, 16, 22, 26, 28, 30, 33, 36, 37, 41, 
  42, 50, 54, 55, 58, 62, 64 ],
[ 1, 2, 3, 4, 5, 6, 7, 8, 9, 10, 11, 13, 16, 22, 27, 29, 31, 34, 37, 41, 42, 
  48, 49, 53, 56, 58, 59, 63 ],
[ 1, 2, 3, 4, 5, 6, 7, 8, 9, 10, 11, 13, 16, 22, 28, 30, 33, 35, 36, 41, 42, 
  48, 50, 54, 56, 58, 59, 62 ],
[ 1, 2, 3, 4, 5, 6, 7, 8, 9, 10, 11, 13, 17, 19, 20, 21, 26, 34, 36, 41, 47, 
  51, 52, 54, 55, 58, 61, 64 ],
[ 1, 2, 3, 4, 5, 6, 7, 8, 9, 10, 11, 13, 17, 19, 20, 21, 26, 36, 37, 41, 44, 
  51, 52, 53, 56, 59, 60, 64 ],
[ 1, 2, 3, 4, 5, 6, 7, 8, 9, 10, 11, 13, 17, 19, 20, 22, 26, 34, 38, 40, 46, 
  51, 52, 53, 54, 59, 61, 64 ],
[ 1, 2, 3, 4, 5, 6, 7, 8, 9, 10, 11, 13, 17, 19, 21, 22, 24, 26, 30, 34, 38, 
  51, 54, 57, 58, 61, 63, 64 ],
[ 1, 2, 3, 4, 5, 6, 7, 8, 9, 10, 11, 13, 17, 19, 21, 22, 26, 30, 34, 38, 46, 
  47, 51, 54, 57, 58, 63, 64 ],
[ 1, 2, 3, 4, 5, 6, 7, 8, 9, 10, 11, 13, 17, 19, 21, 22, 26, 34, 38, 39, 47, 
  51, 52, 53, 54, 58, 61, 64 ],
[ 1, 2, 3, 4, 5, 6, 7, 8, 9, 10, 11, 13, 17, 19, 21, 24, 26, 30, 41, 42, 44, 
  51, 53, 54, 56, 60, 61, 63 ],
[ 1, 2, 3, 4, 5, 6, 7, 8, 9, 10, 11, 13, 17, 19, 21, 26, 30, 34, 37, 41, 42, 
  46, 51, 55, 58, 59, 61, 63 ],
[ 1, 2, 3, 4, 5, 6, 7, 8, 9, 10, 11, 13, 17, 19, 21, 26, 30, 41, 42, 44, 46, 
  47, 51, 53, 54, 56, 60, 63 ],
[ 1, 2, 3, 4, 5, 6, 7, 8, 9, 10, 11, 13, 17, 19, 22, 26, 30, 34, 38, 40, 42, 
  43, 46, 51, 54, 61, 63, 64 ],
[ 1, 2, 3, 4, 5, 6, 7, 8, 9, 10, 11, 13, 17, 19, 22, 26, 30, 34, 38, 40, 42, 
  46, 51, 54, 58, 59, 61, 63 ],
[ 1, 2, 3, 4, 5, 6, 7, 8, 9, 10, 11, 13, 17, 20, 21, 26, 29, 32, 34, 36, 37, 
  38, 51, 54, 58, 62, 63, 64 ],
[ 1, 2, 3, 4, 5, 6, 7, 8, 9, 10, 11, 13, 17, 21, 22, 24, 30, 34, 38, 40, 41, 
  47, 48, 51, 54, 58, 63, 64 ],
[ 1, 2, 3, 4, 5, 6, 7, 8, 9, 10, 11, 13, 17, 22, 26, 29, 31, 34, 38, 39, 41, 
  42, 47, 53, 54, 58, 61, 64 ],
[ 1, 2, 3, 4, 5, 6, 7, 8, 9, 10, 11, 13, 17, 25, 29, 30, 32, 35, 38, 47, 50, 
  51, 52, 53, 58, 59, 61, 63 ],
[ 1, 2, 3, 4, 5, 6, 7, 8, 9, 10, 11, 13, 18, 20, 22, 26, 29, 31, 33, 36, 37, 
  38, 50, 55, 58, 62, 63, 64 ],
[ 1, 2, 3, 4, 5, 6, 7, 8, 9, 10, 11, 13, 18, 20, 22, 26, 35, 36, 38, 43, 50, 
  51, 52, 53, 54, 56, 59, 62 ],
[ 1, 2, 3, 4, 5, 6, 7, 8, 9, 10, 11, 13, 18, 20, 22, 29, 31, 33, 35, 36, 38, 
  48, 50, 56, 58, 59, 62, 63 ],
[ 1, 2, 3, 4, 5, 6, 7, 8, 9, 10, 11, 13, 18, 20, 22, 29, 31, 35, 36, 38, 43, 
  48, 50, 53, 54, 56, 62, 64 ],
[ 1, 2, 3, 4, 5, 6, 7, 8, 9, 10, 11, 13, 19, 20, 21, 24, 28, 35, 40, 41, 47, 
  48, 52, 53, 55, 56, 58, 64 ],
[ 1, 2, 3, 4, 5, 6, 7, 8, 9, 10, 11, 13, 19, 21, 22, 24, 26, 30, 44, 48, 49, 
  50, 51, 56, 58, 59, 63, 64 ],
[ 1, 2, 3, 4, 5, 6, 7, 8, 9, 10, 11, 13, 19, 21, 22, 24, 26, 36, 44, 48, 50, 
  51, 52, 53, 58, 59, 62, 64 ],
[ 1, 2, 3, 4, 5, 6, 7, 8, 9, 10, 11, 13, 19, 21, 22, 24, 30, 44, 45, 47, 49, 
  50, 51, 56, 58, 60, 61, 63 ],
[ 1, 2, 3, 4, 5, 6, 7, 8, 9, 10, 11, 13, 19, 21, 22, 24, 36, 44, 45, 47, 50, 
  51, 52, 53, 58, 60, 61, 62 ],
[ 1, 2, 3, 4, 5, 6, 7, 8, 9, 10, 11, 13, 19, 21, 22, 25, 27, 35, 36, 38, 49, 
  51, 52, 53, 54, 56, 59, 64 ],
[ 1, 2, 3, 4, 5, 6, 7, 8, 9, 10, 11, 13, 19, 21, 22, 25, 35, 36, 38, 43, 50, 
  51, 52, 53, 54, 56, 58, 62 ],
[ 1, 2, 3, 4, 5, 6, 7, 8, 9, 10, 11, 13, 19, 21, 22, 26, 27, 34, 37, 38, 49, 
  51, 52, 53, 54, 56, 58, 64 ],
[ 1, 2, 3, 4, 5, 6, 7, 8, 9, 10, 11, 13, 19, 21, 22, 26, 28, 30, 33, 36, 37, 
  38, 50, 55, 58, 62, 63, 64 ],
[ 1, 2, 3, 4, 5, 6, 7, 8, 9, 10, 11, 13, 21, 26, 28, 29, 32, 33, 37, 38, 40, 
  42, 49, 53, 55, 56, 58, 64 ],
[ 1, 2, 3, 4, 5, 6, 7, 8, 9, 10, 11, 13, 22, 24, 26, 29, 30, 37, 41, 42, 44, 
  48, 49, 54, 58, 59, 62, 64 ],
[ 1, 2, 3, 4, 5, 6, 7, 8, 9, 10, 11, 13, 22, 24, 26, 29, 31, 36, 41, 42, 44, 
  48, 50, 53, 58, 59, 62, 64 ],
[ 1, 2, 3, 4, 5, 6, 7, 8, 9, 10, 11, 13, 22, 24, 29, 30, 37, 41, 42, 44, 45, 
  47, 49, 54, 58, 60, 61, 62 ],
[ 1, 2, 3, 4, 5, 6, 7, 8, 9, 10, 11, 13, 22, 24, 29, 31, 36, 41, 42, 44, 45, 
  47, 50, 53, 58, 60, 61, 62 ],
[ 1, 2, 3, 4, 5, 6, 7, 8, 9, 10, 11, 13, 22, 25, 27, 29, 31, 35, 36, 38, 41, 
  42, 49, 53, 54, 56, 59, 64 ],
[ 1, 2, 3, 4, 5, 6, 7, 8, 9, 10, 11, 13, 22, 25, 29, 31, 35, 36, 38, 41, 42, 
  43, 50, 53, 54, 56, 58, 62 ],
[ 1, 2, 3, 4, 5, 6, 7, 8, 9, 10, 11, 13, 22, 26, 27, 29, 31, 34, 37, 38, 41, 
  42, 49, 53, 54, 56, 58, 64 ],
[ 1, 2, 3, 4, 5, 6, 7, 8, 9, 10, 11, 15, 17, 19, 21, 22, 23, 26, 30, 37, 51, 
  53, 54, 56, 57, 58, 60, 64 ],
[ 1, 2, 3, 4, 5, 6, 7, 8, 9, 10, 11, 15, 17, 19, 22, 23, 30, 37, 40, 42, 45, 
  48, 51, 53, 54, 56, 58, 64 ],
[ 1, 2, 3, 4, 5, 6, 7, 8, 9, 10, 11, 15, 17, 19, 22, 30, 33, 37, 40, 42, 43, 
  44, 48, 51, 56, 59, 60, 63 ],
[ 1, 2, 3, 4, 5, 6, 7, 8, 9, 10, 11, 15, 18, 22, 24, 26, 27, 29, 31, 33, 42, 
  45, 58, 60, 61, 62, 63, 64 ],
[ 1, 2, 3, 4, 5, 6, 7, 8, 9, 10, 11, 15, 18, 22, 24, 26, 29, 31, 33, 42, 45, 
  49, 50, 58, 60, 61, 63, 64 ],
[ 1, 2, 3, 4, 5, 6, 7, 8, 9, 10, 11, 15, 18, 22, 24, 26, 29, 33, 42, 43, 45, 
  47, 49, 52, 60, 62, 63, 64 ],
[ 1, 2, 3, 4, 5, 6, 7, 8, 9, 10, 11, 15, 18, 22, 24, 26, 29, 33, 42, 45, 47, 
  49, 52, 58, 59, 60, 62, 63 ],
[ 1, 2, 3, 4, 5, 6, 7, 8, 9, 10, 11, 15, 18, 22, 24, 27, 31, 33, 42, 45, 47, 
  48, 50, 51, 58, 60, 63, 64 ],
[ 1, 2, 3, 4, 5, 6, 7, 8, 9, 10, 11, 15, 18, 22, 24, 31, 33, 42, 43, 45, 47, 
  48, 49, 51, 59, 60, 62, 63 ],
[ 1, 2, 3, 4, 5, 6, 7, 8, 9, 10, 11, 15, 19, 21, 22, 23, 26, 27, 46, 47, 49, 
  51, 52, 54, 58, 60, 63, 64 ],
[ 1, 2, 3, 4, 5, 6, 7, 8, 9, 10, 11, 15, 19, 21, 22, 23, 26, 33, 46, 47, 50, 
  51, 52, 53, 58, 60, 62, 64 ],
[ 1, 2, 3, 4, 5, 6, 7, 8, 9, 10, 11, 15, 19, 21, 22, 23, 27, 45, 46, 48, 49, 
  51, 52, 54, 58, 59, 61, 63 ],
[ 1, 2, 3, 4, 5, 6, 7, 8, 9, 10, 11, 15, 19, 21, 22, 23, 33, 45, 46, 48, 50, 
  51, 52, 53, 58, 59, 61, 62 ],
[ 1, 2, 3, 4, 5, 6, 7, 8, 9, 10, 11, 15, 22, 23, 26, 27, 29, 31, 41, 42, 46, 
  47, 49, 54, 58, 60, 63, 64 ],
[ 1, 2, 3, 4, 5, 6, 7, 8, 9, 10, 11, 15, 22, 23, 26, 29, 31, 33, 41, 42, 46, 
  47, 50, 53, 58, 60, 62, 64 ],
[ 1, 2, 3, 4, 5, 6, 7, 8, 9, 10, 11, 15, 22, 23, 27, 29, 31, 41, 42, 45, 46, 
  48, 49, 54, 58, 59, 61, 63 ],
[ 1, 2, 3, 4, 5, 6, 7, 8, 9, 10, 11, 15, 22, 23, 29, 31, 33, 41, 42, 45, 46, 
  48, 50, 53, 58, 59, 61, 62 ],
[ 1, 2, 3, 4, 5, 6, 7, 8, 9, 10, 11, 16, 17, 18, 22, 24, 25, 29, 31, 35, 42, 
  53, 55, 57, 58, 59, 61, 63 ],
[ 1, 2, 3, 4, 5, 6, 7, 8, 9, 10, 11, 16, 17, 22, 23, 29, 31, 37, 39, 41, 42, 
  44, 48, 53, 56, 58, 59, 63 ],
[ 1, 2, 3, 4, 5, 6, 7, 8, 9, 10, 11, 16, 18, 20, 22, 23, 24, 29, 31, 48, 50, 
  53, 58, 59, 60, 61, 62, 63 ],
[ 1, 2, 3, 4, 5, 6, 7, 8, 9, 10, 11, 16, 18, 20, 22, 23, 24, 45, 47, 48, 50, 
  51, 52, 53, 58, 59, 62, 63 ],
[ 1, 2, 3, 4, 5, 6, 7, 8, 9, 10, 11, 16, 18, 20, 22, 23, 26, 33, 46, 47, 50, 
  51, 52, 54, 58, 60, 62, 64 ],
[ 1, 2, 3, 4, 5, 6, 7, 8, 9, 10, 11, 16, 18, 20, 22, 23, 26, 43, 46, 47, 50, 
  51, 52, 53, 59, 60, 62, 63 ],
[ 1, 2, 3, 4, 5, 6, 7, 8, 9, 10, 11, 16, 18, 20, 22, 23, 29, 31, 43, 46, 47, 
  48, 50, 53, 60, 62, 63, 64 ],
[ 1, 2, 3, 4, 5, 6, 7, 8, 9, 10, 11, 16, 18, 20, 22, 23, 33, 45, 46, 48, 50, 
  51, 52, 54, 58, 59, 61, 62 ],
[ 1, 2, 3, 4, 5, 6, 7, 8, 9, 10, 11, 16, 19, 21, 22, 23, 24, 28, 30, 48, 50, 
  53, 58, 59, 60, 61, 62, 63 ],
[ 1, 2, 3, 4, 5, 6, 7, 8, 9, 10, 11, 16, 19, 21, 22, 23, 24, 28, 46, 48, 49, 
  50, 52, 53, 59, 60, 63, 64 ],
[ 1, 2, 3, 4, 5, 6, 7, 8, 9, 10, 11, 16, 19, 21, 22, 23, 24, 44, 46, 48, 50, 
  51, 52, 53, 58, 59, 62, 63 ],
[ 1, 2, 3, 4, 5, 6, 7, 8, 9, 10, 11, 16, 19, 21, 22, 23, 25, 27, 46, 47, 49, 
  51, 52, 53, 59, 60, 63, 64 ],
[ 1, 2, 3, 4, 5, 6, 7, 8, 9, 10, 11, 16, 19, 21, 22, 23, 25, 43, 46, 47, 50, 
  51, 52, 53, 58, 60, 62, 63 ],
[ 1, 2, 3, 4, 5, 6, 7, 8, 9, 10, 11, 16, 19, 21, 22, 23, 27, 44, 47, 48, 49, 
  51, 52, 53, 58, 59, 61, 63 ],
[ 1, 2, 3, 4, 5, 6, 7, 8, 9, 10, 11, 16, 19, 21, 22, 23, 28, 30, 43, 46, 47, 
  48, 50, 53, 60, 62, 63, 64 ],
[ 1, 2, 3, 4, 5, 6, 7, 8, 9, 10, 11, 16, 22, 23, 24, 28, 30, 41, 42, 45, 47, 
  48, 50, 53, 58, 59, 62, 63 ],
[ 1, 2, 3, 4, 5, 6, 7, 8, 9, 10, 11, 16, 22, 23, 24, 29, 31, 41, 42, 44, 46, 
  48, 50, 53, 58, 59, 62, 63 ],
[ 1, 2, 3, 4, 5, 6, 7, 8, 9, 10, 11, 16, 22, 23, 25, 27, 29, 31, 41, 42, 46, 
  47, 49, 53, 59, 60, 63, 64 ],
[ 1, 2, 3, 4, 5, 6, 7, 8, 9, 10, 11, 16, 22, 23, 25, 29, 31, 41, 42, 43, 46, 
  47, 50, 53, 58, 60, 62, 63 ],
[ 1, 2, 3, 4, 5, 6, 7, 8, 9, 10, 11, 16, 22, 23, 26, 28, 30, 41, 42, 43, 46, 
  47, 50, 53, 59, 60, 62, 63 ],
[ 1, 2, 3, 4, 5, 6, 7, 8, 9, 10, 11, 16, 22, 23, 27, 29, 31, 41, 42, 44, 47, 
  48, 49, 53, 58, 59, 61, 63 ],
[ 1, 2, 3, 4, 5, 6, 7, 8, 9, 10, 11, 16, 22, 29, 31, 35, 37, 41, 42, 48, 50, 
  53, 55, 56, 58, 59, 62, 63 ],
[ 1, 2, 3, 4, 5, 6, 7, 8, 9, 10, 11, 17, 18, 19, 24, 25, 26, 35, 47, 48, 50, 
  51, 52, 53, 56, 58, 62, 64 ],
[ 1, 2, 3, 4, 5, 6, 7, 8, 9, 10, 11, 17, 18, 19, 24, 26, 35, 44, 46, 47, 50, 
  51, 52, 53, 56, 60, 61, 62 ],
[ 1, 2, 3, 4, 5, 6, 7, 8, 9, 10, 11, 17, 18, 21, 22, 24, 25, 35, 38, 40, 47, 
  51, 52, 53, 54, 55, 58, 64 ],
[ 1, 2, 3, 4, 5, 6, 7, 8, 9, 10, 11, 17, 19, 21, 22, 23, 26, 37, 38, 39, 44, 
  51, 52, 53, 54, 56, 58, 64 ],
[ 1, 2, 3, 4, 5, 6, 7, 8, 9, 10, 11, 18, 20, 22, 23, 24, 26, 29, 31, 38, 50, 
  53, 54, 58, 60, 61, 62, 64 ],
[ 1, 2, 3, 4, 5, 6, 7, 8, 9, 10, 11, 18, 20, 22, 23, 24, 26, 38, 45, 47, 50, 
  51, 52, 53, 54, 58, 62, 64 ],
[ 1, 2, 3, 4, 5, 6, 7, 8, 9, 10, 11, 18, 20, 22, 23, 26, 29, 31, 33, 38, 46, 
  47, 50, 58, 60, 62, 63, 64 ],
[ 1, 2, 3, 4, 5, 6, 7, 8, 9, 10, 11, 18, 20, 22, 23, 26, 38, 43, 45, 46, 50, 
  51, 52, 53, 54, 59, 61, 62 ],
[ 1, 2, 3, 4, 5, 6, 7, 8, 9, 10, 11, 18, 20, 22, 23, 29, 31, 33, 38, 45, 46, 
  48, 50, 58, 59, 61, 62, 63 ],
[ 1, 2, 3, 4, 5, 6, 7, 8, 9, 10, 11, 18, 20, 22, 23, 29, 31, 38, 43, 45, 46, 
  48, 50, 53, 54, 61, 62, 64 ],
[ 1, 2, 3, 4, 5, 6, 7, 8, 9, 10, 11, 18, 23, 24, 29, 31, 35, 39, 41, 46, 47, 
  48, 50, 53, 56, 60, 61, 62 ],
[ 1, 2, 3, 4, 5, 6, 7, 8, 9, 10, 11, 18, 23, 29, 31, 35, 39, 41, 43, 48, 50, 
  53, 56, 58, 59, 60, 62, 64 ],
[ 1, 2, 3, 4, 5, 6, 7, 8, 9, 10, 11, 19, 21, 22, 23, 24, 26, 28, 30, 38, 50, 
  53, 54, 58, 60, 61, 62, 64 ],
[ 1, 2, 3, 4, 5, 6, 7, 8, 9, 10, 11, 19, 21, 22, 23, 24, 26, 38, 44, 46, 50, 
  51, 52, 53, 54, 58, 62, 64 ],
[ 1, 2, 3, 4, 5, 6, 7, 8, 9, 10, 11, 19, 21, 22, 23, 25, 27, 38, 45, 46, 49, 
  51, 52, 53, 54, 59, 61, 64 ],
[ 1, 2, 3, 4, 5, 6, 7, 8, 9, 10, 11, 19, 21, 22, 23, 25, 38, 43, 45, 46, 50, 
  51, 52, 53, 54, 58, 61, 62 ],
[ 1, 2, 3, 4, 5, 6, 7, 8, 9, 10, 11, 19, 21, 22, 23, 26, 27, 38, 44, 47, 49, 
  51, 52, 53, 54, 58, 61, 64 ],
[ 1, 2, 3, 4, 5, 6, 7, 8, 9, 10, 11, 19, 21, 22, 23, 26, 28, 30, 33, 38, 46, 
  47, 50, 58, 60, 62, 63, 64 ],
[ 1, 2, 3, 4, 5, 6, 7, 8, 9, 10, 11, 19, 21, 22, 26, 35, 37, 38, 50, 51, 52, 
  53, 54, 55, 56, 58, 62, 64 ],
[ 1, 2, 3, 4, 5, 6, 7, 8, 9, 10, 11, 19, 23, 24, 28, 30, 31, 35, 40, 41, 47, 
  48, 52, 53, 56, 58, 60, 64 ],
[ 1, 2, 3, 4, 5, 6, 7, 8, 9, 10, 11, 19, 23, 24, 28, 30, 31, 37, 40, 41, 45, 
  48, 52, 53, 55, 58, 61, 64 ],
[ 1, 2, 3, 4, 5, 6, 7, 8, 9, 10, 11, 19, 23, 24, 28, 31, 35, 40, 41, 46, 47, 
  48, 49, 53, 56, 60, 61, 62 ],
[ 1, 2, 3, 4, 5, 6, 7, 8, 9, 10, 11, 19, 23, 26, 28, 30, 31, 37, 40, 41, 43, 
  46, 52, 53, 55, 60, 61, 64 ],
[ 1, 2, 3, 4, 5, 6, 7, 8, 9, 10, 11, 19, 23, 28, 30, 31, 35, 40, 41, 43, 46, 
  48, 52, 53, 56, 59, 60, 61 ],
[ 1, 2, 3, 4, 5, 6, 7, 8, 9, 10, 11, 19, 23, 28, 31, 35, 40, 41, 43, 48, 49, 
  53, 56, 58, 59, 60, 62, 64 ],
[ 1, 2, 3, 4, 5, 6, 7, 8, 9, 10, 11, 19, 24, 25, 26, 27, 28, 35, 40, 41, 47, 
  48, 52, 53, 56, 58, 62, 64 ],
[ 1, 2, 3, 4, 5, 6, 7, 8, 9, 10, 11, 19, 24, 26, 27, 28, 35, 40, 41, 44, 46, 
  47, 52, 53, 56, 60, 61, 62 ],
[ 1, 2, 3, 4, 5, 6, 7, 8, 9, 10, 11, 22, 23, 24, 26, 28, 30, 38, 41, 42, 45, 
  47, 50, 53, 54, 58, 62, 64 ],
[ 1, 2, 3, 4, 5, 6, 7, 8, 9, 10, 11, 22, 23, 24, 26, 28, 31, 38, 41, 42, 45, 
  46, 49, 53, 54, 59, 62, 64 ],
[ 1, 2, 3, 4, 5, 6, 7, 8, 9, 10, 11, 22, 23, 24, 26, 29, 31, 38, 41, 42, 44, 
  46, 50, 53, 54, 58, 62, 64 ],
[ 1, 2, 3, 4, 5, 6, 7, 8, 9, 10, 11, 22, 23, 25, 27, 29, 31, 38, 41, 42, 45, 
  46, 49, 53, 54, 59, 61, 64 ],
[ 1, 2, 3, 4, 5, 6, 7, 8, 9, 10, 11, 22, 23, 25, 29, 31, 38, 41, 42, 43, 45, 
  46, 50, 53, 54, 58, 61, 62 ],
[ 1, 2, 3, 4, 5, 6, 7, 8, 9, 10, 11, 22, 23, 26, 27, 29, 31, 38, 41, 42, 44, 
  47, 49, 53, 54, 58, 61, 64 ],
[ 1, 2, 3, 4, 5, 6, 7, 8, 9, 10, 11, 22, 23, 26, 28, 30, 38, 41, 42, 43, 45, 
  46, 50, 53, 54, 59, 61, 62 ],
[ 1, 2, 3, 4, 5, 6, 7, 8, 9, 10, 12, 13, 14, 15, 18, 20, 22, 29, 31, 48, 49, 
  54, 55, 56, 58, 59, 62, 63 ],
[ 1, 2, 3, 4, 5, 6, 7, 8, 9, 10, 12, 13, 14, 15, 18, 20, 22, 35, 37, 48, 49, 
  51, 52, 54, 58, 59, 62, 63 ],
[ 1, 2, 3, 4, 5, 6, 7, 8, 9, 10, 12, 13, 14, 15, 19, 21, 22, 28, 30, 48, 49, 
  54, 55, 56, 58, 59, 62, 63 ],
[ 1, 2, 3, 4, 5, 6, 7, 8, 9, 10, 12, 13, 14, 15, 19, 21, 22, 34, 36, 48, 49, 
  51, 52, 54, 58, 59, 62, 63 ],
[ 1, 2, 3, 4, 5, 6, 7, 8, 9, 10, 12, 13, 14, 15, 22, 29, 31, 34, 36, 41, 42, 
  48, 49, 54, 58, 59, 62, 63 ],
[ 1, 2, 3, 4, 5, 6, 7, 8, 9, 10, 12, 13, 14, 18, 20, 22, 25, 29, 31, 38, 49, 
  53, 54, 55, 56, 59, 62, 64 ],
[ 1, 2, 3, 4, 5, 6, 7, 8, 9, 10, 12, 13, 14, 18, 20, 22, 25, 29, 37, 38, 49, 
  50, 52, 53, 55, 59, 63, 64 ],
[ 1, 2, 3, 4, 5, 6, 7, 8, 9, 10, 12, 13, 14, 18, 20, 22, 25, 35, 37, 38, 49, 
  51, 52, 53, 54, 59, 62, 64 ],
[ 1, 2, 3, 4, 5, 6, 7, 8, 9, 10, 12, 13, 14, 18, 20, 22, 29, 34, 37, 46, 49, 
  50, 52, 55, 56, 59, 60, 63 ],
[ 1, 2, 3, 4, 5, 6, 7, 8, 9, 10, 12, 13, 14, 18, 20, 22, 34, 35, 37, 46, 49, 
  51, 52, 54, 56, 59, 60, 62 ],
[ 1, 2, 3, 4, 5, 6, 7, 8, 9, 10, 12, 13, 14, 19, 21, 22, 25, 28, 30, 38, 49, 
  53, 54, 55, 56, 59, 62, 64 ],
[ 1, 2, 3, 4, 5, 6, 7, 8, 9, 10, 12, 13, 14, 19, 21, 22, 25, 34, 36, 38, 49, 
  51, 52, 53, 54, 59, 62, 64 ],
[ 1, 2, 3, 4, 5, 6, 7, 8, 9, 10, 12, 13, 14, 22, 25, 29, 31, 34, 36, 38, 41, 
  42, 49, 53, 54, 59, 62, 64 ],
[ 1, 2, 3, 4, 5, 6, 7, 8, 9, 10, 12, 13, 15, 16, 17, 20, 21, 34, 38, 46, 49, 
  51, 52, 54, 59, 60, 62, 63 ],
[ 1, 2, 3, 4, 5, 6, 7, 8, 9, 10, 12, 13, 15, 16, 18, 20, 22, 33, 37, 46, 49, 
  51, 52, 54, 59, 60, 62, 63 ],
[ 1, 2, 3, 4, 5, 6, 7, 8, 9, 10, 12, 13, 15, 17, 18, 20, 22, 24, 29, 47, 48, 
  52, 54, 55, 57, 58, 63, 64 ],
[ 1, 2, 3, 4, 5, 6, 7, 8, 9, 10, 12, 13, 15, 17, 18, 20, 22, 26, 31, 46, 51, 
  54, 55, 57, 58, 59, 61, 63 ],
[ 1, 2, 3, 4, 5, 6, 7, 8, 9, 10, 12, 13, 15, 17, 20, 21, 25, 35, 37, 38, 49, 
  51, 52, 53, 55, 59, 62, 64 ],
[ 1, 2, 3, 4, 5, 6, 7, 8, 9, 10, 12, 13, 15, 17, 20, 21, 25, 37, 38, 45, 49, 
  51, 52, 53, 54, 60, 62, 63 ],
[ 1, 2, 3, 4, 5, 6, 7, 8, 9, 10, 12, 13, 15, 18, 20, 22, 26, 27, 36, 37, 50, 
  51, 52, 54, 55, 58, 63, 64 ],
[ 1, 2, 3, 4, 5, 6, 7, 8, 9, 10, 12, 13, 15, 18, 20, 22, 26, 36, 37, 43, 49, 
  51, 52, 54, 55, 59, 62, 63 ],
[ 1, 2, 3, 4, 5, 6, 7, 8, 9, 10, 12, 13, 15, 18, 20, 22, 27, 35, 36, 48, 50, 
  51, 52, 54, 56, 58, 59, 63 ],
[ 1, 2, 3, 4, 5, 6, 7, 8, 9, 10, 12, 13, 15, 18, 20, 22, 29, 31, 36, 37, 43, 
  48, 49, 54, 55, 62, 63, 64 ],
[ 1, 2, 3, 4, 5, 6, 7, 8, 9, 10, 12, 13, 15, 19, 21, 22, 25, 33, 36, 37, 49, 
  51, 52, 53, 55, 59, 62, 64 ],
[ 1, 2, 3, 4, 5, 6, 7, 8, 9, 10, 12, 13, 15, 19, 21, 22, 25, 36, 37, 43, 49, 
  51, 52, 54, 55, 58, 62, 63 ],
[ 1, 2, 3, 4, 5, 6, 7, 8, 9, 10, 12, 13, 15, 19, 21, 22, 28, 30, 36, 37, 43, 
  48, 49, 54, 55, 62, 63, 64 ],
[ 1, 2, 3, 4, 5, 6, 7, 8, 9, 10, 12, 13, 15, 19, 21, 22, 33, 34, 37, 48, 49, 
  51, 52, 53, 56, 58, 59, 62 ],
[ 1, 2, 3, 4, 5, 6, 7, 8, 9, 10, 12, 13, 15, 20, 22, 24, 29, 33, 34, 40, 41, 
  47, 48, 52, 57, 58, 63, 64 ],
[ 1, 2, 3, 4, 5, 6, 7, 8, 9, 10, 12, 13, 15, 20, 22, 29, 33, 34, 40, 41, 43, 
  46, 48, 52, 57, 59, 61, 63 ],
[ 1, 2, 3, 4, 5, 6, 7, 8, 9, 10, 12, 13, 15, 20, 25, 27, 31, 37, 38, 39, 42, 
  45, 51, 53, 54, 60, 62, 63 ],
[ 1, 2, 3, 4, 5, 6, 7, 8, 9, 10, 12, 13, 15, 22, 25, 29, 31, 33, 36, 37, 41, 
  42, 49, 53, 55, 59, 62, 64 ],
[ 1, 2, 3, 4, 5, 6, 7, 8, 9, 10, 12, 13, 15, 22, 29, 31, 33, 34, 37, 41, 42, 
  48, 49, 53, 56, 58, 59, 62 ],
[ 1, 2, 3, 4, 5, 6, 7, 8, 9, 10, 12, 13, 16, 17, 20, 21, 25, 34, 36, 38, 49, 
  51, 52, 54, 55, 59, 62, 64 ],
[ 1, 2, 3, 4, 5, 6, 7, 8, 9, 10, 12, 13, 16, 18, 20, 22, 25, 27, 31, 36, 51, 
  53, 54, 55, 56, 59, 62, 64 ],
[ 1, 2, 3, 4, 5, 6, 7, 8, 9, 10, 12, 13, 16, 18, 20, 22, 25, 27, 36, 37, 50, 
  51, 52, 53, 55, 59, 63, 64 ],
[ 1, 2, 3, 4, 5, 6, 7, 8, 9, 10, 12, 13, 16, 18, 20, 22, 25, 33, 36, 37, 49, 
  51, 52, 54, 55, 59, 62, 64 ],
[ 1, 2, 3, 4, 5, 6, 7, 8, 9, 10, 12, 13, 16, 18, 20, 22, 27, 34, 37, 48, 50, 
  51, 52, 53, 56, 58, 59, 63 ],
[ 1, 2, 3, 4, 5, 6, 7, 8, 9, 10, 12, 13, 16, 18, 20, 22, 33, 34, 37, 48, 49, 
  51, 52, 54, 56, 58, 59, 62 ],
[ 1, 2, 3, 4, 5, 6, 7, 8, 9, 10, 12, 13, 18, 20, 22, 25, 27, 35, 36, 38, 50, 
  51, 52, 53, 54, 56, 59, 64 ],
[ 1, 2, 3, 4, 5, 6, 7, 8, 9, 10, 12, 13, 18, 20, 22, 25, 29, 31, 33, 36, 37, 
  38, 49, 55, 59, 62, 63, 64 ],
[ 1, 2, 3, 4, 5, 6, 7, 8, 9, 10, 12, 13, 18, 20, 22, 26, 27, 34, 37, 38, 50, 
  51, 52, 53, 54, 56, 58, 64 ],
[ 1, 2, 3, 4, 5, 6, 7, 8, 9, 10, 12, 13, 18, 20, 22, 26, 34, 37, 38, 43, 49, 
  51, 52, 53, 54, 56, 59, 62 ],
[ 1, 2, 3, 4, 5, 6, 7, 8, 9, 10, 12, 13, 19, 21, 22, 25, 28, 30, 33, 36, 37, 
  38, 49, 55, 59, 62, 63, 64 ],
[ 1, 2, 3, 4, 5, 6, 7, 8, 9, 10, 12, 13, 19, 21, 22, 25, 34, 37, 38, 43, 49, 
  51, 52, 53, 54, 56, 58, 62 ],
[ 1, 2, 3, 4, 5, 6, 7, 8, 9, 10, 12, 13, 19, 21, 22, 28, 30, 33, 34, 37, 38, 
  48, 49, 56, 58, 59, 62, 63 ],
[ 1, 2, 3, 4, 5, 6, 7, 8, 9, 10, 12, 13, 19, 21, 22, 28, 30, 34, 37, 38, 43, 
  48, 49, 53, 54, 56, 62, 64 ],
[ 1, 2, 3, 4, 5, 6, 7, 8, 9, 10, 12, 15, 18, 20, 22, 23, 24, 29, 31, 48, 49, 
  54, 58, 59, 60, 61, 62, 63 ],
[ 1, 2, 3, 4, 5, 6, 7, 8, 9, 10, 12, 15, 18, 20, 22, 23, 24, 29, 47, 48, 49, 
  50, 52, 54, 58, 60, 63, 64 ],
[ 1, 2, 3, 4, 5, 6, 7, 8, 9, 10, 12, 15, 18, 20, 22, 23, 24, 45, 47, 48, 49, 
  51, 52, 54, 58, 59, 62, 63 ],
[ 1, 2, 3, 4, 5, 6, 7, 8, 9, 10, 12, 15, 18, 20, 22, 23, 26, 27, 31, 46, 51, 
  54, 58, 59, 60, 61, 62, 63 ],
[ 1, 2, 3, 4, 5, 6, 7, 8, 9, 10, 12, 15, 18, 20, 22, 23, 26, 27, 46, 47, 50, 
  51, 52, 54, 58, 60, 63, 64 ],
[ 1, 2, 3, 4, 5, 6, 7, 8, 9, 10, 12, 15, 18, 20, 22, 23, 26, 43, 46, 47, 49, 
  51, 52, 54, 59, 60, 62, 63 ],
[ 1, 2, 3, 4, 5, 6, 7, 8, 9, 10, 12, 15, 18, 20, 22, 23, 27, 45, 46, 48, 50, 
  51, 52, 54, 58, 59, 61, 63 ],
[ 1, 2, 3, 4, 5, 6, 7, 8, 9, 10, 12, 15, 18, 20, 22, 23, 29, 31, 43, 46, 47, 
  48, 49, 54, 60, 62, 63, 64 ],
[ 1, 2, 3, 4, 5, 6, 7, 8, 9, 10, 12, 15, 18, 20, 22, 44, 46, 48, 49, 51, 52, 
  54, 58, 59, 60, 61, 62, 63 ],
[ 1, 2, 3, 4, 5, 6, 7, 8, 9, 10, 12, 15, 19, 21, 22, 23, 24, 28, 30, 48, 49, 
  54, 58, 59, 60, 61, 62, 63 ],
[ 1, 2, 3, 4, 5, 6, 7, 8, 9, 10, 12, 15, 19, 21, 22, 23, 28, 30, 43, 46, 47, 
  48, 49, 54, 60, 62, 63, 64 ],
[ 1, 2, 3, 4, 5, 6, 7, 8, 9, 10, 12, 15, 22, 23, 24, 29, 31, 41, 42, 44, 46, 
  48, 49, 54, 58, 59, 62, 63 ],
[ 1, 2, 3, 4, 5, 6, 7, 8, 9, 10, 12, 15, 22, 23, 25, 29, 31, 41, 42, 43, 46, 
  47, 49, 54, 58, 60, 62, 63 ],
[ 1, 2, 3, 4, 5, 6, 7, 8, 9, 10, 12, 18, 20, 22, 25, 34, 36, 38, 49, 51, 52, 
  53, 54, 55, 56, 59, 62, 64 ],
[ 1, 2, 3, 4, 5, 6, 7, 8, 9, 10, 13, 14, 15, 18, 20, 22, 26, 32, 35, 37, 49, 
  50, 51, 52, 54, 58, 63, 64 ],
[ 1, 2, 3, 4, 5, 6, 7, 8, 9, 10, 13, 14, 15, 19, 21, 22, 26, 32, 34, 36, 49, 
  50, 51, 52, 54, 58, 63, 64 ],
[ 1, 2, 3, 4, 5, 6, 7, 8, 9, 10, 13, 14, 15, 22, 26, 28, 30, 32, 35, 37, 41, 
  42, 49, 50, 54, 58, 63, 64 ],
[ 1, 2, 3, 4, 5, 6, 7, 8, 9, 10, 13, 14, 15, 22, 26, 29, 31, 32, 34, 36, 41, 
  42, 49, 50, 54, 58, 63, 64 ],
[ 1, 2, 3, 4, 5, 6, 7, 8, 9, 10, 13, 14, 16, 18, 20, 22, 25, 32, 35, 37, 49, 
  50, 51, 52, 53, 59, 63, 64 ],
[ 1, 2, 3, 4, 5, 6, 7, 8, 9, 10, 13, 14, 16, 19, 21, 22, 25, 32, 34, 36, 49, 
  50, 51, 52, 53, 59, 63, 64 ],
[ 1, 2, 3, 4, 5, 6, 7, 8, 9, 10, 13, 14, 16, 22, 25, 28, 30, 32, 35, 37, 41, 
  42, 49, 50, 53, 59, 63, 64 ],
[ 1, 2, 3, 4, 5, 6, 7, 8, 9, 10, 13, 14, 16, 22, 25, 29, 31, 32, 34, 36, 41, 
  42, 49, 50, 53, 59, 63, 64 ],
[ 1, 2, 3, 4, 5, 6, 7, 8, 9, 10, 13, 15, 18, 20, 22, 26, 32, 35, 36, 43, 49, 
  50, 51, 52, 54, 56, 59, 63 ],
[ 1, 2, 3, 4, 5, 6, 7, 8, 9, 10, 13, 15, 19, 21, 22, 25, 32, 33, 35, 36, 49, 
  50, 51, 52, 53, 56, 59, 64 ],
[ 1, 2, 3, 4, 5, 6, 7, 8, 9, 10, 13, 15, 19, 21, 22, 26, 32, 33, 34, 37, 49, 
  50, 51, 52, 53, 56, 58, 64 ],
[ 1, 2, 3, 4, 5, 6, 7, 8, 9, 10, 13, 15, 22, 25, 29, 31, 32, 33, 35, 36, 41, 
  42, 49, 50, 53, 56, 59, 64 ],
[ 1, 2, 3, 4, 5, 6, 7, 8, 9, 10, 13, 15, 22, 25, 29, 31, 32, 35, 36, 41, 42, 
  43, 49, 50, 54, 56, 58, 63 ],
[ 1, 2, 3, 4, 5, 6, 7, 8, 9, 10, 13, 15, 22, 26, 28, 30, 32, 35, 36, 41, 42, 
  43, 49, 50, 54, 56, 59, 63 ],
[ 1, 2, 3, 4, 5, 6, 7, 8, 9, 10, 13, 15, 22, 26, 29, 31, 32, 33, 34, 37, 41, 
  42, 49, 50, 53, 56, 58, 64 ],
[ 1, 2, 3, 4, 5, 6, 7, 8, 9, 10, 13, 16, 18, 20, 22, 25, 32, 33, 35, 36, 49, 
  50, 51, 52, 54, 56, 59, 64 ],
[ 1, 2, 3, 4, 5, 6, 7, 8, 9, 10, 13, 16, 22, 25, 28, 30, 32, 33, 35, 36, 41, 
  42, 49, 50, 54, 56, 59, 64 ],
[ 1, 2, 3, 4, 5, 6, 7, 8, 9, 10, 13, 16, 22, 25, 29, 31, 32, 34, 37, 41, 42, 
  43, 49, 50, 53, 56, 58, 63 ],
[ 1, 2, 3, 4, 5, 6, 7, 8, 9, 10, 13, 16, 22, 26, 28, 30, 32, 33, 34, 37, 41, 
  42, 49, 50, 54, 56, 58, 64 ],
[ 1, 2, 3, 4, 5, 6, 7, 8, 9, 10, 13, 16, 22, 26, 28, 30, 32, 34, 37, 41, 42, 
  43, 49, 50, 53, 56, 59, 63 ],
[ 1, 2, 3, 4, 5, 6, 8, 9, 10, 11, 13, 16, 17, 19, 21, 25, 26, 36, 37, 39, 48, 
  50, 51, 52, 53, 55, 62, 63 ],
[ 1, 2, 3, 4, 5, 6, 8, 9, 10, 11, 13, 16, 17, 25, 26, 29, 31, 36, 37, 39, 41, 
  42, 48, 50, 53, 55, 62, 63 ],
[ 1, 2, 3, 4, 5, 6, 8, 9, 10, 11, 13, 16, 19, 21, 25, 26, 27, 36, 37, 40, 48, 
  49, 51, 52, 53, 55, 57, 63 ],
[ 1, 2, 3, 4, 5, 6, 8, 9, 10, 11, 13, 16, 25, 26, 27, 29, 31, 36, 37, 40, 41, 
  42, 48, 49, 53, 55, 57, 63 ],
[ 1, 2, 3, 4, 5, 6, 8, 9, 10, 11, 13, 17, 19, 21, 25, 26, 35, 36, 38, 39, 48, 
  50, 51, 52, 53, 54, 56, 62 ],
[ 1, 2, 3, 4, 5, 6, 8, 9, 10, 11, 13, 17, 25, 26, 29, 31, 35, 36, 38, 39, 41, 
  42, 48, 50, 53, 54, 56, 62 ],
[ 1, 2, 3, 4, 5, 6, 8, 9, 10, 11, 13, 19, 21, 25, 26, 27, 35, 36, 38, 40, 48, 
  49, 51, 52, 53, 54, 56, 57 ],
[ 1, 2, 3, 4, 5, 6, 8, 9, 10, 11, 13, 25, 26, 27, 29, 31, 35, 36, 38, 40, 41, 
  42, 48, 49, 53, 54, 56, 57 ],
[ 1, 2, 3, 4, 5, 6, 8, 9, 10, 12, 13, 14, 18, 20, 25, 26, 29, 31, 38, 40, 48, 
  49, 53, 54, 55, 56, 57, 62 ],
[ 1, 2, 3, 4, 5, 6, 8, 9, 10, 12, 13, 14, 18, 20, 25, 26, 29, 37, 38, 40, 48, 
  49, 50, 52, 53, 55, 57, 63 ],
[ 1, 2, 3, 4, 5, 6, 8, 9, 10, 12, 13, 14, 18, 20, 25, 26, 35, 37, 38, 40, 48, 
  49, 51, 52, 53, 54, 57, 62 ],
[ 1, 2, 3, 4, 5, 6, 8, 9, 10, 12, 13, 14, 18, 21, 25, 26, 29, 30, 38, 39, 48, 
  50, 53, 54, 55, 56, 57, 62 ],
[ 1, 2, 3, 4, 5, 6, 8, 9, 10, 12, 13, 14, 18, 21, 25, 26, 29, 36, 38, 39, 48, 
  49, 50, 52, 54, 55, 57, 63 ],
[ 1, 2, 3, 4, 5, 6, 8, 9, 10, 12, 13, 14, 18, 25, 26, 29, 31, 36, 38, 39, 40, 
  42, 48, 49, 54, 55, 62, 63 ],
[ 1, 2, 3, 4, 5, 6, 8, 9, 10, 12, 13, 14, 19, 21, 25, 26, 28, 30, 38, 40, 48, 
  49, 53, 54, 55, 56, 57, 62 ],
[ 1, 2, 3, 4, 5, 6, 8, 9, 10, 12, 13, 14, 19, 21, 25, 26, 34, 36, 38, 40, 48, 
  49, 51, 52, 53, 54, 57, 62 ],
[ 1, 2, 3, 4, 5, 6, 8, 9, 10, 12, 13, 14, 25, 26, 29, 31, 34, 36, 38, 40, 41, 
  42, 48, 49, 53, 54, 57, 62 ],
[ 1, 2, 3, 4, 5, 6, 8, 9, 10, 12, 13, 15, 17, 19, 21, 25, 26, 36, 37, 39, 48, 
  49, 51, 52, 54, 55, 62, 63 ],
[ 1, 2, 3, 4, 5, 6, 8, 9, 10, 12, 13, 15, 17, 20, 25, 26, 31, 35, 37, 41, 48, 
  49, 50, 51, 53, 56, 57, 63 ],
[ 1, 2, 3, 4, 5, 6, 8, 9, 10, 12, 15, 16, 17, 18, 24, 25, 29, 31, 38, 42, 45, 
  49, 57, 58, 59, 60, 61, 62 ],
[ 1, 2, 3, 4, 5, 6, 8, 9, 10, 12, 15, 16, 17, 18, 24, 29, 31, 38, 42, 44, 45, 
  46, 48, 49, 57, 59, 62, 64 ],
[ 1, 2, 3, 4, 5, 6, 8, 9, 10, 12, 15, 16, 18, 20, 23, 24, 29, 31, 38, 40, 48, 
  49, 57, 58, 59, 60, 61, 62 ],
[ 1, 2, 3, 4, 5, 6, 8, 9, 10, 12, 15, 16, 18, 20, 23, 24, 29, 38, 40, 47, 48, 
  49, 50, 52, 57, 58, 60, 64 ],
[ 1, 2, 3, 4, 5, 6, 8, 9, 10, 12, 15, 16, 18, 20, 23, 24, 38, 40, 45, 47, 48, 
  49, 51, 52, 57, 58, 59, 62 ],
[ 1, 2, 3, 4, 5, 6, 8, 9, 10, 12, 15, 16, 18, 20, 29, 31, 38, 40, 44, 45, 46, 
  47, 48, 49, 57, 58, 59, 62 ],
[ 1, 2, 3, 4, 5, 6, 8, 9, 10, 12, 18, 20, 25, 26, 29, 31, 34, 35, 36, 37, 38, 
  40, 48, 49, 53, 54, 57, 62 ],
[ 1, 2, 3, 4, 5, 6, 8, 9, 10, 13, 14, 16, 18, 20, 25, 26, 32, 35, 37, 40, 48, 
  49, 50, 51, 52, 53, 57, 63 ],
[ 1, 2, 3, 4, 5, 6, 8, 9, 10, 13, 14, 16, 18, 21, 25, 26, 32, 35, 36, 39, 48, 
  49, 50, 51, 52, 54, 57, 63 ],
[ 1, 2, 3, 4, 5, 6, 8, 9, 10, 13, 14, 16, 19, 21, 25, 26, 32, 34, 36, 40, 48, 
  49, 50, 51, 52, 53, 57, 63 ],
[ 1, 2, 3, 4, 5, 6, 8, 9, 10, 16, 18, 20, 25, 26, 32, 34, 36, 40, 48, 49, 50, 
  51, 52, 53, 55, 56, 57, 63 ]
];

