## Group: [64, 11]
## Difference Sets: 522
## Time:  0:08:09.467

return [
[ 1, 6, 8, 10, 11, 12, 15, 18, 20, 25, 26, 27, 28, 29, 30, 34, 35, 36, 38, 
  40, 41, 42, 48, 49, 53, 54, 56, 57 ],
[ 1, 6, 8, 10, 11, 12, 15, 17, 18, 20, 25, 26, 28, 29, 30, 34, 35, 36, 38, 
  39, 41, 42, 48, 50, 53, 54, 56, 62 ],
[ 1, 6, 8, 10, 11, 12, 14, 15, 18, 20, 25, 26, 27, 28, 29, 30, 34, 35, 37, 
  38, 40, 41, 42, 48, 49, 53, 54, 57 ],
[ 1, 6, 8, 10, 11, 12, 14, 15, 17, 18, 20, 25, 26, 28, 29, 30, 34, 35, 37, 
  38, 39, 41, 42, 48, 50, 53, 54, 62 ],
[ 1, 6, 8, 10, 11, 12, 14, 15, 16, 18, 20, 25, 26, 27, 28, 29, 30, 33, 34, 
  40, 41, 42, 48, 49, 54, 55, 56, 57 ],
[ 1, 6, 8, 10, 11, 12, 14, 15, 16, 17, 18, 20, 25, 26, 28, 29, 30, 34, 39, 
  41, 42, 48, 50, 53, 55, 56, 62, 63 ],
[ 1, 6, 8, 10, 11, 12, 14, 15, 16, 17, 18, 20, 25, 26, 28, 29, 30, 33, 34, 
  39, 41, 42, 48, 50, 54, 55, 56, 62 ],
[ 1, 6, 7, 8, 11, 12, 13, 14, 15, 16, 18, 20, 22, 25, 28, 30, 31, 36, 41, 42, 
  49, 51, 54, 55, 59, 62, 63, 64 ],
[ 1, 6, 7, 8, 11, 12, 13, 14, 15, 16, 18, 20, 22, 25, 28, 30, 31, 33, 36, 41, 
  42, 43, 49, 51, 53, 55, 58, 62 ],
[ 1, 6, 7, 8, 10, 11, 13, 14, 15, 16, 18, 20, 22, 25, 27, 28, 29, 31, 32, 36, 
  41, 42, 54, 55, 59, 62, 63, 64 ],
[ 1, 6, 7, 8, 10, 11, 13, 14, 15, 16, 18, 20, 22, 25, 27, 28, 29, 31, 32, 33, 
  36, 41, 42, 43, 53, 55, 58, 62 ],
[ 1, 5, 6, 8, 10, 11, 12, 15, 18, 21, 25, 26, 27, 28, 29, 30, 34, 35, 36, 38, 
  40, 41, 48, 49, 53, 54, 56, 57 ],
[ 1, 5, 6, 8, 10, 11, 12, 15, 17, 18, 21, 25, 26, 28, 29, 30, 34, 35, 36, 38, 
  39, 41, 48, 50, 53, 54, 56, 62 ],
[ 1, 5, 6, 8, 10, 11, 12, 14, 15, 16, 17, 18, 21, 25, 26, 28, 29, 30, 33, 34, 
  39, 41, 48, 50, 54, 55, 56, 62 ],
[ 1, 4, 6, 8, 11, 15, 16, 17, 18, 21, 25, 26, 27, 28, 30, 32, 34, 35, 36, 37, 
  39, 42, 48, 50, 51, 52, 53, 54 ],
[ 1, 4, 6, 8, 11, 14, 15, 16, 17, 18, 21, 25, 26, 27, 28, 30, 32, 33, 34, 35, 
  39, 42, 48, 50, 51, 52, 56, 63 ],
[ 1, 4, 6, 8, 11, 13, 15, 16, 17, 18, 21, 25, 26, 27, 28, 30, 32, 33, 36, 37, 
  39, 42, 48, 50, 51, 52, 55, 63 ],
[ 1, 4, 6, 8, 11, 12, 15, 17, 18, 21, 25, 26, 28, 29, 30, 31, 33, 34, 36, 38, 
  39, 42, 48, 49, 50, 54, 55, 56 ],
[ 1, 4, 6, 8, 11, 12, 14, 15, 17, 18, 21, 25, 26, 28, 29, 30, 31, 34, 37, 38, 
  39, 42, 48, 49, 50, 53, 55, 63 ],
[ 1, 4, 6, 8, 11, 12, 14, 15, 17, 18, 20, 25, 26, 28, 29, 30, 31, 34, 36, 38, 
  40, 42, 48, 49, 50, 54, 55, 63 ],
[ 1, 4, 6, 8, 11, 12, 14, 15, 17, 18, 20, 25, 26, 28, 29, 30, 31, 33, 34, 36, 
  38, 40, 42, 48, 49, 50, 53, 55 ],
[ 1, 4, 6, 8, 11, 12, 13, 15, 17, 18, 21, 25, 26, 28, 29, 30, 31, 35, 36, 38, 
  39, 42, 48, 49, 50, 53, 56, 63 ],
[ 1, 4, 6, 8, 11, 12, 13, 14, 15, 18, 20, 25, 26, 28, 29, 30, 31, 35, 36, 38, 
  39, 42, 48, 49, 50, 54, 57, 63 ],
[ 1, 4, 6, 8, 11, 12, 13, 14, 15, 18, 20, 25, 26, 28, 29, 30, 31, 33, 35, 36, 
  38, 39, 42, 48, 49, 50, 53, 57 ],
[ 1, 4, 6, 8, 11, 12, 13, 14, 15, 17, 18, 21, 25, 26, 28, 29, 30, 31, 33, 35, 
  37, 38, 39, 42, 48, 49, 50, 54 ],
[ 1, 4, 6, 8, 10, 11, 12, 14, 15, 17, 18, 20, 25, 26, 27, 28, 29, 34, 36, 38, 
  40, 42, 48, 52, 54, 55, 62, 63 ],
[ 1, 4, 6, 8, 10, 11, 12, 14, 15, 17, 18, 20, 25, 26, 27, 28, 29, 33, 34, 36, 
  38, 40, 42, 48, 52, 53, 55, 62 ],
[ 1, 4, 6, 8, 10, 11, 12, 13, 14, 15, 18, 20, 25, 26, 27, 28, 29, 35, 36, 38, 
  39, 42, 48, 52, 54, 57, 62, 63 ],
[ 1, 4, 6, 8, 10, 11, 12, 13, 14, 15, 18, 20, 25, 26, 27, 28, 29, 33, 35, 36, 
  38, 39, 42, 48, 52, 53, 57, 62 ],
[ 1, 4, 5, 6, 8, 11, 15, 16, 18, 20, 25, 26, 27, 28, 30, 32, 34, 35, 36, 37, 
  40, 48, 50, 51, 52, 53, 54, 57 ],
[ 1, 4, 5, 6, 8, 11, 12, 15, 18, 20, 25, 26, 28, 29, 30, 31, 33, 34, 36, 38, 
  40, 48, 49, 50, 54, 55, 56, 57 ],
[ 1, 4, 5, 6, 8, 11, 12, 14, 15, 18, 20, 25, 26, 28, 29, 30, 31, 34, 37, 38, 
  40, 48, 49, 50, 53, 55, 57, 63 ],
[ 1, 4, 5, 6, 8, 11, 12, 13, 15, 18, 20, 25, 26, 28, 29, 30, 31, 35, 36, 38, 
  40, 48, 49, 50, 53, 56, 57, 63 ],
[ 1, 4, 5, 6, 8, 11, 12, 13, 14, 15, 18, 20, 25, 26, 28, 29, 30, 31, 33, 35, 
  37, 38, 40, 48, 49, 50, 54, 57 ],
[ 1, 3, 8, 11, 15, 17, 18, 19, 20, 21, 22, 25, 26, 27, 28, 30, 32, 35, 37, 
  48, 50, 51, 52, 54, 55, 56, 57, 63 ],
[ 1, 3, 8, 11, 14, 15, 17, 18, 19, 20, 21, 22, 25, 26, 27, 28, 30, 32, 33, 
  35, 36, 48, 50, 51, 52, 53, 55, 57 ],
[ 1, 3, 8, 11, 13, 15, 17, 18, 19, 20, 21, 22, 25, 26, 27, 28, 30, 32, 33, 
  34, 37, 48, 50, 51, 52, 53, 56, 57 ],
[ 1, 3, 8, 11, 13, 14, 15, 17, 18, 19, 20, 21, 22, 25, 26, 27, 28, 30, 32, 
  34, 36, 48, 50, 51, 52, 54, 57, 63 ],
[ 1, 3, 8, 10, 11, 12, 15, 18, 20, 21, 22, 25, 26, 27, 28, 29, 30, 34, 36, 
  39, 41, 48, 49, 54, 55, 56, 57, 63 ],
[ 1, 3, 8, 10, 11, 12, 15, 17, 18, 20, 21, 22, 25, 26, 27, 28, 29, 30, 34, 
  36, 40, 41, 48, 49, 54, 55, 56, 63 ],
[ 1, 3, 8, 10, 11, 12, 14, 15, 18, 20, 21, 22, 25, 26, 27, 28, 29, 30, 34, 
  37, 39, 41, 48, 49, 54, 55, 57, 63 ],
[ 1, 3, 8, 10, 11, 12, 14, 15, 17, 18, 20, 21, 22, 25, 26, 27, 28, 29, 30, 
  34, 37, 40, 41, 48, 49, 54, 55, 63 ],
[ 1, 3, 7, 8, 11, 12, 15, 18, 20, 25, 26, 28, 29, 30, 31, 35, 37, 39, 41, 42, 
  48, 49, 50, 54, 55, 56, 57, 63 ],
[ 1, 3, 7, 8, 11, 12, 14, 15, 18, 20, 25, 26, 28, 29, 30, 31, 33, 35, 36, 39, 
  41, 42, 48, 49, 50, 53, 55, 57 ],
[ 1, 3, 7, 8, 11, 12, 13, 15, 18, 20, 25, 26, 28, 29, 30, 31, 33, 34, 37, 39, 
  41, 42, 48, 49, 50, 53, 56, 57 ],
[ 1, 3, 7, 8, 11, 12, 13, 14, 15, 18, 20, 25, 26, 28, 29, 30, 31, 34, 36, 39, 
  41, 42, 48, 49, 50, 54, 57, 63 ],
[ 1, 3, 6, 8, 11, 12, 15, 18, 20, 25, 26, 28, 29, 30, 31, 33, 34, 36, 40, 41, 
  42, 48, 49, 50, 53, 55, 56, 57 ],
[ 1, 3, 6, 8, 11, 12, 15, 17, 18, 20, 25, 26, 28, 29, 30, 31, 34, 36, 39, 41, 
  42, 48, 49, 50, 54, 55, 56, 63 ],
[ 1, 3, 6, 8, 11, 12, 14, 15, 18, 20, 25, 26, 28, 29, 30, 31, 33, 34, 37, 40, 
  41, 42, 48, 49, 50, 53, 55, 57 ],
[ 1, 3, 6, 8, 11, 12, 14, 15, 17, 18, 20, 25, 26, 28, 29, 30, 31, 34, 37, 39, 
  41, 42, 48, 49, 50, 54, 55, 63 ],
[ 1, 3, 6, 8, 10, 11, 12, 15, 18, 20, 25, 26, 27, 28, 29, 33, 34, 36, 40, 41, 
  42, 48, 52, 53, 55, 56, 57, 62 ],
[ 1, 3, 6, 8, 10, 11, 12, 15, 17, 18, 20, 25, 26, 27, 28, 29, 34, 36, 39, 41, 
  42, 48, 52, 54, 55, 56, 62, 63 ],
[ 1, 3, 6, 8, 10, 11, 12, 14, 15, 18, 20, 25, 26, 27, 28, 29, 33, 34, 37, 40, 
  41, 42, 48, 52, 53, 55, 57, 62 ],
[ 1, 3, 6, 8, 10, 11, 12, 14, 15, 17, 18, 20, 25, 26, 27, 28, 29, 34, 37, 39, 
  41, 42, 48, 52, 54, 55, 62, 63 ],
[ 1, 3, 6, 7, 11, 14, 15, 18, 19, 20, 21, 22, 25, 26, 27, 28, 30, 32, 33, 35, 
  36, 50, 51, 52, 53, 55, 58, 59 ],
[ 1, 3, 6, 7, 11, 13, 14, 15, 18, 19, 20, 21, 22, 25, 26, 27, 28, 30, 32, 34, 
  36, 50, 51, 52, 54, 58, 59, 63 ],
[ 1, 3, 6, 7, 10, 11, 14, 15, 18, 19, 20, 21, 22, 25, 26, 28, 31, 32, 33, 35, 
  36, 49, 51, 53, 55, 58, 59, 62 ],
[ 1, 3, 6, 7, 10, 11, 13, 14, 15, 18, 19, 20, 21, 22, 25, 26, 28, 31, 32, 34, 
  36, 49, 51, 54, 58, 59, 62, 63 ],
[ 1, 3, 6, 7, 8, 11, 15, 20, 21, 22, 25, 27, 28, 29, 30, 32, 34, 36, 39, 40, 
  45, 52, 54, 55, 56, 60, 62, 63 ],
[ 1, 3, 6, 7, 8, 11, 15, 20, 21, 22, 23, 25, 27, 28, 29, 30, 32, 33, 34, 36, 
  39, 40, 44, 52, 53, 55, 56, 62 ],
[ 1, 3, 6, 7, 8, 11, 15, 18, 19, 22, 24, 25, 27, 28, 30, 32, 34, 35, 37, 39, 
  40, 46, 50, 51, 52, 53, 54, 56 ],
[ 1, 3, 6, 7, 8, 11, 15, 17, 20, 21, 22, 25, 27, 28, 29, 30, 32, 34, 36, 45, 
  52, 54, 55, 56, 57, 60, 62, 63 ],
[ 1, 3, 6, 7, 8, 11, 15, 17, 20, 21, 22, 23, 25, 27, 28, 29, 30, 32, 33, 34, 
  36, 44, 52, 53, 55, 56, 57, 62 ],
[ 1, 3, 6, 7, 8, 11, 14, 15, 18, 19, 22, 25, 27, 28, 30, 32, 34, 35, 36, 39, 
  40, 47, 50, 51, 52, 53, 54, 61 ],
[ 1, 3, 6, 7, 8, 11, 12, 15, 18, 22, 24, 25, 28, 29, 30, 31, 34, 37, 39, 41, 
  46, 49, 50, 53, 55, 56, 57, 63 ],
[ 1, 3, 6, 7, 8, 11, 12, 15, 18, 22, 24, 25, 28, 29, 30, 31, 33, 34, 37, 39, 
  41, 46, 49, 50, 54, 55, 56, 57 ],
[ 1, 3, 6, 7, 8, 11, 12, 15, 18, 20, 22, 25, 28, 30, 31, 35, 36, 37, 41, 42, 
  49, 51, 53, 54, 55, 59, 62, 64 ],
[ 1, 3, 6, 7, 8, 11, 12, 14, 15, 18, 22, 25, 28, 29, 30, 31, 34, 36, 39, 41, 
  47, 49, 50, 53, 55, 57, 61, 63 ],
[ 1, 3, 6, 7, 8, 11, 12, 14, 15, 18, 22, 25, 28, 29, 30, 31, 33, 34, 36, 39, 
  41, 47, 49, 50, 54, 55, 57, 61 ],
[ 1, 3, 6, 7, 8, 11, 12, 13, 15, 18, 20, 22, 25, 28, 30, 31, 34, 36, 37, 41, 
  42, 43, 49, 51, 53, 54, 58, 62 ],
[ 1, 3, 6, 7, 8, 10, 11, 15, 20, 21, 22, 25, 27, 28, 29, 31, 32, 34, 36, 39, 
  40, 45, 54, 55, 56, 60, 62, 63 ],
[ 1, 3, 6, 7, 8, 10, 11, 15, 20, 21, 22, 23, 25, 27, 28, 29, 31, 32, 33, 34, 
  36, 39, 40, 44, 53, 55, 56, 62 ],
[ 1, 3, 6, 7, 8, 10, 11, 15, 18, 20, 22, 25, 27, 28, 29, 31, 32, 35, 36, 37, 
  41, 42, 53, 54, 55, 59, 62, 64 ],
[ 1, 3, 6, 7, 8, 10, 11, 15, 18, 19, 22, 24, 25, 28, 31, 32, 34, 35, 37, 39, 
  40, 46, 49, 51, 53, 54, 56, 62 ],
[ 1, 3, 6, 7, 8, 10, 11, 15, 17, 20, 21, 22, 25, 27, 28, 29, 31, 32, 34, 36, 
  45, 54, 55, 56, 57, 60, 62, 63 ],
[ 1, 3, 6, 7, 8, 10, 11, 15, 17, 20, 21, 22, 23, 25, 27, 28, 29, 31, 32, 33, 
  34, 36, 44, 53, 55, 56, 57, 62 ],
[ 1, 3, 6, 7, 8, 10, 11, 14, 15, 18, 19, 22, 25, 28, 31, 32, 34, 35, 36, 39, 
  40, 47, 49, 51, 53, 54, 61, 62 ],
[ 1, 3, 6, 7, 8, 10, 11, 13, 15, 18, 20, 22, 25, 27, 28, 29, 31, 32, 34, 36, 
  37, 41, 42, 43, 53, 54, 58, 62 ],
[ 1, 3, 6, 7, 8, 10, 11, 12, 15, 18, 22, 24, 25, 27, 28, 29, 34, 37, 39, 41, 
  46, 52, 53, 55, 56, 57, 62, 63 ],
[ 1, 3, 6, 7, 8, 10, 11, 12, 15, 18, 22, 24, 25, 27, 28, 29, 33, 34, 37, 39, 
  41, 46, 52, 54, 55, 56, 57, 62 ],
[ 1, 3, 6, 7, 8, 10, 11, 12, 14, 15, 18, 22, 25, 27, 28, 29, 34, 36, 39, 41, 
  47, 52, 53, 55, 57, 61, 62, 63 ],
[ 1, 3, 6, 7, 8, 10, 11, 12, 14, 15, 18, 22, 25, 27, 28, 29, 33, 34, 36, 39, 
  41, 47, 52, 54, 55, 57, 61, 62 ],
[ 1, 3, 6, 7, 8, 9, 11, 15, 18, 19, 22, 24, 25, 29, 30, 32, 34, 35, 37, 39, 
  40, 46, 49, 52, 53, 54, 56, 62 ],
[ 1, 3, 6, 7, 8, 9, 11, 14, 15, 18, 19, 22, 25, 29, 30, 32, 34, 35, 36, 39, 
  40, 47, 49, 52, 53, 54, 61, 62 ],
[ 1, 3, 6, 7, 8, 9, 11, 12, 15, 18, 22, 24, 25, 27, 30, 31, 34, 37, 39, 41, 
  46, 51, 53, 55, 56, 57, 62, 63 ],
[ 1, 3, 6, 7, 8, 9, 11, 12, 15, 18, 22, 24, 25, 27, 30, 31, 33, 34, 37, 39, 
  41, 46, 51, 54, 55, 56, 57, 62 ],
[ 1, 3, 6, 7, 8, 9, 11, 12, 14, 15, 18, 22, 25, 27, 30, 31, 34, 36, 39, 41, 
  47, 51, 53, 55, 57, 61, 62, 63 ],
[ 1, 3, 6, 7, 8, 9, 11, 12, 14, 15, 18, 22, 25, 27, 30, 31, 33, 34, 36, 39, 
  41, 47, 51, 54, 55, 57, 61, 62 ],
[ 1, 3, 6, 7, 8, 9, 10, 11, 15, 18, 19, 22, 24, 25, 27, 29, 31, 32, 34, 35, 
  37, 39, 40, 46, 50, 53, 54, 56 ],
[ 1, 3, 6, 7, 8, 9, 10, 11, 14, 15, 18, 19, 22, 25, 27, 29, 31, 32, 34, 35, 
  36, 39, 40, 47, 50, 53, 54, 61 ],
[ 1, 3, 6, 7, 8, 9, 10, 11, 12, 15, 18, 22, 24, 25, 34, 37, 39, 41, 46, 49, 
  50, 51, 52, 53, 55, 56, 57, 63 ],
[ 1, 3, 6, 7, 8, 9, 10, 11, 12, 15, 18, 22, 24, 25, 33, 34, 37, 39, 41, 46, 
  49, 50, 51, 52, 54, 55, 56, 57 ],
[ 1, 3, 6, 7, 8, 9, 10, 11, 12, 14, 15, 18, 22, 25, 34, 36, 39, 41, 47, 49, 
  50, 51, 52, 53, 55, 57, 61, 63 ],
[ 1, 3, 6, 7, 8, 9, 10, 11, 12, 14, 15, 18, 22, 25, 33, 34, 36, 39, 41, 47, 
  49, 50, 51, 52, 54, 55, 57, 61 ],
[ 1, 3, 5, 8, 11, 14, 15, 18, 19, 22, 25, 26, 27, 28, 30, 32, 33, 35, 36, 39, 
  40, 42, 48, 50, 51, 52, 53, 55 ],
[ 1, 3, 5, 8, 11, 13, 15, 18, 19, 22, 25, 26, 27, 28, 30, 32, 33, 34, 37, 39, 
  40, 42, 48, 50, 51, 52, 53, 56 ],
[ 1, 3, 5, 8, 11, 13, 14, 15, 18, 19, 22, 25, 26, 27, 28, 30, 32, 34, 36, 39, 
  40, 42, 48, 50, 51, 52, 54, 63 ],
[ 1, 3, 5, 7, 8, 11, 12, 15, 17, 18, 21, 25, 26, 28, 29, 30, 31, 35, 37, 40, 
  41, 48, 49, 50, 54, 55, 56, 63 ],
[ 1, 3, 5, 7, 8, 11, 12, 14, 15, 17, 18, 21, 25, 26, 28, 29, 30, 31, 33, 35, 
  36, 40, 41, 48, 49, 50, 53, 55 ],
[ 1, 3, 5, 7, 8, 11, 12, 13, 15, 17, 18, 21, 25, 26, 28, 29, 30, 31, 33, 34, 
  37, 40, 41, 48, 49, 50, 53, 56 ],
[ 1, 3, 5, 7, 8, 11, 12, 13, 14, 15, 17, 18, 21, 25, 26, 28, 29, 30, 31, 34, 
  36, 40, 41, 48, 49, 50, 54, 63 ],
[ 1, 3, 5, 6, 8, 11, 12, 15, 18, 21, 25, 26, 28, 29, 30, 31, 33, 34, 36, 40, 
  41, 48, 49, 50, 53, 55, 56, 57 ],
[ 1, 3, 5, 6, 8, 11, 12, 15, 17, 18, 21, 25, 26, 28, 29, 30, 31, 34, 36, 39, 
  41, 48, 49, 50, 54, 55, 56, 63 ],
[ 1, 3, 5, 6, 8, 11, 12, 14, 15, 18, 21, 25, 26, 28, 29, 30, 31, 33, 34, 37, 
  40, 41, 48, 49, 50, 53, 55, 57 ],
[ 1, 3, 5, 6, 8, 11, 12, 14, 15, 17, 18, 21, 25, 26, 28, 29, 30, 31, 34, 37, 
  39, 41, 48, 49, 50, 54, 55, 63 ],
[ 1, 3, 5, 6, 8, 10, 11, 12, 15, 18, 21, 25, 26, 27, 28, 29, 33, 34, 36, 40, 
  41, 48, 52, 53, 55, 56, 57, 62 ],
[ 1, 3, 5, 6, 8, 10, 11, 12, 15, 17, 18, 21, 25, 26, 27, 28, 29, 34, 36, 39, 
  41, 48, 52, 54, 55, 56, 62, 63 ],
[ 1, 3, 5, 6, 8, 10, 11, 12, 14, 15, 18, 21, 25, 26, 27, 28, 29, 33, 34, 37, 
  40, 41, 48, 52, 53, 55, 57, 62 ],
[ 1, 3, 5, 6, 8, 10, 11, 12, 14, 15, 17, 18, 21, 25, 26, 27, 28, 29, 34, 37, 
  39, 41, 48, 52, 54, 55, 62, 63 ],
[ 1, 3, 5, 6, 7, 11, 14, 15, 18, 19, 22, 25, 26, 27, 28, 30, 32, 33, 35, 36, 
  42, 43, 50, 51, 52, 53, 55, 64 ],
[ 1, 3, 5, 6, 7, 11, 13, 14, 15, 18, 19, 22, 25, 26, 27, 28, 30, 32, 34, 36, 
  42, 43, 50, 51, 52, 54, 63, 64 ],
[ 1, 3, 5, 6, 7, 10, 11, 14, 15, 18, 19, 22, 25, 26, 28, 31, 32, 33, 35, 36, 
  42, 43, 49, 51, 53, 55, 62, 64 ],
[ 1, 3, 5, 6, 7, 10, 11, 13, 14, 15, 18, 19, 22, 25, 26, 28, 31, 32, 34, 36, 
  42, 43, 49, 51, 54, 62, 63, 64 ],
[ 1, 3, 4, 8, 11, 13, 15, 20, 21, 22, 25, 26, 27, 28, 30, 32, 33, 34, 37, 39, 
  40, 41, 48, 50, 51, 52, 53, 56 ],
[ 1, 3, 4, 8, 11, 13, 14, 15, 20, 21, 22, 25, 26, 27, 28, 30, 32, 34, 36, 39, 
  40, 41, 48, 50, 51, 52, 54, 63 ],
[ 1, 3, 4, 5, 8, 11, 13, 15, 17, 22, 25, 26, 27, 28, 30, 32, 33, 34, 37, 41, 
  42, 48, 50, 51, 52, 53, 56, 57 ],
[ 1, 3, 4, 5, 6, 7, 11, 14, 15, 18, 20, 22, 25, 28, 29, 30, 31, 32, 33, 34, 
  35, 48, 49, 53, 56, 58, 62, 64 ],
[ 1, 3, 4, 5, 6, 7, 11, 14, 15, 18, 20, 22, 25, 28, 29, 30, 31, 32, 33, 34, 
  35, 43, 48, 49, 53, 56, 59, 62 ],
[ 1, 3, 4, 5, 6, 7, 11, 14, 15, 18, 20, 22, 25, 27, 28, 29, 30, 31, 32, 33, 
  34, 35, 48, 50, 53, 56, 58, 64 ],
[ 1, 3, 4, 5, 6, 7, 11, 14, 15, 18, 20, 22, 25, 27, 28, 29, 30, 31, 32, 33, 
  34, 35, 43, 48, 50, 53, 56, 59 ],
[ 1, 3, 4, 5, 6, 7, 11, 12, 15, 18, 20, 22, 25, 28, 30, 33, 34, 35, 36, 37, 
  48, 49, 50, 51, 52, 53, 58, 64 ],
[ 1, 3, 4, 5, 6, 7, 11, 12, 15, 18, 20, 22, 25, 28, 30, 33, 34, 35, 36, 37, 
  43, 48, 49, 50, 51, 52, 53, 59 ],
[ 1, 3, 4, 5, 6, 7, 11, 12, 14, 15, 18, 20, 22, 25, 27, 28, 30, 33, 34, 35, 
  48, 51, 52, 53, 56, 58, 62, 64 ],
[ 1, 3, 4, 5, 6, 7, 11, 12, 14, 15, 18, 20, 22, 25, 27, 28, 30, 33, 34, 35, 
  43, 48, 51, 52, 53, 56, 59, 62 ],
[ 1, 3, 4, 5, 6, 7, 10, 11, 15, 18, 20, 22, 25, 28, 29, 32, 33, 34, 35, 36, 
  37, 48, 49, 52, 53, 58, 62, 64 ],
[ 1, 3, 4, 5, 6, 7, 10, 11, 15, 18, 20, 22, 25, 28, 29, 32, 33, 34, 35, 36, 
  37, 43, 48, 49, 52, 53, 59, 62 ],
[ 1, 3, 4, 5, 6, 7, 10, 11, 15, 18, 20, 22, 25, 27, 28, 29, 32, 33, 34, 35, 
  36, 37, 48, 50, 52, 53, 58, 64 ],
[ 1, 3, 4, 5, 6, 7, 10, 11, 15, 18, 20, 22, 25, 27, 28, 29, 32, 33, 34, 35, 
  36, 37, 43, 48, 50, 52, 53, 59 ],
[ 1, 3, 4, 5, 6, 7, 10, 11, 12, 15, 18, 20, 22, 25, 28, 31, 33, 34, 35, 36, 
  37, 48, 49, 50, 51, 53, 58, 64 ],
[ 1, 3, 4, 5, 6, 7, 10, 11, 12, 15, 18, 20, 22, 25, 28, 31, 33, 34, 35, 36, 
  37, 43, 48, 49, 50, 51, 53, 59 ],
[ 1, 3, 4, 5, 6, 7, 10, 11, 12, 14, 15, 18, 20, 22, 25, 27, 28, 31, 33, 34, 
  35, 48, 51, 53, 56, 58, 62, 64 ],
[ 1, 3, 4, 5, 6, 7, 10, 11, 12, 14, 15, 18, 20, 22, 25, 27, 28, 31, 33, 34, 
  35, 43, 48, 51, 53, 56, 59, 62 ],
[ 1, 2, 8, 10, 11, 12, 15, 18, 20, 21, 22, 23, 25, 27, 30, 32, 33, 34, 35, 
  36, 38, 39, 41, 44, 49, 56, 57, 63 ],
[ 1, 2, 8, 10, 11, 12, 15, 17, 18, 20, 21, 22, 23, 25, 27, 30, 32, 33, 34, 
  35, 36, 38, 40, 41, 44, 49, 56, 63 ],
[ 1, 2, 8, 10, 11, 12, 15, 17, 18, 19, 20, 21, 22, 23, 25, 27, 30, 32, 33, 
  34, 36, 38, 44, 49, 54, 55, 56, 57 ],
[ 1, 2, 8, 10, 11, 12, 15, 16, 18, 19, 20, 22, 23, 25, 27, 30, 32, 33, 34, 
  35, 36, 39, 42, 44, 49, 54, 56, 57 ],
[ 1, 2, 8, 10, 11, 12, 15, 16, 17, 18, 19, 20, 22, 23, 25, 27, 30, 32, 34, 
  35, 36, 40, 42, 44, 49, 53, 56, 63 ],
[ 1, 2, 8, 10, 11, 12, 14, 15, 18, 20, 21, 22, 23, 25, 27, 30, 32, 33, 34, 
  35, 37, 38, 39, 41, 44, 49, 57, 63 ],
[ 1, 2, 8, 10, 11, 12, 14, 15, 17, 18, 20, 21, 22, 23, 25, 27, 30, 32, 33, 
  34, 35, 37, 38, 40, 41, 44, 49, 63 ],
[ 1, 2, 8, 10, 11, 12, 14, 15, 17, 18, 19, 20, 21, 22, 23, 25, 27, 30, 32, 
  34, 37, 38, 44, 49, 53, 55, 57, 63 ],
[ 1, 2, 8, 10, 11, 12, 14, 15, 16, 18, 20, 21, 22, 23, 25, 27, 30, 32, 34, 
  39, 41, 44, 49, 53, 55, 56, 57, 63 ],
[ 1, 2, 8, 10, 11, 12, 14, 15, 16, 18, 20, 21, 22, 23, 25, 27, 30, 32, 33, 
  34, 39, 41, 44, 49, 54, 55, 56, 57 ],
[ 1, 2, 8, 10, 11, 12, 14, 15, 16, 18, 19, 20, 22, 23, 25, 27, 30, 32, 34, 
  35, 37, 39, 42, 44, 49, 53, 57, 63 ],
[ 1, 2, 8, 10, 11, 12, 14, 15, 16, 17, 18, 20, 21, 22, 23, 25, 27, 30, 32, 
  34, 40, 41, 44, 49, 53, 55, 56, 63 ],
[ 1, 2, 8, 10, 11, 12, 14, 15, 16, 17, 18, 20, 21, 22, 23, 25, 27, 30, 32, 
  33, 34, 40, 41, 44, 49, 54, 55, 56 ],
[ 1, 2, 8, 10, 11, 12, 14, 15, 16, 17, 18, 19, 20, 22, 23, 25, 27, 30, 32, 
  33, 34, 35, 37, 40, 42, 44, 49, 54 ],
[ 1, 2, 8, 10, 11, 12, 13, 15, 18, 20, 21, 22, 23, 25, 27, 30, 32, 36, 38, 
  39, 41, 44, 49, 53, 54, 55, 56, 57 ],
[ 1, 2, 8, 10, 11, 12, 13, 15, 17, 18, 20, 21, 22, 23, 25, 27, 30, 32, 36, 
  38, 40, 41, 44, 49, 53, 54, 55, 56 ],
[ 1, 2, 8, 10, 11, 12, 13, 15, 17, 18, 19, 20, 21, 22, 23, 25, 27, 30, 32, 
  35, 36, 38, 44, 49, 53, 56, 57, 63 ],
[ 1, 2, 8, 10, 11, 12, 13, 15, 16, 18, 19, 20, 22, 23, 25, 27, 30, 32, 33, 
  36, 39, 42, 44, 49, 54, 55, 56, 57 ],
[ 1, 2, 8, 10, 11, 12, 13, 15, 16, 17, 18, 19, 20, 22, 23, 25, 27, 30, 32, 
  36, 40, 42, 44, 49, 53, 55, 56, 63 ],
[ 1, 2, 8, 10, 11, 12, 13, 14, 15, 18, 20, 21, 22, 23, 25, 27, 30, 32, 37, 
  38, 39, 41, 44, 49, 53, 54, 55, 57 ],
[ 1, 2, 8, 10, 11, 12, 13, 14, 15, 17, 18, 20, 21, 22, 23, 25, 27, 30, 32, 
  37, 38, 40, 41, 44, 49, 53, 54, 55 ],
[ 1, 2, 8, 10, 11, 12, 13, 14, 15, 17, 18, 19, 20, 21, 22, 23, 25, 27, 30, 
  32, 33, 35, 37, 38, 44, 49, 54, 57 ],
[ 1, 2, 8, 10, 11, 12, 13, 14, 15, 16, 18, 20, 21, 22, 23, 25, 27, 30, 32, 
  35, 39, 41, 44, 49, 53, 56, 57, 63 ],
[ 1, 2, 8, 10, 11, 12, 13, 14, 15, 16, 18, 20, 21, 22, 23, 25, 27, 30, 32, 
  33, 35, 39, 41, 44, 49, 54, 56, 57 ],
[ 1, 2, 8, 10, 11, 12, 13, 14, 15, 16, 18, 19, 20, 22, 23, 25, 27, 30, 32, 
  37, 39, 42, 44, 49, 53, 55, 57, 63 ],
[ 1, 2, 8, 10, 11, 12, 13, 14, 15, 16, 17, 18, 20, 21, 22, 23, 25, 27, 30, 
  32, 35, 40, 41, 44, 49, 53, 56, 63 ],
[ 1, 2, 8, 10, 11, 12, 13, 14, 15, 16, 17, 18, 20, 21, 22, 23, 25, 27, 30, 
  32, 33, 35, 40, 41, 44, 49, 54, 56 ],
[ 1, 2, 8, 10, 11, 12, 13, 14, 15, 16, 17, 18, 19, 20, 22, 23, 25, 27, 30, 
  32, 33, 37, 40, 42, 44, 49, 54, 55 ],
[ 1, 2, 8, 9, 10, 11, 12, 15, 18, 20, 21, 22, 25, 28, 30, 32, 33, 34, 35, 36, 
  38, 39, 41, 43, 56, 57, 58, 63 ],
[ 1, 2, 8, 9, 10, 11, 12, 15, 17, 18, 20, 21, 22, 25, 28, 30, 32, 33, 34, 35, 
  36, 38, 40, 41, 43, 56, 58, 63 ],
[ 1, 2, 8, 9, 10, 11, 12, 15, 17, 18, 19, 20, 21, 22, 25, 28, 30, 32, 33, 34, 
  36, 38, 43, 54, 55, 56, 57, 58 ],
[ 1, 2, 8, 9, 10, 11, 12, 15, 16, 18, 19, 20, 22, 25, 28, 30, 32, 33, 34, 35, 
  36, 39, 42, 43, 54, 56, 57, 58 ],
[ 1, 2, 8, 9, 10, 11, 12, 15, 16, 17, 18, 19, 20, 22, 25, 28, 30, 32, 34, 35, 
  36, 40, 42, 43, 53, 56, 58, 63 ],
[ 1, 2, 8, 9, 10, 11, 12, 14, 15, 18, 20, 21, 22, 25, 28, 30, 32, 33, 34, 35, 
  37, 38, 39, 41, 43, 57, 58, 63 ],
[ 1, 2, 8, 9, 10, 11, 12, 14, 15, 17, 18, 20, 21, 22, 25, 28, 30, 32, 33, 34, 
  35, 37, 38, 40, 41, 43, 58, 63 ],
[ 1, 2, 8, 9, 10, 11, 12, 14, 15, 17, 18, 19, 20, 21, 22, 25, 28, 30, 32, 34, 
  37, 38, 43, 53, 55, 57, 58, 63 ],
[ 1, 2, 8, 9, 10, 11, 12, 14, 15, 16, 18, 20, 21, 22, 25, 28, 30, 32, 34, 39, 
  41, 43, 53, 55, 56, 57, 58, 63 ],
[ 1, 2, 8, 9, 10, 11, 12, 14, 15, 16, 18, 20, 21, 22, 25, 28, 30, 32, 33, 34, 
  39, 41, 43, 54, 55, 56, 57, 58 ],
[ 1, 2, 8, 9, 10, 11, 12, 14, 15, 16, 18, 19, 20, 22, 25, 28, 30, 32, 34, 35, 
  37, 39, 42, 43, 53, 57, 58, 63 ],
[ 1, 2, 8, 9, 10, 11, 12, 14, 15, 16, 17, 18, 20, 21, 22, 25, 28, 30, 32, 34, 
  40, 41, 43, 53, 55, 56, 58, 63 ],
[ 1, 2, 8, 9, 10, 11, 12, 14, 15, 16, 17, 18, 20, 21, 22, 25, 28, 30, 32, 33, 
  34, 40, 41, 43, 54, 55, 56, 58 ],
[ 1, 2, 8, 9, 10, 11, 12, 14, 15, 16, 17, 18, 19, 20, 22, 25, 28, 30, 32, 33, 
  34, 35, 37, 40, 42, 43, 54, 58 ],
[ 1, 2, 8, 9, 10, 11, 12, 13, 15, 18, 20, 21, 22, 25, 28, 30, 32, 36, 38, 39, 
  41, 43, 53, 54, 55, 56, 57, 58 ],
[ 1, 2, 8, 9, 10, 11, 12, 13, 15, 17, 18, 20, 21, 22, 25, 28, 30, 32, 36, 38, 
  40, 41, 43, 53, 54, 55, 56, 58 ],
[ 1, 2, 8, 9, 10, 11, 12, 13, 15, 17, 18, 19, 20, 21, 22, 25, 28, 30, 32, 35, 
  36, 38, 43, 53, 56, 57, 58, 63 ],
[ 1, 2, 8, 9, 10, 11, 12, 13, 15, 16, 18, 19, 20, 22, 25, 28, 30, 32, 33, 36, 
  39, 42, 43, 54, 55, 56, 57, 58 ],
[ 1, 2, 8, 9, 10, 11, 12, 13, 15, 16, 17, 18, 19, 20, 22, 25, 28, 30, 32, 36, 
  40, 42, 43, 53, 55, 56, 58, 63 ],
[ 1, 2, 8, 9, 10, 11, 12, 13, 14, 15, 18, 20, 21, 22, 25, 28, 30, 32, 37, 38, 
  39, 41, 43, 53, 54, 55, 57, 58 ],
[ 1, 2, 8, 9, 10, 11, 12, 13, 14, 15, 17, 18, 20, 21, 22, 25, 28, 30, 32, 37, 
  38, 40, 41, 43, 53, 54, 55, 58 ],
[ 1, 2, 8, 9, 10, 11, 12, 13, 14, 15, 17, 18, 19, 20, 21, 22, 25, 28, 30, 32, 
  33, 35, 37, 38, 43, 54, 57, 58 ],
[ 1, 2, 8, 9, 10, 11, 12, 13, 14, 15, 16, 18, 20, 21, 22, 25, 28, 30, 32, 35, 
  39, 41, 43, 53, 56, 57, 58, 63 ],
[ 1, 2, 8, 9, 10, 11, 12, 13, 14, 15, 16, 18, 20, 21, 22, 25, 28, 30, 32, 33, 
  35, 39, 41, 43, 54, 56, 57, 58 ],
[ 1, 2, 8, 9, 10, 11, 12, 13, 14, 15, 16, 17, 18, 20, 21, 22, 25, 28, 30, 32, 
  35, 40, 41, 43, 53, 56, 58, 63 ],
[ 1, 2, 8, 9, 10, 11, 12, 13, 14, 15, 16, 17, 18, 20, 21, 22, 25, 28, 30, 32, 
  33, 35, 40, 41, 43, 54, 56, 58 ],
[ 1, 2, 7, 8, 10, 11, 12, 15, 18, 20, 21, 23, 25, 27, 30, 32, 34, 36, 37, 38, 
  39, 40, 41, 44, 49, 53, 54, 55 ],
[ 1, 2, 7, 8, 10, 11, 12, 15, 18, 20, 21, 23, 25, 27, 30, 32, 33, 34, 36, 37, 
  38, 39, 40, 41, 44, 49, 55, 63 ],
[ 1, 2, 7, 8, 10, 11, 12, 15, 18, 19, 20, 23, 25, 27, 30, 32, 34, 35, 36, 38, 
  39, 40, 42, 44, 49, 53, 54, 56 ],
[ 1, 2, 7, 8, 10, 11, 12, 15, 16, 18, 20, 23, 25, 27, 30, 32, 34, 35, 36, 37, 
  39, 41, 42, 44, 49, 53, 54, 57 ],
[ 1, 2, 7, 8, 10, 11, 12, 15, 16, 18, 19, 20, 23, 25, 27, 30, 32, 34, 36, 37, 
  39, 40, 42, 44, 49, 53, 55, 63 ],
[ 1, 2, 7, 8, 10, 11, 12, 15, 16, 18, 19, 20, 23, 25, 27, 30, 32, 33, 34, 36, 
  37, 39, 40, 42, 44, 49, 54, 55 ],
[ 1, 2, 7, 8, 10, 11, 12, 14, 15, 18, 20, 21, 23, 25, 27, 30, 32, 34, 38, 39, 
  40, 41, 44, 49, 53, 54, 55, 56 ],
[ 1, 2, 7, 8, 10, 11, 12, 14, 15, 18, 20, 21, 23, 25, 27, 30, 32, 33, 34, 38, 
  39, 40, 41, 44, 49, 55, 56, 63 ],
[ 1, 2, 7, 8, 10, 11, 12, 14, 15, 18, 19, 20, 23, 25, 27, 30, 32, 34, 35, 37, 
  38, 39, 40, 42, 44, 49, 53, 54 ],
[ 1, 2, 7, 8, 10, 11, 12, 14, 15, 16, 18, 20, 23, 25, 27, 30, 32, 33, 34, 35, 
  39, 41, 42, 44, 49, 56, 57, 63 ],
[ 1, 2, 7, 8, 10, 11, 12, 13, 15, 18, 19, 20, 23, 25, 27, 30, 32, 33, 36, 38, 
  39, 40, 42, 44, 49, 55, 56, 63 ],
[ 1, 2, 7, 8, 10, 11, 12, 13, 15, 16, 18, 20, 23, 25, 27, 30, 32, 33, 36, 37, 
  39, 41, 42, 44, 49, 55, 57, 63 ],
[ 1, 2, 7, 8, 10, 11, 12, 13, 15, 16, 18, 19, 20, 23, 25, 27, 30, 32, 35, 36, 
  37, 39, 40, 42, 44, 49, 53, 63 ],
[ 1, 2, 7, 8, 10, 11, 12, 13, 15, 16, 18, 19, 20, 23, 25, 27, 30, 32, 33, 35, 
  36, 37, 39, 40, 42, 44, 49, 54 ],
[ 1, 2, 7, 8, 10, 11, 12, 13, 14, 15, 18, 19, 20, 23, 25, 27, 30, 32, 33, 37, 
  38, 39, 40, 42, 44, 49, 55, 63 ],
[ 1, 2, 7, 8, 10, 11, 12, 13, 14, 15, 16, 18, 20, 23, 25, 27, 30, 32, 39, 41, 
  42, 44, 49, 53, 54, 55, 56, 57 ],
[ 1, 2, 7, 8, 9, 10, 11, 12, 15, 18, 20, 21, 25, 28, 30, 32, 34, 36, 37, 38, 
  39, 40, 41, 43, 53, 54, 55, 58 ],
[ 1, 2, 7, 8, 9, 10, 11, 12, 15, 18, 20, 21, 25, 28, 30, 32, 33, 34, 36, 37, 
  38, 39, 40, 41, 43, 55, 58, 63 ],
[ 1, 2, 7, 8, 9, 10, 11, 12, 15, 18, 19, 20, 25, 28, 30, 32, 34, 35, 36, 38, 
  39, 40, 42, 43, 53, 54, 56, 58 ],
[ 1, 2, 7, 8, 9, 10, 11, 12, 15, 17, 18, 20, 21, 25, 28, 30, 32, 34, 36, 37, 
  38, 41, 43, 53, 54, 55, 57, 58 ],
[ 1, 2, 7, 8, 9, 10, 11, 12, 15, 17, 18, 20, 21, 25, 28, 30, 32, 33, 34, 36, 
  37, 38, 41, 43, 55, 57, 58, 63 ],
[ 1, 2, 7, 8, 9, 10, 11, 12, 15, 16, 18, 20, 25, 28, 30, 32, 34, 35, 36, 37, 
  39, 41, 42, 43, 53, 54, 57, 58 ],
[ 1, 2, 7, 8, 9, 10, 11, 12, 15, 16, 18, 19, 20, 25, 28, 30, 32, 34, 36, 37, 
  39, 40, 42, 43, 53, 55, 58, 63 ],
[ 1, 2, 7, 8, 9, 10, 11, 12, 15, 16, 18, 19, 20, 25, 28, 30, 32, 33, 34, 36, 
  37, 39, 40, 42, 43, 54, 55, 58 ],
[ 1, 2, 7, 8, 9, 10, 11, 12, 14, 15, 18, 20, 21, 25, 28, 30, 32, 34, 38, 39, 
  40, 41, 43, 53, 54, 55, 56, 58 ],
[ 1, 2, 7, 8, 9, 10, 11, 12, 14, 15, 18, 19, 20, 25, 28, 30, 32, 34, 35, 37, 
  38, 39, 40, 42, 43, 53, 54, 58 ],
[ 1, 2, 7, 8, 9, 10, 11, 12, 14, 15, 17, 18, 20, 21, 25, 28, 30, 32, 33, 34, 
  38, 41, 43, 55, 56, 57, 58, 63 ],
[ 1, 2, 7, 8, 9, 10, 11, 12, 14, 15, 16, 18, 20, 25, 28, 30, 32, 33, 34, 35, 
  39, 41, 42, 43, 56, 57, 58, 63 ],
[ 1, 2, 7, 8, 9, 10, 11, 12, 13, 15, 18, 19, 20, 25, 28, 30, 32, 33, 36, 38, 
  39, 40, 42, 43, 55, 56, 58, 63 ],
[ 1, 2, 7, 8, 9, 10, 11, 12, 13, 15, 16, 18, 20, 25, 28, 30, 32, 33, 36, 37, 
  39, 41, 42, 43, 55, 57, 58, 63 ],
[ 1, 2, 7, 8, 9, 10, 11, 12, 13, 15, 16, 18, 19, 20, 25, 28, 30, 32, 35, 36, 
  37, 39, 40, 42, 43, 53, 58, 63 ],
[ 1, 2, 7, 8, 9, 10, 11, 12, 13, 15, 16, 18, 19, 20, 25, 28, 30, 32, 33, 35, 
  36, 37, 39, 40, 42, 43, 54, 58 ],
[ 1, 2, 7, 8, 9, 10, 11, 12, 13, 14, 15, 18, 19, 20, 25, 28, 30, 32, 33, 37, 
  38, 39, 40, 42, 43, 55, 58, 63 ],
[ 1, 2, 7, 8, 9, 10, 11, 12, 13, 14, 15, 16, 18, 20, 25, 28, 30, 32, 39, 41, 
  42, 43, 53, 54, 55, 56, 57, 58 ],
[ 1, 2, 6, 11, 12, 15, 16, 19, 21, 25, 28, 30, 32, 34, 35, 36, 37, 40, 41, 
  42, 48, 51, 52, 53, 54, 57, 58, 64 ],
[ 1, 2, 6, 11, 12, 15, 16, 19, 21, 25, 28, 30, 32, 34, 35, 36, 37, 40, 41, 
  42, 43, 48, 51, 52, 53, 54, 57, 59 ],
[ 1, 2, 6, 11, 12, 15, 16, 19, 21, 25, 27, 30, 32, 34, 35, 36, 37, 40, 41, 
  42, 44, 48, 50, 52, 53, 54, 57, 60 ],
[ 1, 2, 6, 11, 12, 14, 15, 16, 19, 21, 25, 28, 30, 32, 33, 34, 35, 40, 41, 
  42, 48, 51, 52, 56, 57, 58, 63, 64 ],
[ 1, 2, 6, 11, 12, 14, 15, 16, 19, 21, 25, 28, 30, 32, 33, 34, 35, 40, 41, 
  42, 43, 48, 51, 52, 56, 57, 59, 63 ],
[ 1, 2, 6, 11, 12, 14, 15, 16, 19, 21, 25, 27, 30, 32, 33, 34, 35, 40, 41, 
  42, 44, 48, 50, 52, 56, 57, 60, 63 ],
[ 1, 2, 6, 11, 12, 13, 15, 16, 19, 21, 25, 28, 30, 32, 33, 36, 37, 40, 41, 
  42, 48, 51, 52, 55, 57, 58, 63, 64 ],
[ 1, 2, 6, 11, 12, 13, 15, 16, 19, 21, 25, 28, 30, 32, 33, 36, 37, 40, 41, 
  42, 43, 48, 51, 52, 55, 57, 59, 63 ],
[ 1, 2, 6, 11, 12, 13, 15, 16, 19, 21, 25, 27, 30, 32, 33, 36, 37, 40, 41, 
  42, 44, 48, 50, 52, 55, 57, 60, 63 ],
[ 1, 2, 6, 11, 12, 13, 14, 15, 16, 19, 21, 25, 28, 30, 32, 40, 41, 42, 48, 
  51, 52, 53, 54, 55, 56, 57, 58, 64 ],
[ 1, 2, 6, 11, 12, 13, 14, 15, 16, 19, 21, 25, 28, 30, 32, 40, 41, 42, 43, 
  48, 51, 52, 53, 54, 55, 56, 57, 59 ],
[ 1, 2, 6, 11, 12, 13, 14, 15, 16, 19, 21, 25, 27, 30, 32, 40, 41, 42, 44, 
  48, 50, 52, 53, 54, 55, 56, 57, 60 ],
[ 1, 2, 6, 10, 11, 12, 15, 18, 20, 25, 26, 27, 30, 32, 33, 34, 35, 36, 38, 
  40, 41, 42, 44, 45, 49, 56, 57, 63 ],
[ 1, 2, 6, 10, 11, 12, 15, 18, 20, 23, 25, 26, 27, 30, 32, 33, 34, 35, 36, 
  38, 40, 41, 42, 49, 56, 57, 60, 63 ],
[ 1, 2, 6, 10, 11, 12, 15, 17, 18, 20, 25, 26, 30, 32, 33, 34, 35, 36, 38, 
  39, 41, 42, 44, 45, 50, 56, 62, 63 ],
[ 1, 2, 6, 10, 11, 12, 15, 17, 18, 20, 23, 25, 26, 30, 32, 33, 34, 35, 36, 
  38, 39, 41, 42, 50, 56, 60, 62, 63 ],
[ 1, 2, 6, 10, 11, 12, 14, 15, 18, 20, 25, 26, 27, 30, 32, 33, 34, 35, 37, 
  38, 40, 41, 42, 44, 45, 49, 57, 63 ],
[ 1, 2, 6, 10, 11, 12, 14, 15, 18, 20, 23, 25, 26, 27, 30, 32, 33, 34, 35, 
  37, 38, 40, 41, 42, 49, 57, 60, 63 ],
[ 1, 2, 6, 10, 11, 12, 14, 15, 17, 18, 20, 25, 26, 30, 32, 33, 34, 35, 37, 
  38, 39, 41, 42, 44, 45, 50, 62, 63 ],
[ 1, 2, 6, 10, 11, 12, 14, 15, 17, 18, 20, 23, 25, 26, 30, 32, 33, 34, 35, 
  37, 38, 39, 41, 42, 50, 60, 62, 63 ],
[ 1, 2, 6, 8, 11, 15, 17, 18, 20, 25, 26, 29, 30, 31, 33, 34, 35, 36, 38, 39, 
  41, 42, 48, 49, 50, 51, 56, 63 ],
[ 1, 2, 6, 8, 11, 15, 17, 18, 20, 25, 26, 27, 29, 30, 31, 34, 35, 36, 38, 39, 
  41, 42, 48, 51, 53, 54, 56, 62 ],
[ 1, 2, 6, 8, 11, 15, 16, 17, 18, 20, 25, 26, 29, 30, 31, 34, 36, 37, 39, 41, 
  42, 48, 49, 50, 51, 53, 55, 63 ],
[ 1, 2, 6, 8, 11, 14, 15, 17, 18, 20, 25, 26, 29, 30, 31, 33, 34, 35, 37, 38, 
  39, 41, 42, 48, 49, 50, 51, 63 ],
[ 1, 2, 6, 8, 11, 12, 15, 17, 18, 20, 23, 25, 30, 31, 32, 33, 34, 35, 36, 38, 
  39, 41, 42, 44, 49, 50, 56, 63 ],
[ 1, 2, 6, 8, 11, 12, 15, 17, 18, 20, 23, 25, 27, 30, 31, 32, 34, 35, 36, 38, 
  39, 41, 42, 44, 53, 54, 56, 62 ],
[ 1, 2, 6, 8, 11, 12, 15, 16, 17, 18, 20, 23, 25, 30, 31, 32, 34, 36, 37, 39, 
  41, 42, 44, 49, 50, 53, 55, 63 ],
[ 1, 2, 6, 8, 11, 12, 14, 15, 17, 18, 20, 23, 25, 30, 31, 32, 33, 34, 35, 37, 
  38, 39, 41, 42, 44, 49, 50, 63 ],
[ 1, 2, 6, 8, 9, 11, 15, 18, 20, 25, 26, 28, 30, 31, 33, 34, 35, 36, 38, 40, 
  41, 42, 48, 49, 50, 56, 57, 63 ],
[ 1, 2, 6, 8, 9, 11, 15, 18, 20, 25, 26, 27, 28, 30, 31, 34, 35, 36, 38, 40, 
  41, 42, 48, 53, 54, 56, 57, 62 ],
[ 1, 2, 6, 8, 9, 11, 15, 16, 18, 20, 25, 26, 28, 30, 31, 34, 36, 37, 40, 41, 
  42, 48, 49, 50, 53, 55, 57, 63 ],
[ 1, 2, 6, 7, 11, 15, 18, 19, 20, 21, 22, 25, 26, 29, 31, 33, 34, 36, 38, 50, 
  51, 52, 54, 55, 56, 58, 59, 62 ],
[ 1, 2, 6, 7, 11, 14, 15, 18, 19, 20, 21, 22, 25, 26, 29, 31, 34, 37, 38, 50, 
  51, 52, 53, 55, 58, 59, 62, 63 ],
[ 1, 2, 6, 7, 11, 14, 15, 16, 17, 18, 22, 25, 26, 27, 28, 30, 33, 34, 35, 36, 
  40, 41, 46, 47, 49, 51, 52, 53 ],
[ 1, 2, 6, 7, 11, 13, 14, 15, 16, 17, 18, 22, 25, 26, 27, 28, 30, 33, 36, 40, 
  41, 46, 47, 49, 51, 52, 53, 55 ],
[ 1, 2, 6, 7, 10, 11, 15, 18, 19, 20, 21, 22, 25, 26, 27, 29, 30, 33, 34, 36, 
  38, 49, 51, 54, 55, 56, 58, 59 ],
[ 1, 2, 6, 7, 10, 11, 14, 15, 18, 19, 20, 21, 22, 25, 26, 27, 29, 30, 34, 37, 
  38, 49, 51, 53, 55, 58, 59, 63 ],
[ 1, 2, 6, 7, 10, 11, 14, 15, 16, 17, 18, 22, 25, 26, 27, 28, 31, 33, 34, 35, 
  36, 40, 41, 46, 47, 49, 51, 53 ],
[ 1, 2, 6, 7, 10, 11, 13, 14, 15, 16, 17, 18, 22, 25, 26, 27, 28, 31, 33, 36, 
  40, 41, 46, 47, 49, 51, 53, 55 ],
[ 1, 2, 6, 7, 9, 11, 15, 18, 19, 20, 21, 22, 25, 26, 27, 28, 31, 33, 34, 36, 
  38, 49, 52, 54, 55, 56, 58, 59 ],
[ 1, 2, 6, 7, 9, 11, 14, 15, 18, 19, 20, 21, 22, 25, 26, 27, 28, 31, 34, 37, 
  38, 49, 52, 53, 55, 58, 59, 63 ],
[ 1, 2, 6, 7, 9, 10, 11, 15, 18, 19, 20, 21, 22, 25, 26, 28, 30, 33, 34, 36, 
  38, 50, 54, 55, 56, 58, 59, 62 ],
[ 1, 2, 6, 7, 9, 10, 11, 14, 15, 18, 19, 20, 21, 22, 25, 26, 28, 30, 34, 37, 
  38, 50, 53, 55, 58, 59, 62, 63 ],
[ 1, 2, 6, 7, 8, 11, 15, 16, 18, 20, 22, 25, 28, 29, 30, 31, 34, 36, 41, 42, 
  43, 50, 53, 54, 55, 56, 58, 62 ],
[ 1, 2, 6, 7, 8, 11, 15, 16, 18, 20, 22, 25, 27, 28, 29, 30, 31, 34, 36, 41, 
  42, 49, 53, 54, 55, 56, 59, 64 ],
[ 1, 2, 6, 7, 8, 11, 14, 15, 18, 20, 22, 25, 28, 29, 30, 31, 34, 35, 38, 41, 
  42, 43, 50, 53, 56, 58, 62, 63 ],
[ 1, 2, 6, 7, 8, 11, 14, 15, 18, 20, 22, 25, 28, 29, 30, 31, 33, 34, 35, 38, 
  41, 42, 43, 50, 54, 56, 58, 62 ],
[ 1, 2, 6, 7, 8, 11, 14, 15, 18, 20, 22, 25, 27, 28, 29, 30, 31, 34, 35, 38, 
  41, 42, 49, 53, 56, 59, 63, 64 ],
[ 1, 2, 6, 7, 8, 11, 14, 15, 18, 20, 22, 25, 27, 28, 29, 30, 31, 33, 34, 35, 
  38, 41, 42, 49, 54, 56, 59, 64 ],
[ 1, 2, 6, 7, 8, 11, 14, 15, 16, 18, 20, 22, 25, 28, 29, 30, 31, 34, 37, 41, 
  42, 43, 50, 53, 54, 55, 58, 62 ],
[ 1, 2, 6, 7, 8, 11, 14, 15, 16, 18, 20, 22, 25, 27, 28, 29, 30, 31, 34, 37, 
  41, 42, 49, 53, 54, 55, 59, 64 ],
[ 1, 2, 6, 7, 8, 10, 11, 15, 18, 20, 22, 25, 28, 29, 34, 35, 36, 37, 38, 41, 
  42, 43, 50, 52, 53, 58, 62, 63 ],
[ 1, 2, 6, 7, 8, 10, 11, 15, 18, 20, 22, 25, 28, 29, 33, 34, 35, 36, 37, 38, 
  41, 42, 43, 50, 52, 54, 58, 62 ],
[ 1, 2, 6, 7, 8, 10, 11, 15, 18, 20, 22, 25, 27, 28, 29, 34, 35, 36, 37, 38, 
  41, 42, 49, 52, 53, 59, 63, 64 ],
[ 1, 2, 6, 7, 8, 10, 11, 15, 18, 20, 22, 25, 27, 28, 29, 33, 34, 35, 36, 37, 
  38, 41, 42, 49, 52, 54, 59, 64 ],
[ 1, 2, 6, 7, 8, 10, 11, 15, 16, 18, 20, 22, 25, 28, 29, 33, 34, 36, 41, 42, 
  43, 50, 52, 55, 56, 58, 62, 63 ],
[ 1, 2, 6, 7, 8, 10, 11, 15, 16, 18, 20, 22, 25, 27, 28, 29, 33, 34, 36, 41, 
  42, 49, 52, 55, 56, 59, 63, 64 ],
[ 1, 2, 6, 7, 8, 10, 11, 14, 15, 16, 18, 20, 22, 25, 28, 29, 33, 34, 37, 41, 
  42, 43, 50, 52, 55, 58, 62, 63 ],
[ 1, 2, 6, 7, 8, 10, 11, 14, 15, 16, 18, 20, 22, 25, 27, 28, 29, 33, 34, 37, 
  41, 42, 49, 52, 55, 59, 63, 64 ],
[ 1, 2, 5, 8, 10, 11, 12, 15, 18, 19, 22, 23, 25, 27, 30, 32, 33, 34, 36, 38, 
  39, 40, 42, 44, 49, 54, 55, 56 ],
[ 1, 2, 5, 8, 10, 11, 12, 15, 17, 18, 22, 23, 25, 27, 30, 32, 34, 35, 36, 38, 
  40, 41, 42, 44, 49, 53, 54, 56 ],
[ 1, 2, 5, 8, 10, 11, 12, 15, 16, 17, 18, 22, 23, 25, 27, 30, 32, 34, 36, 37, 
  40, 41, 42, 44, 49, 53, 55, 63 ],
[ 1, 2, 5, 8, 10, 11, 12, 15, 16, 17, 18, 22, 23, 25, 27, 30, 32, 33, 34, 36, 
  37, 40, 41, 42, 44, 49, 54, 55 ],
[ 1, 2, 5, 8, 10, 11, 12, 14, 15, 18, 19, 22, 23, 25, 27, 30, 32, 34, 37, 38, 
  39, 40, 42, 44, 49, 53, 55, 63 ],
[ 1, 2, 5, 8, 10, 11, 12, 14, 15, 17, 18, 22, 23, 25, 27, 30, 32, 34, 35, 37, 
  38, 40, 41, 42, 44, 49, 53, 54 ],
[ 1, 2, 5, 8, 10, 11, 12, 13, 15, 18, 19, 22, 23, 25, 27, 30, 32, 35, 36, 38, 
  39, 40, 42, 44, 49, 53, 56, 63 ],
[ 1, 2, 5, 8, 10, 11, 12, 13, 15, 17, 18, 22, 23, 25, 27, 30, 32, 33, 36, 38, 
  40, 41, 42, 44, 49, 55, 56, 63 ],
[ 1, 2, 5, 8, 10, 11, 12, 13, 15, 16, 17, 18, 22, 23, 25, 27, 30, 32, 35, 36, 
  37, 40, 41, 42, 44, 49, 53, 63 ],
[ 1, 2, 5, 8, 10, 11, 12, 13, 15, 16, 17, 18, 22, 23, 25, 27, 30, 32, 33, 35, 
  36, 37, 40, 41, 42, 44, 49, 54 ],
[ 1, 2, 5, 8, 10, 11, 12, 13, 14, 15, 18, 19, 22, 23, 25, 27, 30, 32, 33, 35, 
  37, 38, 39, 40, 42, 44, 49, 54 ],
[ 1, 2, 5, 8, 10, 11, 12, 13, 14, 15, 17, 18, 22, 23, 25, 27, 30, 32, 33, 37, 
  38, 40, 41, 42, 44, 49, 55, 63 ],
[ 1, 2, 5, 8, 9, 10, 11, 12, 15, 18, 19, 22, 25, 28, 30, 32, 33, 34, 36, 38, 
  39, 40, 42, 43, 54, 55, 56, 58 ],
[ 1, 2, 5, 8, 9, 10, 11, 12, 15, 17, 18, 22, 25, 28, 30, 32, 34, 35, 36, 38, 
  40, 41, 42, 43, 53, 54, 56, 58 ],
[ 1, 2, 5, 8, 9, 10, 11, 12, 15, 16, 17, 18, 22, 25, 28, 30, 32, 34, 36, 37, 
  40, 41, 42, 43, 53, 55, 58, 63 ],
[ 1, 2, 5, 8, 9, 10, 11, 12, 15, 16, 17, 18, 22, 25, 28, 30, 32, 33, 34, 36, 
  37, 40, 41, 42, 43, 54, 55, 58 ],
[ 1, 2, 5, 8, 9, 10, 11, 12, 14, 15, 18, 19, 22, 25, 28, 30, 32, 34, 37, 38, 
  39, 40, 42, 43, 53, 55, 58, 63 ],
[ 1, 2, 5, 8, 9, 10, 11, 12, 14, 15, 17, 18, 22, 25, 28, 30, 32, 34, 35, 37, 
  38, 40, 41, 42, 43, 53, 54, 58 ],
[ 1, 2, 5, 8, 9, 10, 11, 12, 13, 15, 18, 19, 22, 25, 28, 30, 32, 35, 36, 38, 
  39, 40, 42, 43, 53, 56, 58, 63 ],
[ 1, 2, 5, 8, 9, 10, 11, 12, 13, 15, 17, 18, 22, 25, 28, 30, 32, 33, 36, 38, 
  40, 41, 42, 43, 55, 56, 58, 63 ],
[ 1, 2, 5, 8, 9, 10, 11, 12, 13, 15, 16, 17, 18, 22, 25, 28, 30, 32, 35, 36, 
  37, 40, 41, 42, 43, 53, 58, 63 ],
[ 1, 2, 5, 8, 9, 10, 11, 12, 13, 15, 16, 17, 18, 22, 25, 28, 30, 32, 33, 35, 
  36, 37, 40, 41, 42, 43, 54, 58 ],
[ 1, 2, 5, 8, 9, 10, 11, 12, 13, 14, 15, 18, 19, 22, 25, 28, 30, 32, 33, 35, 
  37, 38, 39, 40, 42, 43, 54, 58 ],
[ 1, 2, 5, 8, 9, 10, 11, 12, 13, 14, 15, 17, 18, 22, 25, 28, 30, 32, 33, 37, 
  38, 40, 41, 42, 43, 55, 58, 63 ],
[ 1, 2, 5, 7, 8, 10, 11, 12, 15, 16, 17, 18, 21, 23, 25, 27, 30, 32, 34, 35, 
  36, 37, 40, 41, 44, 49, 53, 54 ],
[ 1, 2, 5, 7, 8, 10, 11, 12, 14, 15, 16, 17, 18, 21, 23, 25, 27, 30, 32, 33, 
  34, 35, 40, 41, 44, 49, 56, 63 ],
[ 1, 2, 5, 7, 8, 10, 11, 12, 13, 15, 16, 17, 18, 21, 23, 25, 27, 30, 32, 33, 
  36, 37, 40, 41, 44, 49, 55, 63 ],
[ 1, 2, 5, 7, 8, 10, 11, 12, 13, 14, 15, 16, 17, 18, 21, 23, 25, 27, 30, 32, 
  40, 41, 44, 49, 53, 54, 55, 56 ],
[ 1, 2, 5, 7, 8, 9, 10, 11, 12, 15, 16, 17, 18, 21, 25, 28, 30, 32, 34, 35, 
  36, 37, 40, 41, 43, 53, 54, 58 ],
[ 1, 2, 5, 7, 8, 9, 10, 11, 12, 14, 15, 16, 17, 18, 21, 25, 28, 30, 32, 33, 
  34, 35, 40, 41, 43, 56, 58, 63 ],
[ 1, 2, 5, 7, 8, 9, 10, 11, 12, 13, 15, 16, 17, 18, 21, 25, 28, 30, 32, 33, 
  36, 37, 40, 41, 43, 55, 58, 63 ],
[ 1, 2, 5, 7, 8, 9, 10, 11, 12, 13, 14, 15, 16, 17, 18, 21, 25, 28, 30, 32, 
  40, 41, 43, 53, 54, 55, 56, 58 ],
[ 1, 2, 5, 6, 11, 12, 15, 16, 17, 19, 20, 25, 28, 30, 32, 34, 35, 36, 37, 39, 
  41, 48, 51, 52, 53, 54, 58, 64 ],
[ 1, 2, 5, 6, 11, 12, 15, 16, 17, 19, 20, 25, 28, 30, 32, 34, 35, 36, 37, 39, 
  41, 43, 48, 51, 52, 53, 54, 59 ],
[ 1, 2, 5, 6, 11, 12, 15, 16, 17, 19, 20, 25, 27, 30, 32, 34, 35, 36, 37, 39, 
  41, 44, 48, 50, 52, 53, 54, 60 ],
[ 1, 2, 5, 6, 11, 12, 14, 15, 16, 17, 19, 20, 25, 28, 30, 32, 33, 34, 35, 39, 
  41, 48, 51, 52, 56, 58, 63, 64 ],
[ 1, 2, 5, 6, 11, 12, 14, 15, 16, 17, 19, 20, 25, 28, 30, 32, 33, 34, 35, 39, 
  41, 43, 48, 51, 52, 56, 59, 63 ],
[ 1, 2, 5, 6, 11, 12, 14, 15, 16, 17, 19, 20, 25, 27, 30, 32, 33, 34, 35, 39, 
  41, 44, 48, 50, 52, 56, 60, 63 ],
[ 1, 2, 5, 6, 11, 12, 13, 15, 16, 17, 19, 20, 25, 28, 30, 32, 33, 36, 37, 39, 
  41, 48, 51, 52, 55, 58, 63, 64 ],
[ 1, 2, 5, 6, 11, 12, 13, 15, 16, 17, 19, 20, 25, 28, 30, 32, 33, 36, 37, 39, 
  41, 43, 48, 51, 52, 55, 59, 63 ],
[ 1, 2, 5, 6, 11, 12, 13, 15, 16, 17, 19, 20, 25, 27, 30, 32, 33, 36, 37, 39, 
  41, 44, 48, 50, 52, 55, 60, 63 ],
[ 1, 2, 5, 6, 11, 12, 13, 14, 15, 16, 17, 19, 20, 25, 28, 30, 32, 39, 41, 48, 
  51, 52, 53, 54, 55, 56, 58, 64 ],
[ 1, 2, 5, 6, 11, 12, 13, 14, 15, 16, 17, 19, 20, 25, 28, 30, 32, 39, 41, 43, 
  48, 51, 52, 53, 54, 55, 56, 59 ],
[ 1, 2, 5, 6, 11, 12, 13, 14, 15, 16, 17, 19, 20, 25, 27, 30, 32, 39, 41, 44, 
  48, 50, 52, 53, 54, 55, 56, 60 ],
[ 1, 2, 5, 6, 8, 11, 15, 17, 18, 21, 25, 26, 29, 30, 31, 33, 34, 35, 36, 38, 
  39, 41, 48, 49, 50, 51, 56, 63 ],
[ 1, 2, 5, 6, 8, 11, 15, 17, 18, 21, 25, 26, 27, 29, 30, 31, 34, 35, 36, 38, 
  39, 41, 48, 51, 53, 54, 56, 62 ],
[ 1, 2, 5, 6, 8, 11, 12, 15, 17, 18, 21, 23, 25, 30, 31, 32, 33, 34, 35, 36, 
  38, 39, 41, 44, 49, 50, 56, 63 ],
[ 1, 2, 5, 6, 8, 11, 12, 15, 17, 18, 21, 23, 25, 27, 30, 31, 32, 34, 35, 36, 
  38, 39, 41, 44, 53, 54, 56, 62 ],
[ 1, 2, 5, 6, 8, 11, 12, 15, 16, 17, 18, 21, 23, 25, 30, 31, 32, 34, 36, 37, 
  39, 41, 44, 49, 50, 53, 55, 63 ],
[ 1, 2, 5, 6, 8, 11, 12, 14, 15, 17, 18, 21, 23, 25, 30, 31, 32, 33, 34, 35, 
  37, 38, 39, 41, 44, 49, 50, 63 ],
[ 1, 2, 5, 6, 8, 9, 11, 15, 18, 21, 25, 26, 27, 28, 30, 31, 34, 35, 36, 38, 
  40, 41, 48, 53, 54, 56, 57, 62 ],
[ 1, 2, 5, 6, 7, 11, 15, 18, 19, 22, 25, 26, 29, 31, 33, 34, 36, 38, 42, 43, 
  50, 51, 52, 54, 55, 56, 62, 64 ],
[ 1, 2, 5, 6, 7, 11, 14, 15, 18, 19, 22, 25, 26, 29, 31, 34, 37, 38, 42, 43, 
  50, 51, 52, 53, 55, 62, 63, 64 ],
[ 1, 2, 5, 6, 7, 11, 14, 15, 16, 20, 22, 25, 26, 27, 28, 30, 34, 40, 44, 45, 
  49, 51, 52, 53, 55, 56, 57, 63 ],
[ 1, 2, 5, 6, 7, 11, 14, 15, 16, 20, 22, 25, 26, 27, 28, 30, 33, 34, 40, 44, 
  45, 49, 51, 52, 54, 55, 56, 57 ],
[ 1, 2, 5, 6, 7, 11, 14, 15, 16, 20, 22, 23, 25, 26, 27, 28, 30, 34, 40, 49, 
  51, 52, 53, 55, 56, 57, 60, 63 ],
[ 1, 2, 5, 6, 7, 11, 14, 15, 16, 20, 22, 23, 25, 26, 27, 28, 30, 33, 34, 40, 
  49, 51, 52, 54, 55, 56, 57, 60 ],
[ 1, 2, 5, 6, 7, 11, 14, 15, 16, 17, 20, 22, 25, 26, 28, 30, 34, 39, 44, 45, 
  50, 51, 52, 53, 55, 56, 62, 63 ],
[ 1, 2, 5, 6, 7, 11, 14, 15, 16, 17, 20, 22, 25, 26, 28, 30, 33, 34, 39, 44, 
  45, 50, 51, 52, 54, 55, 56, 62 ],
[ 1, 2, 5, 6, 7, 11, 14, 15, 16, 17, 20, 22, 23, 25, 26, 28, 30, 34, 39, 50, 
  51, 52, 53, 55, 56, 60, 62, 63 ],
[ 1, 2, 5, 6, 7, 11, 14, 15, 16, 17, 20, 22, 23, 25, 26, 28, 30, 33, 34, 39, 
  50, 51, 52, 54, 55, 56, 60, 62 ],
[ 1, 2, 5, 6, 7, 10, 11, 15, 18, 19, 22, 25, 26, 27, 29, 30, 33, 34, 36, 38, 
  42, 43, 49, 51, 54, 55, 56, 64 ],
[ 1, 2, 5, 6, 7, 10, 11, 14, 15, 18, 19, 22, 25, 26, 27, 29, 30, 34, 37, 38, 
  42, 43, 49, 51, 53, 55, 63, 64 ],
[ 1, 2, 5, 6, 7, 9, 11, 15, 18, 19, 22, 25, 26, 27, 28, 31, 33, 34, 36, 38, 
  42, 43, 49, 52, 54, 55, 56, 64 ],
[ 1, 2, 5, 6, 7, 9, 11, 14, 15, 18, 19, 22, 25, 26, 27, 28, 31, 34, 37, 38, 
  42, 43, 49, 52, 53, 55, 63, 64 ],
[ 1, 2, 5, 6, 7, 9, 10, 11, 15, 18, 19, 22, 25, 26, 28, 30, 33, 34, 36, 38, 
  42, 43, 50, 54, 55, 56, 62, 64 ],
[ 1, 2, 5, 6, 7, 9, 10, 11, 14, 15, 18, 19, 22, 25, 26, 28, 30, 34, 37, 38, 
  42, 43, 50, 53, 55, 62, 63, 64 ],
[ 1, 2, 4, 8, 10, 11, 12, 15, 20, 21, 22, 23, 25, 27, 30, 32, 33, 34, 36, 38, 
  39, 40, 41, 44, 49, 54, 55, 56 ],
[ 1, 2, 4, 8, 10, 11, 12, 15, 16, 17, 20, 22, 23, 25, 27, 30, 32, 34, 35, 36, 
  40, 41, 42, 44, 49, 53, 56, 63 ],
[ 1, 2, 4, 8, 10, 11, 12, 14, 15, 20, 21, 22, 23, 25, 27, 30, 32, 34, 37, 38, 
  39, 40, 41, 44, 49, 53, 55, 63 ],
[ 1, 2, 4, 8, 10, 11, 12, 14, 15, 16, 17, 20, 22, 23, 25, 27, 30, 32, 33, 34, 
  35, 37, 40, 41, 42, 44, 49, 54 ],
[ 1, 2, 4, 8, 10, 11, 12, 13, 15, 20, 21, 22, 23, 25, 27, 30, 32, 35, 36, 38, 
  39, 40, 41, 44, 49, 53, 56, 63 ],
[ 1, 2, 4, 8, 10, 11, 12, 13, 15, 16, 17, 20, 22, 23, 25, 27, 30, 32, 36, 40, 
  41, 42, 44, 49, 53, 55, 56, 63 ],
[ 1, 2, 4, 8, 10, 11, 12, 13, 14, 15, 20, 21, 22, 23, 25, 27, 30, 32, 33, 35, 
  37, 38, 39, 40, 41, 44, 49, 54 ],
[ 1, 2, 4, 8, 10, 11, 12, 13, 14, 15, 16, 17, 20, 22, 23, 25, 27, 30, 32, 33, 
  37, 40, 41, 42, 44, 49, 54, 55 ],
[ 1, 2, 4, 8, 9, 10, 11, 12, 15, 20, 21, 22, 25, 28, 30, 32, 33, 34, 36, 38, 
  39, 40, 41, 43, 54, 55, 56, 58 ],
[ 1, 2, 4, 8, 9, 10, 11, 12, 15, 16, 20, 22, 25, 28, 30, 32, 33, 34, 35, 36, 
  39, 41, 42, 43, 54, 56, 57, 58 ],
[ 1, 2, 4, 8, 9, 10, 11, 12, 15, 16, 17, 20, 22, 25, 28, 30, 32, 34, 35, 36, 
  40, 41, 42, 43, 53, 56, 58, 63 ],
[ 1, 2, 4, 8, 9, 10, 11, 12, 14, 15, 20, 21, 22, 25, 28, 30, 32, 34, 37, 38, 
  39, 40, 41, 43, 53, 55, 58, 63 ],
[ 1, 2, 4, 8, 9, 10, 11, 12, 13, 15, 20, 21, 22, 25, 28, 30, 32, 35, 36, 38, 
  39, 40, 41, 43, 53, 56, 58, 63 ],
[ 1, 2, 4, 8, 9, 10, 11, 12, 13, 15, 16, 20, 22, 25, 28, 30, 32, 33, 36, 39, 
  41, 42, 43, 54, 55, 56, 57, 58 ],
[ 1, 2, 4, 8, 9, 10, 11, 12, 13, 15, 16, 17, 20, 22, 25, 28, 30, 32, 36, 40, 
  41, 42, 43, 53, 55, 56, 58, 63 ],
[ 1, 2, 4, 8, 9, 10, 11, 12, 13, 14, 15, 20, 21, 22, 25, 28, 30, 32, 33, 35, 
  37, 38, 39, 40, 41, 43, 54, 58 ],
[ 1, 2, 4, 8, 9, 10, 11, 12, 13, 14, 15, 16, 20, 22, 25, 28, 30, 32, 37, 39, 
  41, 42, 43, 53, 55, 57, 58, 63 ],
[ 1, 2, 4, 8, 9, 10, 11, 12, 13, 14, 15, 16, 17, 20, 22, 25, 28, 30, 32, 33, 
  37, 40, 41, 42, 43, 54, 55, 58 ],
[ 1, 2, 4, 7, 8, 10, 11, 12, 15, 16, 17, 19, 20, 23, 25, 27, 30, 32, 34, 35, 
  36, 37, 40, 42, 44, 49, 53, 54 ],
[ 1, 2, 4, 7, 8, 10, 11, 12, 14, 15, 16, 17, 19, 20, 23, 25, 27, 30, 32, 33, 
  34, 35, 40, 42, 44, 49, 56, 63 ],
[ 1, 2, 4, 7, 8, 10, 11, 12, 13, 15, 16, 17, 19, 20, 23, 25, 27, 30, 32, 33, 
  36, 37, 40, 42, 44, 49, 55, 63 ],
[ 1, 2, 4, 7, 8, 10, 11, 12, 13, 14, 15, 16, 17, 19, 20, 23, 25, 27, 30, 32, 
  40, 42, 44, 49, 53, 54, 55, 56 ],
[ 1, 2, 4, 7, 8, 9, 10, 11, 12, 15, 16, 17, 19, 20, 25, 28, 30, 32, 34, 35, 
  36, 37, 40, 42, 43, 53, 54, 58 ],
[ 1, 2, 4, 7, 8, 9, 10, 11, 12, 14, 15, 16, 17, 19, 20, 25, 28, 30, 32, 33, 
  34, 35, 40, 42, 43, 56, 58, 63 ],
[ 1, 2, 4, 7, 8, 9, 10, 11, 12, 13, 15, 19, 20, 21, 25, 28, 30, 32, 35, 36, 
  37, 38, 39, 40, 43, 53, 54, 58 ],
[ 1, 2, 4, 7, 8, 9, 10, 11, 12, 13, 15, 19, 20, 21, 25, 28, 30, 32, 33, 35, 
  36, 37, 38, 39, 40, 43, 58, 63 ],
[ 1, 2, 4, 7, 8, 9, 10, 11, 12, 13, 15, 17, 19, 20, 21, 25, 28, 30, 32, 35, 
  36, 37, 38, 43, 53, 54, 57, 58 ],
[ 1, 2, 4, 7, 8, 9, 10, 11, 12, 13, 15, 17, 19, 20, 21, 25, 28, 30, 32, 33, 
  35, 36, 37, 38, 43, 57, 58, 63 ],
[ 1, 2, 4, 7, 8, 9, 10, 11, 12, 13, 15, 16, 17, 19, 20, 25, 28, 30, 32, 33, 
  36, 37, 40, 42, 43, 55, 58, 63 ],
[ 1, 2, 4, 7, 8, 9, 10, 11, 12, 13, 14, 15, 19, 20, 21, 25, 28, 30, 32, 35, 
  38, 39, 40, 43, 53, 54, 56, 58 ],
[ 1, 2, 4, 7, 8, 9, 10, 11, 12, 13, 14, 15, 17, 19, 20, 21, 25, 28, 30, 32, 
  33, 35, 38, 43, 56, 57, 58, 63 ],
[ 1, 2, 4, 7, 8, 9, 10, 11, 12, 13, 14, 15, 16, 17, 19, 20, 25, 28, 30, 32, 
  40, 42, 43, 53, 54, 55, 56, 58 ],
[ 1, 2, 4, 6, 11, 12, 15, 16, 17, 18, 21, 25, 28, 30, 32, 34, 35, 36, 37, 39, 
  42, 48, 51, 52, 53, 54, 58, 64 ],
[ 1, 2, 4, 6, 11, 12, 15, 16, 17, 18, 21, 25, 28, 30, 32, 34, 35, 36, 37, 39, 
  42, 43, 48, 51, 52, 53, 54, 59 ],
[ 1, 2, 4, 6, 11, 12, 15, 16, 17, 18, 21, 25, 27, 30, 32, 34, 35, 36, 37, 39, 
  42, 44, 48, 50, 52, 53, 54, 60 ],
[ 1, 2, 4, 6, 11, 12, 14, 15, 16, 17, 18, 21, 25, 28, 30, 32, 33, 34, 35, 39, 
  42, 48, 51, 52, 56, 58, 63, 64 ],
[ 1, 2, 4, 6, 11, 12, 14, 15, 16, 17, 18, 21, 25, 28, 30, 32, 33, 34, 35, 39, 
  42, 43, 48, 51, 52, 56, 59, 63 ],
[ 1, 2, 4, 6, 11, 12, 14, 15, 16, 17, 18, 21, 25, 27, 30, 32, 33, 34, 35, 39, 
  42, 44, 48, 50, 52, 56, 60, 63 ],
[ 1, 2, 4, 6, 11, 12, 13, 15, 16, 17, 18, 21, 25, 28, 30, 32, 33, 36, 37, 39, 
  42, 48, 51, 52, 55, 58, 63, 64 ],
[ 1, 2, 4, 6, 11, 12, 13, 15, 16, 17, 18, 21, 25, 28, 30, 32, 33, 36, 37, 39, 
  42, 43, 48, 51, 52, 55, 59, 63 ],
[ 1, 2, 4, 6, 11, 12, 13, 15, 16, 17, 18, 21, 25, 27, 30, 32, 33, 36, 37, 39, 
  42, 44, 48, 50, 52, 55, 60, 63 ],
[ 1, 2, 4, 6, 11, 12, 13, 14, 15, 16, 17, 18, 21, 25, 28, 30, 32, 39, 42, 48, 
  51, 52, 53, 54, 55, 56, 58, 64 ],
[ 1, 2, 4, 6, 11, 12, 13, 14, 15, 16, 17, 18, 21, 25, 28, 30, 32, 39, 42, 43, 
  48, 51, 52, 53, 54, 55, 56, 59 ],
[ 1, 2, 4, 6, 11, 12, 13, 14, 15, 16, 17, 18, 21, 25, 27, 30, 32, 39, 42, 44, 
  48, 50, 52, 53, 54, 55, 56, 60 ],
[ 1, 2, 4, 6, 7, 11, 15, 17, 18, 22, 25, 26, 28, 29, 31, 33, 34, 36, 38, 39, 
  46, 47, 49, 50, 52, 54, 55, 56 ],
[ 1, 2, 4, 6, 7, 11, 15, 17, 18, 22, 24, 25, 26, 27, 28, 29, 31, 33, 34, 36, 
  38, 39, 52, 54, 55, 56, 61, 62 ],
[ 1, 2, 4, 6, 7, 11, 15, 16, 17, 18, 22, 25, 28, 31, 34, 35, 36, 37, 39, 46, 
  48, 49, 51, 52, 53, 54, 61, 62 ],
[ 1, 2, 4, 6, 7, 11, 15, 16, 17, 18, 22, 25, 27, 28, 31, 34, 35, 36, 37, 39, 
  46, 48, 50, 51, 52, 53, 54, 61 ],
[ 1, 2, 4, 6, 7, 11, 15, 16, 17, 18, 22, 24, 25, 28, 31, 34, 35, 36, 37, 39, 
  47, 48, 49, 51, 52, 53, 54, 62 ],
[ 1, 2, 4, 6, 7, 11, 15, 16, 17, 18, 22, 24, 25, 27, 28, 31, 34, 35, 36, 37, 
  39, 47, 48, 50, 51, 52, 53, 54 ],
[ 1, 2, 4, 6, 7, 11, 14, 15, 17, 18, 22, 25, 26, 28, 29, 31, 34, 37, 38, 39, 
  46, 47, 49, 50, 52, 53, 55, 63 ],
[ 1, 2, 4, 6, 7, 11, 14, 15, 17, 18, 22, 24, 25, 26, 27, 28, 29, 31, 34, 37, 
  38, 39, 52, 53, 55, 61, 62, 63 ],
[ 1, 2, 4, 6, 7, 11, 13, 15, 16, 17, 18, 22, 25, 28, 31, 33, 36, 37, 39, 46, 
  48, 49, 51, 52, 55, 61, 62, 63 ],
[ 1, 2, 4, 6, 7, 11, 13, 15, 16, 17, 18, 22, 25, 27, 28, 31, 33, 36, 37, 39, 
  46, 48, 50, 51, 52, 55, 61, 63 ],
[ 1, 2, 4, 6, 7, 11, 13, 15, 16, 17, 18, 22, 24, 25, 28, 31, 33, 36, 37, 39, 
  47, 48, 49, 51, 52, 55, 62, 63 ],
[ 1, 2, 4, 6, 7, 11, 13, 15, 16, 17, 18, 22, 24, 25, 27, 28, 31, 33, 36, 37, 
  39, 47, 48, 50, 51, 52, 55, 63 ],
[ 1, 2, 4, 6, 7, 10, 11, 15, 18, 22, 25, 26, 28, 29, 30, 33, 34, 36, 38, 40, 
  46, 47, 49, 50, 54, 55, 56, 57 ],
[ 1, 2, 4, 6, 7, 10, 11, 15, 18, 22, 24, 25, 26, 27, 28, 29, 30, 33, 34, 36, 
  38, 40, 54, 55, 56, 57, 61, 62 ],
[ 1, 2, 4, 6, 7, 10, 11, 15, 16, 18, 22, 25, 28, 30, 34, 35, 36, 37, 40, 46, 
  48, 49, 51, 53, 54, 57, 61, 62 ],
[ 1, 2, 4, 6, 7, 10, 11, 15, 16, 18, 22, 25, 27, 28, 30, 34, 35, 36, 37, 40, 
  46, 48, 50, 51, 53, 54, 57, 61 ],
[ 1, 2, 4, 6, 7, 10, 11, 15, 16, 18, 22, 24, 25, 28, 30, 34, 35, 36, 37, 40, 
  47, 48, 49, 51, 53, 54, 57, 62 ],
[ 1, 2, 4, 6, 7, 10, 11, 15, 16, 18, 22, 24, 25, 27, 28, 30, 34, 35, 36, 37, 
  40, 47, 48, 50, 51, 53, 54, 57 ],
[ 1, 2, 4, 6, 7, 10, 11, 14, 15, 18, 22, 25, 26, 28, 29, 30, 34, 37, 38, 40, 
  46, 47, 49, 50, 53, 55, 57, 63 ],
[ 1, 2, 4, 6, 7, 10, 11, 14, 15, 18, 22, 24, 25, 26, 27, 28, 29, 30, 34, 37, 
  38, 40, 53, 55, 57, 61, 62, 63 ],
[ 1, 2, 4, 6, 7, 10, 11, 13, 15, 16, 18, 22, 25, 28, 30, 33, 36, 37, 40, 46, 
  48, 49, 51, 55, 57, 61, 62, 63 ],
[ 1, 2, 4, 6, 7, 10, 11, 13, 15, 16, 18, 22, 25, 27, 28, 30, 33, 36, 37, 40, 
  46, 48, 50, 51, 55, 57, 61, 63 ],
[ 1, 2, 4, 6, 7, 10, 11, 13, 15, 16, 18, 22, 24, 25, 28, 30, 33, 36, 37, 40, 
  47, 48, 49, 51, 55, 57, 62, 63 ],
[ 1, 2, 4, 6, 7, 10, 11, 13, 15, 16, 18, 22, 24, 25, 27, 28, 30, 33, 36, 37, 
  40, 47, 48, 50, 51, 55, 57, 63 ],
[ 1, 2, 4, 6, 7, 9, 11, 15, 18, 21, 22, 25, 28, 30, 31, 33, 34, 35, 36, 38, 
  42, 48, 49, 50, 56, 58, 63, 64 ],
[ 1, 2, 4, 6, 7, 9, 11, 15, 18, 21, 22, 25, 28, 30, 31, 33, 34, 35, 36, 38, 
  42, 43, 48, 49, 50, 56, 59, 63 ],
[ 1, 2, 4, 6, 7, 9, 11, 15, 18, 21, 22, 25, 27, 28, 30, 31, 34, 35, 36, 38, 
  42, 48, 53, 54, 56, 58, 62, 64 ],
[ 1, 2, 4, 6, 7, 9, 11, 15, 18, 21, 22, 25, 27, 28, 30, 31, 34, 35, 36, 38, 
  42, 43, 48, 53, 54, 56, 59, 62 ],
[ 1, 2, 4, 5, 8, 10, 11, 12, 15, 17, 22, 23, 25, 27, 30, 32, 33, 34, 36, 38, 
  41, 42, 44, 49, 54, 55, 56, 57 ],
[ 1, 2, 4, 5, 8, 10, 11, 12, 14, 15, 17, 22, 23, 25, 27, 30, 32, 34, 37, 38, 
  41, 42, 44, 49, 53, 55, 57, 63 ],
[ 1, 2, 4, 5, 8, 10, 11, 12, 13, 15, 17, 22, 23, 25, 27, 30, 32, 35, 36, 38, 
  41, 42, 44, 49, 53, 56, 57, 63 ],
[ 1, 2, 4, 5, 8, 10, 11, 12, 13, 14, 15, 17, 22, 23, 25, 27, 30, 32, 33, 35, 
  37, 38, 41, 42, 44, 49, 54, 57 ],
[ 1, 2, 4, 5, 8, 9, 10, 11, 12, 15, 17, 22, 25, 28, 30, 32, 33, 34, 36, 38, 
  41, 42, 43, 54, 55, 56, 57, 58 ],
[ 1, 2, 4, 5, 8, 9, 10, 11, 12, 14, 15, 17, 22, 25, 28, 30, 32, 34, 37, 38, 
  41, 42, 43, 53, 55, 57, 58, 63 ],
[ 1, 2, 4, 5, 8, 9, 10, 11, 12, 13, 15, 17, 22, 25, 28, 30, 32, 35, 36, 38, 
  41, 42, 43, 53, 56, 57, 58, 63 ],
[ 1, 2, 4, 5, 8, 9, 10, 11, 12, 13, 14, 15, 17, 22, 25, 28, 30, 32, 33, 35, 
  37, 38, 41, 42, 43, 54, 57, 58 ],
[ 1, 2, 4, 5, 7, 8, 10, 11, 12, 15, 16, 19, 21, 23, 25, 27, 30, 32, 34, 35, 
  36, 37, 39, 44, 49, 53, 54, 57 ],
[ 1, 2, 4, 5, 7, 8, 10, 11, 12, 14, 15, 16, 19, 21, 23, 25, 27, 30, 32, 33, 
  34, 35, 39, 44, 49, 56, 57, 63 ],
[ 1, 2, 4, 5, 7, 8, 10, 11, 12, 13, 15, 16, 19, 21, 23, 25, 27, 30, 32, 33, 
  36, 37, 39, 44, 49, 55, 57, 63 ],
[ 1, 2, 4, 5, 7, 8, 10, 11, 12, 13, 14, 15, 16, 19, 21, 23, 25, 27, 30, 32, 
  39, 44, 49, 53, 54, 55, 56, 57 ],
[ 1, 2, 4, 5, 7, 8, 9, 10, 11, 12, 15, 16, 19, 21, 25, 28, 30, 32, 34, 35, 
  36, 37, 39, 43, 53, 54, 57, 58 ],
[ 1, 2, 4, 5, 7, 8, 9, 10, 11, 12, 14, 15, 16, 19, 21, 25, 28, 30, 32, 33, 
  34, 35, 39, 43, 56, 57, 58, 63 ],
[ 1, 2, 4, 5, 7, 8, 9, 10, 11, 12, 13, 15, 16, 19, 21, 25, 28, 30, 32, 33, 
  36, 37, 39, 43, 55, 57, 58, 63 ],
[ 1, 2, 4, 5, 7, 8, 9, 10, 11, 12, 13, 14, 15, 16, 19, 21, 25, 28, 30, 32, 
  39, 43, 53, 54, 55, 56, 57, 58 ],
[ 1, 2, 4, 5, 6, 11, 12, 15, 16, 18, 20, 25, 28, 30, 32, 34, 35, 36, 37, 40, 
  48, 51, 52, 53, 54, 57, 58, 64 ],
[ 1, 2, 4, 5, 6, 11, 12, 15, 16, 18, 20, 25, 28, 30, 32, 34, 35, 36, 37, 40, 
  43, 48, 51, 52, 53, 54, 57, 59 ],
[ 1, 2, 4, 5, 6, 11, 12, 15, 16, 18, 20, 25, 27, 30, 32, 34, 35, 36, 37, 40, 
  44, 48, 50, 52, 53, 54, 57, 60 ],
[ 1, 2, 4, 5, 6, 11, 12, 14, 15, 16, 18, 20, 25, 28, 30, 32, 33, 34, 35, 40, 
  48, 51, 52, 56, 57, 58, 63, 64 ],
[ 1, 2, 4, 5, 6, 11, 12, 14, 15, 16, 18, 20, 25, 28, 30, 32, 33, 34, 35, 40, 
  43, 48, 51, 52, 56, 57, 59, 63 ],
[ 1, 2, 4, 5, 6, 11, 12, 14, 15, 16, 18, 20, 25, 27, 30, 32, 33, 34, 35, 40, 
  44, 48, 50, 52, 56, 57, 60, 63 ],
[ 1, 2, 4, 5, 6, 11, 12, 13, 15, 16, 18, 20, 25, 28, 30, 32, 33, 36, 37, 40, 
  48, 51, 52, 55, 57, 58, 63, 64 ],
[ 1, 2, 4, 5, 6, 11, 12, 13, 15, 16, 18, 20, 25, 28, 30, 32, 33, 36, 37, 40, 
  43, 48, 51, 52, 55, 57, 59, 63 ],
[ 1, 2, 4, 5, 6, 11, 12, 13, 15, 16, 18, 20, 25, 27, 30, 32, 33, 36, 37, 40, 
  44, 48, 50, 52, 55, 57, 60, 63 ],
[ 1, 2, 4, 5, 6, 11, 12, 13, 14, 15, 16, 18, 20, 25, 28, 30, 32, 40, 48, 51, 
  52, 53, 54, 55, 56, 57, 58, 64 ],
[ 1, 2, 4, 5, 6, 11, 12, 13, 14, 15, 16, 18, 20, 25, 28, 30, 32, 40, 43, 48, 
  51, 52, 53, 54, 55, 56, 57, 59 ],
[ 1, 2, 4, 5, 6, 11, 12, 13, 14, 15, 16, 18, 20, 25, 27, 30, 32, 40, 44, 48, 
  50, 52, 53, 54, 55, 56, 57, 60 ],
[ 1, 2, 4, 5, 6, 7, 11, 15, 18, 20, 22, 25, 29, 30, 31, 33, 34, 35, 36, 38, 
  48, 49, 50, 51, 56, 58, 63, 64 ],
[ 1, 2, 4, 5, 6, 7, 11, 15, 18, 20, 22, 25, 29, 30, 31, 33, 34, 35, 36, 38, 
  43, 48, 49, 50, 51, 56, 59, 63 ],
[ 1, 2, 4, 5, 6, 7, 11, 15, 18, 20, 22, 25, 27, 29, 30, 31, 34, 35, 36, 38, 
  48, 51, 53, 54, 56, 58, 62, 64 ],
[ 1, 2, 4, 5, 6, 7, 11, 15, 18, 20, 22, 25, 27, 29, 30, 31, 34, 35, 36, 38, 
  43, 48, 51, 53, 54, 56, 59, 62 ],
[ 1, 2, 3, 11, 12, 15, 17, 18, 19, 20, 21, 22, 25, 28, 30, 32, 35, 37, 48, 
  51, 52, 54, 55, 56, 57, 58, 63, 64 ],
[ 1, 2, 3, 11, 12, 15, 17, 18, 19, 20, 21, 22, 25, 28, 30, 32, 35, 37, 43, 
  48, 51, 52, 54, 55, 56, 57, 59, 63 ],
[ 1, 2, 3, 11, 12, 14, 15, 17, 18, 19, 20, 21, 22, 25, 28, 30, 32, 33, 35, 
  36, 48, 51, 52, 53, 55, 57, 58, 64 ],
[ 1, 2, 3, 11, 12, 14, 15, 17, 18, 19, 20, 21, 22, 25, 28, 30, 32, 33, 35, 
  36, 43, 48, 51, 52, 53, 55, 57, 59 ],
[ 1, 2, 3, 11, 12, 13, 15, 17, 18, 19, 20, 21, 22, 25, 28, 30, 32, 33, 34, 
  37, 48, 51, 52, 53, 56, 57, 58, 64 ],
[ 1, 2, 3, 11, 12, 13, 15, 17, 18, 19, 20, 21, 22, 25, 28, 30, 32, 33, 34, 
  37, 43, 48, 51, 52, 53, 56, 57, 59 ],
[ 1, 2, 3, 11, 12, 13, 15, 17, 18, 19, 20, 21, 22, 25, 27, 30, 32, 33, 34, 
  37, 44, 48, 50, 52, 53, 56, 57, 60 ],
[ 1, 2, 3, 11, 12, 13, 14, 15, 17, 18, 19, 20, 21, 22, 25, 28, 30, 32, 34, 
  36, 48, 51, 52, 54, 57, 58, 63, 64 ],
[ 1, 2, 3, 11, 12, 13, 14, 15, 17, 18, 19, 20, 21, 22, 25, 28, 30, 32, 34, 
  36, 43, 48, 51, 52, 54, 57, 59, 63 ],
[ 1, 2, 3, 11, 12, 13, 14, 15, 17, 18, 19, 20, 21, 22, 25, 27, 30, 32, 34, 
  36, 44, 48, 50, 52, 54, 57, 60, 63 ],
[ 1, 2, 3, 10, 11, 12, 15, 18, 20, 21, 22, 23, 25, 26, 27, 30, 32, 34, 36, 
  39, 41, 49, 54, 55, 56, 57, 60, 63 ],
[ 1, 2, 3, 10, 11, 12, 15, 17, 18, 20, 21, 22, 23, 25, 26, 27, 30, 32, 34, 
  36, 40, 41, 49, 54, 55, 56, 60, 63 ],
[ 1, 2, 3, 10, 11, 12, 14, 15, 18, 20, 21, 22, 23, 25, 26, 27, 30, 32, 34, 
  37, 39, 41, 49, 54, 55, 57, 60, 63 ],
[ 1, 2, 3, 10, 11, 12, 14, 15, 17, 18, 20, 21, 22, 23, 25, 26, 27, 30, 32, 
  34, 37, 40, 41, 49, 54, 55, 60, 63 ],
[ 1, 2, 3, 7, 10, 11, 12, 15, 18, 19, 20, 23, 25, 26, 27, 30, 32, 34, 36, 39, 
  40, 42, 49, 54, 55, 56, 60, 63 ],
[ 1, 2, 3, 7, 10, 11, 12, 14, 15, 18, 19, 20, 23, 25, 26, 27, 30, 32, 34, 37, 
  39, 40, 42, 49, 54, 55, 60, 63 ],
[ 1, 2, 3, 7, 8, 11, 12, 15, 18, 19, 20, 25, 30, 31, 32, 34, 36, 39, 40, 42, 
  45, 49, 50, 54, 55, 56, 60, 63 ],
[ 1, 2, 3, 7, 8, 11, 12, 15, 18, 19, 20, 23, 25, 30, 31, 32, 33, 34, 36, 39, 
  40, 42, 44, 49, 50, 53, 55, 56 ],
[ 1, 2, 3, 7, 8, 11, 12, 14, 15, 18, 19, 20, 25, 30, 31, 32, 34, 37, 39, 40, 
  42, 45, 49, 50, 54, 55, 60, 63 ],
[ 1, 2, 3, 7, 8, 11, 12, 14, 15, 18, 19, 20, 23, 25, 30, 31, 32, 33, 34, 37, 
  39, 40, 42, 44, 49, 50, 53, 55 ],
[ 1, 2, 3, 7, 8, 9, 11, 15, 18, 19, 20, 25, 26, 28, 30, 31, 33, 34, 36, 39, 
  40, 42, 48, 49, 50, 53, 55, 56 ],
[ 1, 2, 3, 7, 8, 9, 11, 15, 18, 19, 20, 25, 26, 27, 28, 30, 31, 33, 34, 36, 
  39, 40, 42, 48, 53, 55, 56, 62 ],
[ 1, 2, 3, 7, 8, 9, 11, 14, 15, 18, 19, 20, 25, 26, 27, 28, 30, 31, 33, 34, 
  37, 39, 40, 42, 48, 53, 55, 62 ],
[ 1, 2, 3, 6, 7, 11, 15, 18, 19, 22, 25, 29, 30, 31, 33, 34, 36, 39, 40, 46, 
  48, 49, 50, 51, 53, 55, 56, 61 ],
[ 1, 2, 3, 6, 7, 11, 15, 18, 19, 22, 25, 27, 29, 30, 31, 33, 34, 36, 39, 40, 
  46, 48, 51, 53, 55, 56, 61, 62 ],
[ 1, 2, 3, 6, 7, 11, 14, 15, 18, 19, 22, 25, 29, 30, 31, 33, 34, 37, 39, 40, 
  46, 48, 49, 50, 51, 53, 55, 61 ],
[ 1, 2, 3, 6, 7, 11, 14, 15, 18, 19, 22, 25, 27, 29, 30, 31, 33, 34, 37, 39, 
  40, 46, 48, 51, 53, 55, 61, 62 ],
[ 1, 2, 3, 6, 7, 11, 13, 15, 17, 18, 22, 24, 25, 26, 28, 30, 34, 36, 37, 40, 
  41, 50, 51, 52, 53, 54, 61, 62 ],
[ 1, 2, 3, 6, 7, 11, 13, 15, 17, 18, 22, 24, 25, 26, 28, 30, 33, 34, 36, 37, 
  40, 41, 50, 51, 52, 61, 62, 63 ],
[ 1, 2, 3, 6, 7, 10, 11, 13, 15, 17, 18, 22, 24, 25, 26, 28, 31, 34, 36, 37, 
  40, 41, 50, 51, 53, 54, 61, 62 ],
[ 1, 2, 3, 6, 7, 10, 11, 13, 15, 17, 18, 22, 24, 25, 26, 28, 31, 33, 34, 36, 
  37, 40, 41, 50, 51, 61, 62, 63 ],
[ 1, 2, 3, 6, 7, 9, 11, 15, 18, 19, 22, 25, 28, 30, 31, 33, 34, 36, 39, 40, 
  46, 48, 49, 50, 53, 55, 56, 61 ],
[ 1, 2, 3, 6, 7, 9, 11, 15, 18, 19, 22, 25, 27, 28, 30, 31, 33, 34, 36, 39, 
  40, 46, 48, 53, 55, 56, 61, 62 ],
[ 1, 2, 3, 6, 7, 9, 11, 14, 15, 18, 19, 22, 25, 28, 30, 31, 33, 34, 37, 39, 
  40, 46, 48, 49, 50, 53, 55, 61 ],
[ 1, 2, 3, 6, 7, 9, 11, 14, 15, 18, 19, 22, 25, 27, 28, 30, 31, 33, 34, 37, 
  39, 40, 46, 48, 53, 55, 61, 62 ],
[ 1, 2, 3, 5, 11, 12, 15, 18, 19, 22, 25, 28, 30, 32, 35, 37, 39, 40, 42, 48, 
  51, 52, 54, 55, 56, 58, 63, 64 ],
[ 1, 2, 3, 5, 11, 12, 15, 18, 19, 22, 25, 28, 30, 32, 35, 37, 39, 40, 42, 43, 
  48, 51, 52, 54, 55, 56, 59, 63 ],
[ 1, 2, 3, 5, 11, 12, 14, 15, 18, 19, 22, 25, 28, 30, 32, 33, 35, 36, 39, 40, 
  42, 48, 51, 52, 53, 55, 58, 64 ],
[ 1, 2, 3, 5, 11, 12, 14, 15, 18, 19, 22, 25, 28, 30, 32, 33, 35, 36, 39, 40, 
  42, 43, 48, 51, 52, 53, 55, 59 ],
[ 1, 2, 3, 5, 11, 12, 13, 15, 18, 19, 22, 25, 28, 30, 32, 33, 34, 37, 39, 40, 
  42, 48, 51, 52, 53, 56, 58, 64 ],
[ 1, 2, 3, 5, 11, 12, 13, 15, 18, 19, 22, 25, 28, 30, 32, 33, 34, 37, 39, 40, 
  42, 43, 48, 51, 52, 53, 56, 59 ],
[ 1, 2, 3, 5, 11, 12, 13, 15, 18, 19, 22, 25, 27, 30, 32, 33, 34, 37, 39, 40, 
  42, 44, 48, 50, 52, 53, 56, 60 ],
[ 1, 2, 3, 5, 11, 12, 13, 14, 15, 18, 19, 22, 25, 28, 30, 32, 34, 36, 39, 40, 
  42, 48, 51, 52, 54, 58, 63, 64 ],
[ 1, 2, 3, 5, 11, 12, 13, 14, 15, 18, 19, 22, 25, 28, 30, 32, 34, 36, 39, 40, 
  42, 43, 48, 51, 52, 54, 59, 63 ],
[ 1, 2, 3, 5, 11, 12, 13, 14, 15, 18, 19, 22, 25, 27, 30, 32, 34, 36, 39, 40, 
  42, 44, 48, 50, 52, 54, 60, 63 ],
[ 1, 2, 3, 5, 10, 11, 12, 15, 17, 18, 22, 25, 26, 27, 30, 32, 34, 36, 40, 41, 
  42, 44, 45, 49, 54, 55, 56, 63 ],
[ 1, 2, 3, 5, 10, 11, 12, 14, 15, 17, 18, 22, 25, 26, 27, 30, 32, 34, 37, 40, 
  41, 42, 44, 45, 49, 54, 55, 63 ],
[ 1, 2, 3, 5, 8, 11, 12, 15, 17, 18, 22, 25, 30, 31, 32, 34, 36, 40, 41, 42, 
  45, 49, 50, 54, 55, 56, 60, 63 ],
[ 1, 2, 3, 5, 8, 11, 12, 15, 17, 18, 22, 23, 25, 30, 31, 32, 33, 34, 36, 40, 
  41, 42, 44, 49, 50, 53, 55, 56 ],
[ 1, 2, 3, 5, 8, 11, 12, 14, 15, 17, 18, 22, 25, 30, 31, 32, 34, 37, 40, 41, 
  42, 45, 49, 50, 54, 55, 60, 63 ],
[ 1, 2, 3, 5, 8, 11, 12, 14, 15, 17, 18, 22, 23, 25, 30, 31, 32, 33, 34, 37, 
  40, 41, 42, 44, 49, 50, 53, 55 ],
[ 1, 2, 3, 5, 8, 9, 11, 15, 17, 18, 22, 25, 26, 27, 28, 30, 31, 33, 34, 36, 
  40, 41, 42, 48, 53, 55, 56, 62 ],
[ 1, 2, 3, 4, 11, 12, 15, 20, 21, 22, 25, 28, 30, 32, 35, 37, 39, 40, 41, 48, 
  51, 52, 54, 55, 56, 58, 63, 64 ],
[ 1, 2, 3, 4, 11, 12, 15, 20, 21, 22, 25, 28, 30, 32, 35, 37, 39, 40, 41, 43, 
  48, 51, 52, 54, 55, 56, 59, 63 ],
[ 1, 2, 3, 4, 11, 12, 14, 15, 20, 21, 22, 25, 28, 30, 32, 33, 35, 36, 39, 40, 
  41, 48, 51, 52, 53, 55, 58, 64 ],
[ 1, 2, 3, 4, 11, 12, 14, 15, 20, 21, 22, 25, 28, 30, 32, 33, 35, 36, 39, 40, 
  41, 43, 48, 51, 52, 53, 55, 59 ],
[ 1, 2, 3, 4, 11, 12, 13, 15, 20, 21, 22, 25, 28, 30, 32, 33, 34, 37, 39, 40, 
  41, 48, 51, 52, 53, 56, 58, 64 ],
[ 1, 2, 3, 4, 11, 12, 13, 15, 20, 21, 22, 25, 28, 30, 32, 33, 34, 37, 39, 40, 
  41, 43, 48, 51, 52, 53, 56, 59 ],
[ 1, 2, 3, 4, 11, 12, 13, 15, 20, 21, 22, 25, 27, 30, 32, 33, 34, 37, 39, 40, 
  41, 44, 48, 50, 52, 53, 56, 60 ],
[ 1, 2, 3, 4, 11, 12, 13, 14, 15, 20, 21, 22, 25, 28, 30, 32, 34, 36, 39, 40, 
  41, 48, 51, 52, 54, 58, 63, 64 ],
[ 1, 2, 3, 4, 11, 12, 13, 14, 15, 20, 21, 22, 25, 28, 30, 32, 34, 36, 39, 40, 
  41, 43, 48, 51, 52, 54, 59, 63 ],
[ 1, 2, 3, 4, 11, 12, 13, 14, 15, 20, 21, 22, 25, 27, 30, 32, 34, 36, 39, 40, 
  41, 44, 48, 50, 52, 54, 60, 63 ],
[ 1, 2, 3, 4, 5, 11, 12, 15, 17, 22, 25, 28, 30, 32, 35, 37, 41, 42, 48, 51, 
  52, 54, 55, 56, 57, 58, 63, 64 ],
[ 1, 2, 3, 4, 5, 11, 12, 15, 17, 22, 25, 28, 30, 32, 35, 37, 41, 42, 43, 48, 
  51, 52, 54, 55, 56, 57, 59, 63 ],
[ 1, 2, 3, 4, 5, 11, 12, 14, 15, 17, 22, 25, 28, 30, 32, 33, 35, 36, 41, 42, 
  48, 51, 52, 53, 55, 57, 58, 64 ],
[ 1, 2, 3, 4, 5, 11, 12, 14, 15, 17, 22, 25, 28, 30, 32, 33, 35, 36, 41, 42, 
  43, 48, 51, 52, 53, 55, 57, 59 ],
[ 1, 2, 3, 4, 5, 11, 12, 13, 15, 17, 22, 25, 28, 30, 32, 33, 34, 37, 41, 42, 
  48, 51, 52, 53, 56, 57, 58, 64 ],
[ 1, 2, 3, 4, 5, 11, 12, 13, 15, 17, 22, 25, 28, 30, 32, 33, 34, 37, 41, 42, 
  43, 48, 51, 52, 53, 56, 57, 59 ],
[ 1, 2, 3, 4, 5, 11, 12, 13, 15, 17, 22, 25, 27, 30, 32, 33, 34, 37, 41, 42, 
  44, 48, 50, 52, 53, 56, 57, 60 ],
[ 1, 2, 3, 4, 5, 11, 12, 13, 14, 15, 17, 22, 25, 28, 30, 32, 34, 36, 41, 42, 
  48, 51, 52, 54, 57, 58, 63, 64 ],
[ 1, 2, 3, 4, 5, 11, 12, 13, 14, 15, 17, 22, 25, 28, 30, 32, 34, 36, 41, 42, 
  43, 48, 51, 52, 54, 57, 59, 63 ],
[ 1, 2, 3, 4, 5, 11, 12, 13, 14, 15, 17, 22, 25, 27, 30, 32, 34, 36, 41, 42, 
  44, 48, 50, 52, 54, 57, 60, 63 ]
];

