## Group: [64, 199]
## Difference Sets: 608
## Time:  0:17:03.429

return [
[ 1, 6, 7, 12, 13, 14, 16, 17, 20, 21, 22, 23, 25, 26, 28, 29, 31, 32, 35, 
  36, 38, 40, 45, 49, 52, 53, 54, 62 ],
[ 1, 6, 7, 12, 13, 14, 15, 16, 17, 21, 22, 23, 26, 28, 29, 30, 31, 32, 33, 
  35, 36, 40, 42, 45, 48, 49, 62, 63 ],
[ 1, 6, 7, 10, 12, 14, 16, 17, 19, 20, 21, 22, 23, 25, 26, 28, 29, 31, 32, 
  37, 38, 40, 41, 43, 44, 53, 54, 59 ],
[ 1, 6, 7, 10, 12, 14, 15, 16, 17, 18, 19, 21, 22, 25, 26, 28, 29, 31, 32, 
  33, 37, 40, 42, 43, 45, 53, 59, 60 ],
[ 1, 6, 7, 10, 12, 14, 15, 16, 17, 18, 19, 21, 22, 23, 25, 26, 28, 29, 31, 
  32, 37, 40, 42, 43, 44, 54, 59, 63 ],
[ 1, 6, 7, 10, 12, 13, 16, 17, 20, 21, 22, 23, 25, 26, 28, 29, 30, 32, 35, 
  37, 38, 40, 45, 49, 53, 54, 56, 62 ],
[ 1, 6, 7, 10, 12, 13, 15, 16, 17, 20, 21, 22, 23, 25, 26, 29, 32, 33, 35, 
  37, 40, 45, 49, 51, 52, 53, 56, 62 ],
[ 1, 6, 7, 10, 12, 13, 14, 15, 16, 17, 21, 22, 23, 26, 28, 29, 32, 35, 36, 
  40, 42, 45, 48, 49, 52, 53, 54, 62 ],
[ 1, 6, 7, 10, 12, 13, 14, 15, 16, 17, 20, 21, 22, 23, 25, 26, 29, 32, 35, 
  36, 40, 45, 49, 51, 52, 54, 62, 63 ],
[ 1, 6, 7, 10, 11, 12, 14, 15, 16, 17, 18, 19, 21, 22, 23, 26, 29, 31, 33, 
  37, 40, 42, 43, 48, 51, 53, 59, 60 ],
[ 1, 6, 7, 9, 10, 12, 13, 15, 16, 21, 22, 25, 26, 29, 31, 32, 33, 35, 36, 39, 
  40, 42, 45, 49, 50, 53, 56, 60 ],
[ 1, 6, 7, 9, 10, 12, 13, 15, 16, 21, 22, 23, 25, 26, 29, 31, 32, 35, 36, 39, 
  40, 42, 44, 49, 50, 54, 56, 63 ],
[ 1, 6, 7, 9, 10, 11, 12, 14, 15, 16, 17, 18, 19, 21, 22, 23, 26, 28, 31, 37, 
  40, 42, 43, 48, 54, 59, 60, 63 ],
[ 1, 6, 7, 9, 10, 11, 12, 13, 15, 16, 21, 22, 23, 26, 29, 31, 33, 35, 36, 40, 
  42, 44, 48, 49, 50, 56, 57, 63 ],
[ 1, 6, 7, 9, 10, 11, 12, 13, 15, 16, 21, 22, 23, 26, 27, 29, 31, 35, 36, 40, 
  42, 44, 48, 53, 54, 56, 57, 62 ],
[ 1, 6, 7, 8, 12, 13, 14, 16, 20, 21, 22, 23, 26, 27, 29, 30, 31, 32, 34, 37, 
  38, 39, 40, 45, 51, 53, 62, 63 ],
[ 1, 6, 7, 8, 12, 13, 14, 16, 17, 20, 21, 22, 23, 26, 29, 30, 31, 32, 34, 37, 
  38, 45, 49, 50, 51, 53, 57, 63 ],
[ 1, 6, 7, 8, 11, 12, 14, 16, 17, 21, 22, 23, 26, 27, 28, 29, 30, 31, 35, 37, 
  38, 39, 42, 45, 53, 55, 62, 63 ],
[ 1, 6, 7, 8, 11, 12, 14, 16, 17, 20, 21, 22, 23, 26, 27, 28, 29, 31, 35, 37, 
  38, 45, 49, 52, 53, 55, 57, 63 ],
[ 1, 6, 7, 8, 11, 12, 13, 14, 16, 21, 22, 23, 26, 27, 28, 29, 30, 31, 34, 37, 
  38, 40, 42, 45, 53, 57, 62, 63 ],
[ 1, 6, 7, 8, 11, 12, 13, 14, 16, 17, 20, 21, 22, 23, 26, 28, 29, 31, 34, 37, 
  38, 45, 50, 52, 53, 57, 62, 63 ],
[ 1, 6, 7, 8, 9, 12, 15, 16, 17, 19, 22, 24, 26, 29, 31, 32, 33, 34, 35, 36, 
  37, 39, 41, 47, 49, 52, 62, 63 ],
[ 1, 6, 7, 8, 9, 12, 15, 16, 17, 18, 19, 22, 24, 26, 29, 31, 32, 33, 35, 36, 
  37, 47, 49, 52, 53, 55, 57, 62 ],
[ 1, 6, 7, 8, 9, 12, 14, 16, 20, 21, 22, 26, 29, 30, 31, 32, 33, 34, 35, 37, 
  38, 39, 44, 45, 50, 53, 57, 62 ],
[ 1, 6, 7, 8, 9, 12, 14, 16, 20, 21, 22, 26, 27, 29, 30, 31, 32, 34, 35, 37, 
  38, 39, 44, 45, 49, 54, 57, 63 ],
[ 1, 6, 7, 8, 9, 12, 14, 16, 18, 19, 22, 24, 26, 29, 31, 32, 33, 34, 35, 36, 
  38, 39, 40, 47, 49, 52, 62, 63 ],
[ 1, 6, 7, 8, 9, 12, 14, 16, 17, 20, 21, 22, 26, 29, 30, 31, 32, 33, 34, 35, 
  37, 38, 40, 44, 45, 50, 53, 62 ],
[ 1, 6, 7, 8, 9, 12, 14, 16, 17, 20, 21, 22, 26, 27, 29, 30, 31, 32, 34, 35, 
  37, 38, 40, 44, 45, 49, 54, 63 ],
[ 1, 6, 7, 8, 9, 12, 14, 16, 17, 19, 20, 21, 22, 23, 26, 29, 30, 31, 32, 37, 
  38, 40, 41, 44, 53, 54, 58, 59 ],
[ 1, 6, 7, 8, 9, 12, 14, 16, 17, 19, 20, 21, 22, 23, 26, 29, 30, 31, 32, 37, 
  38, 40, 41, 43, 44, 53, 54, 64 ],
[ 1, 6, 7, 8, 9, 12, 14, 16, 17, 19, 20, 21, 22, 23, 26, 29, 30, 31, 32, 33, 
  37, 38, 40, 41, 44, 58, 59, 63 ],
[ 1, 6, 7, 8, 9, 12, 14, 16, 17, 19, 20, 21, 22, 23, 26, 29, 30, 31, 32, 33, 
  37, 38, 40, 41, 43, 44, 63, 64 ],
[ 1, 6, 7, 8, 9, 12, 14, 15, 16, 18, 19, 22, 24, 26, 29, 31, 32, 33, 35, 39, 
  40, 47, 49, 52, 53, 55, 56, 62 ],
[ 1, 6, 7, 8, 9, 12, 14, 15, 16, 17, 18, 19, 21, 22, 26, 29, 30, 31, 32, 33, 
  37, 40, 42, 45, 53, 58, 59, 60 ],
[ 1, 6, 7, 8, 9, 12, 14, 15, 16, 17, 18, 19, 21, 22, 23, 26, 29, 30, 31, 32, 
  37, 40, 42, 44, 54, 58, 59, 63 ],
[ 1, 6, 7, 8, 9, 11, 12, 14, 16, 17, 19, 21, 22, 26, 29, 30, 31, 33, 37, 38, 
  40, 41, 42, 43, 44, 45, 53, 64 ],
[ 1, 6, 7, 8, 9, 11, 12, 14, 16, 17, 19, 21, 22, 23, 26, 29, 30, 31, 33, 37, 
  38, 40, 41, 42, 53, 58, 59, 60 ],
[ 1, 6, 7, 8, 9, 11, 12, 14, 15, 16, 21, 22, 23, 26, 29, 31, 33, 35, 37, 39, 
  42, 44, 49, 50, 52, 55, 57, 63 ],
[ 1, 6, 7, 8, 9, 11, 12, 14, 15, 16, 21, 22, 23, 26, 27, 29, 31, 35, 37, 39, 
  42, 44, 52, 53, 54, 55, 57, 62 ],
[ 1, 6, 7, 8, 9, 11, 12, 14, 15, 16, 17, 21, 22, 23, 26, 29, 31, 33, 35, 37, 
  40, 42, 44, 49, 50, 52, 55, 63 ],
[ 1, 6, 7, 8, 9, 11, 12, 14, 15, 16, 17, 21, 22, 23, 26, 27, 29, 31, 35, 37, 
  40, 42, 44, 52, 53, 54, 55, 62 ],
[ 1, 5, 7, 8, 12, 13, 15, 16, 17, 18, 19, 21, 25, 26, 27, 29, 31, 32, 35, 36, 
  37, 48, 49, 51, 52, 53, 57, 63 ],
[ 1, 5, 7, 8, 12, 13, 14, 15, 16, 18, 19, 21, 25, 26, 27, 29, 31, 32, 35, 39, 
  40, 48, 49, 51, 52, 53, 56, 63 ],
[ 1, 5, 7, 8, 11, 12, 13, 16, 17, 19, 21, 25, 26, 27, 28, 29, 30, 31, 35, 37, 
  38, 39, 41, 48, 53, 56, 62, 63 ],
[ 1, 5, 7, 8, 11, 12, 13, 14, 16, 19, 21, 25, 26, 27, 28, 29, 30, 31, 35, 36, 
  38, 40, 41, 48, 53, 57, 62, 63 ],
[ 1, 5, 6, 7, 10, 12, 15, 16, 17, 21, 22, 23, 26, 29, 31, 32, 33, 34, 35, 36, 
  37, 40, 44, 48, 49, 51, 62, 63 ],
[ 1, 5, 6, 7, 10, 12, 13, 16, 17, 21, 22, 25, 26, 29, 31, 32, 33, 34, 36, 37, 
  38, 40, 44, 45, 49, 51, 62, 63 ],
[ 1, 5, 6, 7, 10, 12, 13, 16, 17, 21, 22, 23, 25, 26, 29, 31, 32, 34, 36, 37, 
  38, 40, 49, 51, 53, 54, 60, 62 ],
[ 1, 5, 6, 7, 10, 12, 13, 15, 16, 21, 22, 25, 26, 29, 31, 32, 33, 35, 37, 39, 
  40, 44, 49, 50, 51, 53, 56, 60 ],
[ 1, 5, 6, 7, 10, 12, 13, 15, 16, 17, 21, 22, 25, 26, 27, 29, 31, 32, 33, 35, 
  37, 44, 51, 53, 56, 57, 60, 62 ],
[ 1, 5, 6, 7, 10, 12, 13, 15, 16, 17, 21, 22, 23, 26, 29, 31, 32, 36, 37, 40, 
  44, 48, 49, 51, 53, 54, 55, 62 ],
[ 1, 5, 6, 7, 10, 11, 12, 13, 15, 16, 17, 21, 22, 26, 29, 31, 33, 35, 37, 39, 
  44, 48, 49, 50, 51, 56, 60, 63 ],
[ 1, 5, 6, 7, 10, 11, 12, 13, 15, 16, 17, 21, 22, 26, 27, 29, 31, 35, 37, 39, 
  44, 48, 51, 53, 54, 56, 60, 62 ],
[ 1, 5, 6, 7, 9, 12, 14, 15, 16, 21, 22, 23, 25, 26, 29, 31, 32, 33, 35, 37, 
  39, 40, 45, 49, 50, 52, 53, 55 ],
[ 1, 5, 6, 7, 9, 12, 14, 15, 16, 17, 21, 22, 23, 25, 26, 27, 29, 31, 32, 33, 
  35, 37, 45, 52, 53, 55, 57, 62 ],
[ 1, 5, 6, 7, 9, 11, 12, 14, 15, 16, 17, 21, 22, 23, 26, 29, 31, 33, 35, 37, 
  39, 45, 48, 49, 50, 52, 55, 63 ],
[ 1, 5, 6, 7, 9, 11, 12, 14, 15, 16, 17, 21, 22, 23, 26, 27, 29, 31, 35, 37, 
  39, 45, 48, 52, 53, 54, 55, 62 ],
[ 1, 5, 6, 7, 8, 9, 12, 16, 19, 21, 22, 23, 26, 29, 30, 31, 32, 36, 37, 38, 
  39, 40, 41, 43, 44, 53, 63, 64 ],
[ 1, 5, 6, 7, 8, 9, 12, 15, 16, 19, 21, 22, 26, 29, 30, 31, 32, 37, 39, 40, 
  41, 43, 44, 45, 53, 56, 58, 63 ],
[ 1, 5, 6, 7, 8, 9, 12, 15, 16, 19, 21, 22, 23, 26, 29, 30, 31, 32, 37, 39, 
  40, 41, 43, 53, 56, 58, 60, 63 ],
[ 1, 5, 6, 7, 8, 9, 12, 15, 16, 18, 19, 21, 22, 23, 26, 29, 30, 31, 32, 37, 
  40, 44, 53, 56, 57, 58, 59, 63 ],
[ 1, 5, 6, 7, 8, 9, 12, 15, 16, 17, 18, 19, 21, 22, 26, 29, 31, 32, 36, 37, 
  43, 45, 52, 53, 57, 58, 60, 63 ],
[ 1, 5, 6, 7, 8, 9, 12, 15, 16, 17, 18, 19, 21, 22, 26, 29, 30, 31, 32, 37, 
  39, 45, 53, 56, 58, 59, 60, 63 ],
[ 1, 5, 6, 7, 8, 9, 12, 14, 16, 21, 22, 26, 27, 29, 31, 32, 34, 35, 36, 38, 
  39, 40, 44, 45, 52, 53, 62, 63 ],
[ 1, 5, 6, 7, 8, 9, 12, 14, 16, 21, 22, 23, 26, 29, 31, 32, 34, 35, 36, 38, 
  39, 40, 49, 50, 52, 53, 60, 63 ],
[ 1, 5, 6, 7, 8, 9, 12, 14, 15, 16, 19, 21, 22, 26, 29, 30, 31, 32, 36, 39, 
  40, 41, 44, 45, 53, 59, 63, 64 ],
[ 1, 5, 6, 7, 8, 9, 12, 14, 15, 16, 19, 21, 22, 23, 26, 29, 30, 31, 32, 36, 
  39, 40, 41, 53, 59, 60, 63, 64 ],
[ 1, 5, 6, 7, 8, 9, 11, 12, 16, 21, 22, 26, 27, 29, 31, 35, 36, 37, 38, 39, 
  40, 44, 45, 49, 52, 53, 55, 63 ],
[ 1, 5, 6, 7, 8, 9, 11, 12, 16, 21, 22, 23, 26, 27, 29, 31, 34, 35, 36, 37, 
  38, 40, 44, 52, 53, 57, 62, 63 ],
[ 1, 5, 6, 7, 8, 9, 11, 12, 16, 19, 21, 22, 26, 29, 31, 36, 37, 38, 39, 40, 
  41, 43, 44, 45, 52, 53, 58, 63 ],
[ 1, 5, 6, 7, 8, 9, 11, 12, 16, 17, 19, 21, 22, 26, 29, 30, 31, 37, 38, 39, 
  41, 43, 44, 45, 53, 56, 63, 64 ],
[ 1, 5, 6, 7, 8, 9, 11, 12, 16, 17, 19, 21, 22, 23, 26, 29, 31, 36, 37, 38, 
  41, 43, 52, 53, 57, 58, 60, 63 ],
[ 1, 5, 6, 7, 8, 9, 11, 12, 14, 16, 21, 22, 23, 26, 29, 31, 34, 35, 38, 40, 
  44, 49, 50, 52, 53, 56, 57, 63 ],
[ 1, 5, 6, 7, 8, 9, 11, 12, 14, 16, 21, 22, 23, 26, 27, 29, 31, 35, 38, 39, 
  40, 49, 52, 53, 55, 56, 60, 63 ],
[ 1, 4, 7, 8, 10, 12, 15, 16, 17, 19, 21, 25, 26, 29, 31, 32, 33, 34, 35, 36, 
  37, 39, 42, 48, 49, 51, 62, 63 ],
[ 1, 4, 7, 8, 10, 12, 13, 15, 16, 17, 19, 21, 25, 26, 29, 31, 32, 36, 37, 39, 
  42, 48, 49, 51, 53, 54, 55, 62 ],
[ 1, 4, 7, 8, 10, 11, 12, 16, 17, 19, 20, 21, 25, 26, 28, 29, 31, 33, 35, 37, 
  38, 48, 49, 53, 55, 56, 57, 62 ],
[ 1, 4, 7, 8, 10, 11, 12, 13, 16, 17, 19, 20, 21, 25, 26, 28, 29, 31, 34, 37, 
  38, 48, 49, 54, 56, 57, 62, 63 ],
[ 1, 4, 6, 7, 10, 12, 13, 15, 16, 19, 22, 24, 25, 26, 29, 31, 32, 33, 35, 37, 
  39, 40, 47, 49, 50, 51, 53, 56 ],
[ 1, 4, 6, 7, 10, 12, 13, 15, 16, 17, 19, 22, 24, 25, 26, 27, 29, 31, 32, 33, 
  35, 37, 47, 51, 53, 56, 57, 62 ],
[ 1, 4, 6, 7, 10, 11, 12, 13, 16, 19, 22, 24, 25, 26, 27, 29, 31, 35, 37, 38, 
  39, 40, 47, 49, 51, 53, 54, 56 ],
[ 1, 4, 6, 7, 10, 11, 12, 13, 16, 17, 19, 22, 24, 25, 26, 27, 29, 31, 33, 35, 
  37, 38, 47, 49, 51, 56, 57, 63 ],
[ 1, 4, 6, 7, 10, 11, 12, 13, 15, 16, 17, 19, 22, 24, 26, 29, 31, 33, 35, 37, 
  39, 47, 48, 49, 50, 51, 56, 63 ],
[ 1, 4, 6, 7, 10, 11, 12, 13, 15, 16, 17, 19, 22, 24, 26, 27, 29, 31, 35, 37, 
  39, 47, 48, 51, 53, 54, 56, 62 ],
[ 1, 4, 6, 7, 9, 12, 14, 15, 16, 19, 22, 25, 26, 29, 31, 32, 33, 35, 37, 39, 
  40, 46, 49, 50, 52, 53, 55, 61 ],
[ 1, 4, 6, 7, 9, 11, 12, 14, 16, 19, 22, 25, 26, 27, 29, 31, 35, 37, 38, 39, 
  40, 46, 49, 52, 53, 54, 55, 61 ],
[ 1, 4, 6, 7, 9, 11, 12, 14, 16, 17, 19, 22, 25, 26, 27, 29, 31, 33, 35, 37, 
  38, 46, 49, 52, 55, 57, 61, 63 ],
[ 1, 4, 6, 7, 8, 12, 14, 15, 16, 19, 22, 24, 26, 27, 28, 29, 31, 32, 33, 35, 
  37, 39, 40, 50, 52, 53, 55, 61 ],
[ 1, 4, 6, 7, 8, 12, 14, 15, 16, 19, 22, 24, 26, 27, 28, 29, 30, 31, 32, 33, 
  35, 37, 40, 46, 50, 55, 57, 63 ],
[ 1, 4, 6, 7, 8, 12, 13, 14, 16, 19, 22, 26, 27, 29, 30, 31, 32, 34, 37, 38, 
  39, 40, 46, 47, 50, 51, 53, 54 ],
[ 1, 4, 5, 7, 8, 12, 15, 16, 19, 21, 25, 26, 27, 29, 31, 32, 33, 34, 35, 36, 
  37, 39, 48, 49, 51, 52, 57, 63 ],
[ 1, 4, 5, 7, 8, 12, 14, 16, 19, 21, 25, 26, 28, 29, 30, 31, 32, 33, 34, 35, 
  38, 39, 48, 50, 53, 56, 57, 62 ],
[ 1, 4, 5, 7, 8, 12, 14, 16, 19, 21, 25, 26, 27, 28, 29, 30, 31, 32, 34, 35, 
  38, 39, 48, 49, 54, 56, 57, 63 ],
[ 1, 4, 5, 7, 8, 12, 14, 15, 16, 19, 21, 25, 26, 27, 29, 31, 32, 34, 35, 39, 
  48, 49, 51, 52, 53, 54, 56, 57 ],
[ 1, 4, 5, 7, 8, 12, 13, 14, 15, 16, 19, 21, 25, 26, 27, 29, 31, 32, 33, 39, 
  48, 49, 51, 52, 55, 56, 57, 63 ],
[ 1, 4, 5, 7, 8, 11, 12, 16, 19, 21, 25, 26, 27, 28, 29, 30, 31, 33, 35, 37, 
  38, 39, 48, 53, 55, 56, 57, 62 ],
[ 1, 4, 5, 7, 8, 11, 12, 14, 16, 19, 21, 25, 26, 27, 28, 29, 30, 31, 35, 36, 
  38, 39, 48, 54, 55, 57, 62, 63 ],
[ 1, 4, 5, 7, 8, 11, 12, 13, 16, 19, 21, 25, 26, 27, 28, 29, 30, 31, 34, 37, 
  38, 39, 48, 54, 56, 57, 62, 63 ],
[ 1, 4, 5, 7, 8, 11, 12, 13, 14, 16, 19, 21, 25, 26, 27, 28, 29, 30, 31, 33, 
  34, 36, 38, 39, 48, 53, 57, 62 ],
[ 1, 4, 5, 6, 7, 8, 12, 15, 16, 19, 21, 22, 26, 27, 29, 31, 32, 33, 34, 35, 
  36, 37, 49, 51, 52, 58, 63, 64 ],
[ 1, 4, 5, 6, 7, 8, 12, 15, 16, 19, 21, 22, 26, 27, 28, 29, 30, 31, 32, 33, 
  35, 37, 49, 55, 56, 58, 63, 64 ],
[ 1, 4, 5, 6, 7, 8, 12, 14, 16, 19, 21, 22, 26, 28, 29, 30, 31, 32, 33, 34, 
  35, 38, 50, 53, 56, 58, 62, 64 ],
[ 1, 4, 5, 6, 7, 8, 12, 14, 16, 19, 21, 22, 26, 27, 28, 29, 30, 31, 32, 34, 
  35, 38, 49, 54, 56, 58, 63, 64 ],
[ 1, 4, 5, 6, 7, 8, 12, 14, 15, 16, 19, 21, 22, 26, 28, 29, 30, 31, 32, 33, 
  35, 36, 50, 55, 58, 62, 63, 64 ],
[ 1, 4, 5, 6, 7, 8, 12, 14, 15, 16, 19, 21, 22, 26, 27, 29, 31, 32, 34, 35, 
  49, 51, 52, 53, 54, 56, 58, 64 ],
[ 1, 4, 5, 6, 7, 8, 12, 13, 15, 16, 19, 21, 22, 26, 28, 29, 30, 31, 32, 33, 
  34, 37, 50, 56, 58, 62, 63, 64 ],
[ 1, 4, 5, 6, 7, 8, 12, 13, 14, 15, 16, 19, 21, 22, 26, 27, 28, 29, 30, 31, 
  32, 33, 34, 36, 49, 58, 63, 64 ],
[ 1, 4, 5, 6, 7, 8, 11, 12, 16, 19, 21, 22, 26, 27, 28, 29, 30, 31, 33, 35, 
  37, 38, 53, 55, 56, 58, 62, 64 ],
[ 1, 4, 5, 6, 7, 8, 11, 12, 14, 16, 19, 21, 22, 26, 27, 28, 29, 30, 31, 35, 
  36, 38, 54, 55, 58, 62, 63, 64 ],
[ 1, 3, 6, 7, 12, 13, 14, 16, 20, 21, 22, 23, 26, 27, 29, 30, 31, 32, 35, 37, 
  39, 40, 44, 48, 51, 53, 62, 63 ],
[ 1, 3, 6, 7, 12, 13, 14, 16, 18, 19, 20, 21, 22, 25, 26, 27, 29, 31, 32, 35, 
  37, 43, 49, 51, 52, 53, 63, 64 ],
[ 1, 3, 6, 7, 12, 13, 14, 16, 17, 20, 21, 22, 23, 26, 29, 30, 31, 32, 35, 37, 
  44, 48, 49, 50, 51, 53, 57, 63 ],
[ 1, 3, 6, 7, 11, 12, 13, 14, 16, 21, 22, 23, 26, 27, 28, 29, 30, 31, 35, 37, 
  40, 42, 44, 48, 53, 57, 62, 63 ],
[ 1, 3, 6, 7, 11, 12, 13, 14, 16, 19, 22, 24, 26, 27, 28, 29, 30, 31, 35, 37, 
  40, 41, 46, 48, 53, 57, 62, 63 ],
[ 1, 3, 6, 7, 11, 12, 13, 14, 16, 19, 22, 24, 25, 26, 27, 29, 30, 31, 35, 37, 
  40, 41, 49, 51, 53, 57, 61, 63 ],
[ 1, 3, 6, 7, 11, 12, 13, 14, 16, 19, 21, 22, 26, 27, 28, 29, 30, 31, 35, 37, 
  41, 42, 43, 48, 53, 58, 62, 63 ],
[ 1, 3, 6, 7, 11, 12, 13, 14, 16, 17, 21, 22, 26, 27, 28, 29, 30, 31, 35, 37, 
  39, 42, 45, 48, 53, 60, 62, 63 ],
[ 1, 3, 6, 7, 11, 12, 13, 14, 16, 17, 19, 22, 26, 27, 28, 29, 30, 31, 35, 37, 
  39, 41, 47, 48, 53, 61, 62, 63 ],
[ 1, 3, 6, 7, 11, 12, 13, 14, 16, 17, 19, 22, 24, 25, 26, 29, 30, 31, 35, 37, 
  39, 41, 50, 51, 53, 61, 62, 63 ],
[ 1, 3, 6, 7, 10, 12, 13, 14, 16, 18, 19, 20, 21, 22, 25, 26, 29, 30, 32, 35, 
  37, 43, 50, 51, 53, 62, 63, 64 ],
[ 1, 3, 6, 7, 10, 11, 12, 13, 14, 16, 19, 21, 22, 26, 28, 29, 35, 37, 41, 42, 
  43, 48, 49, 50, 52, 53, 58, 63 ],
[ 1, 3, 6, 7, 9, 10, 12, 16, 20, 21, 22, 23, 25, 26, 29, 31, 32, 34, 35, 37, 
  40, 44, 49, 50, 53, 56, 57, 63 ],
[ 1, 3, 6, 7, 9, 10, 12, 16, 20, 21, 22, 23, 25, 26, 27, 29, 31, 32, 34, 35, 
  37, 40, 44, 53, 56, 57, 62, 63 ],
[ 1, 3, 6, 7, 9, 10, 12, 16, 18, 19, 20, 21, 22, 23, 25, 26, 29, 31, 32, 37, 
  40, 43, 44, 53, 56, 57, 63, 64 ],
[ 1, 3, 6, 7, 9, 10, 12, 14, 16, 21, 22, 26, 27, 29, 31, 32, 34, 35, 36, 39, 
  40, 42, 44, 45, 48, 53, 62, 63 ],
[ 1, 3, 6, 7, 9, 10, 12, 14, 16, 21, 22, 23, 26, 29, 31, 32, 34, 35, 36, 39, 
  40, 42, 48, 49, 50, 53, 60, 63 ],
[ 1, 3, 6, 7, 9, 10, 12, 14, 16, 20, 21, 22, 25, 26, 29, 31, 32, 34, 35, 36, 
  40, 45, 49, 50, 53, 57, 60, 63 ],
[ 1, 3, 6, 7, 9, 10, 12, 14, 16, 20, 21, 22, 25, 26, 27, 29, 31, 32, 34, 35, 
  36, 40, 45, 53, 57, 60, 62, 63 ],
[ 1, 3, 6, 7, 9, 10, 12, 14, 16, 18, 19, 20, 21, 22, 25, 26, 29, 31, 32, 36, 
  40, 43, 45, 53, 57, 60, 63, 64 ],
[ 1, 3, 6, 7, 9, 10, 12, 13, 16, 19, 22, 26, 29, 31, 32, 34, 36, 37, 39, 40, 
  41, 46, 47, 48, 49, 50, 53, 63 ],
[ 1, 3, 6, 7, 9, 10, 12, 13, 16, 19, 22, 26, 27, 29, 31, 32, 34, 36, 37, 39, 
  40, 41, 46, 47, 48, 53, 62, 63 ],
[ 1, 3, 6, 7, 9, 10, 12, 13, 16, 19, 22, 24, 26, 29, 31, 32, 34, 36, 37, 39, 
  40, 41, 48, 49, 50, 53, 61, 63 ],
[ 1, 3, 6, 7, 9, 10, 12, 13, 16, 19, 22, 24, 26, 27, 29, 31, 32, 34, 36, 37, 
  39, 40, 41, 48, 53, 61, 62, 63 ],
[ 1, 3, 6, 7, 9, 10, 11, 12, 16, 21, 22, 26, 27, 29, 31, 35, 36, 37, 39, 40, 
  42, 44, 45, 48, 49, 53, 55, 63 ],
[ 1, 3, 6, 7, 9, 10, 11, 12, 16, 21, 22, 23, 26, 27, 29, 31, 34, 35, 36, 37, 
  40, 42, 44, 48, 53, 57, 62, 63 ],
[ 1, 3, 6, 7, 9, 10, 11, 12, 16, 19, 21, 22, 26, 29, 31, 36, 37, 39, 40, 41, 
  42, 43, 44, 45, 48, 53, 58, 63 ],
[ 1, 3, 6, 7, 9, 10, 11, 12, 16, 18, 19, 21, 22, 23, 26, 29, 31, 36, 37, 40, 
  42, 44, 48, 53, 57, 58, 59, 63 ],
[ 1, 3, 6, 7, 9, 10, 11, 12, 16, 18, 19, 21, 22, 23, 26, 29, 31, 36, 37, 40, 
  42, 43, 44, 48, 53, 57, 63, 64 ],
[ 1, 3, 6, 7, 9, 10, 11, 12, 14, 16, 21, 22, 23, 26, 29, 31, 34, 35, 40, 42, 
  44, 48, 49, 50, 53, 56, 57, 63 ],
[ 1, 3, 6, 7, 9, 10, 11, 12, 14, 16, 21, 22, 23, 26, 27, 29, 31, 35, 39, 40, 
  42, 48, 49, 53, 55, 56, 60, 63 ],
[ 1, 3, 6, 7, 9, 10, 11, 12, 14, 16, 19, 21, 22, 23, 26, 29, 31, 39, 40, 41, 
  42, 43, 48, 53, 56, 58, 60, 63 ],
[ 1, 3, 6, 7, 9, 10, 11, 12, 14, 16, 18, 19, 21, 22, 23, 26, 29, 31, 40, 42, 
  44, 48, 53, 56, 57, 58, 59, 63 ],
[ 1, 3, 6, 7, 9, 10, 11, 12, 14, 16, 18, 19, 21, 22, 23, 26, 29, 31, 40, 42, 
  43, 44, 48, 53, 56, 57, 63, 64 ],
[ 1, 3, 6, 7, 8, 12, 16, 17, 20, 21, 22, 26, 28, 29, 31, 32, 33, 35, 36, 37, 
  40, 44, 45, 49, 52, 53, 55, 62 ],
[ 1, 3, 6, 7, 8, 12, 16, 17, 19, 20, 21, 22, 26, 30, 31, 32, 34, 35, 37, 40, 
  41, 43, 44, 45, 49, 56, 58, 62 ],
[ 1, 3, 6, 7, 8, 12, 16, 17, 18, 19, 22, 26, 29, 30, 31, 32, 33, 34, 35, 37, 
  40, 46, 47, 49, 51, 53, 56, 62 ],
[ 1, 3, 6, 7, 8, 12, 14, 16, 17, 20, 21, 22, 23, 26, 28, 29, 31, 32, 33, 35, 
  40, 49, 52, 53, 55, 56, 60, 62 ],
[ 1, 3, 6, 7, 8, 12, 14, 16, 17, 19, 22, 24, 26, 28, 29, 30, 31, 32, 34, 35, 
  40, 41, 46, 49, 54, 56, 62, 63 ],
[ 1, 3, 6, 7, 8, 12, 13, 16, 20, 21, 22, 26, 27, 29, 30, 31, 32, 33, 35, 37, 
  39, 40, 44, 51, 53, 56, 60, 62 ],
[ 1, 3, 6, 7, 8, 12, 13, 16, 17, 20, 21, 22, 26, 29, 30, 31, 32, 33, 35, 37, 
  44, 49, 50, 51, 53, 56, 57, 60 ],
[ 1, 3, 6, 7, 8, 11, 12, 16, 17, 19, 20, 21, 22, 23, 26, 31, 34, 35, 37, 40, 
  41, 43, 44, 49, 52, 56, 62, 64 ],
[ 1, 3, 6, 7, 8, 11, 12, 16, 17, 18, 19, 21, 22, 23, 26, 31, 35, 36, 37, 40, 
  42, 44, 49, 52, 55, 58, 59, 62 ],
[ 1, 3, 6, 7, 8, 11, 12, 14, 16, 17, 19, 21, 22, 26, 30, 31, 35, 36, 40, 41, 
  42, 43, 44, 45, 49, 55, 62, 64 ],
[ 1, 3, 6, 7, 8, 11, 12, 14, 16, 17, 18, 19, 21, 22, 23, 26, 31, 35, 40, 42, 
  44, 49, 52, 55, 56, 58, 59, 62 ],
[ 1, 3, 6, 7, 8, 11, 12, 13, 16, 21, 22, 26, 27, 28, 29, 30, 31, 33, 35, 37, 
  40, 42, 44, 53, 56, 57, 60, 62 ],
[ 1, 3, 6, 7, 8, 11, 12, 13, 16, 17, 21, 22, 26, 27, 28, 29, 30, 31, 35, 37, 
  39, 42, 44, 54, 56, 60, 62, 63 ],
[ 1, 3, 5, 7, 8, 12, 16, 18, 19, 21, 25, 26, 27, 29, 31, 32, 33, 34, 35, 36, 
  39, 40, 48, 49, 51, 52, 56, 63 ],
[ 1, 3, 5, 7, 8, 12, 16, 17, 18, 19, 21, 25, 26, 27, 29, 31, 32, 34, 35, 36, 
  48, 49, 51, 52, 53, 54, 56, 57 ],
[ 1, 3, 5, 7, 8, 11, 12, 16, 19, 21, 25, 26, 27, 28, 29, 30, 31, 33, 35, 36, 
  40, 41, 48, 53, 55, 56, 57, 62 ],
[ 1, 3, 5, 7, 8, 11, 12, 16, 17, 19, 21, 25, 26, 27, 28, 29, 30, 31, 35, 36, 
  39, 41, 48, 54, 55, 56, 62, 63 ],
[ 1, 3, 5, 6, 7, 8, 12, 16, 21, 22, 26, 27, 29, 30, 32, 33, 34, 35, 37, 39, 
  40, 44, 45, 51, 52, 53, 56, 62 ],
[ 1, 3, 5, 6, 7, 8, 12, 16, 21, 22, 23, 26, 29, 30, 32, 33, 34, 35, 37, 39, 
  40, 49, 50, 51, 52, 53, 56, 60 ],
[ 1, 3, 5, 6, 7, 8, 12, 16, 19, 21, 22, 26, 27, 30, 32, 34, 35, 37, 39, 40, 
  41, 43, 44, 45, 52, 56, 58, 62 ],
[ 1, 3, 5, 6, 7, 8, 12, 16, 19, 21, 22, 23, 26, 30, 32, 34, 35, 37, 39, 40, 
  41, 43, 49, 50, 52, 56, 58, 60 ],
[ 1, 3, 5, 6, 7, 8, 12, 16, 18, 19, 21, 22, 26, 27, 28, 29, 30, 32, 35, 37, 
  43, 49, 52, 53, 54, 55, 56, 64 ],
[ 1, 3, 5, 6, 7, 8, 12, 16, 18, 19, 21, 22, 26, 27, 28, 29, 30, 32, 33, 35, 
  37, 49, 52, 55, 56, 58, 59, 63 ],
[ 1, 3, 5, 6, 7, 8, 12, 16, 18, 19, 21, 22, 23, 26, 28, 29, 30, 32, 37, 40, 
  43, 44, 52, 53, 54, 56, 57, 64 ],
[ 1, 3, 5, 6, 7, 8, 12, 16, 18, 19, 21, 22, 23, 26, 28, 29, 30, 32, 33, 37, 
  40, 44, 52, 56, 57, 58, 59, 63 ],
[ 1, 3, 5, 6, 7, 8, 11, 12, 16, 21, 22, 26, 27, 29, 30, 33, 34, 35, 36, 37, 
  40, 45, 51, 52, 53, 57, 60, 62 ],
[ 1, 3, 5, 6, 7, 8, 11, 12, 16, 21, 22, 23, 26, 27, 29, 30, 34, 35, 36, 37, 
  40, 44, 51, 52, 54, 57, 62, 63 ],
[ 1, 3, 5, 6, 7, 8, 11, 12, 16, 19, 21, 22, 26, 30, 35, 36, 37, 39, 40, 41, 
  43, 44, 45, 50, 52, 55, 58, 62 ],
[ 1, 3, 5, 6, 7, 8, 11, 12, 16, 19, 21, 22, 26, 29, 30, 36, 37, 39, 40, 41, 
  43, 44, 45, 51, 52, 54, 58, 63 ],
[ 1, 3, 5, 6, 7, 8, 11, 12, 16, 19, 21, 22, 26, 29, 30, 33, 36, 37, 39, 40, 
  41, 44, 45, 51, 52, 53, 59, 64 ],
[ 1, 3, 5, 6, 7, 8, 11, 12, 16, 19, 21, 22, 26, 27, 30, 35, 36, 37, 39, 40, 
  41, 44, 45, 49, 52, 55, 59, 64 ],
[ 1, 3, 5, 6, 7, 8, 11, 12, 16, 19, 21, 22, 26, 27, 30, 34, 35, 36, 37, 40, 
  41, 43, 45, 52, 57, 58, 60, 62 ],
[ 1, 3, 5, 6, 7, 8, 11, 12, 16, 19, 21, 22, 26, 27, 29, 30, 34, 35, 36, 37, 
  41, 43, 51, 52, 54, 58, 62, 63 ],
[ 1, 3, 5, 6, 7, 8, 11, 12, 16, 19, 21, 22, 26, 27, 29, 30, 33, 34, 35, 36, 
  37, 41, 51, 52, 53, 59, 62, 64 ],
[ 1, 3, 5, 6, 7, 8, 11, 12, 16, 19, 21, 22, 23, 26, 27, 30, 34, 35, 36, 37, 
  40, 41, 44, 52, 57, 59, 62, 64 ],
[ 1, 3, 5, 6, 7, 8, 11, 12, 16, 18, 19, 21, 22, 26, 29, 30, 33, 36, 37, 40, 
  45, 51, 52, 53, 57, 58, 59, 60 ],
[ 1, 3, 5, 6, 7, 8, 11, 12, 16, 18, 19, 21, 22, 26, 29, 30, 33, 36, 37, 40, 
  43, 45, 51, 52, 53, 57, 60, 64 ],
[ 1, 3, 5, 6, 7, 8, 11, 12, 16, 18, 19, 21, 22, 26, 29, 30, 33, 35, 36, 37, 
  50, 51, 52, 53, 55, 58, 59, 62 ],
[ 1, 3, 5, 6, 7, 8, 11, 12, 16, 18, 19, 21, 22, 26, 29, 30, 33, 35, 36, 37, 
  43, 50, 51, 52, 53, 55, 62, 64 ],
[ 1, 3, 5, 6, 7, 8, 11, 12, 16, 18, 19, 21, 22, 26, 27, 30, 35, 36, 37, 40, 
  45, 49, 52, 55, 57, 58, 59, 60 ],
[ 1, 3, 5, 6, 7, 8, 11, 12, 16, 18, 19, 21, 22, 26, 27, 30, 35, 36, 37, 40, 
  43, 45, 49, 52, 55, 57, 60, 64 ],
[ 1, 3, 5, 6, 7, 8, 11, 12, 16, 18, 19, 21, 22, 26, 27, 29, 30, 35, 36, 37, 
  49, 51, 52, 54, 55, 58, 59, 63 ],
[ 1, 3, 5, 6, 7, 8, 11, 12, 16, 18, 19, 21, 22, 26, 27, 29, 30, 35, 36, 37, 
  43, 49, 51, 52, 54, 55, 63, 64 ],
[ 1, 3, 5, 6, 7, 8, 11, 12, 16, 18, 19, 21, 22, 23, 26, 30, 35, 36, 37, 40, 
  44, 50, 52, 55, 57, 58, 59, 62 ],
[ 1, 3, 5, 6, 7, 8, 11, 12, 16, 18, 19, 21, 22, 23, 26, 30, 35, 36, 37, 40, 
  43, 44, 50, 52, 55, 57, 62, 64 ],
[ 1, 3, 5, 6, 7, 8, 11, 12, 16, 18, 19, 21, 22, 23, 26, 29, 30, 36, 37, 40, 
  44, 51, 52, 54, 57, 58, 59, 63 ],
[ 1, 3, 5, 6, 7, 8, 11, 12, 16, 18, 19, 21, 22, 23, 26, 29, 30, 36, 37, 40, 
  43, 44, 51, 52, 54, 57, 63, 64 ],
[ 1, 3, 4, 6, 7, 12, 14, 16, 19, 22, 24, 26, 28, 29, 30, 31, 32, 33, 34, 35, 
  40, 47, 48, 49, 53, 56, 57, 62 ],
[ 1, 3, 4, 6, 7, 12, 14, 16, 19, 22, 24, 26, 27, 28, 29, 30, 31, 32, 33, 34, 
  35, 40, 47, 48, 50, 53, 56, 57 ],
[ 1, 3, 4, 6, 7, 12, 14, 16, 19, 20, 21, 22, 26, 30, 31, 32, 34, 35, 37, 39, 
  43, 44, 45, 48, 50, 57, 58, 62 ],
[ 1, 3, 4, 6, 7, 12, 14, 16, 19, 20, 21, 22, 25, 26, 31, 32, 34, 35, 37, 39, 
  43, 45, 49, 50, 52, 57, 58, 60 ],
[ 1, 3, 4, 6, 7, 12, 14, 16, 19, 20, 21, 22, 23, 26, 29, 30, 31, 32, 37, 39, 
  44, 48, 51, 53, 54, 57, 58, 59 ],
[ 1, 3, 4, 6, 7, 12, 14, 16, 19, 20, 21, 22, 23, 26, 29, 30, 31, 32, 37, 39, 
  43, 44, 48, 51, 53, 54, 57, 64 ],
[ 1, 3, 4, 6, 7, 12, 14, 16, 17, 19, 22, 24, 26, 28, 29, 30, 31, 32, 34, 35, 
  39, 47, 48, 49, 54, 56, 62, 63 ],
[ 1, 3, 4, 6, 7, 12, 14, 16, 17, 19, 22, 24, 26, 27, 28, 29, 30, 31, 32, 34, 
  35, 39, 47, 48, 50, 54, 56, 63 ],
[ 1, 3, 4, 6, 7, 11, 12, 14, 16, 19, 22, 26, 27, 28, 29, 30, 31, 33, 35, 37, 
  39, 47, 48, 53, 55, 57, 61, 62 ],
[ 1, 3, 4, 6, 7, 11, 12, 14, 16, 19, 22, 24, 26, 27, 28, 29, 30, 31, 35, 37, 
  39, 46, 48, 54, 55, 57, 62, 63 ],
[ 1, 3, 4, 6, 7, 11, 12, 14, 16, 19, 21, 22, 26, 29, 30, 31, 33, 37, 39, 42, 
  43, 44, 45, 48, 51, 53, 57, 64 ],
[ 1, 3, 4, 6, 7, 11, 12, 14, 16, 19, 21, 22, 26, 27, 30, 31, 35, 37, 39, 42, 
  43, 44, 45, 48, 49, 55, 57, 64 ],
[ 1, 3, 4, 6, 7, 11, 12, 14, 16, 19, 21, 22, 23, 26, 29, 30, 31, 33, 37, 39, 
  42, 48, 51, 53, 57, 58, 59, 60 ],
[ 1, 3, 4, 6, 7, 10, 12, 16, 19, 20, 21, 22, 25, 26, 29, 31, 32, 33, 34, 35, 
  37, 49, 50, 51, 53, 56, 58, 64 ],
[ 1, 3, 4, 6, 7, 10, 12, 16, 19, 20, 21, 22, 25, 26, 27, 29, 31, 32, 33, 34, 
  35, 37, 51, 53, 56, 58, 62, 64 ],
[ 1, 3, 4, 6, 7, 10, 12, 16, 19, 20, 21, 22, 25, 26, 27, 28, 29, 31, 32, 35, 
  37, 49, 53, 54, 55, 56, 58, 64 ],
[ 1, 3, 4, 6, 7, 10, 12, 16, 19, 20, 21, 22, 23, 25, 26, 31, 32, 34, 35, 37, 
  40, 44, 49, 50, 56, 57, 58, 64 ],
[ 1, 3, 4, 6, 7, 10, 12, 16, 19, 20, 21, 22, 23, 25, 26, 27, 31, 32, 34, 35, 
  37, 40, 44, 56, 57, 58, 62, 64 ],
[ 1, 3, 4, 6, 7, 10, 12, 14, 16, 19, 21, 22, 26, 27, 31, 32, 34, 35, 36, 39, 
  40, 42, 44, 45, 48, 58, 62, 64 ],
[ 1, 3, 4, 6, 7, 10, 12, 14, 16, 19, 21, 22, 23, 26, 31, 32, 34, 35, 36, 39, 
  40, 42, 48, 49, 50, 58, 60, 64 ],
[ 1, 3, 4, 6, 7, 10, 12, 14, 16, 19, 20, 21, 22, 25, 26, 31, 32, 34, 35, 36, 
  40, 45, 49, 50, 57, 58, 60, 64 ],
[ 1, 3, 4, 6, 7, 10, 12, 14, 16, 19, 20, 21, 22, 25, 26, 29, 31, 32, 34, 35, 
  36, 49, 50, 51, 54, 58, 63, 64 ],
[ 1, 3, 4, 6, 7, 10, 12, 14, 16, 19, 20, 21, 22, 25, 26, 28, 29, 31, 32, 35, 
  36, 50, 53, 54, 55, 58, 62, 64 ],
[ 1, 3, 4, 6, 7, 10, 12, 14, 16, 19, 20, 21, 22, 25, 26, 27, 31, 32, 34, 35, 
  36, 40, 45, 57, 58, 60, 62, 64 ],
[ 1, 3, 4, 6, 7, 10, 12, 14, 16, 19, 20, 21, 22, 25, 26, 27, 29, 31, 32, 34, 
  35, 36, 51, 54, 58, 62, 63, 64 ],
[ 1, 3, 4, 6, 7, 10, 11, 12, 16, 19, 21, 22, 26, 29, 31, 33, 36, 37, 39, 40, 
  42, 44, 45, 48, 51, 53, 58, 64 ],
[ 1, 3, 4, 6, 7, 10, 11, 12, 16, 19, 21, 22, 26, 27, 31, 35, 36, 37, 39, 40, 
  42, 44, 45, 48, 49, 55, 58, 64 ],
[ 1, 3, 4, 6, 7, 10, 11, 12, 16, 19, 21, 22, 26, 27, 29, 31, 33, 34, 35, 36, 
  37, 42, 48, 51, 53, 58, 62, 64 ],
[ 1, 3, 4, 6, 7, 10, 11, 12, 16, 17, 19, 21, 22, 23, 26, 29, 31, 33, 36, 37, 
  42, 48, 51, 53, 57, 58, 60, 64 ],
[ 1, 3, 4, 6, 7, 10, 11, 12, 14, 16, 19, 21, 22, 26, 29, 31, 33, 34, 35, 42, 
  48, 49, 50, 51, 53, 56, 58, 64 ],
[ 1, 2, 10, 11, 12, 14, 16, 17, 19, 21, 22, 25, 26, 28, 29, 31, 32, 33, 34, 
  35, 37, 38, 40, 41, 42, 43, 53, 59 ],
[ 1, 2, 9, 10, 11, 12, 14, 16, 17, 19, 20, 21, 22, 26, 28, 31, 32, 34, 35, 
  37, 38, 40, 41, 43, 48, 53, 54, 59 ],
[ 1, 2, 8, 9, 11, 12, 16, 18, 19, 20, 21, 22, 24, 26, 29, 32, 33, 35, 37, 38, 
  39, 40, 47, 49, 53, 55, 56, 62 ],
[ 1, 2, 8, 9, 11, 12, 16, 17, 19, 20, 21, 22, 24, 26, 29, 32, 34, 35, 37, 38, 
  39, 41, 47, 49, 53, 54, 56, 62 ],
[ 1, 2, 8, 9, 11, 12, 15, 16, 19, 20, 21, 22, 24, 26, 29, 32, 33, 35, 36, 37, 
  40, 41, 47, 49, 53, 55, 57, 62 ],
[ 1, 2, 8, 9, 11, 12, 14, 16, 19, 20, 21, 22, 24, 26, 29, 32, 34, 35, 36, 38, 
  40, 41, 47, 49, 53, 54, 57, 62 ],
[ 1, 2, 8, 9, 11, 12, 14, 16, 17, 19, 20, 21, 22, 26, 29, 31, 32, 34, 35, 37, 
  38, 40, 41, 43, 52, 53, 54, 58 ],
[ 1, 2, 8, 9, 11, 12, 13, 14, 16, 17, 19, 20, 21, 22, 26, 29, 31, 32, 33, 37, 
  38, 40, 41, 43, 52, 55, 58, 63 ],
[ 1, 2, 7, 10, 11, 12, 13, 16, 17, 19, 20, 21, 25, 26, 28, 29, 31, 32, 35, 
  37, 38, 39, 41, 43, 53, 54, 56, 59 ],
[ 1, 2, 7, 10, 11, 12, 13, 15, 16, 18, 19, 21, 25, 26, 28, 29, 31, 32, 33, 
  35, 37, 40, 42, 43, 53, 56, 57, 59 ],
[ 1, 2, 7, 10, 11, 12, 13, 15, 16, 17, 18, 19, 21, 26, 29, 31, 32, 33, 35, 
  36, 37, 42, 43, 48, 51, 53, 57, 59 ],
[ 1, 2, 7, 10, 11, 12, 13, 15, 16, 17, 18, 19, 21, 25, 26, 28, 29, 31, 32, 
  35, 37, 39, 42, 43, 54, 56, 59, 63 ],
[ 1, 2, 7, 9, 10, 11, 12, 13, 16, 17, 19, 20, 21, 25, 26, 31, 32, 33, 35, 37, 
  38, 39, 41, 43, 51, 56, 59, 63 ],
[ 1, 2, 7, 9, 10, 11, 12, 13, 15, 16, 18, 19, 21, 25, 26, 31, 32, 33, 35, 37, 
  40, 42, 43, 51, 53, 56, 57, 59 ],
[ 1, 2, 7, 9, 10, 11, 12, 13, 15, 16, 17, 18, 19, 21, 26, 28, 31, 32, 35, 36, 
  37, 42, 43, 48, 54, 57, 59, 63 ],
[ 1, 2, 7, 9, 10, 11, 12, 13, 15, 16, 17, 18, 19, 21, 25, 26, 31, 32, 35, 37, 
  39, 42, 43, 51, 54, 56, 59, 63 ],
[ 1, 2, 7, 8, 11, 12, 16, 17, 18, 19, 21, 26, 27, 28, 29, 32, 33, 35, 36, 37, 
  38, 39, 42, 46, 47, 50, 54, 55 ],
[ 1, 2, 7, 8, 11, 12, 15, 16, 17, 18, 19, 21, 24, 26, 27, 29, 32, 33, 35, 36, 
  37, 42, 46, 50, 51, 54, 55, 57 ],
[ 1, 2, 7, 8, 11, 12, 14, 16, 17, 19, 21, 26, 28, 29, 30, 31, 32, 33, 34, 35, 
  38, 40, 41, 42, 53, 56, 58, 64 ],
[ 1, 2, 7, 8, 11, 12, 14, 16, 17, 18, 19, 21, 24, 26, 27, 28, 29, 32, 33, 35, 
  38, 39, 42, 50, 54, 55, 56, 61 ],
[ 1, 2, 7, 8, 11, 12, 14, 15, 16, 19, 21, 24, 26, 27, 28, 29, 32, 33, 35, 36, 
  39, 40, 41, 42, 50, 54, 55, 61 ],
[ 1, 2, 7, 8, 11, 12, 14, 15, 16, 18, 19, 21, 24, 26, 27, 29, 32, 33, 35, 39, 
  40, 42, 46, 50, 51, 54, 55, 56 ],
[ 1, 2, 7, 8, 11, 12, 14, 15, 16, 17, 19, 21, 26, 28, 29, 30, 31, 32, 33, 35, 
  36, 40, 41, 42, 55, 58, 63, 64 ],
[ 1, 2, 7, 8, 11, 12, 14, 15, 16, 17, 19, 21, 26, 27, 28, 29, 32, 33, 35, 36, 
  41, 42, 46, 47, 50, 54, 55, 57 ],
[ 1, 2, 7, 8, 10, 11, 12, 16, 19, 21, 26, 28, 29, 31, 32, 33, 34, 35, 36, 38, 
  39, 40, 41, 42, 43, 53, 56, 64 ],
[ 1, 2, 7, 8, 10, 11, 12, 16, 18, 19, 21, 26, 29, 31, 32, 33, 34, 35, 36, 38, 
  39, 40, 42, 43, 51, 56, 58, 63 ],
[ 1, 2, 7, 8, 10, 11, 12, 16, 17, 19, 21, 26, 28, 29, 32, 33, 34, 35, 36, 37, 
  38, 40, 41, 42, 52, 53, 58, 64 ],
[ 1, 2, 7, 8, 10, 11, 12, 16, 17, 19, 21, 26, 28, 29, 31, 32, 33, 34, 35, 36, 
  38, 41, 42, 53, 56, 57, 58, 59 ],
[ 1, 2, 7, 8, 10, 11, 12, 16, 17, 18, 19, 21, 26, 29, 31, 32, 34, 35, 36, 38, 
  42, 43, 51, 53, 54, 56, 57, 58 ],
[ 1, 2, 7, 8, 10, 11, 12, 16, 17, 18, 19, 21, 26, 28, 29, 31, 32, 33, 35, 36, 
  38, 39, 42, 55, 56, 58, 59, 63 ],
[ 1, 2, 7, 8, 10, 11, 12, 15, 16, 17, 19, 21, 26, 29, 30, 32, 33, 34, 35, 36, 
  37, 40, 41, 42, 51, 58, 63, 64 ],
[ 1, 2, 7, 8, 10, 11, 12, 14, 15, 16, 17, 19, 21, 26, 29, 30, 32, 34, 35, 40, 
  41, 42, 51, 53, 54, 56, 58, 64 ],
[ 1, 2, 7, 8, 9, 11, 12, 13, 16, 19, 21, 26, 29, 30, 31, 32, 33, 35, 36, 37, 
  38, 39, 40, 41, 42, 43, 53, 64 ],
[ 1, 2, 7, 8, 9, 11, 12, 13, 16, 17, 19, 20, 21, 26, 29, 32, 33, 35, 37, 38, 
  39, 41, 46, 47, 49, 50, 56, 63 ],
[ 1, 2, 7, 8, 9, 11, 12, 13, 16, 17, 19, 20, 21, 26, 27, 29, 32, 35, 37, 38, 
  39, 41, 46, 47, 53, 54, 56, 62 ],
[ 1, 2, 7, 8, 9, 11, 12, 13, 15, 16, 18, 19, 21, 26, 29, 30, 31, 32, 33, 35, 
  37, 40, 42, 53, 56, 57, 58, 59 ],
[ 1, 2, 7, 8, 9, 11, 12, 13, 15, 16, 17, 18, 19, 21, 26, 29, 32, 33, 35, 36, 
  37, 42, 47, 50, 53, 57, 61, 62 ],
[ 1, 2, 7, 8, 9, 11, 12, 13, 15, 16, 17, 18, 19, 21, 26, 29, 31, 32, 35, 36, 
  37, 42, 43, 52, 54, 57, 58, 63 ],
[ 1, 2, 6, 10, 11, 12, 14, 15, 16, 17, 18, 19, 21, 25, 26, 28, 29, 31, 32, 
  35, 37, 40, 42, 43, 54, 55, 59, 63 ],
[ 1, 2, 6, 10, 11, 12, 13, 14, 15, 16, 17, 18, 19, 21, 25, 26, 28, 29, 31, 
  32, 33, 34, 37, 40, 42, 43, 53, 59 ],
[ 1, 2, 6, 7, 12, 14, 16, 17, 20, 21, 22, 25, 26, 29, 31, 33, 34, 35, 37, 38, 
  40, 44, 49, 50, 51, 52, 53, 60 ],
[ 1, 2, 6, 7, 12, 14, 16, 17, 20, 21, 22, 25, 26, 27, 29, 31, 33, 34, 35, 37, 
  38, 40, 44, 51, 52, 53, 60, 62 ],
[ 1, 2, 6, 7, 12, 14, 16, 17, 18, 19, 20, 21, 22, 25, 26, 29, 31, 33, 37, 38, 
  40, 43, 44, 51, 52, 53, 60, 64 ],
[ 1, 2, 6, 7, 12, 14, 15, 16, 17, 19, 21, 22, 26, 28, 29, 30, 31, 33, 37, 40, 
  41, 42, 43, 44, 48, 58, 60, 63 ],
[ 1, 2, 6, 7, 12, 14, 15, 16, 17, 18, 19, 21, 22, 26, 29, 30, 31, 33, 37, 40, 
  42, 44, 48, 51, 53, 58, 59, 60 ],
[ 1, 2, 6, 7, 12, 13, 14, 16, 19, 20, 21, 22, 25, 26, 28, 29, 31, 35, 37, 38, 
  41, 43, 49, 52, 53, 54, 58, 62 ],
[ 1, 2, 6, 7, 12, 13, 14, 16, 18, 19, 20, 21, 22, 25, 26, 29, 31, 33, 35, 37, 
  38, 43, 49, 51, 52, 53, 62, 64 ],
[ 1, 2, 6, 7, 12, 13, 14, 15, 16, 19, 21, 22, 26, 28, 29, 30, 31, 33, 35, 37, 
  41, 42, 43, 48, 49, 58, 62, 63 ],
[ 1, 2, 6, 7, 12, 13, 14, 15, 16, 18, 19, 21, 22, 26, 29, 30, 31, 33, 35, 37, 
  42, 48, 49, 51, 53, 58, 59, 62 ],
[ 1, 2, 6, 7, 12, 13, 14, 15, 16, 18, 19, 21, 22, 25, 26, 28, 29, 31, 35, 37, 
  42, 43, 49, 52, 54, 58, 62, 63 ],
[ 1, 2, 6, 7, 12, 13, 14, 15, 16, 18, 19, 21, 22, 25, 26, 28, 29, 31, 33, 35, 
  37, 42, 49, 52, 53, 59, 62, 64 ],
[ 1, 2, 6, 7, 10, 12, 16, 17, 19, 20, 21, 22, 23, 25, 26, 31, 34, 35, 37, 38, 
  39, 41, 45, 49, 50, 56, 58, 64 ],
[ 1, 2, 6, 7, 10, 12, 16, 17, 18, 19, 21, 22, 23, 25, 26, 27, 31, 35, 36, 37, 
  38, 39, 42, 45, 55, 58, 62, 64 ],
[ 1, 2, 6, 7, 10, 12, 15, 16, 17, 18, 19, 21, 22, 23, 26, 27, 31, 35, 36, 37, 
  42, 45, 48, 49, 55, 57, 58, 64 ],
[ 1, 2, 6, 7, 10, 12, 14, 16, 17, 20, 21, 22, 25, 26, 29, 30, 34, 35, 37, 38, 
  40, 44, 49, 50, 51, 54, 60, 63 ],
[ 1, 2, 6, 7, 10, 12, 14, 16, 17, 20, 21, 22, 25, 26, 27, 29, 30, 34, 35, 37, 
  38, 40, 44, 51, 54, 60, 62, 63 ],
[ 1, 2, 6, 7, 10, 12, 14, 16, 17, 18, 19, 21, 22, 26, 28, 29, 30, 33, 37, 38, 
  40, 42, 44, 48, 58, 59, 60, 63 ],
[ 1, 2, 6, 7, 10, 12, 14, 16, 17, 18, 19, 20, 21, 22, 25, 26, 29, 30, 37, 38, 
  40, 43, 44, 51, 54, 60, 63, 64 ],
[ 1, 2, 6, 7, 10, 12, 13, 14, 16, 19, 20, 21, 22, 25, 26, 28, 29, 30, 35, 37, 
  38, 41, 49, 53, 54, 59, 62, 64 ],
[ 1, 2, 6, 7, 10, 12, 13, 14, 16, 18, 19, 21, 22, 26, 28, 29, 30, 35, 37, 38, 
  42, 43, 48, 49, 53, 54, 62, 64 ],
[ 1, 2, 6, 7, 10, 12, 13, 14, 16, 18, 19, 21, 22, 26, 28, 29, 30, 33, 35, 37, 
  38, 42, 48, 49, 58, 59, 62, 63 ],
[ 1, 2, 6, 7, 10, 12, 13, 14, 16, 18, 19, 20, 21, 22, 25, 26, 29, 30, 35, 37, 
  38, 43, 49, 51, 54, 62, 63, 64 ],
[ 1, 2, 6, 7, 10, 12, 13, 14, 15, 16, 19, 21, 22, 26, 28, 29, 35, 37, 41, 42, 
  43, 48, 49, 52, 53, 54, 58, 62 ],
[ 1, 2, 6, 7, 10, 12, 13, 14, 15, 16, 19, 20, 21, 22, 25, 26, 29, 35, 37, 41, 
  43, 49, 51, 52, 54, 58, 62, 63 ],
[ 1, 2, 6, 7, 10, 12, 13, 14, 15, 16, 19, 20, 21, 22, 25, 26, 29, 33, 35, 37, 
  41, 49, 51, 52, 53, 59, 62, 64 ],
[ 1, 2, 6, 7, 10, 12, 13, 14, 15, 16, 18, 19, 21, 22, 26, 29, 33, 35, 37, 42, 
  43, 48, 49, 51, 52, 53, 62, 64 ],
[ 1, 2, 6, 7, 9, 12, 14, 16, 17, 19, 20, 21, 22, 26, 28, 30, 31, 37, 38, 40, 
  41, 44, 48, 53, 54, 58, 59, 60 ],
[ 1, 2, 6, 7, 9, 12, 14, 16, 17, 19, 20, 21, 22, 26, 28, 30, 31, 37, 38, 40, 
  41, 43, 44, 48, 53, 54, 60, 64 ],
[ 1, 2, 6, 7, 9, 12, 14, 15, 16, 17, 18, 19, 21, 22, 26, 28, 30, 31, 37, 40, 
  42, 44, 48, 54, 58, 59, 60, 63 ],
[ 1, 2, 6, 7, 9, 12, 13, 14, 16, 19, 20, 21, 22, 26, 28, 30, 31, 35, 37, 38, 
  41, 48, 49, 53, 54, 58, 59, 62 ],
[ 1, 2, 6, 7, 9, 12, 13, 14, 16, 19, 20, 21, 22, 26, 28, 30, 31, 35, 37, 38, 
  41, 43, 48, 49, 53, 54, 62, 64 ],
[ 1, 2, 6, 7, 9, 12, 13, 14, 16, 19, 20, 21, 22, 26, 28, 30, 31, 33, 35, 37, 
  38, 41, 48, 49, 58, 59, 62, 63 ],
[ 1, 2, 6, 7, 9, 12, 13, 14, 16, 19, 20, 21, 22, 26, 28, 30, 31, 33, 35, 37, 
  38, 41, 43, 48, 49, 62, 63, 64 ],
[ 1, 2, 6, 7, 9, 12, 13, 14, 16, 18, 19, 20, 21, 22, 25, 26, 28, 31, 35, 37, 
  38, 43, 49, 52, 54, 62, 63, 64 ],
[ 1, 2, 6, 7, 9, 12, 13, 14, 15, 16, 19, 21, 22, 26, 30, 31, 35, 37, 41, 42, 
  43, 48, 49, 51, 53, 54, 58, 62 ],
[ 1, 2, 6, 7, 9, 12, 13, 14, 15, 16, 18, 19, 21, 22, 25, 26, 31, 35, 37, 42, 
  43, 49, 51, 52, 54, 58, 62, 63 ],
[ 1, 2, 6, 7, 9, 12, 13, 14, 15, 16, 18, 19, 21, 22, 25, 26, 31, 33, 35, 37, 
  42, 49, 51, 52, 53, 59, 62, 64 ],
[ 1, 2, 6, 7, 9, 10, 12, 16, 18, 19, 20, 21, 22, 25, 26, 29, 31, 33, 35, 37, 
  38, 43, 49, 53, 55, 56, 62, 64 ],
[ 1, 2, 6, 7, 9, 10, 12, 15, 16, 19, 21, 22, 26, 29, 31, 33, 34, 35, 36, 37, 
  41, 42, 43, 48, 49, 58, 62, 63 ],
[ 1, 2, 6, 7, 9, 10, 12, 14, 16, 18, 19, 20, 21, 22, 25, 26, 29, 31, 35, 36, 
  38, 43, 49, 54, 55, 62, 63, 64 ],
[ 1, 2, 6, 7, 9, 10, 12, 14, 15, 16, 19, 21, 22, 26, 29, 31, 34, 35, 41, 42, 
  43, 48, 49, 53, 54, 56, 58, 62 ],
[ 1, 2, 6, 7, 9, 10, 12, 13, 14, 16, 18, 19, 20, 21, 22, 25, 26, 28, 30, 33, 
  35, 37, 38, 43, 49, 53, 62, 64 ],
[ 1, 2, 6, 7, 9, 10, 12, 13, 14, 15, 16, 19, 21, 22, 26, 33, 35, 37, 41, 42, 
  43, 48, 49, 51, 52, 58, 62, 63 ],
[ 1, 2, 5, 7, 11, 12, 13, 16, 18, 19, 21, 26, 27, 28, 29, 32, 35, 36, 37, 38, 
  40, 46, 47, 48, 49, 53, 57, 63 ],
[ 1, 2, 5, 7, 11, 12, 13, 15, 16, 17, 18, 19, 21, 26, 29, 31, 32, 35, 36, 37, 
  43, 48, 51, 52, 53, 57, 58, 63 ],
[ 1, 2, 5, 7, 11, 12, 13, 15, 16, 17, 18, 19, 21, 26, 27, 29, 32, 35, 36, 37, 
  47, 48, 49, 51, 53, 57, 61, 63 ],
[ 1, 2, 5, 7, 11, 12, 13, 15, 16, 17, 18, 19, 21, 24, 26, 29, 32, 35, 36, 37, 
  46, 48, 50, 51, 53, 57, 62, 63 ],
[ 1, 2, 5, 7, 9, 11, 12, 13, 16, 19, 21, 26, 28, 30, 31, 32, 35, 36, 37, 38, 
  39, 40, 41, 43, 48, 53, 63, 64 ],
[ 1, 2, 5, 6, 8, 9, 11, 12, 16, 19, 21, 26, 29, 30, 31, 32, 35, 36, 37, 38, 
  39, 40, 41, 43, 53, 55, 63, 64 ],
[ 1, 2, 5, 6, 8, 9, 11, 12, 15, 16, 17, 18, 19, 21, 26, 29, 31, 32, 35, 36, 
  37, 52, 53, 55, 57, 59, 63, 64 ],
[ 1, 2, 5, 6, 7, 12, 13, 16, 18, 19, 21, 22, 25, 26, 27, 29, 31, 33, 35, 36, 
  37, 38, 43, 51, 52, 53, 59, 62 ],
[ 1, 2, 5, 6, 7, 12, 13, 16, 18, 19, 21, 22, 23, 25, 26, 27, 31, 35, 36, 37, 
  38, 40, 43, 44, 52, 57, 59, 62 ],
[ 1, 2, 5, 6, 7, 12, 13, 15, 16, 19, 21, 22, 26, 27, 30, 31, 35, 37, 39, 40, 
  41, 43, 44, 45, 48, 49, 56, 59 ],
[ 1, 2, 5, 6, 7, 12, 13, 15, 16, 19, 21, 22, 26, 27, 28, 29, 30, 31, 33, 35, 
  37, 41, 43, 48, 49, 56, 59, 63 ],
[ 1, 2, 5, 6, 7, 12, 13, 15, 16, 19, 21, 22, 23, 26, 27, 30, 31, 35, 37, 39, 
  40, 41, 43, 48, 49, 56, 59, 60 ],
[ 1, 2, 5, 6, 7, 12, 13, 15, 16, 19, 21, 22, 23, 25, 26, 31, 35, 37, 39, 40, 
  41, 43, 44, 49, 50, 52, 56, 59 ],
[ 1, 2, 5, 6, 7, 12, 13, 15, 16, 18, 19, 21, 22, 25, 26, 28, 29, 31, 33, 35, 
  37, 43, 50, 52, 53, 56, 59, 62 ],
[ 1, 2, 5, 6, 7, 12, 13, 15, 16, 18, 19, 21, 22, 25, 26, 27, 28, 29, 31, 35, 
  37, 43, 49, 52, 54, 56, 59, 63 ],
[ 1, 2, 5, 6, 7, 12, 13, 15, 16, 17, 18, 19, 21, 22, 26, 27, 31, 35, 36, 37, 
  43, 45, 48, 49, 52, 57, 59, 60 ],
[ 1, 2, 5, 6, 7, 9, 12, 16, 19, 21, 22, 23, 26, 28, 30, 31, 33, 36, 37, 38, 
  39, 40, 41, 43, 45, 48, 54, 64 ],
[ 1, 2, 5, 6, 7, 9, 12, 16, 17, 19, 21, 22, 23, 26, 28, 30, 31, 33, 36, 37, 
  38, 41, 45, 48, 54, 57, 58, 59 ],
[ 1, 2, 5, 6, 7, 9, 12, 13, 16, 18, 19, 21, 22, 25, 26, 27, 28, 31, 35, 36, 
  37, 38, 43, 52, 54, 59, 62, 63 ],
[ 1, 2, 5, 6, 7, 9, 12, 13, 15, 16, 19, 21, 22, 26, 27, 30, 31, 35, 37, 41, 
  43, 48, 49, 51, 53, 54, 56, 59 ],
[ 1, 2, 5, 6, 7, 9, 12, 13, 15, 16, 18, 19, 21, 22, 25, 26, 31, 33, 35, 37, 
  43, 50, 51, 52, 53, 56, 59, 62 ],
[ 1, 2, 5, 6, 7, 9, 12, 13, 15, 16, 18, 19, 21, 22, 25, 26, 27, 31, 35, 37, 
  43, 49, 51, 52, 54, 56, 59, 63 ],
[ 1, 2, 4, 7, 12, 13, 14, 16, 19, 21, 22, 26, 28, 30, 31, 32, 35, 36, 37, 41, 
  44, 46, 49, 52, 53, 55, 57, 64 ],
[ 1, 2, 4, 7, 12, 13, 14, 16, 19, 21, 22, 26, 28, 30, 31, 32, 35, 36, 37, 39, 
  41, 44, 46, 52, 55, 58, 62, 63 ],
[ 1, 2, 4, 7, 12, 13, 14, 16, 18, 19, 21, 22, 26, 29, 30, 31, 32, 34, 35, 36, 
  37, 39, 43, 45, 46, 50, 52, 63 ],
[ 1, 2, 4, 7, 12, 13, 14, 16, 18, 19, 21, 22, 23, 26, 29, 30, 31, 32, 35, 36, 
  37, 39, 46, 50, 52, 53, 55, 59 ],
[ 1, 2, 4, 7, 11, 12, 13, 16, 19, 21, 22, 24, 26, 27, 29, 30, 31, 33, 34, 35, 
  36, 37, 41, 45, 52, 56, 57, 58 ],
[ 1, 2, 4, 7, 11, 12, 13, 16, 18, 19, 21, 22, 24, 26, 27, 29, 30, 31, 35, 36, 
  37, 39, 45, 52, 54, 55, 56, 58 ],
[ 1, 2, 4, 7, 10, 12, 13, 16, 19, 21, 22, 23, 24, 26, 29, 30, 32, 34, 35, 36, 
  37, 39, 41, 50, 52, 54, 56, 58 ],
[ 1, 2, 4, 7, 10, 12, 13, 14, 16, 19, 21, 22, 26, 30, 32, 34, 35, 37, 41, 44, 
  46, 49, 51, 52, 53, 56, 57, 64 ],
[ 1, 2, 4, 7, 10, 12, 13, 14, 16, 19, 21, 22, 26, 28, 30, 32, 34, 35, 37, 41, 
  46, 52, 53, 56, 57, 58, 60, 62 ],
[ 1, 2, 4, 7, 10, 12, 13, 14, 16, 19, 21, 22, 23, 26, 29, 30, 32, 34, 35, 36, 
  37, 39, 41, 50, 52, 53, 59, 61 ],
[ 1, 2, 4, 7, 10, 12, 13, 14, 16, 19, 21, 22, 23, 26, 27, 29, 30, 32, 34, 35, 
  37, 41, 46, 52, 53, 56, 57, 59 ],
[ 1, 2, 4, 6, 7, 8, 12, 13, 16, 19, 22, 26, 27, 29, 30, 31, 35, 37, 38, 39, 
  40, 46, 47, 49, 51, 53, 54, 56 ],
[ 1, 2, 4, 6, 7, 8, 12, 13, 16, 19, 22, 24, 26, 27, 29, 30, 31, 33, 35, 37, 
  38, 39, 40, 49, 51, 56, 61, 63 ],
[ 1, 2, 4, 6, 7, 8, 12, 13, 16, 19, 21, 22, 26, 27, 30, 31, 35, 36, 37, 38, 
  39, 40, 42, 43, 45, 49, 60, 64 ],
[ 1, 2, 4, 6, 7, 8, 12, 13, 16, 19, 21, 22, 23, 26, 30, 31, 35, 36, 37, 38, 
  39, 40, 42, 43, 44, 50, 62, 64 ],
[ 1, 2, 4, 6, 7, 8, 12, 13, 16, 19, 20, 21, 22, 26, 29, 31, 33, 35, 36, 37, 
  38, 49, 50, 51, 52, 53, 58, 59 ],
[ 1, 2, 4, 6, 7, 8, 12, 13, 16, 19, 20, 21, 22, 26, 27, 30, 31, 35, 37, 38, 
  39, 40, 43, 45, 56, 58, 60, 62 ],
[ 1, 2, 4, 6, 7, 8, 12, 13, 16, 19, 20, 21, 22, 26, 27, 29, 31, 33, 35, 36, 
  37, 38, 43, 51, 52, 53, 62, 64 ],
[ 1, 2, 4, 6, 7, 8, 12, 13, 16, 19, 20, 21, 22, 26, 27, 29, 30, 31, 35, 37, 
  38, 49, 51, 53, 54, 56, 58, 59 ],
[ 1, 2, 4, 6, 7, 8, 12, 13, 16, 19, 20, 21, 22, 26, 27, 29, 30, 31, 35, 37, 
  38, 43, 49, 51, 53, 54, 56, 64 ],
[ 1, 2, 4, 6, 7, 8, 12, 13, 16, 19, 20, 21, 22, 26, 27, 29, 30, 31, 33, 35, 
  37, 38, 49, 51, 56, 58, 59, 63 ],
[ 1, 2, 4, 6, 7, 8, 12, 13, 16, 19, 20, 21, 22, 26, 27, 29, 30, 31, 33, 35, 
  37, 38, 43, 49, 51, 56, 63, 64 ],
[ 1, 2, 4, 6, 7, 8, 12, 13, 16, 19, 20, 21, 22, 23, 26, 31, 35, 36, 37, 38, 
  40, 44, 49, 50, 52, 57, 58, 59 ],
[ 1, 2, 4, 6, 7, 8, 12, 13, 16, 19, 20, 21, 22, 23, 26, 27, 31, 35, 36, 37, 
  38, 40, 43, 44, 52, 57, 62, 64 ],
[ 1, 2, 4, 6, 7, 8, 12, 13, 16, 19, 20, 21, 22, 23, 26, 27, 30, 31, 35, 37, 
  38, 39, 40, 44, 56, 59, 62, 64 ],
[ 1, 2, 4, 6, 7, 8, 12, 13, 15, 16, 19, 22, 26, 27, 28, 29, 30, 31, 33, 35, 
  37, 40, 47, 49, 56, 57, 61, 63 ],
[ 1, 2, 4, 6, 7, 8, 12, 13, 15, 16, 19, 22, 24, 26, 28, 29, 30, 31, 33, 35, 
  37, 40, 46, 50, 56, 57, 62, 63 ],
[ 1, 2, 4, 6, 7, 8, 12, 13, 15, 16, 19, 21, 22, 26, 30, 31, 35, 37, 39, 40, 
  42, 43, 44, 45, 50, 56, 58, 62 ],
[ 1, 2, 4, 6, 7, 8, 12, 13, 15, 16, 19, 21, 22, 26, 28, 29, 30, 31, 33, 35, 
  37, 42, 43, 50, 56, 58, 62, 63 ],
[ 1, 2, 4, 6, 7, 8, 12, 13, 15, 16, 19, 21, 22, 26, 27, 30, 31, 35, 37, 39, 
  40, 42, 44, 45, 49, 56, 59, 64 ],
[ 1, 2, 4, 6, 7, 8, 12, 13, 15, 16, 19, 21, 22, 26, 27, 28, 29, 30, 31, 33, 
  35, 37, 42, 49, 56, 59, 63, 64 ],
[ 1, 2, 4, 6, 7, 8, 12, 13, 15, 16, 19, 21, 22, 23, 26, 30, 31, 35, 37, 39, 
  40, 42, 43, 50, 56, 58, 60, 62 ],
[ 1, 2, 4, 6, 7, 8, 12, 13, 15, 16, 19, 21, 22, 23, 26, 27, 30, 31, 35, 37, 
  39, 40, 42, 49, 56, 59, 60, 64 ],
[ 1, 2, 4, 5, 7, 11, 12, 15, 16, 19, 21, 26, 29, 31, 32, 33, 34, 35, 36, 37, 
  39, 43, 48, 51, 52, 57, 58, 63 ],
[ 1, 2, 4, 5, 7, 11, 12, 14, 16, 19, 21, 26, 28, 29, 30, 31, 32, 34, 35, 38, 
  39, 43, 48, 54, 56, 57, 58, 63 ],
[ 1, 2, 4, 5, 7, 11, 12, 14, 16, 19, 21, 26, 28, 29, 30, 31, 32, 33, 34, 35, 
  38, 39, 48, 53, 56, 57, 59, 64 ],
[ 1, 2, 4, 5, 7, 11, 12, 14, 15, 16, 19, 21, 26, 29, 31, 32, 34, 35, 39, 43, 
  48, 51, 52, 53, 54, 56, 57, 58 ],
[ 1, 2, 4, 5, 6, 8, 11, 12, 15, 16, 19, 21, 26, 29, 31, 32, 33, 34, 35, 36, 
  37, 40, 51, 52, 57, 58, 63, 64 ],
[ 1, 2, 4, 5, 6, 8, 11, 12, 14, 16, 19, 21, 26, 28, 29, 30, 31, 32, 34, 35, 
  38, 40, 54, 56, 57, 58, 63, 64 ],
[ 1, 2, 4, 5, 6, 8, 11, 12, 14, 16, 17, 19, 21, 26, 28, 29, 30, 31, 32, 33, 
  34, 35, 38, 39, 53, 56, 58, 64 ],
[ 1, 2, 4, 5, 6, 8, 11, 12, 14, 15, 16, 19, 21, 26, 29, 31, 32, 34, 35, 40, 
  51, 52, 53, 54, 56, 57, 58, 64 ],
[ 1, 2, 3, 7, 12, 13, 15, 16, 19, 21, 22, 26, 28, 30, 31, 32, 35, 37, 39, 40, 
  46, 49, 52, 53, 55, 57, 58, 60 ],
[ 1, 2, 3, 7, 12, 13, 15, 16, 19, 21, 22, 26, 28, 30, 31, 32, 34, 35, 37, 39, 
  40, 44, 46, 49, 52, 57, 63, 64 ],
[ 1, 2, 3, 7, 12, 13, 15, 16, 17, 19, 21, 22, 26, 30, 31, 32, 34, 35, 37, 39, 
  46, 49, 51, 52, 53, 57, 60, 64 ],
[ 1, 2, 3, 7, 12, 13, 14, 16, 19, 21, 22, 26, 28, 30, 31, 32, 34, 35, 38, 39, 
  40, 46, 49, 52, 57, 58, 60, 63 ],
[ 1, 2, 3, 7, 11, 12, 13, 16, 19, 21, 22, 26, 30, 31, 34, 35, 37, 38, 39, 40, 
  46, 49, 51, 52, 53, 57, 58, 60 ],
[ 1, 2, 3, 7, 11, 12, 13, 16, 19, 21, 22, 26, 28, 30, 31, 34, 35, 37, 38, 39, 
  40, 44, 46, 52, 53, 57, 62, 64 ],
[ 1, 2, 3, 7, 11, 12, 13, 16, 19, 21, 22, 26, 27, 29, 30, 31, 34, 35, 37, 38, 
  39, 40, 43, 45, 46, 52, 53, 57 ],
[ 1, 2, 3, 7, 11, 12, 13, 15, 16, 19, 21, 22, 24, 26, 27, 29, 30, 31, 35, 36, 
  39, 40, 45, 52, 54, 55, 57, 58 ],
[ 1, 2, 3, 7, 11, 12, 13, 14, 16, 17, 19, 21, 22, 26, 29, 30, 31, 34, 35, 38, 
  39, 43, 45, 50, 52, 53, 57, 61 ],
[ 1, 2, 3, 7, 10, 12, 13, 16, 19, 21, 22, 23, 24, 26, 27, 29, 30, 32, 33, 34, 
  35, 38, 39, 40, 52, 56, 57, 64 ],
[ 1, 2, 3, 7, 10, 12, 13, 14, 16, 19, 21, 22, 23, 26, 27, 29, 30, 32, 34, 35, 
  38, 39, 40, 43, 52, 57, 61, 63 ],
[ 1, 2, 3, 6, 8, 11, 12, 16, 17, 18, 19, 21, 26, 28, 29, 32, 35, 36, 37, 40, 
  42, 46, 47, 49, 54, 55, 62, 63 ],
[ 1, 2, 3, 6, 8, 11, 12, 14, 16, 17, 18, 19, 21, 24, 26, 28, 29, 32, 35, 40, 
  42, 49, 54, 55, 56, 61, 62, 63 ],
[ 1, 2, 3, 6, 7, 12, 16, 17, 19, 20, 21, 22, 26, 27, 30, 31, 34, 35, 37, 40, 
  41, 43, 44, 45, 48, 49, 56, 59 ],
[ 1, 2, 3, 6, 7, 12, 16, 17, 19, 20, 21, 22, 23, 25, 26, 31, 34, 35, 37, 40, 
  41, 43, 44, 49, 50, 52, 56, 59 ],
[ 1, 2, 3, 6, 7, 12, 16, 17, 19, 20, 21, 22, 23, 25, 26, 27, 31, 34, 35, 37, 
  40, 41, 43, 44, 52, 56, 59, 62 ],
[ 1, 2, 3, 6, 7, 12, 16, 17, 18, 19, 21, 22, 23, 25, 26, 27, 31, 35, 36, 37, 
  40, 42, 43, 44, 52, 55, 59, 62 ],
[ 1, 2, 3, 6, 7, 12, 14, 16, 19, 21, 22, 26, 27, 28, 29, 30, 31, 34, 35, 41, 
  42, 43, 48, 50, 53, 56, 58, 63 ],
[ 1, 2, 3, 6, 7, 12, 14, 16, 18, 19, 20, 21, 22, 25, 26, 27, 29, 31, 35, 36, 
  43, 50, 51, 52, 53, 55, 63, 64 ],
[ 1, 2, 3, 6, 7, 12, 14, 16, 17, 19, 20, 21, 22, 26, 30, 31, 34, 35, 36, 40, 
  41, 43, 44, 45, 48, 50, 59, 62 ],
[ 1, 2, 3, 6, 7, 12, 14, 16, 17, 19, 20, 21, 22, 25, 26, 31, 34, 35, 36, 40, 
  41, 43, 45, 49, 50, 52, 59, 60 ],
[ 1, 2, 3, 6, 7, 12, 14, 16, 17, 19, 20, 21, 22, 25, 26, 27, 31, 34, 35, 36, 
  40, 41, 43, 45, 52, 59, 60, 62 ],
[ 1, 2, 3, 6, 7, 12, 14, 16, 17, 18, 19, 21, 22, 23, 25, 26, 31, 35, 40, 42, 
  43, 44, 49, 50, 52, 55, 56, 59 ],
[ 1, 2, 3, 6, 7, 10, 12, 16, 19, 21, 22, 26, 27, 28, 29, 34, 35, 36, 37, 41, 
  42, 43, 48, 50, 52, 53, 58, 63 ],
[ 1, 2, 3, 6, 7, 10, 12, 16, 18, 19, 20, 21, 22, 25, 26, 27, 29, 30, 35, 37, 
  43, 50, 51, 53, 55, 56, 63, 64 ],
[ 1, 2, 3, 5, 7, 12, 16, 19, 21, 22, 28, 29, 30, 32, 33, 34, 38, 42, 44, 46, 
  48, 49, 51, 53, 56, 57, 59, 63 ],
[ 1, 2, 3, 5, 7, 12, 16, 19, 21, 22, 25, 28, 29, 30, 32, 34, 36, 38, 42, 46, 
  49, 51, 53, 54, 57, 59, 60, 63 ],
[ 1, 2, 3, 5, 7, 12, 16, 19, 21, 22, 23, 26, 28, 29, 30, 32, 34, 36, 38, 42, 
  47, 49, 51, 53, 54, 57, 58, 63 ],
[ 1, 2, 3, 5, 7, 12, 16, 19, 20, 21, 22, 24, 28, 31, 32, 33, 34, 35, 38, 40, 
  43, 44, 48, 49, 50, 55, 56, 62 ],
[ 1, 2, 3, 5, 7, 12, 16, 19, 20, 21, 22, 24, 28, 29, 31, 32, 33, 34, 38, 40, 
  43, 44, 48, 49, 51, 54, 56, 63 ],
[ 1, 2, 3, 5, 7, 12, 16, 19, 20, 21, 22, 24, 25, 28, 29, 31, 32, 33, 36, 38, 
  40, 44, 49, 51, 54, 55, 59, 63 ],
[ 1, 2, 3, 5, 7, 12, 16, 19, 20, 21, 22, 23, 26, 28, 31, 32, 33, 35, 38, 39, 
  40, 44, 46, 50, 56, 57, 58, 60 ],
[ 1, 2, 3, 5, 7, 12, 16, 19, 20, 21, 22, 23, 26, 28, 31, 32, 33, 34, 35, 38, 
  40, 46, 49, 50, 55, 56, 58, 62 ],
[ 1, 2, 3, 5, 7, 12, 16, 19, 20, 21, 22, 23, 26, 28, 30, 32, 33, 35, 38, 39, 
  40, 44, 47, 49, 56, 57, 59, 60 ],
[ 1, 2, 3, 5, 7, 12, 16, 19, 20, 21, 22, 23, 26, 28, 29, 31, 32, 33, 34, 38, 
  40, 46, 49, 51, 54, 56, 58, 63 ],
[ 1, 2, 3, 5, 7, 12, 16, 19, 20, 21, 22, 23, 25, 28, 29, 30, 32, 33, 35, 38, 
  40, 46, 50, 51, 53, 56, 59, 63 ],
[ 1, 2, 3, 5, 7, 12, 16, 19, 20, 21, 22, 23, 25, 27, 31, 32, 33, 37, 38, 39, 
  40, 43, 44, 51, 55, 57, 60, 61 ],
[ 1, 2, 3, 5, 7, 12, 16, 19, 20, 21, 22, 23, 25, 27, 28, 29, 32, 33, 35, 38, 
  40, 43, 51, 52, 53, 56, 61, 63 ],
[ 1, 2, 3, 5, 7, 12, 16, 19, 20, 21, 22, 23, 24, 26, 28, 32, 33, 35, 38, 39, 
  40, 43, 44, 52, 56, 57, 60, 62 ],
[ 1, 2, 3, 5, 7, 12, 16, 17, 19, 21, 22, 25, 28, 31, 32, 33, 37, 38, 39, 42, 
  43, 44, 45, 46, 50, 55, 57, 60 ],
[ 1, 2, 3, 5, 7, 12, 16, 17, 19, 21, 22, 25, 28, 29, 31, 32, 33, 36, 38, 42, 
  43, 44, 47, 49, 51, 54, 55, 63 ],
[ 1, 2, 3, 5, 7, 12, 16, 17, 19, 21, 22, 25, 28, 29, 31, 32, 33, 34, 36, 38, 
  42, 47, 49, 51, 53, 54, 59, 60 ],
[ 1, 2, 3, 5, 7, 12, 16, 17, 19, 21, 22, 25, 27, 31, 32, 34, 37, 38, 39, 42, 
  43, 44, 45, 46, 51, 54, 57, 60 ],
[ 1, 2, 3, 5, 7, 12, 16, 17, 19, 21, 22, 25, 27, 31, 32, 34, 35, 36, 38, 42, 
  43, 44, 47, 49, 51, 54, 55, 62 ],
[ 1, 2, 3, 5, 7, 12, 16, 17, 19, 21, 22, 23, 26, 28, 31, 32, 35, 36, 38, 39, 
  42, 44, 46, 50, 54, 57, 58, 60 ],
[ 1, 2, 3, 5, 7, 12, 16, 17, 19, 21, 22, 23, 26, 28, 31, 32, 34, 36, 38, 40, 
  42, 45, 46, 49, 54, 57, 58, 60 ],
[ 1, 2, 3, 5, 7, 12, 16, 17, 19, 21, 22, 23, 26, 28, 31, 32, 34, 35, 36, 38, 
  42, 46, 49, 50, 54, 55, 58, 62 ],
[ 1, 2, 3, 5, 7, 12, 16, 17, 19, 21, 22, 23, 26, 28, 31, 32, 33, 36, 38, 40, 
  42, 44, 45, 46, 49, 55, 57, 64 ],
[ 1, 2, 3, 5, 7, 12, 16, 17, 19, 21, 22, 23, 25, 28, 31, 32, 34, 37, 38, 39, 
  42, 44, 46, 50, 54, 57, 59, 60 ],
[ 1, 2, 3, 5, 7, 12, 15, 16, 19, 21, 22, 26, 28, 29, 30, 32, 33, 35, 42, 43, 
  44, 47, 49, 51, 53, 54, 56, 57 ],
[ 1, 2, 3, 5, 7, 12, 15, 16, 19, 21, 22, 23, 24, 26, 28, 29, 30, 32, 36, 42, 
  49, 51, 53, 54, 55, 57, 63, 64 ],
[ 1, 2, 3, 5, 7, 12, 15, 16, 19, 20, 21, 22, 26, 28, 31, 32, 33, 35, 36, 39, 
  40, 44, 45, 46, 50, 57, 60, 64 ],
[ 1, 2, 3, 5, 7, 12, 15, 16, 19, 20, 21, 22, 26, 28, 30, 32, 35, 37, 39, 40, 
  44, 45, 46, 49, 57, 60, 63, 64 ],
[ 1, 2, 3, 5, 7, 12, 15, 16, 19, 20, 21, 22, 26, 28, 29, 32, 33, 35, 37, 39, 
  44, 51, 52, 53, 58, 61, 62, 63 ],
[ 1, 2, 3, 5, 7, 12, 15, 16, 19, 20, 21, 22, 26, 28, 29, 31, 32, 33, 35, 36, 
  39, 44, 46, 50, 51, 54, 63, 64 ],
[ 1, 2, 3, 5, 7, 12, 15, 16, 19, 20, 21, 22, 26, 28, 29, 31, 32, 33, 34, 36, 
  40, 45, 46, 49, 51, 54, 63, 64 ],
[ 1, 2, 3, 5, 7, 12, 15, 16, 19, 20, 21, 22, 26, 28, 29, 30, 32, 33, 35, 36, 
  40, 44, 47, 50, 51, 53, 63, 64 ],
[ 1, 2, 3, 5, 7, 12, 15, 16, 19, 20, 21, 22, 25, 27, 28, 29, 32, 33, 35, 36, 
  40, 45, 51, 52, 53, 59, 61, 63 ],
[ 1, 2, 3, 5, 7, 12, 15, 16, 19, 20, 21, 22, 24, 26, 28, 32, 33, 35, 36, 39, 
  40, 44, 45, 52, 57, 59, 60, 62 ],
[ 1, 2, 3, 5, 7, 12, 15, 16, 19, 20, 21, 22, 23, 28, 29, 30, 32, 35, 40, 43, 
  46, 48, 50, 51, 53, 54, 56, 63 ],
[ 1, 2, 3, 5, 7, 12, 15, 16, 19, 20, 21, 22, 23, 26, 30, 32, 35, 37, 39, 40, 
  44, 46, 51, 57, 58, 60, 62, 63 ],
[ 1, 2, 3, 5, 7, 12, 15, 16, 19, 20, 21, 22, 23, 26, 30, 32, 33, 35, 36, 39, 
  40, 44, 47, 51, 57, 59, 60, 62 ],
[ 1, 2, 3, 5, 7, 12, 15, 16, 19, 20, 21, 22, 23, 26, 29, 30, 32, 35, 37, 39, 
  40, 43, 44, 45, 46, 50, 57, 63 ],
[ 1, 2, 3, 5, 7, 12, 15, 16, 19, 20, 21, 22, 23, 26, 29, 30, 32, 33, 35, 36, 
  39, 40, 44, 45, 47, 50, 57, 64 ],
[ 1, 2, 3, 5, 7, 12, 15, 16, 19, 20, 21, 22, 23, 25, 28, 31, 32, 37, 39, 40, 
  44, 46, 50, 54, 55, 57, 59, 60 ],
[ 1, 2, 3, 5, 7, 12, 15, 16, 19, 20, 21, 22, 23, 25, 27, 31, 32, 33, 35, 36, 
  39, 40, 45, 47, 51, 57, 59, 60 ],
[ 1, 2, 3, 5, 7, 12, 15, 16, 17, 19, 21, 22, 26, 28, 29, 31, 32, 33, 34, 42, 
  45, 46, 49, 51, 53, 54, 56, 64 ],
[ 1, 2, 3, 5, 7, 12, 15, 16, 17, 19, 21, 22, 23, 26, 31, 32, 39, 40, 42, 44, 
  45, 46, 49, 51, 54, 55, 56, 58 ],
[ 1, 2, 3, 5, 7, 12, 15, 16, 17, 19, 21, 22, 23, 26, 28, 31, 32, 34, 40, 42, 
  44, 45, 46, 49, 54, 56, 57, 64 ],
[ 1, 2, 3, 5, 7, 12, 15, 16, 17, 19, 21, 22, 23, 26, 28, 29, 31, 32, 33, 36, 
  42, 49, 51, 53, 54, 55, 61, 64 ],
[ 1, 2, 3, 5, 7, 12, 15, 16, 17, 19, 21, 22, 23, 25, 28, 31, 32, 37, 39, 42, 
  43, 44, 50, 54, 55, 57, 60, 61 ],
[ 1, 2, 3, 5, 7, 12, 15, 16, 17, 19, 20, 21, 22, 25, 31, 32, 34, 35, 36, 43, 
  47, 49, 50, 51, 54, 55, 60, 62 ],
[ 1, 2, 3, 5, 7, 12, 15, 16, 17, 19, 20, 21, 22, 24, 31, 32, 34, 35, 36, 44, 
  48, 49, 50, 51, 54, 55, 59, 62 ],
[ 1, 2, 3, 5, 7, 12, 15, 16, 17, 19, 20, 21, 22, 23, 26, 31, 32, 34, 36, 40, 
  45, 46, 49, 51, 54, 57, 60, 64 ],
[ 1, 2, 3, 5, 7, 12, 15, 16, 17, 19, 20, 21, 22, 23, 26, 31, 32, 34, 35, 36, 
  46, 49, 50, 51, 54, 55, 62, 64 ],
[ 1, 2, 3, 5, 7, 12, 15, 16, 17, 19, 20, 21, 22, 23, 26, 28, 31, 32, 33, 34, 
  36, 39, 40, 44, 45, 46, 49, 64 ],
[ 1, 2, 3, 5, 7, 12, 15, 16, 17, 19, 20, 21, 22, 23, 24, 31, 32, 35, 36, 39, 
  44, 45, 48, 50, 51, 54, 57, 59 ],
[ 1, 2, 3, 5, 7, 12, 13, 16, 19, 21, 22, 26, 30, 32, 34, 35, 37, 38, 39, 42, 
  44, 46, 49, 50, 51, 58, 62, 63 ],
[ 1, 2, 3, 5, 7, 12, 13, 16, 19, 21, 22, 26, 30, 32, 33, 34, 35, 36, 38, 39, 
  42, 44, 47, 49, 50, 51, 59, 62 ],
[ 1, 2, 3, 5, 7, 12, 13, 16, 19, 21, 22, 26, 28, 30, 32, 34, 35, 37, 38, 42, 
  46, 49, 50, 53, 57, 58, 60, 62 ],
[ 1, 2, 3, 5, 7, 12, 13, 16, 19, 21, 22, 26, 28, 30, 32, 33, 35, 36, 38, 42, 
  43, 44, 47, 49, 50, 55, 57, 62 ],
[ 1, 2, 3, 5, 7, 12, 13, 16, 19, 21, 22, 26, 28, 29, 30, 32, 33, 37, 38, 42, 
  44, 46, 49, 51, 53, 57, 63, 64 ],
[ 1, 2, 3, 5, 7, 12, 13, 16, 19, 21, 22, 26, 27, 30, 32, 34, 35, 37, 38, 42, 
  44, 46, 49, 51, 53, 57, 62, 64 ],
[ 1, 2, 3, 5, 7, 12, 13, 16, 19, 21, 22, 26, 27, 30, 32, 34, 35, 36, 38, 42, 
  43, 44, 47, 49, 51, 54, 57, 62 ],
[ 1, 2, 3, 5, 7, 12, 13, 16, 19, 21, 22, 26, 27, 30, 32, 34, 35, 36, 38, 40, 
  42, 44, 47, 49, 50, 51, 58, 63 ],
[ 1, 2, 3, 5, 7, 12, 13, 16, 19, 21, 22, 26, 27, 28, 31, 32, 34, 35, 36, 38, 
  42, 46, 49, 50, 54, 57, 58, 60 ],
[ 1, 2, 3, 5, 7, 12, 13, 16, 19, 21, 22, 26, 27, 28, 31, 32, 33, 35, 36, 38, 
  42, 44, 46, 49, 50, 55, 57, 64 ],
[ 1, 2, 3, 5, 7, 12, 13, 16, 19, 21, 22, 25, 27, 31, 32, 33, 34, 35, 36, 38, 
  39, 42, 45, 47, 49, 50, 51, 59 ],
[ 1, 2, 3, 5, 7, 12, 13, 16, 19, 21, 22, 25, 27, 30, 32, 34, 35, 36, 38, 40, 
  42, 45, 46, 49, 50, 51, 59, 63 ],
[ 1, 2, 3, 5, 7, 12, 13, 16, 19, 21, 22, 25, 27, 28, 31, 32, 33, 35, 36, 38, 
  42, 43, 45, 47, 49, 50, 55, 57 ],
[ 1, 2, 3, 5, 7, 12, 13, 16, 19, 21, 22, 24, 26, 27, 28, 32, 34, 35, 36, 38, 
  42, 43, 49, 52, 54, 57, 60, 62 ],
[ 1, 2, 3, 5, 7, 12, 13, 16, 19, 21, 22, 23, 27, 30, 32, 34, 35, 36, 38, 40, 
  42, 43, 48, 49, 50, 51, 61, 63 ],
[ 1, 2, 3, 5, 7, 12, 13, 16, 19, 21, 22, 23, 26, 27, 29, 30, 32, 34, 35, 37, 
  38, 42, 46, 49, 50, 53, 57, 59 ],
[ 1, 2, 3, 5, 7, 12, 13, 16, 19, 21, 22, 23, 26, 27, 29, 30, 32, 34, 35, 36, 
  38, 42, 47, 49, 50, 54, 57, 58 ],
[ 1, 2, 3, 5, 7, 12, 13, 16, 19, 21, 22, 23, 25, 27, 28, 31, 32, 34, 35, 36, 
  38, 42, 47, 49, 50, 54, 57, 59 ],
[ 1, 2, 3, 5, 7, 12, 13, 16, 19, 21, 22, 23, 24, 27, 28, 31, 32, 33, 35, 36, 
  38, 42, 48, 49, 50, 55, 57, 59 ],
[ 1, 2, 3, 5, 7, 12, 13, 16, 19, 20, 21, 22, 27, 28, 32, 34, 35, 36, 38, 40, 
  43, 45, 48, 50, 52, 53, 61, 62 ],
[ 1, 2, 3, 5, 7, 12, 13, 16, 19, 20, 21, 22, 27, 28, 30, 32, 34, 35, 38, 40, 
  43, 45, 48, 49, 50, 56, 61, 63 ],
[ 1, 2, 3, 5, 7, 12, 13, 16, 19, 20, 21, 22, 26, 28, 31, 32, 33, 36, 38, 39, 
  40, 44, 45, 50, 57, 58, 60, 61 ],
[ 1, 2, 3, 5, 7, 12, 13, 16, 19, 20, 21, 22, 26, 28, 31, 32, 33, 34, 36, 38, 
  40, 45, 49, 50, 55, 58, 61, 62 ],
[ 1, 2, 3, 5, 7, 12, 13, 16, 19, 20, 21, 22, 26, 28, 30, 32, 37, 38, 39, 40, 
  44, 45, 49, 57, 58, 60, 61, 63 ],
[ 1, 2, 3, 5, 7, 12, 13, 16, 19, 20, 21, 22, 26, 28, 30, 32, 35, 37, 38, 39, 
  44, 49, 50, 55, 58, 61, 62, 63 ],
[ 1, 2, 3, 5, 7, 12, 13, 16, 19, 20, 21, 22, 26, 27, 28, 30, 32, 34, 35, 38, 
  40, 47, 49, 50, 56, 58, 60, 63 ],
[ 1, 2, 3, 5, 7, 12, 13, 16, 19, 20, 21, 22, 24, 26, 27, 32, 34, 35, 38, 40, 
  44, 49, 50, 51, 52, 56, 58, 63 ],
[ 1, 2, 3, 5, 7, 12, 13, 16, 19, 20, 21, 22, 24, 26, 27, 28, 29, 32, 38, 40, 
  44, 51, 52, 53, 54, 56, 58, 63 ],
[ 1, 2, 3, 5, 7, 12, 13, 16, 19, 20, 21, 22, 23, 27, 32, 34, 35, 36, 38, 40, 
  48, 49, 50, 51, 52, 53, 59, 61 ],
[ 1, 2, 3, 5, 7, 12, 13, 16, 19, 20, 21, 22, 23, 27, 28, 30, 32, 35, 38, 40, 
  48, 49, 50, 53, 55, 56, 59, 61 ],
[ 1, 2, 3, 5, 7, 12, 13, 16, 19, 20, 21, 22, 23, 26, 27, 31, 32, 33, 36, 38, 
  39, 40, 44, 51, 57, 60, 61, 64 ],
[ 1, 2, 3, 5, 7, 12, 13, 16, 19, 20, 21, 22, 23, 26, 27, 31, 32, 33, 34, 36, 
  38, 40, 49, 51, 55, 61, 62, 64 ],
[ 1, 2, 3, 5, 7, 12, 13, 16, 19, 20, 21, 22, 23, 25, 27, 31, 32, 33, 35, 38, 
  43, 47, 49, 50, 51, 55, 56, 57 ],
[ 1, 2, 3, 5, 7, 12, 13, 16, 19, 20, 21, 22, 23, 24, 27, 28, 31, 32, 35, 38, 
  39, 48, 49, 50, 54, 55, 56, 59 ],
[ 1, 2, 3, 5, 7, 12, 13, 16, 19, 20, 21, 22, 23, 24, 26, 27, 29, 32, 38, 39, 
  40, 44, 45, 52, 54, 56, 57, 58 ],
[ 1, 2, 3, 5, 7, 12, 13, 16, 17, 19, 21, 22, 26, 28, 30, 32, 37, 38, 39, 42, 
  44, 45, 46, 49, 57, 60, 63, 64 ],
[ 1, 2, 3, 5, 7, 12, 13, 16, 17, 19, 21, 22, 23, 26, 29, 30, 32, 37, 38, 39, 
  42, 43, 44, 45, 46, 50, 57, 63 ],
[ 1, 2, 3, 5, 7, 12, 13, 16, 17, 19, 20, 21, 22, 23, 26, 31, 32, 33, 34, 38, 
  46, 49, 50, 51, 55, 56, 62, 64 ],
[ 1, 2, 3, 5, 7, 12, 13, 15, 16, 19, 21, 22, 26, 28, 30, 32, 34, 35, 42, 43, 
  44, 47, 49, 50, 54, 56, 57, 62 ],
[ 1, 2, 3, 5, 7, 12, 13, 15, 16, 19, 21, 22, 26, 27, 31, 32, 35, 39, 42, 44, 
  46, 49, 50, 51, 54, 55, 56, 58 ],
[ 1, 2, 3, 5, 7, 12, 13, 15, 16, 19, 21, 22, 26, 27, 30, 32, 35, 40, 42, 44, 
  47, 49, 50, 51, 53, 55, 56, 58 ],
[ 1, 2, 3, 5, 7, 12, 13, 15, 16, 19, 21, 22, 26, 27, 30, 32, 35, 37, 42, 44, 
  49, 51, 53, 55, 57, 58, 61, 62 ],
[ 1, 2, 3, 5, 7, 12, 13, 15, 16, 19, 21, 22, 26, 27, 28, 31, 32, 34, 35, 42, 
  44, 46, 49, 50, 54, 56, 57, 64 ],
[ 1, 2, 3, 5, 7, 12, 13, 15, 16, 19, 21, 22, 24, 26, 28, 30, 32, 35, 36, 42, 
  43, 49, 50, 54, 55, 57, 60, 62 ],
[ 1, 2, 3, 5, 7, 12, 13, 15, 16, 19, 21, 22, 24, 26, 27, 32, 33, 34, 35, 39, 
  42, 49, 51, 52, 56, 59, 60, 62 ],
[ 1, 2, 3, 5, 7, 12, 13, 15, 16, 19, 21, 22, 24, 26, 27, 30, 32, 35, 36, 42, 
  44, 49, 51, 54, 55, 57, 59, 62 ],
[ 1, 2, 3, 5, 7, 12, 13, 15, 16, 19, 21, 22, 24, 26, 27, 28, 32, 34, 35, 42, 
  44, 49, 52, 54, 56, 57, 59, 62 ],
[ 1, 2, 3, 5, 7, 12, 13, 15, 16, 19, 21, 22, 24, 26, 27, 28, 32, 33, 35, 42, 
  43, 49, 52, 55, 56, 57, 60, 62 ],
[ 1, 2, 3, 5, 7, 12, 13, 15, 16, 19, 21, 22, 23, 26, 27, 29, 30, 32, 35, 37, 
  42, 43, 49, 50, 53, 55, 57, 61 ],
[ 1, 2, 3, 5, 7, 12, 13, 15, 16, 19, 21, 22, 23, 24, 26, 27, 29, 30, 32, 35, 
  36, 42, 49, 50, 54, 55, 57, 64 ],
[ 1, 2, 3, 5, 7, 12, 13, 15, 16, 19, 20, 21, 22, 26, 30, 32, 34, 35, 37, 46, 
  49, 50, 51, 53, 57, 60, 62, 64 ],
[ 1, 2, 3, 5, 7, 12, 13, 15, 16, 19, 20, 21, 22, 26, 28, 29, 30, 32, 36, 40, 
  47, 50, 51, 53, 54, 58, 60, 63 ],
[ 1, 2, 3, 5, 7, 12, 13, 15, 16, 19, 20, 21, 22, 26, 27, 31, 32, 34, 35, 36, 
  46, 49, 50, 51, 54, 57, 60, 64 ],
[ 1, 2, 3, 5, 7, 12, 13, 15, 16, 19, 20, 21, 22, 26, 27, 28, 31, 32, 33, 34, 
  35, 36, 39, 44, 46, 49, 50, 64 ],
[ 1, 2, 3, 5, 7, 12, 13, 15, 16, 19, 20, 21, 22, 26, 27, 28, 29, 32, 33, 40, 
  47, 51, 52, 53, 56, 58, 60, 63 ],
[ 1, 2, 3, 5, 7, 11, 12, 16, 19, 21, 22, 28, 29, 31, 33, 36, 38, 40, 42, 43, 
  44, 47, 48, 49, 51, 53, 54, 55 ],
[ 1, 2, 3, 5, 7, 11, 12, 16, 19, 21, 22, 26, 27, 28, 29, 33, 35, 36, 38, 40, 
  42, 44, 47, 51, 52, 53, 58, 63 ],
[ 1, 2, 3, 5, 7, 11, 12, 16, 19, 21, 22, 25, 28, 29, 33, 34, 38, 42, 44, 49, 
  51, 52, 53, 56, 57, 59, 61, 63 ],
[ 1, 2, 3, 5, 7, 11, 12, 16, 19, 21, 22, 25, 28, 29, 30, 33, 36, 38, 42, 43, 
  51, 53, 55, 57, 60, 61, 62, 63 ],
[ 1, 2, 3, 5, 7, 11, 12, 16, 19, 21, 22, 25, 27, 28, 29, 33, 35, 36, 38, 40, 
  42, 45, 46, 51, 52, 53, 59, 63 ],
[ 1, 2, 3, 5, 7, 11, 12, 16, 19, 21, 22, 24, 26, 28, 29, 33, 34, 38, 42, 45, 
  49, 51, 52, 53, 56, 57, 58, 63 ],
[ 1, 2, 3, 5, 7, 11, 12, 16, 19, 21, 22, 24, 25, 28, 29, 31, 33, 36, 38, 40, 
  42, 49, 51, 53, 54, 55, 59, 60 ],
[ 1, 2, 3, 5, 7, 11, 12, 16, 19, 21, 22, 24, 25, 27, 28, 29, 31, 33, 36, 38, 
  42, 51, 53, 55, 57, 60, 63, 64 ],
[ 1, 2, 3, 5, 7, 11, 12, 16, 19, 21, 22, 23, 24, 26, 28, 29, 30, 33, 36, 38, 
  42, 51, 53, 55, 57, 62, 63, 64 ],
[ 1, 2, 3, 5, 7, 11, 12, 16, 19, 20, 21, 22, 27, 28, 29, 31, 33, 34, 38, 39, 
  47, 48, 51, 53, 56, 60, 63, 64 ],
[ 1, 2, 3, 5, 7, 11, 12, 16, 19, 20, 21, 22, 26, 28, 29, 31, 33, 34, 36, 38, 
  40, 45, 46, 51, 53, 54, 62, 64 ],
[ 1, 2, 3, 5, 7, 11, 12, 16, 19, 20, 21, 22, 26, 28, 29, 30, 35, 37, 38, 39, 
  44, 46, 51, 53, 54, 62, 63, 64 ],
[ 1, 2, 3, 5, 7, 11, 12, 16, 19, 20, 21, 22, 26, 27, 28, 29, 30, 35, 36, 38, 
  40, 44, 47, 51, 53, 54, 63, 64 ],
[ 1, 2, 3, 5, 7, 11, 12, 16, 19, 20, 21, 22, 25, 27, 28, 29, 31, 33, 34, 37, 
  38, 39, 43, 44, 46, 51, 53, 54 ],
[ 1, 2, 3, 5, 7, 11, 12, 16, 19, 20, 21, 22, 23, 27, 28, 29, 31, 33, 35, 38, 
  39, 43, 47, 48, 51, 54, 56, 63 ],
[ 1, 2, 3, 5, 7, 11, 12, 16, 18, 19, 21, 26, 27, 29, 32, 33, 34, 35, 36, 39, 
  40, 47, 48, 49, 51, 56, 61, 63 ],
[ 1, 2, 3, 5, 7, 11, 12, 16, 18, 19, 21, 24, 26, 29, 32, 33, 34, 35, 36, 39, 
  40, 46, 48, 50, 51, 56, 62, 63 ],
[ 1, 2, 3, 5, 7, 11, 12, 16, 17, 19, 21, 22, 24, 28, 29, 31, 33, 38, 42, 43, 
  44, 48, 51, 53, 54, 55, 56, 62 ],
[ 1, 2, 3, 5, 7, 11, 12, 16, 17, 19, 21, 22, 24, 25, 28, 29, 31, 33, 36, 38, 
  42, 43, 51, 54, 55, 60, 62, 63 ],
[ 1, 2, 3, 5, 7, 11, 12, 16, 17, 19, 20, 21, 22, 28, 29, 31, 33, 34, 38, 47, 
  48, 49, 51, 53, 54, 56, 59, 60 ],
[ 1, 2, 3, 5, 7, 11, 12, 16, 17, 19, 20, 21, 22, 26, 28, 29, 31, 33, 34, 38, 
  45, 49, 51, 53, 54, 56, 61, 64 ],
[ 1, 2, 3, 5, 7, 11, 12, 16, 17, 19, 20, 21, 22, 24, 25, 28, 29, 31, 33, 34, 
  38, 43, 44, 49, 51, 53, 54, 56 ],
[ 1, 2, 3, 5, 7, 11, 12, 15, 16, 19, 21, 22, 26, 28, 29, 30, 33, 35, 37, 42, 
  46, 51, 53, 57, 58, 60, 62, 63 ],
[ 1, 2, 3, 5, 7, 11, 12, 15, 16, 19, 21, 22, 26, 27, 28, 29, 31, 33, 35, 36, 
  42, 46, 51, 54, 57, 58, 60, 63 ],
[ 1, 2, 3, 5, 7, 11, 12, 15, 16, 19, 21, 22, 25, 27, 28, 29, 31, 33, 34, 37, 
  42, 46, 51, 54, 57, 59, 60, 63 ],
[ 1, 2, 3, 5, 7, 11, 12, 15, 16, 19, 21, 22, 24, 26, 28, 29, 30, 33, 35, 40, 
  42, 50, 51, 53, 56, 58, 60, 63 ],
[ 1, 2, 3, 5, 7, 11, 12, 15, 16, 19, 21, 22, 23, 26, 28, 29, 31, 33, 34, 40, 
  42, 49, 51, 54, 56, 58, 61, 63 ],
[ 1, 2, 3, 5, 7, 11, 12, 15, 16, 19, 21, 22, 23, 25, 27, 28, 29, 31, 33, 35, 
  36, 42, 47, 51, 54, 57, 59, 63 ],
[ 1, 2, 3, 5, 7, 11, 12, 15, 16, 19, 20, 21, 22, 28, 29, 33, 35, 36, 40, 43, 
  45, 48, 50, 51, 52, 53, 61, 63 ],
[ 1, 2, 3, 5, 7, 11, 12, 15, 16, 19, 20, 21, 22, 26, 28, 29, 31, 33, 36, 40, 
  45, 51, 53, 54, 55, 58, 61, 62 ],
[ 1, 2, 3, 5, 7, 11, 12, 15, 16, 19, 20, 21, 22, 23, 25, 28, 29, 35, 40, 43, 
  50, 51, 52, 53, 54, 56, 61, 63 ],
[ 1, 2, 3, 5, 7, 11, 12, 15, 16, 17, 19, 21, 22, 23, 26, 27, 29, 30, 35, 37, 
  39, 42, 45, 46, 57, 59, 60, 63 ],
[ 1, 2, 3, 5, 7, 11, 12, 13, 16, 19, 21, 22, 26, 27, 29, 33, 34, 35, 36, 38, 
  39, 42, 45, 47, 50, 52, 58, 62 ],
[ 1, 2, 3, 5, 7, 11, 12, 13, 16, 19, 21, 22, 24, 26, 28, 29, 30, 33, 36, 38, 
  42, 43, 51, 54, 57, 60, 62, 63 ],
[ 1, 2, 3, 5, 7, 11, 12, 13, 16, 19, 21, 22, 24, 26, 27, 29, 33, 34, 35, 38, 
  42, 45, 49, 50, 52, 56, 57, 58 ],
[ 1, 2, 3, 5, 7, 11, 12, 13, 16, 19, 21, 22, 23, 26, 27, 29, 30, 35, 37, 38, 
  39, 42, 49, 50, 53, 55, 59, 61 ],
[ 1, 2, 3, 5, 7, 11, 12, 13, 16, 19, 21, 22, 23, 24, 26, 27, 29, 30, 33, 35, 
  36, 38, 42, 50, 55, 57, 62, 64 ],
[ 1, 2, 3, 5, 7, 11, 12, 13, 15, 16, 19, 21, 22, 26, 28, 29, 33, 42, 43, 44, 
  47, 49, 51, 52, 54, 56, 57, 63 ],
[ 1, 2, 3, 5, 7, 11, 12, 13, 15, 16, 19, 21, 22, 26, 27, 28, 29, 40, 42, 44, 
  47, 51, 52, 53, 54, 56, 58, 63 ],
[ 1, 2, 3, 5, 7, 11, 12, 13, 15, 16, 19, 21, 22, 23, 26, 27, 29, 30, 34, 35, 
  37, 42, 46, 50, 57, 59, 62, 63 ],
[ 1, 2, 3, 5, 7, 11, 12, 13, 15, 16, 19, 21, 22, 23, 24, 26, 27, 29, 30, 33, 
  34, 35, 39, 42, 49, 50, 56, 58 ],
[ 1, 2, 3, 5, 7, 11, 12, 13, 15, 16, 19, 20, 21, 22, 26, 27, 29, 30, 35, 37, 
  43, 45, 49, 50, 55, 57, 61, 63 ],
[ 1, 2, 3, 5, 7, 11, 12, 13, 15, 16, 19, 20, 21, 22, 26, 27, 29, 30, 35, 37, 
  39, 45, 50, 53, 55, 59, 61, 62 ],
[ 1, 2, 3, 5, 7, 11, 12, 13, 15, 16, 19, 20, 21, 22, 26, 27, 28, 29, 31, 33, 
  36, 39, 44, 51, 53, 54, 58, 61 ],
[ 1, 2, 3, 5, 7, 11, 12, 13, 15, 16, 19, 20, 21, 22, 24, 26, 27, 28, 29, 30, 
  36, 40, 44, 51, 53, 54, 58, 63 ],
[ 1, 2, 3, 4, 7, 12, 16, 17, 19, 21, 22, 24, 26, 28, 30, 31, 32, 35, 36, 38, 
  41, 44, 50, 52, 53, 54, 58, 63 ],
[ 1, 2, 3, 4, 7, 12, 15, 16, 18, 19, 21, 22, 26, 30, 31, 32, 33, 35, 37, 39, 
  46, 51, 52, 53, 58, 60, 62, 63 ],
[ 1, 2, 3, 4, 7, 12, 15, 16, 18, 19, 21, 22, 26, 29, 30, 31, 32, 33, 35, 37, 
  39, 43, 45, 46, 50, 52, 53, 63 ],
[ 1, 2, 3, 4, 7, 12, 15, 16, 18, 19, 21, 22, 26, 28, 30, 31, 32, 33, 35, 36, 
  40, 44, 47, 50, 52, 53, 63, 64 ],
[ 1, 2, 3, 4, 7, 12, 15, 16, 18, 19, 21, 22, 26, 27, 30, 31, 32, 33, 35, 36, 
  40, 47, 51, 52, 53, 58, 60, 63 ],
[ 1, 2, 3, 4, 7, 12, 15, 16, 17, 19, 21, 22, 26, 27, 30, 31, 32, 33, 35, 36, 
  41, 44, 47, 51, 52, 53, 63, 64 ],
[ 1, 2, 3, 4, 7, 12, 14, 16, 19, 21, 22, 26, 28, 30, 31, 32, 35, 38, 39, 41, 
  44, 46, 52, 53, 54, 58, 62, 63 ],
[ 1, 2, 3, 4, 7, 12, 14, 16, 18, 19, 21, 22, 23, 26, 29, 30, 31, 32, 33, 35, 
  38, 39, 46, 50, 52, 53, 59, 63 ],
[ 1, 2, 3, 4, 7, 12, 13, 15, 16, 18, 19, 21, 22, 23, 26, 29, 30, 31, 32, 37, 
  39, 46, 50, 52, 53, 54, 59, 63 ],
[ 1, 2, 3, 4, 7, 11, 12, 16, 18, 19, 21, 22, 26, 30, 31, 35, 37, 38, 39, 46, 
  49, 51, 52, 53, 54, 58, 60, 63 ],
[ 1, 2, 3, 4, 7, 11, 12, 16, 18, 19, 21, 22, 26, 28, 30, 31, 35, 37, 38, 39, 
  44, 46, 52, 53, 54, 62, 63, 64 ],
[ 1, 2, 3, 4, 7, 11, 12, 16, 18, 19, 21, 22, 26, 27, 29, 30, 31, 35, 37, 38, 
  39, 43, 45, 46, 52, 53, 54, 63 ],
[ 1, 2, 3, 4, 7, 11, 12, 16, 17, 18, 19, 21, 22, 24, 26, 28, 30, 31, 35, 38, 
  44, 50, 52, 53, 54, 56, 63, 64 ],
[ 1, 2, 3, 4, 7, 11, 12, 15, 16, 19, 21, 22, 24, 26, 27, 30, 31, 35, 36, 40, 
  41, 51, 52, 53, 54, 58, 60, 63 ],
[ 1, 2, 3, 4, 7, 11, 12, 15, 16, 19, 21, 22, 24, 26, 27, 29, 30, 31, 33, 35, 
  36, 41, 45, 52, 54, 57, 58, 63 ],
[ 1, 2, 3, 4, 7, 11, 12, 13, 15, 16, 18, 19, 21, 22, 24, 26, 27, 29, 30, 31, 
  33, 36, 39, 45, 52, 53, 54, 58 ],
[ 1, 2, 3, 4, 7, 10, 12, 16, 19, 21, 22, 26, 28, 30, 31, 32, 33, 34, 38, 40, 
  41, 45, 46, 53, 54, 56, 58, 62 ],
[ 1, 2, 3, 4, 7, 10, 12, 16, 18, 19, 21, 22, 26, 28, 30, 31, 32, 33, 35, 38, 
  39, 46, 50, 54, 56, 58, 60, 63 ],
[ 1, 2, 3, 4, 7, 10, 12, 15, 16, 19, 21, 22, 26, 28, 31, 32, 33, 35, 36, 39, 
  41, 50, 52, 53, 54, 58, 60, 61 ],
[ 1, 2, 3, 4, 7, 10, 12, 15, 16, 19, 21, 22, 26, 27, 30, 31, 32, 33, 35, 36, 
  41, 44, 46, 51, 54, 57, 63, 64 ],
[ 1, 2, 3, 4, 6, 7, 12, 16, 19, 21, 22, 23, 26, 29, 30, 31, 33, 36, 37, 39, 
  40, 42, 43, 45, 48, 51, 53, 64 ],
[ 1, 2, 3, 4, 6, 7, 12, 16, 19, 21, 22, 23, 26, 27, 30, 31, 35, 36, 37, 39, 
  40, 42, 43, 45, 48, 49, 55, 64 ],
[ 1, 2, 3, 4, 6, 7, 12, 16, 19, 20, 21, 22, 23, 26, 27, 30, 31, 35, 37, 39, 
  40, 43, 45, 48, 55, 56, 58, 62 ],
[ 1, 2, 3, 4, 6, 7, 12, 16, 19, 20, 21, 22, 23, 25, 26, 31, 34, 35, 37, 40, 
  43, 45, 49, 50, 52, 56, 57, 58 ],
[ 1, 2, 3, 4, 6, 7, 12, 16, 19, 20, 21, 22, 23, 25, 26, 27, 31, 34, 35, 37, 
  40, 43, 45, 52, 56, 57, 58, 62 ],
[ 1, 2, 3, 4, 6, 7, 12, 16, 17, 19, 21, 22, 23, 26, 29, 30, 31, 33, 36, 37, 
  42, 45, 48, 51, 53, 57, 58, 59 ],
[ 1, 2, 3, 4, 6, 7, 12, 16, 17, 19, 20, 21, 22, 23, 26, 30, 31, 35, 37, 43, 
  45, 48, 49, 50, 55, 56, 57, 58 ],
[ 1, 2, 3, 4, 6, 7, 12, 16, 17, 19, 20, 21, 22, 23, 25, 26, 31, 34, 35, 37, 
  39, 45, 49, 50, 52, 56, 59, 64 ],
[ 1, 2, 3, 4, 6, 7, 12, 16, 17, 19, 20, 21, 22, 23, 25, 26, 27, 31, 34, 35, 
  37, 39, 45, 52, 56, 59, 62, 64 ],
[ 1, 2, 3, 4, 5, 7, 12, 16, 19, 21, 22, 24, 26, 28, 32, 34, 36, 38, 41, 42, 
  43, 45, 49, 52, 57, 58, 63, 64 ],
[ 1, 2, 3, 4, 5, 7, 12, 16, 19, 21, 22, 23, 26, 30, 32, 34, 36, 38, 39, 41, 
  42, 47, 51, 53, 58, 59, 62, 64 ],
[ 1, 2, 3, 4, 5, 7, 12, 16, 19, 21, 22, 23, 26, 28, 31, 32, 33, 36, 38, 40, 
  41, 42, 46, 49, 55, 58, 59, 64 ],
[ 1, 2, 3, 4, 5, 7, 12, 16, 19, 21, 22, 23, 26, 28, 30, 32, 36, 38, 41, 42, 
  43, 47, 53, 55, 57, 58, 62, 64 ],
[ 1, 2, 3, 4, 5, 7, 12, 16, 19, 21, 22, 23, 26, 28, 30, 32, 36, 38, 39, 41, 
  42, 47, 49, 55, 58, 59, 63, 64 ],
[ 1, 2, 3, 4, 5, 7, 12, 16, 19, 21, 22, 23, 25, 29, 31, 32, 36, 38, 39, 41, 
  42, 43, 47, 49, 55, 58, 59, 63 ],
[ 1, 2, 3, 4, 5, 7, 12, 16, 19, 20, 21, 22, 26, 28, 30, 32, 35, 37, 38, 41, 
  44, 49, 53, 57, 58, 59, 61, 64 ],
[ 1, 2, 3, 4, 5, 7, 12, 16, 19, 20, 21, 22, 26, 27, 28, 31, 32, 35, 38, 39, 
  41, 44, 46, 54, 56, 58, 59, 64 ],
[ 1, 2, 3, 4, 5, 7, 12, 16, 19, 20, 21, 22, 26, 27, 28, 30, 32, 35, 38, 40, 
  41, 44, 47, 53, 56, 58, 59, 64 ],
[ 1, 2, 3, 4, 5, 7, 12, 16, 19, 20, 21, 22, 25, 29, 31, 32, 34, 38, 39, 41, 
  43, 45, 47, 53, 56, 58, 59, 62 ],
[ 1, 2, 3, 4, 5, 7, 12, 16, 19, 20, 21, 22, 23, 24, 29, 31, 32, 34, 38, 41, 
  43, 48, 49, 56, 57, 58, 59, 63 ],
[ 1, 2, 3, 4, 5, 7, 12, 16, 19, 20, 21, 22, 23, 24, 29, 31, 32, 34, 38, 39, 
  41, 43, 48, 53, 56, 59, 62, 64 ],
[ 1, 2, 3, 4, 5, 7, 12, 16, 18, 19, 21, 22, 26, 31, 32, 33, 35, 36, 38, 39, 
  42, 44, 46, 50, 51, 58, 59, 64 ],
[ 1, 2, 3, 4, 5, 7, 12, 16, 18, 19, 21, 22, 26, 30, 32, 35, 37, 38, 42, 43, 
  44, 46, 51, 53, 57, 58, 62, 64 ],
[ 1, 2, 3, 4, 5, 7, 12, 16, 18, 19, 21, 22, 26, 30, 32, 35, 37, 38, 39, 42, 
  44, 46, 49, 51, 58, 59, 63, 64 ],
[ 1, 2, 3, 4, 5, 7, 12, 16, 18, 19, 21, 22, 26, 27, 31, 32, 35, 36, 38, 42, 
  43, 44, 46, 51, 54, 57, 58, 64 ],
[ 1, 2, 3, 4, 5, 7, 12, 16, 18, 19, 21, 22, 23, 26, 29, 30, 32, 35, 37, 38, 
  42, 43, 46, 50, 53, 57, 58, 59 ],
[ 1, 2, 3, 4, 5, 7, 12, 16, 18, 19, 21, 22, 23, 24, 29, 31, 32, 36, 38, 42, 
  43, 48, 49, 55, 57, 58, 59, 63 ],
[ 1, 2, 3, 4, 5, 7, 12, 16, 18, 19, 20, 21, 22, 26, 28, 31, 32, 33, 36, 38, 
  40, 45, 49, 55, 58, 59, 61, 64 ],
[ 1, 2, 3, 4, 5, 7, 12, 16, 18, 19, 20, 21, 22, 24, 29, 31, 32, 34, 38, 39, 
  43, 45, 48, 49, 56, 59, 63, 64 ],
[ 1, 2, 3, 4, 5, 7, 12, 16, 18, 19, 20, 21, 22, 24, 26, 27, 28, 32, 35, 38, 
  40, 43, 52, 56, 58, 60, 63, 64 ],
[ 1, 2, 3, 4, 5, 7, 12, 16, 18, 19, 20, 21, 22, 23, 26, 31, 32, 33, 36, 38, 
  40, 43, 51, 55, 58, 61, 62, 64 ],
[ 1, 2, 3, 4, 5, 7, 12, 15, 16, 19, 21, 22, 26, 28, 31, 32, 33, 35, 36, 39, 
  41, 42, 43, 50, 58, 60, 61, 64 ],
[ 1, 2, 3, 4, 5, 7, 12, 15, 16, 19, 21, 22, 26, 28, 30, 32, 35, 37, 39, 41, 
  42, 43, 49, 58, 60, 61, 63, 64 ],
[ 1, 2, 3, 4, 5, 7, 12, 15, 16, 19, 21, 22, 26, 27, 31, 32, 33, 35, 36, 39, 
  41, 42, 44, 51, 58, 59, 61, 64 ],
[ 1, 2, 3, 4, 5, 7, 12, 15, 16, 19, 21, 22, 26, 27, 28, 31, 32, 33, 35, 41, 
  42, 43, 46, 56, 57, 58, 60, 64 ],
[ 1, 2, 3, 4, 5, 7, 12, 15, 16, 19, 21, 22, 24, 26, 27, 30, 32, 35, 36, 40, 
  41, 42, 44, 51, 58, 59, 63, 64 ],
[ 1, 2, 3, 4, 5, 7, 12, 15, 16, 19, 21, 22, 23, 26, 27, 29, 30, 32, 33, 35, 
  41, 42, 43, 47, 56, 57, 58, 64 ],
[ 1, 2, 3, 4, 5, 7, 12, 15, 16, 19, 20, 21, 22, 26, 28, 32, 35, 37, 39, 41, 
  49, 52, 53, 58, 59, 60, 61, 64 ],
[ 1, 2, 3, 4, 5, 7, 12, 15, 16, 19, 20, 21, 22, 24, 26, 28, 32, 35, 36, 40, 
  41, 50, 52, 53, 58, 59, 60, 64 ],
[ 1, 2, 3, 4, 5, 7, 12, 15, 16, 19, 20, 21, 22, 23, 26, 29, 32, 35, 37, 39, 
  41, 43, 50, 52, 53, 58, 59, 61 ],
[ 1, 2, 3, 4, 5, 7, 12, 15, 16, 18, 19, 21, 22, 26, 28, 31, 32, 35, 42, 43, 
  44, 46, 50, 54, 56, 57, 58, 64 ],
[ 1, 2, 3, 4, 5, 7, 12, 15, 16, 18, 19, 20, 21, 22, 26, 31, 32, 35, 36, 43, 
  46, 50, 51, 54, 57, 58, 60, 64 ],
[ 1, 2, 3, 4, 5, 7, 12, 15, 16, 18, 19, 20, 21, 22, 26, 28, 32, 35, 37, 39, 
  44, 52, 58, 59, 61, 62, 63, 64 ],
[ 1, 2, 3, 4, 5, 7, 12, 15, 16, 18, 19, 20, 21, 22, 26, 28, 31, 32, 33, 35, 
  36, 39, 43, 44, 46, 50, 58, 64 ],
[ 1, 2, 3, 4, 5, 7, 12, 13, 16, 18, 19, 21, 22, 26, 29, 30, 32, 33, 36, 38, 
  42, 43, 45, 47, 50, 57, 58, 64 ]
];

