## Group: [64, 177]
## Difference Sets: 136
## Time:  0:04:28.659

return [
[ 1, 4, 5, 6, 8, 11, 15, 16, 18, 20, 25, 26, 27, 28, 30, 32, 34, 35, 36, 37, 
  40, 48, 50, 51, 52, 53, 54, 57 ],
[ 1, 4, 5, 6, 8, 11, 15, 16, 18, 19, 20, 24, 25, 27, 28, 30, 32, 34, 35, 36, 
  37, 41, 46, 50, 51, 52, 53, 54 ],
[ 1, 4, 5, 6, 8, 11, 14, 15, 18, 20, 25, 26, 28, 29, 30, 32, 34, 35, 37, 38, 
  40, 48, 49, 50, 52, 53, 54, 57 ],
[ 1, 4, 5, 6, 8, 11, 14, 15, 18, 20, 25, 26, 27, 28, 29, 30, 32, 34, 35, 37, 
  38, 40, 48, 52, 53, 54, 57, 62 ],
[ 1, 4, 5, 6, 8, 11, 14, 15, 18, 19, 20, 24, 25, 28, 29, 30, 32, 34, 35, 37, 
  38, 41, 46, 49, 50, 52, 53, 54 ],
[ 1, 4, 5, 6, 8, 11, 14, 15, 18, 19, 20, 24, 25, 28, 29, 30, 32, 33, 34, 35, 
  37, 38, 41, 46, 49, 50, 52, 63 ],
[ 1, 4, 5, 6, 8, 11, 14, 15, 18, 19, 20, 24, 25, 27, 28, 29, 30, 32, 34, 35, 
  37, 38, 41, 46, 52, 53, 54, 62 ],
[ 1, 4, 5, 6, 8, 11, 14, 15, 18, 19, 20, 24, 25, 27, 28, 29, 30, 32, 33, 34, 
  35, 37, 38, 41, 46, 52, 62, 63 ],
[ 1, 4, 5, 6, 8, 11, 14, 15, 16, 18, 19, 20, 24, 25, 27, 28, 30, 32, 33, 34, 
  35, 41, 46, 50, 51, 52, 56, 63 ],
[ 1, 4, 5, 6, 8, 11, 13, 14, 15, 18, 19, 20, 24, 25, 28, 29, 30, 32, 37, 38, 
  41, 46, 49, 50, 52, 53, 54, 55 ],
[ 1, 4, 5, 6, 8, 11, 13, 14, 15, 18, 19, 20, 24, 25, 28, 29, 30, 32, 33, 37, 
  38, 41, 46, 49, 50, 52, 55, 63 ],
[ 1, 4, 5, 6, 8, 11, 13, 14, 15, 18, 19, 20, 24, 25, 27, 28, 29, 30, 32, 37, 
  38, 41, 46, 52, 53, 54, 55, 62 ],
[ 1, 4, 5, 6, 8, 11, 13, 14, 15, 18, 19, 20, 24, 25, 27, 28, 29, 30, 32, 33, 
  37, 38, 41, 46, 52, 55, 62, 63 ],
[ 1, 4, 5, 6, 8, 11, 12, 15, 18, 20, 25, 26, 28, 29, 30, 31, 33, 34, 36, 38, 
  40, 48, 49, 50, 54, 55, 56, 57 ],
[ 1, 4, 5, 6, 8, 11, 12, 15, 18, 19, 20, 24, 25, 28, 29, 30, 31, 33, 34, 36, 
  38, 41, 46, 49, 50, 54, 55, 56 ],
[ 1, 4, 5, 6, 8, 11, 12, 15, 16, 18, 20, 25, 26, 28, 30, 31, 33, 34, 36, 37, 
  40, 48, 49, 51, 54, 55, 57, 62 ],
[ 1, 4, 5, 6, 8, 11, 12, 15, 16, 18, 19, 20, 24, 25, 28, 30, 31, 33, 34, 36, 
  37, 41, 46, 49, 51, 54, 55, 62 ],
[ 1, 4, 5, 6, 8, 11, 12, 14, 15, 18, 20, 25, 26, 28, 29, 30, 31, 34, 37, 38, 
  40, 48, 49, 50, 53, 55, 57, 63 ],
[ 1, 4, 5, 6, 8, 11, 12, 14, 15, 18, 19, 20, 24, 25, 28, 29, 30, 31, 34, 37, 
  38, 41, 46, 49, 50, 53, 55, 63 ],
[ 1, 4, 5, 6, 8, 11, 12, 14, 15, 16, 18, 19, 20, 24, 25, 28, 30, 31, 33, 34, 
  41, 46, 49, 51, 54, 55, 56, 62 ],
[ 1, 4, 5, 6, 8, 11, 12, 13, 15, 16, 18, 19, 20, 24, 25, 28, 30, 31, 35, 36, 
  37, 41, 46, 49, 51, 53, 62, 63 ],
[ 1, 4, 5, 6, 8, 11, 12, 13, 14, 15, 16, 18, 19, 20, 24, 25, 28, 30, 31, 35, 
  41, 46, 49, 51, 53, 56, 62, 63 ],
[ 1, 4, 5, 6, 8, 10, 11, 15, 18, 20, 25, 26, 27, 28, 29, 31, 32, 34, 35, 36, 
  38, 40, 48, 53, 54, 56, 57, 62 ],
[ 1, 4, 5, 6, 8, 10, 11, 15, 18, 19, 20, 24, 25, 27, 28, 29, 31, 32, 34, 35, 
  36, 38, 41, 46, 53, 54, 56, 62 ],
[ 1, 4, 5, 6, 8, 10, 11, 15, 18, 19, 20, 24, 25, 27, 28, 29, 31, 32, 33, 34, 
  35, 36, 38, 41, 46, 56, 62, 63 ],
[ 1, 4, 5, 6, 8, 10, 11, 15, 16, 18, 20, 25, 26, 28, 31, 32, 34, 35, 36, 37, 
  40, 48, 49, 51, 53, 54, 57, 62 ],
[ 1, 4, 5, 6, 8, 10, 11, 15, 16, 18, 19, 20, 24, 25, 28, 31, 32, 34, 35, 36, 
  37, 41, 46, 49, 51, 53, 54, 62 ],
[ 1, 4, 5, 6, 8, 10, 11, 14, 15, 16, 18, 19, 20, 24, 25, 28, 31, 32, 33, 34, 
  35, 41, 46, 49, 51, 56, 62, 63 ],
[ 1, 4, 5, 6, 8, 10, 11, 13, 15, 18, 19, 20, 24, 25, 27, 28, 29, 31, 32, 36, 
  38, 41, 46, 53, 54, 55, 56, 62 ],
[ 1, 4, 5, 6, 8, 10, 11, 13, 15, 18, 19, 20, 24, 25, 27, 28, 29, 31, 32, 33, 
  36, 38, 41, 46, 55, 56, 62, 63 ],
[ 1, 4, 5, 6, 8, 10, 11, 12, 15, 18, 20, 25, 26, 27, 28, 29, 33, 34, 36, 38, 
  40, 48, 52, 54, 55, 56, 57, 62 ],
[ 1, 4, 5, 6, 8, 10, 11, 12, 15, 18, 19, 20, 24, 25, 27, 28, 29, 33, 34, 36, 
  38, 41, 46, 52, 54, 55, 56, 62 ],
[ 1, 4, 5, 6, 8, 10, 11, 12, 14, 15, 18, 20, 25, 26, 27, 28, 29, 34, 37, 38, 
  40, 48, 52, 53, 55, 57, 62, 63 ],
[ 1, 4, 5, 6, 8, 10, 11, 12, 14, 15, 18, 19, 20, 24, 25, 27, 28, 29, 34, 37, 
  38, 41, 46, 52, 53, 55, 62, 63 ],
[ 1, 4, 5, 6, 7, 8, 11, 15, 16, 18, 20, 22, 25, 27, 28, 30, 32, 34, 35, 36, 
  37, 50, 51, 52, 53, 54, 59, 64 ],
[ 1, 4, 5, 6, 7, 8, 11, 14, 15, 18, 20, 22, 25, 28, 29, 30, 32, 34, 35, 37, 
  38, 49, 50, 52, 53, 54, 59, 64 ],
[ 1, 4, 5, 6, 7, 8, 11, 14, 15, 18, 20, 22, 25, 28, 29, 30, 32, 33, 34, 35, 
  37, 38, 49, 50, 52, 59, 63, 64 ],
[ 1, 4, 5, 6, 7, 8, 11, 14, 15, 18, 20, 22, 25, 27, 28, 29, 30, 32, 34, 35, 
  37, 38, 52, 53, 54, 59, 62, 64 ],
[ 1, 4, 5, 6, 7, 8, 11, 14, 15, 18, 20, 22, 25, 27, 28, 29, 30, 32, 33, 34, 
  35, 37, 38, 52, 59, 62, 63, 64 ],
[ 1, 4, 5, 6, 7, 8, 11, 14, 15, 16, 18, 20, 22, 25, 27, 28, 30, 32, 33, 34, 
  35, 50, 51, 52, 56, 59, 63, 64 ],
[ 1, 4, 5, 6, 7, 8, 11, 13, 14, 15, 18, 20, 22, 25, 28, 29, 30, 32, 37, 38, 
  49, 50, 52, 53, 54, 55, 59, 64 ],
[ 1, 4, 5, 6, 7, 8, 11, 13, 14, 15, 18, 20, 22, 25, 27, 28, 29, 30, 32, 33, 
  37, 38, 52, 55, 59, 62, 63, 64 ],
[ 1, 4, 5, 6, 7, 8, 11, 12, 15, 18, 20, 22, 25, 28, 29, 30, 31, 33, 34, 36, 
  38, 49, 50, 54, 55, 56, 59, 64 ],
[ 1, 4, 5, 6, 7, 8, 11, 12, 15, 16, 18, 20, 22, 25, 28, 30, 31, 33, 34, 36, 
  37, 49, 51, 54, 55, 59, 62, 64 ],
[ 1, 4, 5, 6, 7, 8, 11, 12, 14, 15, 18, 20, 22, 25, 28, 29, 30, 31, 34, 37, 
  38, 49, 50, 53, 55, 59, 63, 64 ],
[ 1, 4, 5, 6, 7, 8, 11, 12, 14, 15, 16, 18, 20, 22, 25, 28, 30, 31, 33, 34, 
  49, 51, 54, 55, 56, 59, 62, 64 ],
[ 1, 4, 5, 6, 7, 8, 11, 12, 13, 14, 15, 16, 18, 20, 22, 25, 28, 30, 31, 35, 
  49, 51, 53, 56, 59, 62, 63, 64 ],
[ 1, 4, 5, 6, 7, 8, 10, 11, 15, 18, 20, 22, 25, 27, 28, 29, 31, 32, 34, 35, 
  36, 38, 53, 54, 56, 59, 62, 64 ],
[ 1, 4, 5, 6, 7, 8, 10, 11, 15, 18, 20, 22, 25, 27, 28, 29, 31, 32, 33, 34, 
  35, 36, 38, 56, 59, 62, 63, 64 ],
[ 1, 4, 5, 6, 7, 8, 10, 11, 15, 16, 18, 20, 22, 25, 28, 31, 32, 34, 35, 36, 
  37, 49, 51, 53, 54, 59, 62, 64 ],
[ 1, 4, 5, 6, 7, 8, 10, 11, 14, 15, 16, 18, 20, 22, 25, 28, 31, 32, 33, 34, 
  35, 49, 51, 56, 59, 62, 63, 64 ],
[ 1, 4, 5, 6, 7, 8, 10, 11, 13, 15, 18, 20, 22, 25, 27, 28, 29, 31, 32, 33, 
  36, 38, 55, 56, 59, 62, 63, 64 ],
[ 1, 4, 5, 6, 7, 8, 10, 11, 12, 15, 18, 20, 22, 25, 27, 28, 29, 33, 34, 36, 
  38, 52, 54, 55, 56, 59, 62, 64 ],
[ 1, 4, 5, 6, 7, 8, 10, 11, 12, 14, 15, 18, 20, 22, 25, 27, 28, 29, 34, 37, 
  38, 52, 53, 55, 59, 62, 63, 64 ],
[ 1, 3, 9, 11, 13, 15, 16, 17, 18, 20, 21, 22, 25, 26, 27, 28, 30, 32, 33, 
  34, 38, 40, 41, 46, 47, 49, 52, 53 ],
[ 1, 3, 9, 11, 13, 15, 16, 17, 18, 20, 21, 22, 24, 25, 26, 27, 28, 30, 32, 
  33, 34, 38, 40, 41, 49, 52, 53, 61 ],
[ 1, 3, 9, 11, 13, 15, 16, 17, 18, 19, 20, 21, 22, 24, 25, 27, 28, 30, 32, 
  33, 34, 38, 47, 48, 49, 52, 53, 57 ],
[ 1, 3, 9, 10, 11, 13, 15, 16, 18, 20, 21, 22, 25, 26, 27, 28, 31, 32, 33, 
  34, 38, 39, 41, 46, 47, 49, 53, 57 ],
[ 1, 3, 9, 10, 11, 13, 15, 16, 18, 20, 21, 22, 24, 25, 26, 27, 28, 31, 32, 
  33, 34, 38, 39, 41, 49, 53, 57, 61 ],
[ 1, 3, 9, 10, 11, 13, 15, 16, 17, 18, 19, 20, 21, 22, 25, 27, 28, 31, 32, 
  33, 34, 38, 46, 48, 49, 53, 57, 61 ],
[ 1, 3, 7, 8, 11, 12, 13, 14, 15, 18, 20, 25, 26, 28, 29, 30, 31, 34, 36, 39, 
  41, 42, 48, 49, 50, 54, 57, 63 ],
[ 1, 3, 7, 8, 10, 11, 12, 13, 14, 15, 18, 20, 25, 26, 27, 28, 29, 34, 36, 39, 
  41, 42, 48, 52, 54, 57, 62, 63 ],
[ 1, 3, 6, 8, 11, 12, 15, 16, 18, 21, 24, 25, 28, 29, 30, 31, 33, 34, 38, 39, 
  41, 42, 46, 49, 50, 54, 55, 57 ],
[ 1, 3, 6, 8, 11, 12, 15, 16, 17, 18, 21, 24, 25, 28, 29, 30, 31, 34, 38, 40, 
  41, 42, 46, 49, 50, 53, 55, 63 ],
[ 1, 3, 6, 7, 11, 12, 13, 15, 18, 22, 24, 25, 28, 29, 30, 31, 33, 34, 37, 39, 
  41, 47, 48, 49, 50, 53, 56, 57 ],
[ 1, 3, 6, 7, 11, 12, 13, 14, 15, 18, 22, 24, 25, 28, 29, 30, 31, 34, 36, 39, 
  41, 47, 48, 49, 50, 54, 57, 63 ],
[ 1, 3, 5, 9, 11, 13, 15, 16, 18, 19, 22, 24, 25, 27, 28, 30, 32, 33, 34, 38, 
  39, 40, 42, 47, 48, 49, 52, 53 ],
[ 1, 3, 5, 9, 11, 13, 15, 16, 17, 18, 22, 25, 26, 27, 28, 30, 32, 33, 34, 38, 
  40, 41, 42, 46, 47, 49, 52, 53 ],
[ 1, 3, 5, 9, 11, 13, 15, 16, 17, 18, 22, 24, 25, 26, 27, 28, 30, 32, 33, 34, 
  38, 40, 41, 42, 49, 52, 53, 61 ],
[ 1, 3, 5, 9, 10, 11, 13, 15, 16, 18, 22, 25, 26, 27, 28, 31, 32, 33, 34, 38, 
  39, 41, 42, 46, 47, 49, 53, 57 ],
[ 1, 3, 5, 9, 10, 11, 13, 15, 16, 18, 22, 24, 25, 26, 27, 28, 31, 32, 33, 34, 
  38, 39, 41, 42, 49, 53, 57, 61 ],
[ 1, 3, 5, 9, 10, 11, 13, 15, 16, 18, 19, 22, 25, 27, 28, 31, 32, 33, 34, 38, 
  39, 40, 42, 46, 48, 49, 53, 61 ],
[ 1, 3, 5, 6, 8, 11, 12, 15, 16, 18, 20, 24, 25, 28, 29, 30, 31, 33, 34, 38, 
  39, 41, 46, 49, 50, 54, 55, 57 ],
[ 1, 3, 5, 6, 8, 11, 12, 15, 16, 17, 18, 20, 24, 25, 28, 29, 30, 31, 34, 38, 
  40, 41, 46, 49, 50, 53, 55, 63 ],
[ 1, 3, 4, 7, 11, 12, 13, 15, 18, 19, 20, 25, 28, 29, 30, 31, 33, 34, 37, 41, 
  42, 46, 48, 49, 50, 53, 56, 61 ],
[ 1, 3, 4, 7, 11, 12, 13, 14, 15, 18, 19, 20, 25, 28, 29, 30, 31, 34, 36, 41, 
  42, 46, 48, 49, 50, 54, 61, 63 ],
[ 1, 3, 4, 6, 11, 15, 16, 17, 18, 21, 25, 26, 27, 28, 30, 32, 34, 35, 36, 37, 
  38, 39, 42, 50, 51, 52, 58, 59 ],
[ 1, 3, 4, 6, 11, 12, 15, 16, 17, 18, 21, 25, 28, 29, 30, 31, 33, 34, 38, 39, 
  42, 46, 48, 49, 50, 54, 55, 61 ],
[ 1, 3, 4, 6, 11, 12, 15, 16, 17, 18, 21, 24, 25, 28, 29, 30, 31, 34, 38, 39, 
  42, 47, 48, 49, 50, 53, 55, 63 ],
[ 1, 3, 4, 5, 6, 11, 15, 16, 18, 20, 25, 26, 27, 28, 30, 32, 34, 35, 36, 37, 
  38, 40, 50, 51, 52, 57, 58, 59 ],
[ 1, 3, 4, 5, 6, 11, 12, 15, 16, 18, 20, 25, 28, 29, 30, 31, 33, 34, 38, 40, 
  46, 48, 49, 50, 54, 55, 57, 61 ],
[ 1, 3, 4, 5, 6, 11, 12, 15, 16, 18, 20, 24, 25, 28, 29, 30, 31, 34, 38, 40, 
  47, 48, 49, 50, 53, 55, 57, 63 ],
[ 1, 2, 9, 11, 12, 13, 15, 17, 18, 20, 21, 22, 25, 26, 27, 28, 32, 33, 34, 
  36, 38, 40, 41, 46, 47, 49, 53, 56 ],
[ 1, 2, 9, 11, 12, 13, 15, 17, 18, 20, 21, 22, 24, 25, 26, 27, 28, 32, 33, 
  34, 36, 38, 40, 41, 49, 53, 56, 61 ],
[ 1, 2, 9, 11, 12, 13, 15, 17, 18, 19, 20, 21, 22, 24, 25, 27, 28, 32, 33, 
  34, 36, 38, 47, 48, 49, 53, 56, 57 ],
[ 1, 2, 9, 11, 12, 13, 14, 15, 18, 20, 21, 22, 25, 26, 27, 28, 32, 33, 34, 
  37, 38, 39, 41, 46, 47, 49, 53, 57 ],
[ 1, 2, 9, 11, 12, 13, 14, 15, 18, 20, 21, 22, 24, 25, 26, 27, 28, 32, 33, 
  34, 37, 38, 39, 41, 49, 53, 57, 61 ],
[ 1, 2, 9, 11, 12, 13, 14, 15, 17, 18, 19, 20, 21, 22, 25, 27, 28, 32, 33, 
  34, 37, 38, 46, 48, 49, 53, 57, 61 ],
[ 1, 2, 6, 8, 10, 11, 12, 15, 17, 18, 19, 20, 21, 25, 28, 29, 32, 33, 34, 36, 
  38, 39, 43, 52, 54, 55, 56, 58 ],
[ 1, 2, 6, 8, 10, 11, 12, 13, 15, 17, 18, 19, 20, 21, 25, 28, 29, 32, 35, 36, 
  38, 39, 43, 52, 53, 56, 58, 63 ],
[ 1, 2, 5, 9, 11, 12, 13, 15, 18, 19, 22, 24, 25, 27, 28, 32, 33, 34, 36, 38, 
  39, 40, 42, 47, 48, 49, 53, 56 ],
[ 1, 2, 5, 9, 11, 12, 13, 15, 17, 18, 22, 25, 26, 27, 28, 32, 33, 34, 36, 38, 
  40, 41, 42, 46, 47, 49, 53, 56 ],
[ 1, 2, 5, 9, 11, 12, 13, 15, 17, 18, 22, 24, 25, 26, 27, 28, 32, 33, 34, 36, 
  38, 40, 41, 42, 49, 53, 56, 61 ],
[ 1, 2, 5, 9, 11, 12, 13, 14, 15, 18, 22, 25, 26, 27, 28, 32, 33, 34, 37, 38, 
  39, 41, 42, 46, 47, 49, 53, 57 ],
[ 1, 2, 5, 9, 11, 12, 13, 14, 15, 18, 22, 24, 25, 26, 27, 28, 32, 33, 34, 37, 
  38, 39, 41, 42, 49, 53, 57, 61 ],
[ 1, 2, 5, 9, 11, 12, 13, 14, 15, 18, 19, 22, 25, 27, 28, 32, 33, 34, 37, 38, 
  39, 40, 42, 46, 48, 49, 53, 61 ],
[ 1, 2, 5, 6, 8, 11, 12, 15, 16, 18, 20, 25, 27, 28, 32, 34, 35, 36, 37, 39, 
  41, 47, 50, 51, 53, 54, 57, 61 ],
[ 1, 2, 5, 6, 8, 11, 12, 15, 16, 18, 20, 24, 25, 27, 28, 32, 34, 35, 36, 37, 
  39, 41, 46, 50, 51, 53, 54, 57 ],
[ 1, 2, 5, 6, 8, 11, 12, 15, 16, 17, 18, 20, 25, 28, 32, 34, 35, 36, 37, 40, 
  41, 47, 49, 51, 53, 54, 61, 62 ],
[ 1, 2, 5, 6, 8, 11, 12, 15, 16, 17, 18, 20, 24, 25, 28, 32, 34, 35, 36, 37, 
  40, 41, 46, 49, 51, 53, 54, 62 ],
[ 1, 2, 4, 5, 6, 11, 12, 15, 16, 18, 20, 25, 27, 28, 32, 34, 35, 36, 37, 40, 
  46, 48, 50, 51, 53, 54, 57, 61 ],
[ 1, 2, 4, 5, 6, 11, 12, 15, 16, 18, 20, 24, 25, 28, 32, 34, 35, 36, 37, 40, 
  47, 48, 49, 51, 53, 54, 57, 62 ],
[ 1, 2, 3, 7, 9, 11, 15, 16, 18, 20, 25, 26, 27, 28, 31, 34, 35, 36, 37, 38, 
  39, 41, 42, 49, 52, 57, 58, 59 ],
[ 1, 2, 3, 7, 9, 10, 11, 15, 16, 18, 20, 25, 26, 28, 30, 34, 35, 36, 37, 38, 
  39, 41, 42, 50, 57, 58, 59, 62 ],
[ 1, 2, 3, 7, 9, 10, 11, 12, 15, 18, 20, 25, 26, 28, 30, 32, 34, 35, 36, 37, 
  39, 41, 42, 54, 57, 58, 59, 63 ],
[ 1, 2, 3, 7, 8, 11, 14, 15, 18, 20, 25, 26, 28, 29, 31, 34, 35, 36, 39, 41, 
  42, 48, 49, 50, 52, 53, 54, 57 ],
[ 1, 2, 3, 7, 8, 11, 14, 15, 18, 20, 25, 26, 28, 29, 31, 33, 34, 35, 36, 39, 
  41, 42, 48, 49, 50, 52, 57, 63 ],
[ 1, 2, 3, 7, 8, 11, 14, 15, 18, 20, 25, 26, 27, 28, 29, 31, 34, 35, 36, 39, 
  41, 42, 48, 52, 53, 54, 57, 62 ],
[ 1, 2, 3, 7, 8, 11, 14, 15, 18, 20, 25, 26, 27, 28, 29, 31, 33, 34, 35, 36, 
  39, 41, 42, 48, 52, 57, 62, 63 ],
[ 1, 2, 3, 7, 8, 10, 11, 14, 15, 18, 20, 25, 26, 28, 29, 30, 34, 35, 36, 39, 
  41, 42, 48, 49, 50, 53, 54, 57 ],
[ 1, 2, 3, 7, 8, 10, 11, 14, 15, 18, 20, 25, 26, 28, 29, 30, 33, 34, 35, 36, 
  39, 41, 42, 48, 49, 50, 57, 63 ],
[ 1, 2, 3, 7, 8, 10, 11, 14, 15, 18, 20, 25, 26, 27, 28, 29, 30, 34, 35, 36, 
  39, 41, 42, 48, 53, 54, 57, 62 ],
[ 1, 2, 3, 7, 8, 10, 11, 14, 15, 18, 20, 25, 26, 27, 28, 29, 30, 33, 34, 35, 
  36, 39, 41, 42, 48, 57, 62, 63 ],
[ 1, 2, 3, 6, 7, 10, 11, 15, 18, 22, 24, 25, 28, 29, 30, 34, 35, 37, 39, 41, 
  47, 48, 49, 50, 53, 54, 56, 57 ],
[ 1, 2, 3, 6, 7, 10, 11, 15, 18, 22, 24, 25, 28, 29, 30, 33, 34, 35, 37, 39, 
  41, 47, 48, 49, 50, 56, 57, 63 ],
[ 1, 2, 3, 6, 7, 10, 11, 15, 18, 22, 24, 25, 27, 28, 29, 30, 34, 35, 37, 39, 
  41, 47, 48, 53, 54, 56, 57, 62 ],
[ 1, 2, 3, 6, 7, 10, 11, 15, 18, 22, 24, 25, 27, 28, 29, 30, 33, 34, 35, 37, 
  39, 41, 47, 48, 56, 57, 62, 63 ],
[ 1, 2, 3, 6, 7, 10, 11, 15, 17, 18, 22, 25, 28, 29, 30, 34, 35, 37, 40, 41, 
  46, 48, 49, 50, 53, 54, 56, 61 ],
[ 1, 2, 3, 6, 7, 10, 11, 15, 17, 18, 22, 25, 27, 28, 29, 30, 34, 35, 37, 40, 
  41, 46, 48, 53, 54, 56, 61, 62 ],
[ 1, 2, 3, 6, 7, 10, 11, 14, 15, 18, 22, 24, 25, 28, 29, 30, 34, 35, 36, 39, 
  41, 47, 48, 49, 50, 53, 54, 57 ],
[ 1, 2, 3, 6, 7, 10, 11, 14, 15, 18, 22, 24, 25, 27, 28, 29, 30, 34, 35, 36, 
  39, 41, 47, 48, 53, 54, 57, 62 ],
[ 1, 2, 3, 5, 7, 9, 11, 15, 16, 17, 18, 21, 25, 26, 27, 28, 31, 34, 35, 36, 
  37, 38, 40, 41, 49, 52, 58, 59 ],
[ 1, 2, 3, 5, 7, 9, 10, 11, 15, 16, 17, 18, 21, 25, 26, 28, 30, 34, 35, 36, 
  37, 38, 40, 41, 50, 58, 59, 62 ],
[ 1, 2, 3, 5, 7, 9, 10, 11, 12, 15, 17, 18, 21, 25, 26, 28, 30, 32, 34, 35, 
  36, 37, 40, 41, 54, 58, 59, 63 ],
[ 1, 2, 3, 4, 7, 10, 11, 15, 18, 19, 20, 25, 28, 29, 30, 34, 35, 37, 41, 42, 
  46, 48, 49, 50, 53, 54, 56, 61 ],
[ 1, 2, 3, 4, 7, 10, 11, 15, 18, 19, 20, 25, 28, 29, 30, 33, 34, 35, 37, 41, 
  42, 46, 48, 49, 50, 56, 61, 63 ],
[ 1, 2, 3, 4, 7, 10, 11, 15, 18, 19, 20, 25, 27, 28, 29, 30, 34, 35, 37, 41, 
  42, 46, 48, 53, 54, 56, 61, 62 ],
[ 1, 2, 3, 4, 7, 10, 11, 15, 18, 19, 20, 25, 27, 28, 29, 30, 33, 34, 35, 37, 
  41, 42, 46, 48, 56, 61, 62, 63 ],
[ 1, 2, 3, 4, 7, 10, 11, 14, 15, 18, 19, 20, 25, 28, 29, 30, 34, 35, 36, 41, 
  42, 46, 48, 49, 50, 53, 54, 61 ],
[ 1, 2, 3, 4, 7, 10, 11, 14, 15, 18, 19, 20, 25, 28, 29, 30, 33, 34, 35, 36, 
  41, 42, 46, 48, 49, 50, 61, 63 ],
[ 1, 2, 3, 4, 7, 10, 11, 14, 15, 18, 19, 20, 25, 27, 28, 29, 30, 34, 35, 36, 
  41, 42, 46, 48, 53, 54, 61, 62 ],
[ 1, 2, 3, 4, 7, 10, 11, 14, 15, 18, 19, 20, 25, 27, 28, 29, 30, 33, 34, 35, 
  36, 41, 42, 46, 48, 61, 62, 63 ],
[ 1, 2, 3, 4, 7, 10, 11, 13, 15, 18, 19, 20, 25, 28, 29, 30, 37, 41, 42, 46, 
  48, 49, 50, 53, 54, 55, 56, 61 ],
[ 1, 2, 3, 4, 7, 10, 11, 13, 15, 18, 19, 20, 25, 27, 28, 29, 30, 33, 37, 41, 
  42, 46, 48, 55, 56, 61, 62, 63 ],
[ 1, 2, 3, 4, 7, 10, 11, 13, 14, 15, 18, 19, 20, 25, 28, 29, 30, 33, 36, 41, 
  42, 46, 48, 49, 50, 55, 61, 63 ],
[ 1, 2, 3, 4, 7, 10, 11, 13, 14, 15, 18, 19, 20, 25, 27, 28, 29, 30, 36, 41, 
  42, 46, 48, 53, 54, 55, 61, 62 ]
];

