## Group: [64, 183]
## Difference Sets: 160
## Time:  0:02:53.985

return [
[ 1, 4, 7, 9, 11, 15, 17, 18, 19, 20, 21, 23, 24, 25, 27, 28, 29, 31, 33, 37, 
  38, 39, 41, 44, 45, 56, 59, 63 ],
[ 1, 4, 7, 9, 11, 15, 17, 18, 19, 20, 21, 22, 23, 24, 25, 27, 28, 29, 33, 37, 
  39, 44, 45, 47, 50, 55, 56, 63 ],
[ 1, 4, 7, 9, 11, 14, 17, 18, 19, 20, 22, 23, 24, 25, 27, 28, 29, 31, 34, 37, 
  38, 39, 40, 44, 45, 56, 59, 63 ],
[ 1, 4, 7, 9, 11, 14, 17, 18, 19, 20, 21, 22, 23, 24, 25, 27, 28, 29, 34, 38, 
  39, 44, 45, 47, 50, 54, 56, 63 ],
[ 1, 4, 7, 9, 11, 14, 15, 17, 18, 19, 20, 22, 23, 25, 27, 28, 29, 31, 37, 39, 
  40, 43, 44, 45, 47, 55, 56, 63 ],
[ 1, 4, 7, 9, 11, 14, 15, 17, 18, 19, 20, 21, 23, 25, 27, 28, 29, 31, 38, 39, 
  41, 43, 44, 45, 47, 54, 56, 63 ],
[ 1, 4, 7, 9, 11, 12, 15, 17, 18, 19, 20, 23, 24, 25, 26, 27, 28, 31, 33, 38, 
  39, 40, 41, 44, 54, 56, 59, 63 ],
[ 1, 4, 7, 9, 11, 12, 15, 17, 18, 19, 20, 22, 23, 24, 25, 26, 27, 28, 33, 39, 
  40, 44, 47, 50, 54, 55, 56, 63 ],
[ 1, 4, 7, 9, 11, 12, 14, 17, 18, 19, 20, 23, 24, 25, 26, 27, 28, 31, 34, 37, 
  39, 40, 41, 44, 55, 56, 59, 63 ],
[ 1, 4, 7, 9, 11, 12, 14, 17, 18, 19, 20, 21, 23, 24, 25, 26, 27, 28, 34, 39, 
  41, 44, 47, 50, 54, 55, 56, 63 ],
[ 1, 4, 7, 9, 11, 12, 14, 15, 17, 18, 19, 20, 22, 23, 25, 26, 27, 28, 37, 39, 
  40, 43, 44, 50, 55, 56, 59, 63 ],
[ 1, 4, 7, 9, 11, 12, 14, 15, 17, 18, 19, 20, 21, 23, 25, 26, 27, 28, 38, 39, 
  41, 43, 44, 50, 54, 56, 59, 63 ],
[ 1, 4, 7, 9, 10, 15, 17, 18, 19, 20, 21, 23, 24, 25, 27, 28, 29, 32, 33, 37, 
  38, 39, 41, 43, 45, 56, 60, 63 ],
[ 1, 4, 7, 9, 10, 15, 17, 18, 19, 20, 21, 22, 23, 24, 25, 27, 28, 29, 33, 37, 
  39, 43, 45, 48, 51, 55, 56, 63 ],
[ 1, 4, 7, 9, 10, 14, 17, 18, 19, 20, 22, 23, 24, 25, 27, 28, 29, 32, 34, 37, 
  38, 39, 40, 43, 45, 56, 60, 63 ],
[ 1, 4, 7, 9, 10, 14, 17, 18, 19, 20, 21, 22, 23, 24, 25, 27, 28, 29, 34, 38, 
  39, 43, 45, 48, 51, 54, 56, 63 ],
[ 1, 4, 7, 9, 10, 14, 15, 17, 18, 19, 20, 22, 23, 24, 27, 28, 29, 32, 37, 39, 
  40, 43, 44, 45, 48, 55, 56, 63 ],
[ 1, 4, 7, 9, 10, 14, 15, 17, 18, 19, 20, 21, 23, 24, 27, 28, 29, 32, 38, 39, 
  41, 43, 44, 45, 48, 54, 56, 63 ],
[ 1, 4, 7, 9, 10, 12, 15, 17, 18, 19, 20, 23, 24, 25, 26, 27, 28, 32, 33, 38, 
  39, 40, 41, 43, 54, 56, 60, 63 ],
[ 1, 4, 7, 9, 10, 12, 15, 17, 18, 19, 20, 22, 23, 24, 25, 26, 27, 28, 33, 39, 
  40, 43, 48, 51, 54, 55, 56, 63 ],
[ 1, 4, 7, 9, 10, 12, 14, 17, 18, 19, 20, 23, 24, 25, 26, 27, 28, 32, 34, 37, 
  39, 40, 41, 43, 55, 56, 60, 63 ],
[ 1, 4, 7, 9, 10, 12, 14, 17, 18, 19, 20, 21, 23, 24, 25, 26, 27, 28, 34, 39, 
  41, 43, 48, 51, 54, 55, 56, 63 ],
[ 1, 4, 7, 9, 10, 12, 14, 15, 17, 18, 19, 20, 22, 23, 24, 26, 27, 28, 37, 39, 
  40, 43, 44, 51, 55, 56, 60, 63 ],
[ 1, 4, 7, 9, 10, 12, 14, 15, 17, 18, 19, 20, 21, 23, 24, 26, 27, 28, 38, 39, 
  41, 43, 44, 51, 54, 56, 60, 63 ],
[ 1, 4, 7, 9, 10, 11, 15, 17, 18, 19, 21, 23, 24, 27, 28, 29, 33, 36, 37, 38, 
  39, 41, 42, 43, 45, 48, 60, 63 ],
[ 1, 4, 7, 9, 10, 11, 15, 17, 18, 19, 21, 22, 23, 24, 27, 28, 29, 33, 36, 37, 
  39, 43, 45, 48, 55, 56, 57, 60 ],
[ 1, 4, 7, 9, 10, 11, 14, 17, 18, 19, 22, 23, 24, 27, 28, 29, 34, 36, 37, 38, 
  39, 40, 42, 43, 45, 48, 60, 63 ],
[ 1, 4, 7, 9, 10, 11, 14, 17, 18, 19, 21, 22, 23, 24, 27, 28, 29, 34, 36, 38, 
  39, 43, 45, 48, 54, 56, 57, 60 ],
[ 1, 4, 7, 9, 10, 11, 14, 17, 18, 19, 20, 22, 23, 24, 27, 28, 29, 34, 37, 38, 
  40, 43, 45, 48, 53, 56, 57, 60 ],
[ 1, 4, 7, 9, 10, 11, 14, 15, 17, 18, 19, 22, 23, 24, 27, 28, 29, 37, 39, 40, 
  42, 43, 45, 48, 53, 55, 56, 60 ],
[ 1, 4, 7, 9, 10, 11, 14, 15, 17, 18, 19, 21, 23, 24, 27, 28, 29, 38, 39, 41, 
  42, 43, 45, 48, 53, 54, 56, 60 ],
[ 1, 4, 7, 9, 10, 11, 14, 15, 17, 18, 19, 20, 22, 23, 24, 25, 28, 29, 37, 39, 
  40, 44, 45, 50, 55, 56, 59, 63 ],
[ 1, 4, 7, 9, 10, 11, 14, 15, 17, 18, 19, 20, 22, 23, 24, 25, 27, 29, 37, 39, 
  40, 43, 45, 51, 55, 56, 60, 63 ],
[ 1, 4, 7, 9, 10, 11, 14, 15, 17, 18, 19, 20, 21, 23, 24, 25, 28, 29, 38, 39, 
  41, 44, 45, 50, 54, 56, 59, 63 ],
[ 1, 4, 7, 9, 10, 11, 14, 15, 17, 18, 19, 20, 21, 23, 24, 25, 27, 29, 38, 39, 
  41, 43, 45, 51, 54, 56, 60, 63 ],
[ 1, 4, 7, 9, 10, 11, 12, 15, 17, 18, 19, 23, 24, 26, 27, 28, 33, 36, 38, 39, 
  40, 41, 42, 43, 48, 54, 60, 63 ],
[ 1, 4, 7, 9, 10, 11, 12, 15, 17, 18, 19, 20, 22, 23, 24, 26, 27, 28, 33, 40, 
  42, 43, 48, 53, 54, 55, 60, 63 ],
[ 1, 4, 7, 9, 10, 11, 12, 14, 17, 18, 19, 23, 24, 26, 27, 28, 34, 36, 37, 39, 
  40, 41, 42, 43, 48, 55, 60, 63 ],
[ 1, 4, 7, 9, 10, 11, 12, 14, 17, 18, 19, 20, 21, 23, 24, 26, 27, 28, 34, 41, 
  42, 43, 48, 53, 54, 55, 60, 63 ],
[ 1, 4, 7, 9, 10, 11, 12, 14, 15, 17, 18, 19, 20, 22, 23, 24, 26, 27, 28, 36, 
  37, 40, 42, 43, 48, 55, 56, 60 ],
[ 1, 4, 7, 9, 10, 11, 12, 14, 15, 17, 18, 19, 20, 22, 23, 24, 25, 26, 28, 31, 
  37, 39, 40, 44, 47, 55, 56, 63 ],
[ 1, 4, 7, 9, 10, 11, 12, 14, 15, 17, 18, 19, 20, 22, 23, 24, 25, 26, 27, 32, 
  37, 39, 40, 43, 48, 55, 56, 63 ],
[ 1, 4, 7, 9, 10, 11, 12, 14, 15, 17, 18, 19, 20, 21, 23, 24, 25, 26, 28, 31, 
  38, 39, 41, 44, 47, 54, 56, 63 ],
[ 1, 4, 7, 9, 10, 11, 12, 14, 15, 17, 18, 19, 20, 21, 23, 24, 25, 26, 27, 32, 
  38, 39, 41, 43, 48, 54, 56, 63 ],
[ 1, 4, 6, 7, 9, 15, 17, 18, 19, 21, 23, 24, 25, 27, 28, 29, 32, 33, 34, 36, 
  37, 42, 45, 47, 50, 53, 57, 60 ],
[ 1, 4, 6, 7, 9, 15, 17, 18, 19, 21, 23, 24, 25, 27, 28, 29, 31, 33, 34, 36, 
  37, 42, 45, 48, 51, 53, 57, 59 ],
[ 1, 4, 6, 7, 9, 15, 17, 18, 19, 20, 21, 23, 24, 25, 27, 28, 29, 32, 33, 34, 
  37, 39, 45, 47, 50, 56, 60, 63 ],
[ 1, 4, 6, 7, 9, 15, 17, 18, 19, 20, 21, 23, 24, 25, 27, 28, 29, 31, 33, 34, 
  37, 39, 45, 48, 51, 56, 59, 63 ],
[ 1, 4, 6, 7, 9, 14, 15, 17, 18, 19, 21, 23, 25, 27, 28, 29, 31, 34, 36, 42, 
  43, 45, 47, 48, 51, 53, 54, 57 ],
[ 1, 4, 6, 7, 9, 14, 15, 17, 18, 19, 21, 23, 24, 27, 28, 29, 32, 34, 36, 42, 
  44, 45, 47, 48, 50, 53, 54, 57 ],
[ 1, 4, 6, 7, 9, 14, 15, 17, 18, 19, 20, 21, 23, 25, 27, 28, 29, 31, 34, 39, 
  43, 45, 47, 48, 51, 54, 56, 63 ],
[ 1, 4, 6, 7, 9, 14, 15, 17, 18, 19, 20, 21, 23, 24, 27, 28, 29, 32, 34, 39, 
  44, 45, 47, 48, 50, 54, 56, 63 ],
[ 1, 4, 6, 7, 9, 12, 15, 17, 18, 19, 20, 23, 24, 25, 26, 27, 28, 32, 33, 34, 
  39, 40, 47, 50, 54, 56, 60, 63 ],
[ 1, 4, 6, 7, 9, 12, 15, 17, 18, 19, 20, 23, 24, 25, 26, 27, 28, 31, 33, 34, 
  39, 40, 48, 51, 54, 56, 59, 63 ],
[ 1, 4, 6, 7, 9, 12, 14, 15, 17, 18, 19, 23, 25, 26, 27, 28, 32, 34, 36, 37, 
  40, 42, 43, 50, 53, 57, 59, 60 ],
[ 1, 4, 6, 7, 9, 12, 14, 15, 17, 18, 19, 21, 23, 25, 26, 27, 28, 34, 36, 42, 
  43, 48, 50, 51, 53, 54, 57, 59 ],
[ 1, 4, 6, 7, 9, 12, 14, 15, 17, 18, 19, 21, 23, 24, 26, 27, 28, 34, 36, 42, 
  44, 47, 50, 51, 53, 54, 57, 60 ],
[ 1, 4, 6, 7, 9, 12, 14, 15, 17, 18, 19, 20, 23, 25, 26, 27, 28, 32, 34, 37, 
  39, 40, 43, 50, 56, 59, 60, 63 ],
[ 1, 4, 6, 7, 9, 12, 14, 15, 17, 18, 19, 20, 23, 24, 26, 27, 28, 31, 34, 37, 
  39, 40, 44, 51, 56, 59, 60, 63 ],
[ 1, 4, 6, 7, 9, 12, 14, 15, 17, 18, 19, 20, 21, 23, 25, 26, 27, 28, 34, 39, 
  43, 48, 50, 51, 54, 56, 59, 63 ],
[ 1, 4, 6, 7, 9, 12, 14, 15, 17, 18, 19, 20, 21, 23, 24, 26, 27, 28, 34, 39, 
  44, 47, 50, 51, 54, 56, 60, 63 ],
[ 1, 4, 6, 7, 9, 11, 17, 19, 20, 21, 23, 24, 25, 27, 28, 29, 33, 34, 37, 38, 
  39, 41, 44, 45, 47, 50, 56, 63 ],
[ 1, 4, 6, 7, 9, 11, 15, 17, 18, 19, 21, 23, 24, 27, 28, 29, 33, 34, 36, 37, 
  39, 42, 45, 47, 48, 50, 60, 63 ],
[ 1, 4, 6, 7, 9, 11, 15, 17, 18, 19, 21, 23, 24, 27, 28, 29, 31, 33, 34, 36, 
  37, 39, 45, 48, 56, 57, 59, 60 ],
[ 1, 4, 6, 7, 9, 11, 15, 17, 18, 19, 20, 21, 23, 24, 27, 28, 29, 33, 34, 37, 
  45, 47, 48, 50, 53, 56, 57, 60 ],
[ 1, 4, 6, 7, 9, 11, 15, 17, 18, 19, 20, 21, 23, 24, 27, 28, 29, 31, 33, 34, 
  37, 42, 45, 48, 53, 59, 60, 63 ],
[ 1, 4, 6, 7, 9, 11, 14, 17, 19, 20, 23, 25, 27, 28, 29, 31, 34, 37, 38, 39, 
  40, 41, 43, 44, 45, 47, 56, 63 ],
[ 1, 4, 6, 7, 9, 11, 14, 15, 17, 19, 20, 21, 23, 24, 25, 27, 28, 29, 39, 41, 
  44, 45, 47, 50, 54, 55, 56, 63 ],
[ 1, 4, 6, 7, 9, 11, 14, 15, 17, 18, 19, 21, 23, 27, 28, 29, 31, 34, 36, 39, 
  43, 45, 47, 48, 54, 56, 57, 60 ],
[ 1, 4, 6, 7, 9, 11, 14, 15, 17, 18, 19, 21, 23, 24, 27, 28, 29, 34, 39, 42, 
  45, 47, 48, 50, 53, 54, 56, 60 ],
[ 1, 4, 6, 7, 9, 11, 14, 15, 17, 18, 19, 20, 21, 23, 27, 28, 29, 31, 34, 42, 
  43, 45, 47, 48, 53, 54, 60, 63 ],
[ 1, 4, 6, 7, 9, 11, 14, 15, 17, 18, 19, 20, 21, 23, 24, 27, 28, 29, 34, 36, 
  45, 47, 48, 50, 54, 57, 60, 63 ],
[ 1, 4, 6, 7, 9, 11, 12, 15, 17, 18, 19, 23, 24, 26, 27, 28, 33, 34, 36, 39, 
  40, 42, 47, 48, 50, 54, 60, 63 ],
[ 1, 4, 6, 7, 9, 11, 12, 15, 17, 18, 19, 20, 23, 24, 26, 27, 28, 31, 33, 34, 
  40, 42, 48, 53, 54, 59, 60, 63 ],
[ 1, 4, 6, 7, 9, 11, 12, 14, 15, 17, 19, 20, 21, 22, 23, 24, 25, 26, 27, 28, 
  38, 39, 44, 47, 50, 54, 56, 63 ],
[ 1, 4, 6, 7, 9, 11, 12, 14, 15, 17, 18, 19, 21, 23, 26, 27, 28, 34, 36, 39, 
  43, 48, 50, 54, 56, 57, 59, 60 ],
[ 1, 4, 6, 7, 9, 11, 12, 14, 15, 17, 18, 19, 21, 23, 24, 26, 27, 28, 34, 39, 
  47, 48, 50, 53, 54, 57, 60, 63 ],
[ 1, 4, 6, 7, 9, 11, 12, 14, 15, 17, 18, 19, 20, 23, 24, 26, 27, 28, 31, 34, 
  36, 37, 40, 42, 48, 56, 59, 60 ],
[ 1, 4, 6, 7, 9, 11, 12, 14, 15, 17, 18, 19, 20, 21, 23, 26, 27, 28, 34, 42, 
  43, 48, 50, 53, 54, 59, 60, 63 ],
[ 1, 4, 6, 7, 9, 11, 12, 14, 15, 17, 18, 19, 20, 21, 23, 24, 26, 27, 28, 34, 
  36, 42, 47, 48, 50, 54, 56, 60 ],
[ 1, 4, 6, 7, 9, 10, 17, 19, 20, 21, 23, 24, 25, 27, 28, 29, 33, 34, 37, 38, 
  39, 41, 43, 45, 48, 51, 56, 63 ],
[ 1, 4, 6, 7, 9, 10, 15, 17, 18, 19, 21, 23, 25, 27, 28, 29, 33, 34, 36, 37, 
  39, 42, 45, 47, 48, 51, 59, 63 ],
[ 1, 4, 6, 7, 9, 10, 15, 17, 18, 19, 21, 23, 25, 27, 28, 29, 32, 33, 34, 36, 
  37, 39, 45, 47, 56, 57, 59, 60 ],
[ 1, 4, 6, 7, 9, 10, 15, 17, 18, 19, 20, 21, 23, 25, 27, 28, 29, 33, 34, 37, 
  45, 47, 48, 51, 53, 56, 57, 59 ],
[ 1, 4, 6, 7, 9, 10, 15, 17, 18, 19, 20, 21, 23, 25, 27, 28, 29, 32, 33, 34, 
  37, 42, 45, 47, 53, 59, 60, 63 ],
[ 1, 4, 6, 7, 9, 10, 14, 15, 17, 19, 20, 21, 23, 24, 25, 27, 28, 29, 39, 41, 
  43, 45, 48, 51, 54, 55, 56, 63 ],
[ 1, 4, 6, 7, 9, 10, 14, 15, 17, 18, 19, 21, 23, 27, 28, 29, 32, 34, 36, 39, 
  44, 45, 47, 48, 54, 56, 57, 59 ],
[ 1, 4, 6, 7, 9, 10, 14, 15, 17, 18, 19, 21, 23, 25, 27, 28, 29, 34, 39, 42, 
  45, 47, 48, 51, 53, 54, 56, 59 ],
[ 1, 4, 6, 7, 9, 10, 14, 15, 17, 18, 19, 20, 21, 23, 27, 28, 29, 32, 34, 42, 
  44, 45, 47, 48, 53, 54, 59, 63 ],
[ 1, 4, 6, 7, 9, 10, 14, 15, 17, 18, 19, 20, 21, 23, 25, 27, 28, 29, 34, 36, 
  45, 47, 48, 51, 54, 57, 59, 63 ],
[ 1, 4, 6, 7, 9, 10, 12, 15, 17, 18, 19, 23, 25, 26, 27, 28, 33, 34, 36, 39, 
  40, 42, 47, 48, 51, 54, 59, 63 ],
[ 1, 4, 6, 7, 9, 10, 12, 14, 15, 17, 19, 20, 21, 22, 23, 24, 25, 26, 27, 28, 
  38, 39, 43, 48, 51, 54, 56, 63 ],
[ 1, 4, 6, 7, 9, 10, 12, 14, 15, 17, 18, 19, 20, 23, 25, 26, 27, 28, 32, 34, 
  36, 37, 40, 42, 47, 56, 59, 60 ],
[ 1, 4, 6, 7, 9, 10, 12, 14, 15, 17, 18, 19, 20, 21, 23, 26, 27, 28, 34, 42, 
  44, 47, 51, 53, 54, 59, 60, 63 ],
[ 1, 4, 6, 7, 9, 10, 11, 17, 19, 21, 23, 24, 27, 28, 29, 33, 34, 36, 37, 38, 
  39, 41, 43, 45, 48, 56, 57, 60 ],
[ 1, 4, 6, 7, 9, 10, 11, 15, 17, 18, 19, 21, 23, 28, 29, 33, 34, 36, 37, 39, 
  43, 45, 47, 48, 50, 56, 57, 60 ],
[ 1, 4, 6, 7, 9, 10, 11, 15, 17, 18, 19, 21, 23, 27, 29, 33, 34, 36, 37, 39, 
  44, 45, 47, 48, 51, 56, 57, 59 ],
[ 1, 4, 6, 7, 9, 10, 11, 15, 17, 18, 19, 20, 21, 23, 28, 29, 33, 34, 37, 42, 
  43, 45, 47, 48, 50, 53, 60, 63 ],
[ 1, 4, 6, 7, 9, 10, 11, 15, 17, 18, 19, 20, 21, 23, 27, 29, 33, 34, 37, 42, 
  44, 45, 47, 48, 51, 53, 59, 63 ],
[ 1, 4, 6, 7, 9, 10, 11, 12, 15, 17, 18, 19, 23, 26, 28, 31, 33, 34, 36, 39, 
  40, 42, 43, 48, 54, 59, 60, 63 ],
[ 1, 4, 6, 7, 9, 10, 11, 12, 14, 15, 17, 18, 19, 21, 23, 26, 28, 31, 34, 39, 
  43, 48, 53, 54, 57, 59, 60, 63 ],
[ 1, 4, 6, 7, 9, 10, 11, 12, 14, 15, 17, 18, 19, 20, 21, 23, 26, 28, 31, 34, 
  36, 42, 43, 48, 54, 56, 59, 60 ],
[ 1, 4, 5, 7, 9, 12, 14, 17, 18, 19, 23, 24, 25, 26, 27, 28, 32, 33, 34, 36, 
  41, 42, 47, 50, 53, 55, 57, 60 ],
[ 1, 4, 5, 7, 9, 12, 14, 17, 18, 19, 23, 24, 25, 26, 27, 28, 31, 33, 34, 36, 
  41, 42, 48, 51, 53, 55, 57, 59 ],
[ 1, 4, 5, 7, 9, 12, 14, 17, 18, 19, 20, 23, 24, 25, 26, 27, 28, 32, 33, 34, 
  39, 41, 47, 50, 55, 56, 60, 63 ],
[ 1, 4, 5, 7, 9, 12, 14, 17, 18, 19, 20, 23, 24, 25, 26, 27, 28, 31, 33, 34, 
  39, 41, 48, 51, 55, 56, 59, 63 ],
[ 1, 4, 5, 7, 9, 12, 14, 15, 17, 19, 22, 23, 25, 26, 27, 28, 33, 34, 36, 39, 
  41, 42, 43, 48, 50, 51, 59, 63 ],
[ 1, 4, 5, 7, 9, 12, 14, 15, 17, 19, 22, 23, 25, 26, 27, 28, 32, 33, 34, 36, 
  39, 41, 43, 50, 56, 57, 59, 60 ],
[ 1, 4, 5, 7, 9, 12, 14, 15, 17, 19, 22, 23, 24, 26, 27, 28, 33, 34, 36, 39, 
  41, 42, 44, 47, 50, 51, 60, 63 ],
[ 1, 4, 5, 7, 9, 12, 14, 15, 17, 18, 19, 22, 23, 25, 26, 27, 28, 33, 36, 42, 
  43, 48, 50, 51, 53, 55, 57, 59 ],
[ 1, 4, 5, 7, 9, 12, 14, 15, 17, 18, 19, 22, 23, 24, 26, 27, 28, 33, 36, 42, 
  44, 47, 50, 51, 53, 55, 57, 60 ],
[ 1, 4, 5, 7, 9, 12, 14, 15, 17, 18, 19, 20, 22, 23, 25, 26, 27, 28, 33, 39, 
  43, 48, 50, 51, 55, 56, 59, 63 ],
[ 1, 4, 5, 7, 9, 12, 14, 15, 17, 18, 19, 20, 22, 23, 24, 26, 27, 28, 33, 39, 
  44, 47, 50, 51, 55, 56, 60, 63 ],
[ 1, 4, 5, 7, 9, 12, 13, 14, 17, 19, 23, 25, 26, 27, 28, 30, 32, 33, 34, 35, 
  36, 42, 50, 52, 53, 55, 57, 60 ],
[ 1, 4, 5, 7, 9, 12, 13, 14, 17, 19, 20, 23, 25, 26, 27, 28, 30, 32, 33, 34, 
  35, 39, 50, 52, 55, 56, 60, 63 ],
[ 1, 4, 5, 7, 9, 12, 13, 14, 17, 18, 19, 23, 25, 26, 27, 28, 32, 33, 35, 36, 
  41, 42, 46, 50, 53, 57, 60, 61 ],
[ 1, 4, 5, 7, 9, 12, 13, 14, 17, 18, 19, 20, 23, 25, 26, 27, 28, 32, 33, 35, 
  39, 41, 46, 50, 56, 60, 61, 63 ],
[ 1, 4, 5, 7, 9, 12, 13, 14, 15, 17, 19, 23, 25, 26, 27, 28, 32, 33, 35, 36, 
  38, 42, 49, 50, 53, 57, 60, 62 ],
[ 1, 4, 5, 7, 9, 12, 13, 14, 15, 17, 19, 20, 23, 25, 26, 27, 28, 32, 33, 35, 
  38, 39, 49, 50, 56, 60, 62, 63 ],
[ 1, 4, 5, 7, 9, 11, 12, 14, 17, 18, 19, 23, 24, 26, 27, 28, 33, 34, 36, 39, 
  41, 42, 47, 48, 50, 55, 60, 63 ],
[ 1, 4, 5, 7, 9, 11, 12, 14, 15, 17, 18, 19, 22, 23, 26, 27, 28, 33, 36, 39, 
  43, 48, 50, 55, 56, 57, 59, 60 ],
[ 1, 4, 5, 7, 9, 11, 12, 13, 14, 17, 18, 19, 23, 26, 27, 33, 35, 36, 41, 42, 
  44, 46, 48, 50, 51, 53, 57, 61 ],
[ 1, 4, 5, 7, 9, 11, 12, 13, 14, 17, 18, 19, 20, 23, 26, 27, 33, 35, 39, 41, 
  44, 46, 48, 50, 51, 56, 61, 63 ],
[ 1, 4, 5, 7, 9, 10, 12, 14, 17, 18, 19, 23, 25, 26, 27, 28, 33, 34, 36, 39, 
  41, 42, 47, 48, 51, 55, 59, 63 ],
[ 1, 4, 5, 7, 9, 10, 12, 14, 17, 18, 19, 20, 23, 25, 26, 27, 28, 33, 34, 41, 
  47, 48, 51, 53, 55, 56, 57, 59 ],
[ 1, 4, 5, 7, 9, 10, 11, 12, 14, 17, 18, 19, 23, 26, 28, 31, 33, 34, 36, 39, 
  41, 42, 43, 48, 55, 59, 60, 63 ],
[ 1, 4, 5, 6, 7, 9, 12, 14, 17, 18, 19, 23, 25, 26, 27, 28, 33, 36, 38, 39, 
  42, 43, 48, 50, 51, 55, 59, 63 ],
[ 1, 4, 5, 6, 7, 9, 12, 14, 17, 18, 19, 23, 24, 26, 27, 28, 33, 36, 38, 39, 
  42, 44, 47, 50, 51, 55, 60, 63 ],
[ 1, 3, 4, 9, 10, 13, 15, 17, 18, 20, 21, 22, 23, 25, 27, 28, 29, 31, 33, 37, 
  39, 45, 48, 50, 51, 55, 56, 63 ],
[ 1, 3, 4, 9, 10, 11, 13, 15, 17, 18, 20, 21, 22, 23, 27, 29, 31, 32, 33, 37, 
  39, 44, 45, 50, 55, 56, 60, 63 ],
[ 1, 3, 4, 8, 9, 13, 15, 17, 18, 20, 21, 22, 23, 26, 27, 28, 29, 30, 33, 37, 
  39, 45, 50, 51, 52, 55, 56, 63 ],
[ 1, 3, 4, 8, 9, 11, 13, 15, 17, 18, 20, 21, 22, 23, 26, 27, 29, 32, 33, 37, 
  39, 45, 49, 50, 55, 56, 62, 63 ],
[ 1, 3, 4, 8, 9, 10, 11, 13, 15, 17, 18, 20, 21, 22, 23, 26, 29, 30, 31, 32, 
  33, 37, 39, 45, 52, 55, 56, 63 ],
[ 1, 3, 4, 6, 9, 10, 13, 17, 20, 21, 23, 25, 27, 28, 29, 31, 33, 34, 37, 38, 
  39, 41, 45, 48, 50, 51, 56, 63 ],
[ 1, 3, 4, 6, 9, 10, 13, 17, 18, 21, 23, 25, 27, 28, 29, 31, 33, 36, 37, 38, 
  39, 42, 45, 48, 50, 51, 55, 63 ],
[ 1, 3, 4, 6, 9, 10, 13, 17, 18, 20, 21, 23, 25, 27, 28, 29, 31, 33, 37, 38, 
  45, 48, 50, 51, 53, 55, 56, 57 ],
[ 1, 3, 4, 6, 9, 10, 11, 13, 17, 20, 21, 23, 27, 29, 31, 32, 33, 34, 37, 38, 
  39, 41, 44, 45, 50, 56, 60, 63 ],
[ 1, 3, 4, 6, 9, 10, 11, 13, 17, 18, 21, 23, 27, 29, 31, 32, 33, 36, 37, 38, 
  39, 42, 44, 45, 50, 55, 60, 63 ],
[ 1, 3, 4, 6, 9, 10, 11, 13, 17, 18, 20, 21, 23, 27, 29, 31, 32, 33, 37, 38, 
  44, 45, 50, 53, 55, 56, 57, 60 ],
[ 1, 3, 4, 6, 8, 9, 13, 17, 20, 21, 23, 26, 27, 28, 29, 30, 33, 34, 37, 38, 
  39, 41, 45, 50, 51, 52, 56, 63 ],
[ 1, 3, 4, 6, 8, 9, 13, 17, 18, 21, 23, 26, 27, 28, 29, 30, 33, 36, 37, 38, 
  39, 42, 45, 50, 51, 52, 55, 63 ],
[ 1, 3, 4, 6, 8, 9, 13, 17, 18, 20, 21, 23, 26, 27, 28, 29, 30, 33, 37, 38, 
  45, 50, 51, 52, 53, 55, 56, 57 ],
[ 1, 3, 4, 6, 8, 9, 11, 13, 17, 20, 21, 23, 26, 27, 29, 32, 33, 34, 37, 38, 
  39, 41, 45, 49, 50, 56, 62, 63 ],
[ 1, 3, 4, 6, 8, 9, 11, 13, 17, 18, 21, 23, 26, 27, 29, 32, 33, 36, 37, 38, 
  39, 42, 45, 49, 50, 55, 62, 63 ],
[ 1, 3, 4, 6, 8, 9, 11, 13, 17, 18, 20, 21, 23, 26, 27, 29, 32, 33, 37, 38, 
  45, 49, 50, 53, 55, 56, 57, 62 ],
[ 1, 3, 4, 6, 8, 9, 10, 11, 13, 17, 20, 21, 23, 26, 29, 30, 31, 32, 33, 34, 
  37, 38, 39, 41, 45, 52, 56, 63 ],
[ 1, 3, 4, 5, 9, 10, 13, 17, 18, 22, 23, 25, 27, 28, 29, 31, 34, 36, 37, 38, 
  39, 42, 45, 48, 50, 51, 54, 63 ],
[ 1, 3, 4, 5, 9, 10, 13, 17, 18, 20, 22, 23, 25, 27, 28, 29, 31, 34, 37, 38, 
  45, 48, 50, 51, 53, 54, 56, 57 ],
[ 1, 3, 4, 5, 9, 10, 11, 13, 17, 18, 22, 23, 27, 29, 31, 32, 34, 36, 37, 38, 
  39, 42, 44, 45, 50, 54, 60, 63 ],
[ 1, 3, 4, 5, 9, 10, 11, 13, 17, 18, 20, 22, 23, 27, 29, 31, 32, 34, 37, 38, 
  44, 45, 50, 53, 54, 56, 57, 60 ],
[ 1, 3, 4, 5, 8, 9, 13, 17, 18, 22, 23, 26, 27, 28, 29, 30, 34, 36, 37, 38, 
  39, 42, 45, 50, 51, 52, 54, 63 ],
[ 1, 3, 4, 5, 8, 9, 13, 17, 18, 20, 22, 23, 26, 27, 28, 29, 30, 34, 37, 38, 
  45, 50, 51, 52, 53, 54, 56, 57 ],
[ 1, 3, 4, 5, 8, 9, 11, 13, 17, 18, 22, 23, 26, 27, 29, 32, 34, 36, 37, 38, 
  39, 42, 45, 49, 50, 54, 62, 63 ],
[ 1, 3, 4, 5, 8, 9, 11, 13, 17, 18, 20, 22, 23, 26, 27, 29, 32, 34, 37, 38, 
  45, 49, 50, 53, 54, 56, 57, 62 ],
[ 1, 2, 5, 9, 11, 12, 13, 14, 16, 17, 18, 19, 20, 22, 23, 27, 29, 32, 33, 34, 
  38, 39, 45, 50, 56, 58, 63, 64 ],
[ 1, 2, 5, 9, 10, 12, 13, 14, 16, 17, 18, 19, 20, 22, 23, 28, 29, 31, 33, 34, 
  38, 39, 45, 51, 56, 58, 63, 64 ],
[ 1, 2, 5, 6, 9, 11, 12, 13, 14, 15, 16, 17, 19, 20, 23, 27, 29, 32, 33, 39, 
  41, 45, 50, 55, 56, 58, 63, 64 ],
[ 1, 2, 5, 6, 9, 10, 12, 13, 14, 15, 16, 17, 19, 20, 23, 28, 29, 31, 33, 39, 
  41, 45, 51, 55, 56, 58, 63, 64 ],
[ 1, 2, 3, 4, 9, 11, 12, 13, 14, 17, 18, 20, 21, 22, 23, 27, 29, 32, 34, 38, 
  39, 45, 50, 54, 56, 58, 63, 64 ],
[ 1, 2, 3, 4, 6, 9, 12, 13, 17, 18, 20, 21, 23, 27, 29, 30, 33, 37, 38, 44, 
  45, 50, 52, 53, 55, 56, 57, 60 ]
];

