## Group: [64, 188]
## Difference Sets: 300
## Time:  0:03:31.980

return [
[ 1, 2, 8, 9, 10, 12, 13, 17, 18, 19, 20, 22, 23, 25, 27, 29, 33, 34, 35, 37, 
  40, 42, 44, 52, 53, 55, 56, 62 ],
[ 1, 2, 8, 9, 10, 12, 13, 17, 18, 19, 20, 22, 23, 25, 27, 29, 33, 34, 35, 36, 
  37, 40, 42, 44, 52, 55, 62, 63 ],
[ 1, 2, 8, 9, 10, 12, 13, 17, 18, 19, 20, 22, 23, 25, 27, 29, 30, 33, 34, 35, 
  37, 40, 42, 44, 49, 53, 55, 56 ],
[ 1, 2, 8, 9, 10, 12, 13, 17, 18, 19, 20, 22, 23, 25, 27, 29, 30, 33, 34, 35, 
  36, 37, 40, 42, 44, 49, 55, 63 ],
[ 1, 2, 8, 9, 10, 12, 13, 16, 17, 18, 19, 22, 23, 25, 27, 29, 33, 34, 36, 38, 
  39, 40, 44, 52, 54, 56, 57, 62 ],
[ 1, 2, 8, 9, 10, 12, 13, 16, 17, 18, 19, 22, 23, 25, 27, 29, 30, 33, 34, 36, 
  38, 39, 40, 44, 49, 54, 56, 57 ],
[ 1, 2, 8, 9, 10, 12, 13, 16, 17, 18, 19, 20, 22, 23, 25, 27, 29, 33, 34, 38, 
  40, 42, 44, 52, 53, 54, 62, 63 ],
[ 1, 2, 8, 9, 10, 12, 13, 16, 17, 18, 19, 20, 22, 23, 25, 27, 29, 30, 33, 34, 
  38, 40, 42, 44, 49, 53, 54, 63 ],
[ 1, 2, 8, 9, 10, 12, 13, 15, 17, 18, 19, 22, 23, 25, 27, 29, 33, 35, 37, 38, 
  39, 40, 44, 52, 53, 56, 57, 62 ],
[ 1, 2, 8, 9, 10, 12, 13, 15, 17, 18, 19, 22, 23, 25, 27, 29, 33, 35, 36, 37, 
  38, 39, 40, 44, 52, 57, 62, 63 ],
[ 1, 2, 8, 9, 10, 12, 13, 15, 17, 18, 19, 22, 23, 25, 27, 29, 30, 33, 35, 37, 
  38, 39, 40, 44, 49, 53, 56, 57 ],
[ 1, 2, 8, 9, 10, 12, 13, 15, 17, 18, 19, 22, 23, 25, 27, 29, 30, 33, 35, 36, 
  37, 38, 39, 40, 44, 49, 57, 63 ],
[ 1, 2, 8, 9, 10, 12, 13, 15, 16, 17, 18, 19, 22, 23, 25, 27, 29, 33, 36, 39, 
  40, 44, 52, 54, 55, 56, 57, 62 ],
[ 1, 2, 8, 9, 10, 12, 13, 15, 16, 17, 18, 19, 22, 23, 25, 27, 29, 30, 33, 36, 
  39, 40, 44, 49, 54, 55, 56, 57 ],
[ 1, 2, 8, 9, 10, 12, 13, 15, 16, 17, 18, 19, 20, 22, 23, 25, 27, 29, 33, 40, 
  42, 44, 52, 53, 54, 55, 62, 63 ],
[ 1, 2, 8, 9, 10, 12, 13, 15, 16, 17, 18, 19, 20, 22, 23, 25, 27, 29, 30, 33, 
  40, 42, 44, 49, 53, 54, 55, 63 ],
[ 1, 2, 8, 9, 10, 12, 13, 14, 17, 18, 19, 20, 22, 23, 25, 27, 29, 34, 35, 40, 
  42, 44, 52, 53, 54, 55, 56, 62 ],
[ 1, 2, 8, 9, 10, 12, 13, 14, 17, 18, 19, 20, 22, 23, 25, 27, 29, 34, 35, 36, 
  40, 42, 44, 52, 54, 55, 62, 63 ],
[ 1, 2, 8, 9, 10, 12, 13, 14, 17, 18, 19, 20, 22, 23, 25, 27, 29, 30, 34, 35, 
  40, 42, 44, 49, 53, 54, 55, 56 ],
[ 1, 2, 8, 9, 10, 12, 13, 14, 17, 18, 19, 20, 22, 23, 25, 27, 29, 30, 34, 35, 
  36, 40, 42, 44, 49, 54, 55, 63 ],
[ 1, 2, 8, 9, 10, 12, 13, 14, 16, 17, 18, 19, 22, 23, 25, 27, 29, 34, 37, 38, 
  39, 40, 44, 52, 53, 57, 62, 63 ],
[ 1, 2, 8, 9, 10, 12, 13, 14, 16, 17, 18, 19, 22, 23, 25, 27, 29, 30, 34, 37, 
  38, 39, 40, 44, 49, 53, 57, 63 ],
[ 1, 2, 8, 9, 10, 12, 13, 14, 16, 17, 18, 19, 20, 22, 23, 25, 27, 29, 34, 36, 
  37, 38, 40, 42, 44, 52, 56, 62 ],
[ 1, 2, 8, 9, 10, 12, 13, 14, 16, 17, 18, 19, 20, 22, 23, 25, 27, 29, 30, 34, 
  36, 37, 38, 40, 42, 44, 49, 56 ],
[ 1, 2, 8, 9, 10, 12, 13, 14, 15, 17, 18, 19, 22, 23, 25, 27, 29, 35, 38, 39, 
  40, 44, 52, 53, 54, 56, 57, 62 ],
[ 1, 2, 8, 9, 10, 12, 13, 14, 15, 17, 18, 19, 22, 23, 25, 27, 29, 35, 36, 38, 
  39, 40, 44, 52, 54, 57, 62, 63 ],
[ 1, 2, 8, 9, 10, 12, 13, 14, 15, 17, 18, 19, 22, 23, 25, 27, 29, 30, 35, 38, 
  39, 40, 44, 49, 53, 54, 56, 57 ],
[ 1, 2, 8, 9, 10, 12, 13, 14, 15, 17, 18, 19, 22, 23, 25, 27, 29, 30, 35, 36, 
  38, 39, 40, 44, 49, 54, 57, 63 ],
[ 1, 2, 8, 9, 10, 12, 13, 14, 15, 16, 17, 18, 19, 22, 23, 25, 27, 29, 37, 39, 
  40, 44, 52, 53, 55, 57, 62, 63 ],
[ 1, 2, 8, 9, 10, 12, 13, 14, 15, 16, 17, 18, 19, 22, 23, 25, 27, 29, 30, 37, 
  39, 40, 44, 49, 53, 55, 57, 63 ],
[ 1, 2, 8, 9, 10, 12, 13, 14, 15, 16, 17, 18, 19, 20, 22, 23, 25, 27, 29, 36, 
  37, 40, 42, 44, 52, 55, 56, 62 ],
[ 1, 2, 8, 9, 10, 12, 13, 14, 15, 16, 17, 18, 19, 20, 22, 23, 25, 27, 29, 30, 
  36, 37, 40, 42, 44, 49, 55, 56 ],
[ 1, 2, 4, 8, 9, 12, 13, 17, 18, 20, 22, 23, 27, 29, 30, 31, 33, 34, 35, 36, 
  37, 40, 42, 44, 48, 49, 53, 55 ],
[ 1, 2, 4, 8, 9, 12, 13, 15, 17, 18, 22, 23, 27, 29, 30, 31, 33, 35, 36, 37, 
  38, 39, 40, 44, 48, 49, 53, 57 ],
[ 1, 2, 4, 8, 9, 12, 13, 14, 17, 18, 20, 22, 23, 25, 27, 29, 30, 31, 34, 35, 
  36, 40, 42, 49, 53, 54, 55, 60 ],
[ 1, 2, 4, 8, 9, 12, 13, 14, 15, 17, 18, 22, 23, 25, 27, 29, 30, 31, 35, 36, 
  38, 39, 40, 49, 53, 54, 57, 60 ],
[ 1, 2, 4, 8, 9, 11, 13, 17, 18, 20, 21, 22, 23, 26, 27, 31, 33, 34, 35, 36, 
  39, 45, 51, 52, 54, 55, 56, 62 ],
[ 1, 2, 4, 8, 9, 11, 13, 15, 17, 18, 20, 21, 22, 23, 26, 27, 31, 33, 35, 38, 
  39, 45, 51, 52, 53, 54, 62, 63 ],
[ 1, 2, 4, 8, 9, 11, 13, 14, 15, 17, 18, 20, 21, 22, 23, 26, 27, 31, 35, 36, 
  37, 38, 39, 45, 51, 52, 56, 62 ],
[ 1, 2, 4, 8, 9, 10, 13, 17, 18, 21, 22, 23, 26, 27, 28, 32, 33, 34, 35, 36, 
  42, 45, 49, 52, 54, 55, 56, 57 ],
[ 1, 2, 4, 8, 9, 10, 13, 17, 18, 21, 22, 23, 26, 27, 28, 32, 33, 34, 35, 36, 
  39, 42, 45, 52, 54, 55, 56, 62 ],
[ 1, 2, 4, 8, 9, 10, 13, 15, 17, 18, 21, 22, 23, 26, 27, 28, 32, 33, 35, 38, 
  42, 45, 49, 52, 53, 54, 57, 63 ],
[ 1, 2, 4, 8, 9, 10, 13, 15, 17, 18, 21, 22, 23, 26, 27, 28, 32, 33, 35, 38, 
  39, 42, 45, 52, 53, 54, 62, 63 ],
[ 1, 2, 4, 8, 9, 10, 13, 14, 17, 18, 21, 22, 23, 26, 27, 28, 32, 34, 35, 37, 
  42, 45, 49, 52, 53, 55, 57, 63 ],
[ 1, 2, 4, 8, 9, 10, 13, 14, 17, 18, 21, 22, 23, 26, 27, 28, 32, 34, 35, 37, 
  39, 42, 45, 52, 53, 55, 62, 63 ],
[ 1, 2, 4, 8, 9, 10, 13, 14, 15, 17, 18, 21, 22, 23, 26, 27, 28, 32, 35, 36, 
  37, 38, 39, 42, 45, 52, 56, 62 ],
[ 1, 2, 4, 8, 9, 10, 12, 13, 14, 15, 17, 18, 22, 23, 27, 29, 33, 35, 38, 39, 
  40, 44, 48, 49, 52, 53, 56, 57 ],
[ 1, 2, 4, 8, 9, 10, 12, 13, 14, 15, 17, 18, 22, 23, 27, 29, 30, 33, 35, 36, 
  38, 39, 40, 44, 48, 57, 62, 63 ],
[ 1, 2, 4, 8, 9, 10, 11, 13, 17, 18, 21, 22, 23, 26, 27, 28, 33, 34, 35, 36, 
  39, 42, 45, 49, 52, 54, 55, 56 ],
[ 1, 2, 4, 8, 9, 10, 11, 13, 15, 17, 18, 21, 22, 23, 26, 27, 28, 33, 35, 38, 
  39, 42, 45, 49, 52, 53, 54, 63 ],
[ 1, 2, 4, 8, 9, 10, 11, 13, 14, 17, 18, 21, 22, 23, 26, 27, 28, 34, 35, 37, 
  39, 42, 45, 49, 52, 53, 55, 63 ],
[ 1, 2, 4, 8, 9, 10, 11, 13, 14, 15, 17, 18, 21, 22, 23, 26, 27, 28, 35, 36, 
  37, 38, 39, 42, 45, 49, 52, 56 ],
[ 1, 2, 4, 7, 8, 9, 11, 13, 17, 19, 21, 23, 25, 27, 28, 31, 33, 34, 35, 36, 
  39, 42, 44, 49, 52, 54, 55, 56 ],
[ 1, 2, 4, 7, 8, 9, 11, 13, 17, 19, 21, 23, 25, 27, 28, 30, 33, 34, 35, 37, 
  39, 42, 44, 50, 52, 53, 55, 56 ],
[ 1, 2, 4, 7, 8, 9, 11, 13, 17, 19, 21, 23, 25, 27, 28, 30, 33, 34, 35, 36, 
  37, 39, 42, 44, 50, 52, 55, 63 ],
[ 1, 2, 4, 7, 8, 9, 11, 13, 17, 19, 21, 23, 25, 27, 28, 30, 31, 33, 34, 35, 
  36, 39, 42, 44, 54, 55, 56, 62 ],
[ 1, 2, 4, 7, 8, 9, 11, 13, 17, 19, 20, 21, 23, 25, 27, 28, 31, 33, 34, 35, 
  36, 44, 49, 52, 54, 55, 56, 57 ],
[ 1, 2, 4, 7, 8, 9, 11, 13, 17, 19, 20, 21, 23, 25, 27, 28, 30, 33, 34, 35, 
  37, 44, 50, 52, 53, 55, 56, 57 ],
[ 1, 2, 4, 7, 8, 9, 11, 13, 17, 19, 20, 21, 23, 25, 27, 28, 30, 33, 34, 35, 
  36, 37, 44, 50, 52, 55, 57, 63 ],
[ 1, 2, 4, 7, 8, 9, 11, 13, 17, 19, 20, 21, 23, 25, 27, 28, 30, 31, 33, 34, 
  35, 36, 44, 54, 55, 56, 57, 62 ],
[ 1, 2, 4, 7, 8, 9, 11, 13, 16, 17, 19, 21, 23, 25, 27, 28, 33, 34, 36, 38, 
  39, 42, 44, 49, 50, 54, 56, 62 ],
[ 1, 2, 4, 7, 8, 9, 11, 13, 16, 17, 19, 21, 23, 25, 27, 28, 30, 33, 34, 38, 
  39, 42, 44, 50, 52, 53, 54, 63 ],
[ 1, 2, 4, 7, 8, 9, 11, 13, 16, 17, 19, 20, 21, 23, 25, 27, 28, 33, 34, 36, 
  38, 44, 49, 50, 54, 56, 57, 62 ],
[ 1, 2, 4, 7, 8, 9, 11, 13, 16, 17, 19, 20, 21, 23, 25, 27, 28, 30, 33, 34, 
  38, 44, 50, 52, 53, 54, 57, 63 ],
[ 1, 2, 4, 7, 8, 9, 11, 13, 15, 17, 19, 21, 23, 25, 27, 28, 33, 35, 37, 38, 
  39, 42, 44, 49, 50, 53, 56, 62 ],
[ 1, 2, 4, 7, 8, 9, 11, 13, 15, 17, 19, 21, 23, 25, 27, 28, 33, 35, 36, 37, 
  38, 39, 42, 44, 49, 50, 62, 63 ],
[ 1, 2, 4, 7, 8, 9, 11, 13, 15, 17, 19, 21, 23, 25, 27, 28, 31, 33, 35, 38, 
  39, 42, 44, 49, 52, 53, 54, 63 ],
[ 1, 2, 4, 7, 8, 9, 11, 13, 15, 17, 19, 21, 23, 25, 27, 28, 30, 31, 33, 35, 
  38, 39, 42, 44, 53, 54, 62, 63 ],
[ 1, 2, 4, 7, 8, 9, 11, 13, 15, 17, 19, 20, 21, 23, 25, 27, 28, 33, 35, 37, 
  38, 44, 49, 50, 53, 56, 57, 62 ],
[ 1, 2, 4, 7, 8, 9, 11, 13, 15, 17, 19, 20, 21, 23, 25, 27, 28, 33, 35, 36, 
  37, 38, 44, 49, 50, 57, 62, 63 ],
[ 1, 2, 4, 7, 8, 9, 11, 13, 15, 17, 19, 20, 21, 23, 25, 27, 28, 31, 33, 35, 
  38, 44, 49, 52, 53, 54, 57, 63 ],
[ 1, 2, 4, 7, 8, 9, 11, 13, 15, 17, 19, 20, 21, 23, 25, 27, 28, 30, 31, 33, 
  35, 38, 44, 53, 54, 57, 62, 63 ],
[ 1, 2, 4, 7, 8, 9, 11, 13, 15, 16, 17, 19, 21, 23, 25, 27, 28, 33, 36, 39, 
  42, 44, 49, 50, 54, 55, 56, 62 ],
[ 1, 2, 4, 7, 8, 9, 11, 13, 15, 16, 17, 19, 21, 23, 25, 27, 28, 30, 33, 39, 
  42, 44, 50, 52, 53, 54, 55, 63 ],
[ 1, 2, 4, 7, 8, 9, 11, 13, 15, 16, 17, 19, 20, 21, 23, 25, 27, 28, 33, 36, 
  44, 49, 50, 54, 55, 56, 57, 62 ],
[ 1, 2, 4, 7, 8, 9, 11, 13, 15, 16, 17, 19, 20, 21, 23, 25, 27, 28, 30, 33, 
  44, 50, 52, 53, 54, 55, 57, 63 ],
[ 1, 2, 4, 7, 8, 9, 11, 13, 14, 17, 19, 21, 23, 25, 27, 28, 31, 34, 35, 37, 
  39, 42, 44, 49, 52, 53, 55, 63 ],
[ 1, 2, 4, 7, 8, 9, 11, 13, 14, 17, 19, 21, 23, 25, 27, 28, 30, 31, 34, 35, 
  37, 39, 42, 44, 53, 55, 62, 63 ],
[ 1, 2, 4, 7, 8, 9, 11, 13, 14, 17, 19, 20, 21, 23, 25, 27, 28, 31, 34, 35, 
  37, 44, 49, 52, 53, 55, 57, 63 ],
[ 1, 2, 4, 7, 8, 9, 11, 13, 14, 17, 19, 20, 21, 23, 25, 27, 28, 30, 31, 34, 
  35, 37, 44, 53, 55, 57, 62, 63 ],
[ 1, 2, 4, 7, 8, 9, 11, 13, 14, 15, 17, 19, 21, 23, 25, 27, 28, 31, 35, 36, 
  37, 38, 39, 42, 44, 49, 52, 56 ],
[ 1, 2, 4, 7, 8, 9, 11, 13, 14, 15, 17, 19, 21, 23, 25, 27, 28, 30, 31, 35, 
  36, 37, 38, 39, 42, 44, 56, 62 ],
[ 1, 2, 4, 7, 8, 9, 11, 13, 14, 15, 17, 19, 20, 21, 23, 25, 27, 28, 31, 35, 
  36, 37, 38, 44, 49, 52, 56, 57 ],
[ 1, 2, 4, 7, 8, 9, 11, 13, 14, 15, 17, 19, 20, 21, 23, 25, 27, 28, 30, 31, 
  35, 36, 37, 38, 44, 56, 57, 62 ],
[ 1, 2, 4, 6, 9, 12, 13, 14, 17, 18, 21, 23, 25, 27, 29, 31, 33, 34, 35, 36, 
  39, 42, 45, 48, 49, 52, 53, 55 ],
[ 1, 2, 4, 6, 9, 12, 13, 14, 17, 18, 21, 23, 25, 27, 29, 30, 31, 33, 34, 35, 
  36, 39, 42, 45, 48, 53, 55, 62 ],
[ 1, 2, 4, 6, 9, 12, 13, 14, 17, 18, 20, 21, 23, 25, 27, 29, 31, 33, 34, 35, 
  36, 45, 48, 49, 52, 53, 55, 57 ],
[ 1, 2, 4, 6, 9, 12, 13, 14, 17, 18, 20, 21, 23, 25, 27, 29, 30, 31, 33, 34, 
  35, 36, 45, 48, 53, 55, 57, 62 ],
[ 1, 2, 4, 6, 9, 12, 13, 14, 16, 17, 18, 23, 26, 27, 29, 30, 33, 34, 36, 38, 
  39, 40, 44, 48, 50, 52, 53, 57 ],
[ 1, 2, 4, 6, 9, 12, 13, 14, 16, 17, 18, 23, 25, 26, 27, 29, 30, 33, 34, 36, 
  38, 39, 40, 50, 52, 53, 57, 60 ],
[ 1, 2, 4, 6, 9, 12, 13, 14, 16, 17, 18, 21, 23, 27, 29, 30, 33, 34, 36, 38, 
  39, 42, 44, 45, 50, 52, 53, 60 ],
[ 1, 2, 4, 6, 9, 12, 13, 14, 16, 17, 18, 21, 23, 25, 27, 29, 33, 34, 36, 38, 
  39, 42, 45, 48, 49, 50, 53, 62 ],
[ 1, 2, 4, 6, 9, 12, 13, 14, 16, 17, 18, 20, 23, 26, 27, 29, 33, 34, 36, 38, 
  40, 42, 44, 48, 49, 50, 53, 62 ],
[ 1, 2, 4, 6, 9, 12, 13, 14, 16, 17, 18, 20, 23, 25, 26, 27, 29, 33, 34, 36, 
  38, 40, 42, 49, 50, 53, 60, 62 ],
[ 1, 2, 4, 6, 9, 12, 13, 14, 16, 17, 18, 20, 21, 23, 27, 29, 30, 33, 34, 36, 
  38, 44, 45, 50, 52, 53, 57, 60 ],
[ 1, 2, 4, 6, 9, 12, 13, 14, 16, 17, 18, 20, 21, 23, 25, 27, 29, 33, 34, 36, 
  38, 45, 48, 49, 50, 53, 57, 62 ],
[ 1, 2, 4, 6, 9, 12, 13, 14, 15, 17, 18, 21, 23, 27, 29, 31, 33, 35, 36, 38, 
  39, 42, 44, 45, 49, 52, 53, 60 ],
[ 1, 2, 4, 6, 9, 12, 13, 14, 15, 17, 18, 21, 23, 27, 29, 30, 31, 33, 35, 36, 
  38, 39, 42, 44, 45, 53, 60, 62 ],
[ 1, 2, 4, 6, 9, 12, 13, 14, 15, 17, 18, 20, 21, 23, 27, 29, 31, 33, 35, 36, 
  38, 44, 45, 49, 52, 53, 57, 60 ],
[ 1, 2, 4, 6, 9, 12, 13, 14, 15, 17, 18, 20, 21, 23, 27, 29, 30, 31, 33, 35, 
  36, 38, 44, 45, 53, 57, 60, 62 ],
[ 1, 2, 4, 6, 9, 12, 13, 14, 15, 16, 17, 18, 23, 26, 27, 29, 30, 33, 36, 39, 
  40, 44, 48, 50, 52, 53, 55, 57 ],
[ 1, 2, 4, 6, 9, 12, 13, 14, 15, 16, 17, 18, 23, 25, 26, 27, 29, 30, 33, 36, 
  39, 40, 50, 52, 53, 55, 57, 60 ],
[ 1, 2, 4, 6, 9, 12, 13, 14, 15, 16, 17, 18, 21, 23, 27, 29, 30, 33, 36, 39, 
  42, 44, 45, 50, 52, 53, 55, 60 ],
[ 1, 2, 4, 6, 9, 12, 13, 14, 15, 16, 17, 18, 21, 23, 25, 27, 29, 33, 36, 39, 
  42, 45, 48, 49, 50, 53, 55, 62 ],
[ 1, 2, 4, 6, 9, 12, 13, 14, 15, 16, 17, 18, 20, 23, 26, 27, 29, 33, 36, 40, 
  42, 44, 48, 49, 50, 53, 55, 62 ],
[ 1, 2, 4, 6, 9, 12, 13, 14, 15, 16, 17, 18, 20, 23, 25, 26, 27, 29, 33, 36, 
  40, 42, 49, 50, 53, 55, 60, 62 ],
[ 1, 2, 4, 6, 9, 12, 13, 14, 15, 16, 17, 18, 20, 21, 23, 27, 29, 30, 33, 36, 
  44, 45, 50, 52, 53, 55, 57, 60 ],
[ 1, 2, 4, 6, 9, 12, 13, 14, 15, 16, 17, 18, 20, 21, 23, 25, 27, 29, 33, 36, 
  45, 48, 49, 50, 53, 55, 57, 62 ],
[ 1, 2, 4, 6, 9, 10, 12, 13, 17, 18, 21, 23, 25, 27, 29, 33, 34, 35, 37, 39, 
  42, 45, 48, 52, 53, 55, 56, 62 ],
[ 1, 2, 4, 6, 9, 10, 12, 13, 17, 18, 21, 23, 25, 27, 29, 30, 33, 34, 35, 37, 
  39, 42, 45, 48, 49, 53, 55, 56 ],
[ 1, 2, 4, 6, 9, 10, 12, 13, 17, 18, 20, 23, 26, 27, 29, 33, 34, 35, 37, 40, 
  42, 44, 48, 52, 53, 55, 56, 62 ],
[ 1, 2, 4, 6, 9, 10, 12, 13, 17, 18, 20, 23, 26, 27, 29, 33, 34, 35, 36, 37, 
  40, 42, 44, 48, 52, 55, 62, 63 ],
[ 1, 2, 4, 6, 9, 10, 12, 13, 17, 18, 20, 23, 26, 27, 29, 30, 33, 34, 35, 37, 
  40, 42, 44, 48, 49, 53, 55, 56 ],
[ 1, 2, 4, 6, 9, 10, 12, 13, 17, 18, 20, 23, 26, 27, 29, 30, 33, 34, 35, 36, 
  37, 40, 42, 44, 48, 49, 55, 63 ],
[ 1, 2, 4, 6, 9, 10, 12, 13, 17, 18, 20, 21, 23, 25, 27, 29, 33, 34, 35, 37, 
  45, 48, 52, 53, 55, 56, 57, 62 ],
[ 1, 2, 4, 6, 9, 10, 12, 13, 17, 18, 20, 21, 23, 25, 27, 29, 30, 33, 34, 35, 
  37, 45, 48, 49, 53, 55, 56, 57 ],
[ 1, 2, 4, 6, 9, 10, 12, 13, 16, 17, 18, 23, 26, 27, 29, 33, 34, 36, 38, 39, 
  40, 44, 48, 52, 54, 56, 57, 62 ],
[ 1, 2, 4, 6, 9, 10, 12, 13, 16, 17, 18, 23, 26, 27, 29, 30, 33, 34, 36, 38, 
  39, 40, 44, 48, 49, 54, 56, 57 ],
[ 1, 2, 4, 6, 9, 10, 12, 13, 16, 17, 18, 23, 25, 26, 27, 29, 33, 34, 36, 38, 
  39, 40, 52, 54, 56, 57, 60, 62 ],
[ 1, 2, 4, 6, 9, 10, 12, 13, 16, 17, 18, 23, 25, 26, 27, 29, 30, 33, 34, 36, 
  38, 39, 40, 49, 54, 56, 57, 60 ],
[ 1, 2, 4, 6, 9, 10, 12, 13, 16, 17, 18, 20, 23, 26, 27, 29, 33, 34, 38, 40, 
  42, 44, 48, 52, 53, 54, 62, 63 ],
[ 1, 2, 4, 6, 9, 10, 12, 13, 16, 17, 18, 20, 23, 26, 27, 29, 30, 33, 34, 38, 
  40, 42, 44, 48, 49, 53, 54, 63 ],
[ 1, 2, 4, 6, 9, 10, 12, 13, 16, 17, 18, 20, 23, 25, 26, 27, 29, 33, 34, 38, 
  40, 42, 52, 53, 54, 60, 62, 63 ],
[ 1, 2, 4, 6, 9, 10, 12, 13, 16, 17, 18, 20, 23, 25, 26, 27, 29, 30, 33, 34, 
  38, 40, 42, 49, 53, 54, 60, 63 ],
[ 1, 2, 4, 6, 9, 10, 12, 13, 15, 17, 18, 23, 26, 27, 29, 33, 35, 37, 38, 39, 
  40, 44, 48, 52, 53, 56, 57, 62 ],
[ 1, 2, 4, 6, 9, 10, 12, 13, 15, 17, 18, 23, 26, 27, 29, 33, 35, 36, 37, 38, 
  39, 40, 44, 48, 52, 57, 62, 63 ],
[ 1, 2, 4, 6, 9, 10, 12, 13, 15, 17, 18, 23, 26, 27, 29, 30, 33, 35, 37, 38, 
  39, 40, 44, 48, 49, 53, 56, 57 ],
[ 1, 2, 4, 6, 9, 10, 12, 13, 15, 17, 18, 23, 26, 27, 29, 30, 33, 35, 36, 37, 
  38, 39, 40, 44, 48, 49, 57, 63 ],
[ 1, 2, 4, 6, 9, 10, 12, 13, 15, 17, 18, 21, 23, 27, 29, 33, 35, 37, 38, 39, 
  42, 44, 45, 52, 53, 56, 60, 62 ],
[ 1, 2, 4, 6, 9, 10, 12, 13, 15, 17, 18, 21, 23, 27, 29, 30, 33, 35, 37, 38, 
  39, 42, 44, 45, 49, 53, 56, 60 ],
[ 1, 2, 4, 6, 9, 10, 12, 13, 15, 17, 18, 20, 21, 23, 27, 29, 33, 35, 37, 38, 
  44, 45, 52, 53, 56, 57, 60, 62 ],
[ 1, 2, 4, 6, 9, 10, 12, 13, 15, 17, 18, 20, 21, 23, 27, 29, 30, 33, 35, 37, 
  38, 44, 45, 49, 53, 56, 57, 60 ],
[ 1, 2, 4, 6, 9, 10, 12, 13, 14, 16, 17, 18, 20, 21, 23, 25, 29, 30, 31, 33, 
  34, 36, 38, 45, 48, 52, 53, 57 ],
[ 1, 2, 4, 6, 9, 10, 12, 13, 14, 15, 16, 17, 18, 21, 23, 25, 29, 30, 31, 33, 
  36, 39, 42, 45, 48, 52, 53, 55 ],
[ 1, 2, 4, 6, 8, 9, 12, 13, 17, 20, 23, 25, 27, 29, 30, 31, 33, 34, 35, 36, 
  37, 40, 41, 42, 49, 53, 55, 60 ],
[ 1, 2, 4, 6, 8, 9, 12, 13, 14, 17, 20, 23, 27, 29, 30, 31, 34, 35, 36, 40, 
  41, 42, 44, 48, 49, 53, 54, 55 ],
[ 1, 2, 4, 6, 8, 9, 11, 13, 17, 18, 21, 23, 26, 27, 28, 31, 33, 34, 35, 36, 
  39, 42, 45, 49, 52, 54, 55, 56 ],
[ 1, 2, 4, 6, 8, 9, 11, 13, 17, 18, 21, 23, 26, 27, 28, 30, 33, 34, 35, 37, 
  39, 42, 45, 50, 52, 53, 55, 56 ],
[ 1, 2, 4, 6, 8, 9, 11, 13, 17, 18, 21, 23, 26, 27, 28, 30, 33, 34, 35, 36, 
  37, 39, 42, 45, 50, 52, 55, 63 ],
[ 1, 2, 4, 6, 8, 9, 11, 13, 17, 18, 21, 23, 26, 27, 28, 30, 31, 33, 34, 35, 
  36, 39, 42, 45, 54, 55, 56, 62 ],
[ 1, 2, 4, 6, 8, 9, 11, 13, 17, 18, 20, 21, 23, 26, 27, 28, 31, 33, 34, 35, 
  36, 45, 49, 52, 54, 55, 56, 57 ],
[ 1, 2, 4, 6, 8, 9, 11, 13, 17, 18, 20, 21, 23, 26, 27, 28, 30, 33, 34, 35, 
  37, 45, 50, 52, 53, 55, 56, 57 ],
[ 1, 2, 4, 6, 8, 9, 11, 13, 17, 18, 20, 21, 23, 26, 27, 28, 30, 33, 34, 35, 
  36, 37, 45, 50, 52, 55, 57, 63 ],
[ 1, 2, 4, 6, 8, 9, 11, 13, 17, 18, 20, 21, 23, 26, 27, 28, 30, 31, 33, 34, 
  35, 36, 45, 54, 55, 56, 57, 62 ],
[ 1, 2, 4, 6, 8, 9, 11, 13, 16, 17, 18, 21, 23, 26, 27, 28, 33, 34, 36, 38, 
  39, 42, 45, 49, 50, 54, 56, 62 ],
[ 1, 2, 4, 6, 8, 9, 11, 13, 16, 17, 18, 20, 21, 23, 26, 27, 28, 33, 34, 36, 
  38, 45, 49, 50, 54, 56, 57, 62 ],
[ 1, 2, 4, 6, 8, 9, 11, 13, 16, 17, 18, 20, 21, 23, 26, 27, 28, 30, 33, 34, 
  38, 45, 50, 52, 53, 54, 57, 63 ],
[ 1, 2, 4, 6, 8, 9, 11, 13, 15, 17, 18, 21, 23, 26, 27, 28, 31, 33, 35, 38, 
  39, 42, 45, 49, 52, 53, 54, 63 ],
[ 1, 2, 4, 6, 8, 9, 11, 13, 15, 17, 18, 21, 23, 26, 27, 28, 30, 31, 33, 35, 
  38, 39, 42, 45, 53, 54, 62, 63 ],
[ 1, 2, 4, 6, 8, 9, 11, 13, 15, 17, 18, 20, 21, 23, 26, 27, 28, 31, 33, 35, 
  38, 45, 49, 52, 53, 54, 57, 63 ],
[ 1, 2, 4, 6, 8, 9, 11, 13, 15, 17, 18, 20, 21, 23, 26, 27, 28, 30, 31, 33, 
  35, 38, 45, 53, 54, 57, 62, 63 ],
[ 1, 2, 4, 6, 8, 9, 11, 13, 15, 16, 17, 18, 21, 23, 26, 27, 28, 33, 36, 39, 
  42, 45, 49, 50, 54, 55, 56, 62 ],
[ 1, 2, 4, 6, 8, 9, 11, 13, 14, 17, 18, 21, 23, 26, 27, 28, 30, 31, 34, 35, 
  37, 39, 42, 45, 53, 55, 62, 63 ],
[ 1, 2, 4, 6, 8, 9, 11, 13, 14, 17, 18, 20, 21, 23, 26, 27, 28, 31, 34, 35, 
  37, 45, 49, 52, 53, 55, 57, 63 ],
[ 1, 2, 4, 6, 8, 9, 11, 13, 14, 15, 17, 18, 21, 23, 26, 27, 28, 31, 35, 36, 
  37, 38, 39, 42, 45, 49, 52, 56 ],
[ 1, 2, 4, 6, 8, 9, 11, 13, 14, 15, 17, 18, 20, 21, 23, 26, 27, 28, 30, 31, 
  35, 36, 37, 38, 45, 56, 57, 62 ],
[ 1, 2, 4, 6, 8, 9, 10, 13, 17, 21, 23, 26, 27, 28, 32, 33, 34, 35, 36, 39, 
  41, 42, 45, 52, 54, 55, 56, 62 ],
[ 1, 2, 4, 6, 8, 9, 10, 13, 17, 21, 23, 26, 27, 28, 30, 32, 33, 34, 35, 36, 
  41, 42, 45, 54, 55, 56, 57, 62 ],
[ 1, 2, 4, 6, 8, 9, 10, 13, 15, 17, 21, 23, 26, 27, 28, 32, 33, 35, 38, 39, 
  41, 42, 45, 52, 53, 54, 62, 63 ],
[ 1, 2, 4, 6, 8, 9, 10, 13, 15, 17, 21, 23, 26, 27, 28, 30, 32, 33, 35, 38, 
  41, 42, 45, 53, 54, 57, 62, 63 ],
[ 1, 2, 4, 6, 8, 9, 10, 13, 14, 17, 21, 23, 26, 27, 28, 32, 34, 35, 37, 39, 
  41, 42, 45, 52, 53, 55, 62, 63 ],
[ 1, 2, 4, 6, 8, 9, 10, 13, 14, 17, 21, 23, 26, 27, 28, 30, 32, 34, 35, 37, 
  41, 42, 45, 53, 55, 57, 62, 63 ],
[ 1, 2, 4, 6, 8, 9, 10, 13, 14, 15, 17, 21, 23, 26, 27, 28, 32, 35, 36, 37, 
  38, 39, 41, 42, 45, 52, 56, 62 ],
[ 1, 2, 4, 6, 8, 9, 10, 11, 13, 17, 21, 23, 26, 27, 28, 33, 34, 35, 36, 39, 
  41, 42, 45, 49, 52, 54, 55, 56 ],
[ 1, 2, 4, 6, 8, 9, 10, 11, 13, 15, 17, 21, 23, 26, 27, 28, 33, 35, 38, 39, 
  41, 42, 45, 49, 52, 53, 54, 63 ],
[ 1, 2, 4, 6, 8, 9, 10, 11, 13, 14, 17, 21, 23, 26, 27, 28, 34, 35, 37, 39, 
  41, 42, 45, 49, 52, 53, 55, 63 ],
[ 1, 2, 4, 6, 8, 9, 10, 11, 13, 14, 15, 17, 21, 23, 26, 27, 28, 35, 36, 37, 
  38, 39, 41, 42, 45, 49, 52, 56 ],
[ 1, 2, 4, 5, 8, 9, 13, 17, 18, 22, 23, 26, 27, 28, 31, 32, 33, 34, 35, 36, 
  39, 42, 45, 52, 54, 55, 56, 62 ],
[ 1, 2, 4, 5, 8, 9, 13, 15, 17, 18, 22, 23, 26, 27, 28, 31, 32, 33, 35, 38, 
  39, 42, 45, 52, 53, 54, 62, 63 ],
[ 1, 2, 4, 5, 8, 9, 13, 14, 17, 18, 22, 23, 26, 27, 28, 31, 32, 34, 35, 37, 
  39, 42, 45, 52, 53, 55, 62, 63 ],
[ 1, 2, 4, 5, 8, 9, 11, 13, 17, 18, 20, 22, 23, 26, 27, 31, 33, 34, 35, 36, 
  45, 51, 52, 54, 55, 56, 57, 62 ],
[ 1, 2, 4, 5, 8, 9, 11, 13, 15, 17, 18, 20, 22, 23, 26, 27, 31, 33, 35, 38, 
  45, 51, 52, 53, 54, 57, 62, 63 ],
[ 1, 2, 4, 5, 8, 9, 11, 13, 14, 17, 18, 20, 22, 23, 26, 27, 31, 34, 35, 37, 
  45, 51, 52, 53, 55, 57, 62, 63 ],
[ 1, 2, 4, 5, 8, 9, 11, 13, 14, 15, 17, 18, 20, 22, 23, 26, 27, 31, 35, 36, 
  37, 38, 45, 51, 52, 56, 57, 62 ],
[ 1, 2, 4, 5, 7, 9, 11, 13, 15, 17, 19, 23, 24, 27, 28, 29, 33, 35, 37, 38, 
  42, 44, 49, 51, 53, 56, 57, 61 ],
[ 1, 2, 4, 5, 7, 9, 11, 13, 15, 16, 17, 19, 20, 23, 27, 28, 29, 33, 36, 39, 
  44, 46, 47, 51, 54, 55, 56, 62 ],
[ 1, 2, 4, 5, 7, 9, 11, 13, 14, 15, 17, 19, 23, 24, 27, 28, 29, 35, 36, 38, 
  42, 44, 49, 51, 54, 57, 61, 63 ],
[ 1, 2, 4, 5, 7, 9, 11, 13, 14, 15, 16, 17, 19, 20, 23, 27, 28, 29, 37, 39, 
  44, 46, 47, 51, 53, 55, 62, 63 ],
[ 1, 2, 4, 5, 7, 9, 11, 12, 13, 16, 17, 19, 20, 23, 27, 28, 32, 33, 34, 36, 
  38, 39, 44, 54, 56, 58, 59, 62 ],
[ 1, 2, 4, 5, 7, 9, 11, 12, 13, 15, 17, 19, 23, 27, 28, 32, 33, 35, 36, 37, 
  38, 42, 43, 44, 49, 57, 63, 64 ],
[ 1, 2, 4, 5, 7, 9, 11, 12, 13, 14, 16, 17, 19, 20, 23, 27, 28, 32, 34, 37, 
  38, 39, 44, 53, 58, 59, 62, 63 ],
[ 1, 2, 4, 5, 7, 9, 11, 12, 13, 14, 15, 17, 19, 23, 27, 28, 32, 35, 38, 42, 
  43, 44, 49, 53, 54, 56, 57, 64 ],
[ 1, 2, 3, 7, 9, 13, 14, 16, 17, 18, 21, 23, 24, 27, 28, 29, 32, 33, 35, 36, 
  39, 41, 42, 44, 51, 53, 61, 62 ],
[ 1, 2, 3, 7, 9, 11, 13, 14, 16, 17, 18, 21, 23, 24, 27, 28, 29, 33, 35, 39, 
  41, 42, 44, 49, 51, 56, 61, 63 ],
[ 1, 2, 3, 7, 9, 11, 12, 13, 14, 16, 17, 18, 20, 21, 23, 27, 32, 33, 35, 36, 
  41, 43, 44, 51, 53, 57, 62, 64 ],
[ 1, 2, 3, 7, 9, 11, 12, 13, 14, 16, 17, 18, 20, 21, 23, 27, 28, 32, 33, 35, 
  41, 43, 44, 49, 56, 57, 63, 64 ],
[ 1, 2, 3, 7, 8, 9, 12, 13, 15, 17, 18, 21, 23, 25, 27, 29, 33, 34, 37, 39, 
  41, 42, 44, 49, 50, 53, 56, 62 ],
[ 1, 2, 3, 7, 8, 9, 12, 13, 15, 17, 18, 21, 23, 25, 27, 29, 33, 34, 36, 37, 
  39, 41, 42, 44, 49, 50, 62, 63 ],
[ 1, 2, 3, 7, 8, 9, 12, 13, 15, 17, 18, 20, 21, 23, 25, 27, 29, 33, 34, 37, 
  41, 44, 49, 50, 53, 56, 57, 62 ],
[ 1, 2, 3, 7, 8, 9, 12, 13, 15, 17, 18, 20, 21, 23, 25, 27, 29, 33, 34, 36, 
  37, 41, 44, 49, 50, 57, 62, 63 ],
[ 1, 2, 3, 6, 7, 8, 9, 12, 13, 15, 17, 21, 22, 23, 25, 27, 29, 30, 33, 34, 
  37, 39, 42, 44, 50, 52, 53, 56 ],
[ 1, 2, 3, 6, 7, 8, 9, 12, 13, 15, 17, 21, 22, 23, 25, 27, 29, 30, 33, 34, 
  36, 37, 39, 42, 44, 50, 52, 63 ],
[ 1, 2, 3, 6, 7, 8, 9, 12, 13, 15, 17, 20, 21, 22, 23, 25, 27, 29, 30, 33, 
  34, 37, 44, 50, 52, 53, 56, 57 ],
[ 1, 2, 3, 6, 7, 8, 9, 12, 13, 15, 17, 20, 21, 22, 23, 25, 27, 29, 30, 33, 
  34, 36, 37, 44, 50, 52, 57, 63 ],
[ 1, 2, 3, 5, 7, 9, 13, 14, 16, 18, 20, 23, 24, 27, 28, 29, 32, 33, 35, 36, 
  40, 41, 44, 51, 53, 57, 61, 62 ],
[ 1, 2, 3, 5, 7, 9, 11, 13, 14, 16, 18, 20, 23, 24, 27, 28, 29, 33, 35, 40, 
  41, 44, 49, 51, 56, 57, 61, 63 ],
[ 1, 2, 3, 5, 7, 9, 11, 12, 13, 14, 16, 18, 23, 27, 32, 33, 35, 36, 39, 40, 
  41, 42, 43, 44, 51, 53, 62, 64 ],
[ 1, 2, 3, 5, 7, 9, 11, 12, 13, 14, 16, 18, 23, 27, 28, 32, 33, 35, 39, 40, 
  41, 42, 43, 44, 49, 56, 63, 64 ],
[ 1, 2, 3, 4, 9, 12, 13, 18, 20, 21, 22, 23, 27, 29, 30, 33, 34, 37, 38, 39, 
  40, 44, 45, 50, 52, 53, 56, 60 ],
[ 1, 2, 3, 4, 9, 12, 13, 18, 20, 21, 22, 23, 25, 27, 29, 33, 34, 37, 38, 39, 
  40, 45, 48, 49, 50, 53, 56, 62 ],
[ 1, 2, 3, 4, 9, 12, 13, 17, 20, 21, 22, 23, 27, 29, 30, 33, 34, 37, 38, 39, 
  41, 44, 45, 50, 52, 53, 56, 60 ],
[ 1, 2, 3, 4, 9, 12, 13, 17, 20, 21, 22, 23, 25, 27, 29, 33, 34, 37, 38, 39, 
  41, 45, 48, 49, 50, 53, 56, 62 ],
[ 1, 2, 3, 4, 9, 12, 13, 17, 18, 21, 22, 23, 27, 29, 30, 33, 37, 38, 39, 42, 
  44, 45, 50, 52, 55, 56, 60, 63 ],
[ 1, 2, 3, 4, 9, 12, 13, 17, 18, 21, 22, 23, 25, 27, 29, 33, 37, 38, 39, 42, 
  45, 48, 49, 50, 55, 56, 62, 63 ],
[ 1, 2, 3, 4, 9, 12, 13, 17, 18, 20, 21, 22, 23, 27, 29, 30, 34, 37, 38, 39, 
  44, 45, 50, 52, 53, 54, 56, 60 ],
[ 1, 2, 3, 4, 9, 12, 13, 17, 18, 20, 21, 22, 23, 25, 27, 29, 34, 37, 38, 39, 
  45, 48, 49, 50, 53, 54, 56, 62 ],
[ 1, 2, 3, 4, 9, 12, 13, 15, 18, 20, 21, 22, 23, 27, 29, 30, 33, 37, 39, 40, 
  44, 45, 50, 52, 53, 55, 56, 60 ],
[ 1, 2, 3, 4, 9, 12, 13, 15, 18, 20, 21, 22, 23, 25, 27, 29, 33, 37, 39, 40, 
  45, 48, 49, 50, 53, 55, 56, 62 ],
[ 1, 2, 3, 4, 9, 12, 13, 15, 17, 20, 21, 22, 23, 27, 29, 30, 33, 37, 39, 41, 
  44, 45, 50, 52, 53, 55, 56, 60 ],
[ 1, 2, 3, 4, 9, 12, 13, 15, 17, 20, 21, 22, 23, 25, 27, 29, 33, 37, 39, 41, 
  45, 48, 49, 50, 53, 55, 56, 62 ],
[ 1, 2, 3, 4, 9, 12, 13, 15, 17, 18, 21, 22, 23, 27, 29, 30, 36, 37, 39, 42, 
  44, 45, 50, 52, 53, 54, 55, 60 ],
[ 1, 2, 3, 4, 9, 12, 13, 15, 17, 18, 21, 22, 23, 25, 27, 29, 36, 37, 39, 42, 
  45, 48, 49, 50, 53, 54, 55, 62 ],
[ 1, 2, 3, 4, 9, 12, 13, 15, 17, 18, 20, 21, 22, 23, 27, 29, 30, 33, 37, 39, 
  44, 45, 50, 52, 55, 56, 60, 63 ],
[ 1, 2, 3, 4, 9, 12, 13, 15, 17, 18, 20, 21, 22, 23, 25, 27, 29, 36, 37, 39, 
  45, 48, 49, 50, 54, 55, 62, 63 ],
[ 1, 2, 3, 4, 9, 12, 13, 15, 17, 18, 20, 21, 22, 23, 25, 27, 29, 33, 37, 39, 
  45, 48, 49, 50, 55, 56, 62, 63 ],
[ 1, 2, 3, 4, 9, 12, 13, 14, 18, 21, 22, 23, 27, 29, 30, 33, 34, 36, 38, 39, 
  40, 42, 44, 45, 50, 52, 60, 63 ],
[ 1, 2, 3, 4, 9, 12, 13, 14, 18, 21, 22, 23, 25, 27, 29, 33, 34, 36, 38, 39, 
  40, 42, 45, 48, 49, 50, 62, 63 ],
[ 1, 2, 3, 4, 9, 12, 13, 14, 18, 20, 21, 22, 23, 27, 29, 30, 34, 36, 38, 39, 
  40, 44, 45, 50, 52, 54, 60, 63 ],
[ 1, 2, 3, 4, 9, 12, 13, 14, 18, 20, 21, 22, 23, 27, 29, 30, 33, 34, 38, 40, 
  44, 45, 50, 52, 53, 56, 57, 60 ],
[ 1, 2, 3, 4, 9, 12, 13, 14, 18, 20, 21, 22, 23, 25, 27, 29, 34, 36, 38, 39, 
  40, 45, 48, 49, 50, 54, 62, 63 ],
[ 1, 2, 3, 4, 9, 12, 13, 14, 18, 20, 21, 22, 23, 25, 27, 29, 33, 34, 38, 40, 
  45, 48, 49, 50, 53, 56, 57, 62 ],
[ 1, 2, 3, 4, 9, 12, 13, 14, 17, 20, 21, 22, 23, 27, 29, 30, 34, 36, 38, 39, 
  41, 44, 45, 50, 52, 54, 60, 63 ],
[ 1, 2, 3, 4, 9, 12, 13, 14, 17, 20, 21, 22, 23, 25, 27, 29, 34, 36, 38, 39, 
  41, 45, 48, 49, 50, 54, 62, 63 ],
[ 1, 2, 3, 4, 9, 12, 13, 14, 17, 18, 21, 22, 23, 27, 29, 30, 38, 39, 42, 44, 
  45, 50, 52, 54, 55, 56, 60, 63 ],
[ 1, 2, 3, 4, 9, 12, 13, 14, 17, 18, 21, 22, 23, 27, 29, 30, 33, 34, 38, 42, 
  44, 45, 50, 52, 53, 56, 57, 60 ],
[ 1, 2, 3, 4, 9, 12, 13, 14, 17, 18, 21, 22, 23, 25, 27, 29, 38, 39, 42, 45, 
  48, 49, 50, 54, 55, 56, 62, 63 ],
[ 1, 2, 3, 4, 9, 12, 13, 14, 17, 18, 21, 22, 23, 25, 27, 29, 33, 34, 38, 42, 
  45, 48, 49, 50, 53, 56, 57, 62 ],
[ 1, 2, 3, 4, 9, 12, 13, 14, 17, 18, 20, 21, 22, 23, 27, 29, 30, 34, 38, 39, 
  44, 45, 50, 52, 54, 56, 60, 63 ],
[ 1, 2, 3, 4, 9, 12, 13, 14, 17, 18, 20, 21, 22, 23, 25, 27, 29, 34, 38, 39, 
  45, 48, 49, 50, 54, 56, 62, 63 ],
[ 1, 2, 3, 4, 9, 12, 13, 14, 15, 17, 20, 21, 22, 23, 27, 29, 30, 36, 39, 41, 
  44, 45, 50, 52, 54, 55, 60, 63 ],
[ 1, 2, 3, 4, 9, 12, 13, 14, 15, 17, 20, 21, 22, 23, 25, 27, 29, 36, 39, 41, 
  45, 48, 49, 50, 54, 55, 62, 63 ],
[ 1, 2, 3, 4, 9, 12, 13, 14, 15, 17, 18, 21, 22, 23, 25, 27, 29, 33, 36, 42, 
  45, 48, 49, 50, 55, 57, 62, 63 ],
[ 1, 2, 3, 4, 9, 11, 13, 16, 17, 18, 20, 22, 23, 28, 29, 35, 37, 40, 42, 47, 
  49, 50, 51, 53, 54, 56, 60, 61 ],
[ 1, 2, 3, 4, 9, 11, 13, 16, 17, 18, 20, 22, 23, 28, 29, 35, 36, 37, 40, 42, 
  47, 49, 50, 51, 54, 60, 61, 63 ],
[ 1, 2, 3, 4, 9, 11, 13, 14, 16, 17, 18, 20, 22, 23, 28, 29, 33, 35, 40, 42, 
  47, 49, 50, 51, 53, 56, 60, 61 ],
[ 1, 2, 3, 4, 9, 11, 13, 14, 16, 17, 18, 20, 22, 23, 28, 29, 33, 35, 36, 40, 
  42, 47, 49, 50, 51, 60, 61, 63 ],
[ 1, 2, 3, 4, 9, 10, 12, 13, 17, 18, 22, 23, 26, 27, 29, 33, 34, 36, 38, 39, 
  40, 48, 49, 52, 54, 56, 57, 60 ],
[ 1, 2, 3, 4, 9, 10, 12, 13, 17, 18, 20, 22, 23, 26, 27, 29, 33, 34, 38, 40, 
  42, 48, 49, 52, 53, 54, 60, 63 ],
[ 1, 2, 3, 4, 9, 10, 12, 13, 15, 17, 18, 22, 23, 26, 27, 29, 30, 33, 36, 39, 
  40, 48, 54, 55, 56, 57, 60, 62 ],
[ 1, 2, 3, 4, 9, 10, 12, 13, 15, 17, 18, 20, 22, 23, 26, 27, 29, 30, 33, 40, 
  42, 48, 53, 54, 55, 60, 62, 63 ],
[ 1, 2, 3, 4, 8, 9, 12, 13, 17, 18, 22, 23, 25, 27, 29, 30, 31, 33, 34, 36, 
  38, 39, 40, 49, 54, 56, 57, 60 ],
[ 1, 2, 3, 4, 8, 9, 12, 13, 15, 17, 18, 22, 23, 27, 29, 30, 31, 33, 36, 39, 
  40, 44, 48, 49, 54, 55, 56, 57 ],
[ 1, 2, 3, 4, 7, 9, 13, 17, 19, 21, 23, 27, 28, 29, 32, 33, 34, 36, 38, 42, 
  44, 47, 51, 54, 56, 57, 61, 62 ],
[ 1, 2, 3, 4, 7, 9, 13, 17, 19, 20, 21, 23, 27, 28, 29, 32, 33, 34, 36, 38, 
  39, 44, 47, 51, 54, 56, 61, 62 ],
[ 1, 2, 3, 4, 7, 9, 13, 15, 17, 19, 21, 23, 27, 28, 29, 32, 33, 36, 42, 44, 
  47, 51, 54, 55, 56, 57, 61, 62 ],
[ 1, 2, 3, 4, 7, 9, 13, 15, 17, 19, 20, 21, 23, 27, 28, 29, 32, 33, 36, 39, 
  44, 47, 51, 54, 55, 56, 61, 62 ],
[ 1, 2, 3, 4, 7, 9, 13, 14, 17, 19, 21, 23, 27, 28, 29, 32, 34, 37, 38, 42, 
  44, 47, 51, 53, 57, 61, 62, 63 ],
[ 1, 2, 3, 4, 7, 9, 13, 14, 17, 19, 20, 21, 23, 27, 28, 29, 32, 34, 37, 38, 
  39, 44, 47, 51, 53, 61, 62, 63 ],
[ 1, 2, 3, 4, 7, 9, 13, 14, 15, 17, 19, 21, 23, 27, 28, 29, 32, 37, 42, 44, 
  47, 51, 53, 55, 57, 61, 62, 63 ],
[ 1, 2, 3, 4, 7, 9, 13, 14, 15, 17, 19, 20, 21, 23, 27, 28, 29, 32, 37, 39, 
  44, 47, 51, 53, 55, 61, 62, 63 ],
[ 1, 2, 3, 4, 7, 8, 9, 13, 17, 19, 20, 21, 23, 25, 27, 28, 32, 33, 34, 36, 
  38, 39, 49, 50, 54, 56, 60, 62 ],
[ 1, 2, 3, 4, 7, 8, 9, 13, 17, 19, 20, 21, 23, 25, 27, 28, 30, 32, 33, 34, 
  38, 39, 50, 52, 53, 54, 60, 63 ],
[ 1, 2, 3, 4, 7, 8, 9, 13, 15, 17, 19, 20, 21, 23, 27, 28, 32, 33, 36, 39, 
  44, 48, 49, 50, 54, 55, 56, 62 ],
[ 1, 2, 3, 4, 7, 8, 9, 13, 15, 17, 19, 20, 21, 23, 27, 28, 30, 32, 33, 39, 
  44, 48, 50, 52, 53, 54, 55, 63 ],
[ 1, 2, 3, 4, 7, 8, 9, 11, 13, 17, 19, 20, 21, 23, 27, 33, 34, 36, 38, 39, 
  44, 48, 49, 50, 51, 54, 56, 62 ],
[ 1, 2, 3, 4, 7, 8, 9, 11, 13, 17, 19, 20, 21, 23, 27, 30, 33, 34, 38, 39, 
  44, 48, 50, 51, 52, 53, 54, 63 ],
[ 1, 2, 3, 4, 7, 8, 9, 11, 13, 15, 17, 19, 20, 21, 23, 25, 27, 33, 36, 39, 
  49, 50, 51, 54, 55, 56, 60, 62 ],
[ 1, 2, 3, 4, 7, 8, 9, 11, 13, 15, 17, 19, 20, 21, 23, 25, 27, 30, 33, 39, 
  50, 51, 52, 53, 54, 55, 60, 63 ],
[ 1, 2, 3, 4, 6, 9, 12, 13, 17, 21, 23, 27, 29, 30, 34, 36, 37, 38, 39, 41, 
  42, 44, 45, 50, 52, 53, 54, 60 ],
[ 1, 2, 3, 4, 6, 9, 12, 13, 17, 21, 23, 25, 27, 29, 34, 36, 37, 38, 39, 41, 
  42, 45, 48, 49, 50, 53, 54, 62 ],
[ 1, 2, 3, 4, 6, 9, 12, 13, 17, 20, 21, 23, 27, 29, 30, 33, 34, 37, 38, 39, 
  41, 44, 45, 50, 52, 56, 60, 63 ],
[ 1, 2, 3, 4, 6, 9, 12, 13, 17, 20, 21, 23, 25, 27, 29, 33, 34, 37, 38, 39, 
  41, 45, 48, 49, 50, 56, 62, 63 ],
[ 1, 2, 3, 4, 6, 9, 12, 13, 15, 17, 21, 23, 27, 29, 30, 36, 37, 39, 41, 42, 
  44, 45, 50, 52, 53, 54, 55, 60 ],
[ 1, 2, 3, 4, 6, 9, 12, 13, 15, 17, 21, 23, 25, 27, 29, 36, 37, 39, 41, 42, 
  45, 48, 49, 50, 53, 54, 55, 62 ],
[ 1, 2, 3, 4, 6, 9, 12, 13, 15, 17, 18, 21, 23, 27, 29, 30, 33, 34, 37, 39, 
  42, 44, 45, 50, 52, 53, 56, 60 ],
[ 1, 2, 3, 4, 6, 9, 12, 13, 15, 17, 18, 21, 23, 27, 29, 30, 33, 34, 36, 37, 
  39, 42, 44, 45, 50, 52, 60, 63 ],
[ 1, 2, 3, 4, 6, 9, 12, 13, 15, 17, 18, 21, 23, 25, 27, 29, 33, 34, 37, 39, 
  42, 45, 48, 49, 50, 53, 56, 62 ],
[ 1, 2, 3, 4, 6, 9, 12, 13, 15, 17, 18, 21, 23, 25, 27, 29, 33, 34, 36, 37, 
  39, 42, 45, 48, 49, 50, 62, 63 ],
[ 1, 2, 3, 4, 6, 9, 12, 13, 15, 17, 18, 20, 21, 23, 27, 29, 30, 33, 34, 37, 
  44, 45, 50, 52, 53, 56, 57, 60 ],
[ 1, 2, 3, 4, 6, 9, 12, 13, 15, 17, 18, 20, 21, 23, 27, 29, 30, 33, 34, 36, 
  37, 44, 45, 50, 52, 57, 60, 63 ],
[ 1, 2, 3, 4, 6, 9, 12, 13, 15, 17, 18, 20, 21, 23, 25, 27, 29, 33, 34, 37, 
  45, 48, 49, 50, 53, 56, 57, 62 ],
[ 1, 2, 3, 4, 6, 9, 12, 13, 15, 17, 18, 20, 21, 23, 25, 27, 29, 33, 34, 36, 
  37, 45, 48, 49, 50, 57, 62, 63 ],
[ 1, 2, 3, 4, 6, 9, 12, 13, 14, 17, 21, 23, 27, 29, 30, 33, 34, 38, 39, 41, 
  42, 44, 45, 50, 52, 56, 60, 63 ],
[ 1, 2, 3, 4, 6, 9, 12, 13, 14, 17, 21, 23, 27, 29, 30, 33, 34, 36, 38, 41, 
  42, 44, 45, 50, 52, 57, 60, 63 ],
[ 1, 2, 3, 4, 6, 9, 12, 13, 14, 17, 21, 23, 25, 27, 29, 33, 34, 38, 39, 41, 
  42, 45, 48, 49, 50, 56, 62, 63 ],
[ 1, 2, 3, 4, 6, 9, 12, 13, 14, 17, 21, 23, 25, 27, 29, 33, 34, 36, 38, 41, 
  42, 45, 48, 49, 50, 57, 62, 63 ],
[ 1, 2, 3, 4, 6, 9, 12, 13, 14, 15, 17, 21, 23, 27, 29, 30, 33, 39, 41, 42, 
  44, 45, 50, 52, 55, 56, 60, 63 ],
[ 1, 2, 3, 4, 6, 9, 12, 13, 14, 15, 17, 21, 23, 27, 29, 30, 33, 34, 39, 41, 
  42, 44, 45, 50, 52, 53, 56, 60 ],
[ 1, 2, 3, 4, 6, 9, 12, 13, 14, 15, 17, 21, 23, 27, 29, 30, 33, 34, 36, 39, 
  41, 42, 44, 45, 50, 52, 60, 63 ],
[ 1, 2, 3, 4, 6, 9, 12, 13, 14, 15, 17, 21, 23, 25, 27, 29, 33, 41, 42, 45, 
  48, 49, 50, 53, 55, 56, 57, 62 ],
[ 1, 2, 3, 4, 6, 9, 12, 13, 14, 15, 17, 21, 23, 25, 27, 29, 33, 39, 41, 42, 
  45, 48, 49, 50, 55, 56, 62, 63 ],
[ 1, 2, 3, 4, 6, 9, 12, 13, 14, 15, 17, 21, 23, 25, 27, 29, 33, 34, 39, 41, 
  42, 45, 48, 49, 50, 53, 56, 62 ],
[ 1, 2, 3, 4, 6, 9, 12, 13, 14, 15, 17, 21, 23, 25, 27, 29, 33, 34, 36, 39, 
  41, 42, 45, 48, 49, 50, 62, 63 ],
[ 1, 2, 3, 4, 6, 9, 12, 13, 14, 15, 17, 18, 21, 23, 25, 27, 29, 34, 39, 42, 
  45, 48, 49, 50, 53, 54, 56, 62 ],
[ 1, 2, 3, 4, 6, 9, 12, 13, 14, 15, 17, 18, 20, 21, 23, 25, 27, 29, 34, 36, 
  45, 48, 49, 50, 54, 57, 62, 63 ],
[ 1, 2, 3, 4, 6, 9, 11, 13, 16, 17, 20, 23, 28, 29, 35, 37, 40, 41, 42, 47, 
  49, 50, 51, 53, 54, 56, 60, 61 ],
[ 1, 2, 3, 4, 6, 9, 11, 13, 16, 17, 20, 23, 28, 29, 35, 36, 37, 40, 41, 42, 
  47, 49, 50, 51, 54, 60, 61, 63 ],
[ 1, 2, 3, 4, 6, 9, 11, 13, 16, 17, 20, 23, 27, 28, 29, 33, 35, 37, 40, 41, 
  42, 44, 46, 47, 51, 56, 62, 63 ],
[ 1, 2, 3, 4, 6, 9, 11, 13, 16, 17, 20, 23, 27, 28, 29, 33, 35, 36, 37, 40, 
  41, 42, 44, 46, 47, 51, 53, 62 ],
[ 1, 2, 3, 4, 6, 9, 10, 12, 13, 17, 20, 23, 26, 27, 29, 30, 33, 34, 38, 40, 
  41, 42, 48, 53, 54, 60, 62, 63 ],
[ 1, 2, 3, 4, 6, 9, 10, 12, 13, 15, 17, 20, 23, 26, 27, 29, 33, 40, 41, 42, 
  48, 49, 52, 53, 54, 55, 60, 63 ],
[ 1, 2, 3, 4, 5, 9, 12, 13, 17, 18, 22, 23, 27, 29, 30, 33, 34, 37, 38, 39, 
  42, 44, 45, 50, 52, 56, 60, 63 ],
[ 1, 2, 3, 4, 5, 9, 12, 13, 17, 18, 22, 23, 25, 27, 29, 33, 34, 37, 38, 39, 
  42, 45, 48, 49, 50, 56, 62, 63 ],
[ 1, 2, 3, 4, 5, 9, 12, 13, 17, 18, 20, 22, 23, 27, 29, 30, 34, 37, 38, 44, 
  45, 50, 52, 53, 54, 56, 57, 60 ],
[ 1, 2, 3, 4, 5, 9, 12, 13, 17, 18, 20, 22, 23, 25, 27, 29, 34, 37, 38, 45, 
  48, 49, 50, 53, 54, 56, 57, 62 ],
[ 1, 2, 3, 4, 5, 9, 12, 13, 15, 17, 18, 20, 22, 23, 27, 29, 30, 33, 37, 44, 
  45, 50, 52, 55, 56, 57, 60, 63 ],
[ 1, 2, 3, 4, 5, 9, 12, 13, 15, 17, 18, 20, 22, 23, 25, 27, 29, 33, 37, 45, 
  48, 49, 50, 55, 56, 57, 62, 63 ],
[ 1, 2, 3, 4, 5, 9, 12, 13, 14, 17, 18, 20, 22, 23, 27, 29, 30, 34, 38, 44, 
  45, 50, 52, 54, 56, 57, 60, 63 ],
[ 1, 2, 3, 4, 5, 9, 12, 13, 14, 17, 18, 20, 22, 23, 25, 27, 29, 34, 38, 45, 
  48, 49, 50, 54, 56, 57, 62, 63 ],
[ 1, 2, 3, 4, 5, 9, 12, 13, 14, 15, 17, 18, 22, 23, 25, 27, 29, 39, 42, 45, 
  48, 49, 50, 54, 55, 56, 62, 63 ]
];

