## Group: [64, 150]
## Difference Sets: 288
## Time:  0:05:51.104

return [
[ 1, 6, 9, 11, 13, 15, 16, 17, 18, 19, 20, 21, 24, 25, 28, 29, 30, 32, 33, 
  34, 36, 37, 39, 47, 48, 51, 52, 53 ],
[ 1, 6, 9, 10, 11, 13, 15, 16, 17, 18, 19, 20, 21, 25, 28, 29, 31, 32, 33, 
  34, 36, 37, 39, 46, 48, 51, 53, 61 ],
[ 1, 6, 8, 11, 13, 15, 16, 17, 18, 19, 20, 21, 25, 26, 27, 28, 30, 32, 33, 
  34, 36, 37, 39, 48, 50, 51, 52, 53 ],
[ 1, 6, 8, 10, 11, 13, 15, 16, 17, 18, 19, 20, 21, 25, 26, 28, 31, 32, 33, 
  34, 36, 37, 39, 48, 49, 51, 53, 62 ],
[ 1, 6, 8, 9, 10, 11, 13, 15, 16, 17, 18, 19, 20, 21, 24, 26, 28, 29, 31, 32, 
  33, 34, 36, 37, 39, 47, 51, 53 ],
[ 1, 6, 7, 8, 9, 11, 15, 16, 18, 19, 20, 21, 22, 25, 28, 30, 32, 33, 34, 36, 
  37, 43, 50, 52, 54, 55, 58, 62 ],
[ 1, 6, 7, 8, 9, 11, 14, 15, 18, 19, 20, 21, 22, 25, 28, 30, 32, 33, 34, 35, 
  37, 38, 43, 50, 52, 58, 62, 63 ],
[ 1, 6, 7, 8, 9, 10, 11, 15, 18, 19, 20, 21, 22, 25, 28, 31, 32, 33, 34, 35, 
  36, 38, 43, 50, 56, 58, 62, 63 ],
[ 1, 6, 7, 8, 9, 10, 11, 15, 16, 18, 19, 20, 21, 22, 25, 28, 31, 32, 34, 36, 
  37, 43, 50, 53, 55, 58, 62, 63 ],
[ 1, 4, 7, 8, 9, 11, 15, 16, 17, 18, 20, 25, 28, 29, 30, 32, 33, 34, 35, 36, 
  37, 39, 42, 47, 51, 52, 61, 63 ],
[ 1, 4, 7, 8, 9, 11, 15, 16, 17, 18, 20, 24, 25, 28, 29, 30, 32, 33, 34, 35, 
  36, 37, 39, 42, 46, 51, 52, 63 ],
[ 1, 4, 6, 7, 8, 11, 15, 16, 17, 18, 22, 24, 25, 27, 28, 30, 32, 33, 34, 35, 
  36, 37, 39, 46, 50, 51, 52, 63 ],
[ 1, 4, 6, 7, 8, 11, 14, 15, 16, 17, 18, 22, 24, 25, 27, 28, 30, 32, 34, 35, 
  39, 46, 50, 51, 52, 53, 54, 56 ],
[ 1, 4, 6, 7, 8, 11, 12, 15, 17, 18, 22, 24, 25, 27, 28, 29, 30, 31, 33, 34, 
  36, 38, 39, 46, 54, 55, 56, 62 ],
[ 1, 4, 6, 7, 8, 11, 12, 14, 15, 17, 18, 22, 24, 25, 27, 28, 29, 30, 31, 34, 
  37, 38, 39, 46, 53, 55, 62, 63 ],
[ 1, 4, 6, 7, 8, 10, 11, 15, 16, 17, 18, 22, 24, 25, 28, 31, 32, 33, 34, 35, 
  36, 37, 39, 46, 49, 51, 62, 63 ],
[ 1, 4, 6, 7, 8, 10, 11, 14, 15, 16, 17, 18, 22, 24, 25, 28, 31, 32, 34, 35, 
  39, 46, 49, 51, 53, 54, 56, 62 ],
[ 1, 4, 6, 7, 8, 10, 11, 12, 15, 17, 18, 22, 24, 25, 28, 29, 33, 34, 36, 38, 
  39, 46, 49, 50, 52, 54, 55, 56 ],
[ 1, 4, 6, 7, 8, 10, 11, 12, 14, 15, 17, 18, 22, 24, 25, 28, 29, 34, 37, 38, 
  39, 46, 49, 50, 52, 53, 55, 63 ],
[ 1, 4, 5, 7, 8, 9, 10, 11, 15, 16, 17, 18, 21, 25, 28, 29, 31, 32, 33, 34, 
  35, 36, 37, 39, 47, 51, 61, 63 ],
[ 1, 4, 5, 7, 8, 9, 10, 11, 15, 16, 17, 18, 21, 24, 25, 28, 29, 31, 32, 33, 
  34, 35, 36, 37, 39, 46, 51, 63 ],
[ 1, 4, 5, 6, 9, 11, 15, 16, 18, 20, 24, 25, 28, 29, 30, 32, 33, 34, 35, 36, 
  37, 40, 47, 48, 51, 52, 57, 63 ],
[ 1, 4, 5, 6, 9, 10, 11, 15, 16, 18, 20, 25, 28, 29, 31, 32, 33, 34, 35, 36, 
  37, 40, 46, 48, 51, 57, 61, 63 ],
[ 1, 4, 5, 6, 8, 11, 15, 16, 18, 20, 25, 26, 27, 28, 30, 32, 33, 34, 35, 36, 
  37, 40, 48, 50, 51, 52, 57, 63 ],
[ 1, 4, 5, 6, 8, 11, 12, 15, 18, 20, 25, 26, 27, 28, 29, 30, 31, 33, 34, 36, 
  38, 40, 48, 54, 55, 56, 57, 62 ],
[ 1, 4, 5, 6, 8, 11, 12, 14, 15, 18, 20, 25, 26, 27, 28, 29, 30, 31, 34, 37, 
  38, 40, 48, 53, 55, 57, 62, 63 ],
[ 1, 4, 5, 6, 8, 11, 12, 13, 15, 18, 20, 25, 26, 27, 28, 29, 30, 31, 35, 36, 
  38, 40, 48, 53, 56, 57, 62, 63 ],
[ 1, 4, 5, 6, 8, 11, 12, 13, 14, 15, 18, 20, 25, 26, 27, 28, 29, 30, 31, 33, 
  35, 37, 38, 40, 48, 54, 57, 62 ],
[ 1, 4, 5, 6, 8, 10, 11, 15, 16, 18, 20, 25, 26, 28, 31, 32, 33, 34, 35, 36, 
  37, 40, 48, 49, 51, 57, 62, 63 ],
[ 1, 4, 5, 6, 8, 10, 11, 12, 15, 18, 20, 25, 26, 28, 29, 33, 34, 36, 38, 40, 
  48, 49, 50, 52, 54, 55, 56, 57 ],
[ 1, 4, 5, 6, 8, 10, 11, 12, 14, 15, 18, 20, 25, 26, 28, 29, 34, 37, 38, 40, 
  48, 49, 50, 52, 53, 55, 57, 63 ],
[ 1, 4, 5, 6, 8, 10, 11, 12, 13, 15, 18, 20, 25, 26, 28, 29, 35, 36, 38, 40, 
  48, 49, 50, 52, 53, 56, 57, 63 ],
[ 1, 4, 5, 6, 8, 10, 11, 12, 13, 14, 15, 18, 20, 25, 26, 28, 29, 33, 35, 37, 
  38, 40, 48, 49, 50, 52, 54, 57 ],
[ 1, 4, 5, 6, 7, 11, 13, 14, 15, 18, 20, 22, 25, 26, 27, 28, 29, 30, 32, 34, 
  37, 38, 52, 54, 58, 59, 62, 63 ],
[ 1, 4, 5, 6, 7, 11, 12, 13, 15, 18, 20, 22, 25, 26, 27, 28, 30, 31, 34, 36, 
  38, 50, 51, 54, 56, 58, 59, 63 ],
[ 1, 4, 5, 6, 7, 11, 12, 13, 14, 15, 18, 20, 22, 25, 26, 28, 30, 31, 34, 37, 
  38, 49, 51, 54, 58, 59, 62, 63 ],
[ 1, 4, 5, 6, 7, 10, 11, 13, 15, 18, 20, 22, 25, 26, 27, 28, 29, 31, 32, 34, 
  36, 38, 54, 56, 58, 59, 62, 63 ],
[ 1, 4, 5, 6, 7, 8, 11, 15, 16, 18, 20, 22, 25, 27, 28, 30, 32, 33, 34, 35, 
  36, 37, 43, 50, 51, 52, 58, 63 ],
[ 1, 4, 5, 6, 7, 8, 11, 14, 15, 16, 18, 20, 22, 25, 27, 28, 30, 32, 34, 35, 
  43, 50, 51, 52, 53, 54, 56, 58 ],
[ 1, 4, 5, 6, 7, 8, 11, 12, 15, 18, 20, 22, 25, 27, 28, 29, 30, 31, 33, 34, 
  36, 38, 43, 54, 55, 56, 58, 62 ],
[ 1, 4, 5, 6, 7, 8, 11, 12, 14, 15, 18, 20, 22, 25, 27, 28, 29, 30, 31, 34, 
  37, 38, 43, 53, 55, 58, 62, 63 ],
[ 1, 4, 5, 6, 7, 8, 10, 11, 15, 16, 18, 20, 22, 25, 28, 31, 32, 33, 34, 35, 
  36, 37, 43, 49, 51, 58, 62, 63 ],
[ 1, 4, 5, 6, 7, 8, 10, 11, 14, 15, 16, 18, 20, 22, 25, 28, 31, 32, 34, 35, 
  43, 49, 51, 53, 54, 56, 58, 62 ],
[ 1, 4, 5, 6, 7, 8, 10, 11, 12, 15, 18, 20, 22, 25, 28, 29, 33, 34, 36, 38, 
  43, 49, 50, 52, 54, 55, 56, 58 ],
[ 1, 4, 5, 6, 7, 8, 10, 11, 12, 14, 15, 18, 20, 22, 25, 28, 29, 34, 37, 38, 
  43, 49, 50, 52, 53, 55, 58, 63 ],
[ 1, 3, 9, 11, 13, 14, 15, 18, 19, 20, 21, 22, 24, 25, 28, 29, 30, 32, 34, 
  36, 39, 40, 47, 48, 51, 52, 54, 63 ],
[ 1, 3, 9, 10, 11, 13, 14, 15, 18, 19, 20, 21, 22, 25, 28, 29, 31, 32, 34, 
  36, 39, 40, 46, 48, 51, 54, 61, 63 ],
[ 1, 3, 8, 11, 13, 14, 15, 18, 19, 20, 21, 22, 25, 26, 27, 28, 30, 32, 34, 
  36, 39, 40, 48, 50, 51, 52, 54, 63 ],
[ 1, 3, 8, 11, 13, 14, 15, 17, 18, 20, 21, 22, 25, 26, 28, 29, 30, 32, 34, 
  36, 40, 41, 48, 49, 50, 52, 54, 63 ],
[ 1, 3, 8, 11, 13, 14, 15, 17, 18, 20, 21, 22, 25, 26, 27, 28, 29, 30, 32, 
  34, 36, 40, 41, 48, 52, 54, 62, 63 ],
[ 1, 3, 8, 10, 11, 13, 14, 15, 18, 20, 21, 22, 25, 26, 28, 29, 31, 32, 34, 
  36, 39, 41, 48, 49, 50, 54, 57, 63 ],
[ 1, 3, 8, 10, 11, 13, 14, 15, 18, 20, 21, 22, 25, 26, 27, 28, 29, 31, 32, 
  34, 36, 39, 41, 48, 54, 57, 62, 63 ],
[ 1, 3, 8, 10, 11, 13, 14, 15, 18, 19, 20, 21, 22, 25, 26, 28, 31, 32, 34, 
  36, 39, 40, 48, 49, 51, 54, 62, 63 ],
[ 1, 3, 7, 9, 11, 12, 13, 14, 15, 18, 19, 20, 25, 28, 29, 30, 31, 34, 36, 39, 
  40, 42, 46, 48, 51, 54, 61, 63 ],
[ 1, 3, 7, 9, 11, 12, 13, 14, 15, 17, 18, 19, 20, 25, 28, 29, 30, 31, 34, 36, 
  42, 46, 48, 51, 54, 57, 61, 63 ],
[ 1, 3, 7, 8, 11, 12, 13, 14, 15, 18, 20, 25, 26, 27, 28, 29, 30, 31, 34, 36, 
  39, 41, 42, 48, 54, 57, 62, 63 ],
[ 1, 3, 7, 8, 11, 12, 13, 14, 15, 18, 19, 20, 25, 26, 28, 30, 31, 34, 36, 39, 
  40, 42, 48, 49, 51, 54, 62, 63 ],
[ 1, 3, 7, 8, 10, 11, 12, 13, 14, 15, 18, 20, 25, 26, 28, 29, 34, 36, 39, 41, 
  42, 48, 49, 50, 52, 54, 57, 63 ],
[ 1, 3, 7, 8, 10, 11, 12, 13, 14, 15, 18, 19, 20, 25, 26, 28, 34, 36, 39, 40, 
  42, 48, 49, 51, 52, 54, 62, 63 ],
[ 1, 3, 7, 8, 9, 11, 12, 14, 15, 18, 19, 20, 25, 26, 28, 30, 31, 34, 36, 39, 
  40, 42, 48, 50, 53, 55, 62, 63 ],
[ 1, 3, 7, 8, 9, 11, 12, 14, 15, 18, 19, 20, 25, 26, 27, 28, 30, 31, 34, 36, 
  39, 40, 42, 48, 49, 53, 55, 63 ],
[ 1, 3, 7, 8, 9, 11, 12, 13, 14, 15, 18, 20, 25, 26, 30, 31, 34, 36, 39, 41, 
  42, 48, 49, 50, 51, 54, 57, 63 ],
[ 1, 3, 7, 8, 9, 10, 11, 12, 14, 15, 18, 19, 20, 25, 26, 28, 34, 36, 39, 40, 
  42, 48, 50, 52, 53, 55, 62, 63 ],
[ 1, 3, 7, 8, 9, 10, 11, 12, 14, 15, 18, 19, 20, 25, 26, 27, 28, 34, 36, 39, 
  40, 42, 48, 49, 52, 53, 55, 63 ],
[ 1, 3, 7, 8, 9, 10, 11, 12, 13, 14, 15, 18, 20, 25, 26, 27, 34, 36, 39, 41, 
  42, 48, 51, 52, 54, 57, 62, 63 ],
[ 1, 3, 6, 9, 11, 15, 17, 18, 19, 20, 21, 24, 25, 28, 29, 30, 32, 33, 34, 35, 
  37, 39, 47, 48, 51, 52, 56, 63 ],
[ 1, 3, 6, 9, 10, 11, 15, 17, 18, 19, 20, 21, 25, 28, 29, 31, 32, 33, 34, 35, 
  37, 39, 46, 48, 51, 56, 61, 63 ],
[ 1, 3, 6, 9, 10, 11, 13, 15, 17, 18, 19, 20, 21, 25, 28, 29, 31, 32, 37, 39, 
  46, 48, 51, 53, 54, 55, 56, 61 ],
[ 1, 3, 6, 8, 11, 15, 17, 18, 19, 20, 21, 25, 26, 27, 28, 30, 32, 33, 34, 35, 
  37, 39, 48, 50, 51, 52, 56, 63 ],
[ 1, 3, 6, 8, 10, 11, 15, 17, 18, 19, 20, 21, 25, 26, 28, 31, 32, 33, 34, 35, 
  37, 39, 48, 49, 51, 56, 62, 63 ],
[ 1, 3, 6, 7, 11, 13, 15, 20, 21, 22, 23, 25, 26, 27, 28, 30, 32, 33, 34, 37, 
  39, 40, 50, 51, 52, 53, 56, 60 ],
[ 1, 3, 6, 7, 11, 13, 15, 17, 20, 21, 22, 25, 26, 27, 28, 30, 32, 33, 34, 37, 
  44, 45, 50, 51, 52, 53, 56, 57 ],
[ 1, 3, 6, 7, 11, 13, 14, 15, 20, 21, 22, 23, 25, 26, 27, 28, 30, 32, 34, 36, 
  39, 40, 50, 51, 52, 54, 60, 63 ],
[ 1, 3, 6, 7, 11, 13, 14, 15, 17, 20, 21, 22, 25, 26, 27, 28, 30, 32, 34, 36, 
  44, 45, 50, 51, 52, 54, 57, 63 ],
[ 1, 3, 6, 7, 11, 12, 13, 15, 18, 22, 24, 25, 27, 28, 29, 30, 31, 33, 34, 37, 
  39, 41, 47, 48, 53, 56, 57, 62 ],
[ 1, 3, 6, 7, 11, 12, 13, 15, 18, 19, 22, 25, 27, 28, 30, 31, 33, 34, 37, 39, 
  40, 46, 48, 50, 51, 53, 56, 61 ],
[ 1, 3, 6, 7, 11, 12, 13, 15, 18, 19, 22, 24, 25, 28, 30, 31, 33, 34, 37, 39, 
  40, 47, 48, 49, 51, 53, 56, 62 ],
[ 1, 3, 6, 7, 11, 12, 13, 15, 18, 19, 20, 21, 22, 25, 28, 30, 33, 34, 37, 43, 
  48, 49, 50, 51, 52, 53, 56, 59 ],
[ 1, 3, 6, 7, 11, 12, 13, 15, 17, 18, 22, 25, 27, 28, 29, 30, 31, 33, 34, 37, 
  40, 41, 46, 48, 53, 56, 61, 62 ],
[ 1, 3, 6, 7, 11, 12, 13, 14, 15, 18, 22, 24, 25, 27, 28, 29, 30, 31, 34, 36, 
  39, 41, 47, 48, 54, 57, 62, 63 ],
[ 1, 3, 6, 7, 11, 12, 13, 14, 15, 18, 19, 22, 25, 27, 28, 30, 31, 34, 36, 39, 
  40, 46, 48, 50, 51, 54, 61, 63 ],
[ 1, 3, 6, 7, 11, 12, 13, 14, 15, 18, 19, 22, 24, 25, 28, 30, 31, 34, 36, 39, 
  40, 47, 48, 49, 51, 54, 62, 63 ],
[ 1, 3, 6, 7, 11, 12, 13, 14, 15, 18, 19, 20, 21, 22, 25, 28, 30, 34, 36, 43, 
  48, 49, 50, 51, 52, 54, 59, 63 ],
[ 1, 3, 6, 7, 11, 12, 13, 14, 15, 17, 18, 22, 25, 27, 28, 29, 30, 31, 34, 36, 
  40, 41, 46, 48, 54, 61, 62, 63 ],
[ 1, 3, 6, 7, 10, 11, 13, 15, 20, 21, 22, 23, 25, 26, 28, 31, 32, 33, 34, 37, 
  39, 40, 49, 51, 53, 56, 60, 62 ],
[ 1, 3, 6, 7, 10, 11, 13, 15, 18, 19, 20, 21, 22, 25, 27, 28, 29, 32, 33, 34, 
  37, 48, 50, 52, 53, 56, 58, 64 ],
[ 1, 3, 6, 7, 10, 11, 13, 15, 17, 20, 21, 22, 25, 26, 28, 31, 32, 33, 34, 37, 
  44, 45, 49, 51, 53, 56, 57, 62 ],
[ 1, 3, 6, 7, 10, 11, 13, 14, 15, 20, 21, 22, 23, 25, 26, 28, 31, 32, 34, 36, 
  39, 40, 49, 51, 54, 60, 62, 63 ],
[ 1, 3, 6, 7, 10, 11, 13, 14, 15, 18, 19, 20, 21, 22, 25, 27, 28, 29, 32, 34, 
  36, 48, 50, 52, 54, 58, 63, 64 ],
[ 1, 3, 6, 7, 10, 11, 13, 14, 15, 17, 20, 21, 22, 25, 26, 28, 31, 32, 34, 36, 
  44, 45, 49, 51, 54, 57, 62, 63 ],
[ 1, 3, 6, 7, 9, 11, 15, 20, 21, 22, 23, 25, 26, 28, 30, 32, 33, 34, 37, 39, 
  40, 50, 52, 54, 55, 56, 60, 62 ],
[ 1, 3, 6, 7, 9, 11, 15, 20, 21, 22, 23, 25, 26, 27, 28, 30, 32, 33, 34, 37, 
  39, 40, 49, 52, 54, 55, 56, 60 ],
[ 1, 3, 6, 7, 9, 11, 15, 17, 20, 21, 22, 25, 26, 27, 28, 30, 32, 33, 34, 37, 
  44, 45, 49, 52, 54, 55, 56, 57 ],
[ 1, 3, 6, 7, 9, 11, 15, 17, 18, 22, 25, 26, 27, 28, 30, 32, 34, 35, 37, 40, 
  41, 46, 47, 49, 52, 53, 54, 56 ],
[ 1, 3, 6, 7, 9, 11, 15, 17, 18, 22, 25, 26, 27, 28, 30, 32, 33, 34, 35, 37, 
  40, 41, 46, 47, 49, 52, 56, 63 ],
[ 1, 3, 6, 7, 9, 11, 14, 15, 20, 21, 22, 23, 25, 26, 28, 30, 32, 33, 34, 36, 
  39, 40, 50, 52, 54, 55, 60, 62 ],
[ 1, 3, 6, 7, 9, 11, 14, 15, 20, 21, 22, 23, 25, 26, 27, 28, 30, 32, 33, 34, 
  36, 39, 40, 49, 52, 54, 55, 60 ],
[ 1, 3, 6, 7, 9, 11, 14, 15, 17, 20, 21, 22, 25, 26, 28, 30, 32, 33, 34, 36, 
  44, 45, 50, 52, 54, 55, 57, 62 ],
[ 1, 3, 6, 7, 9, 11, 14, 15, 17, 18, 22, 25, 26, 27, 28, 30, 32, 34, 35, 36, 
  40, 41, 46, 47, 49, 52, 53, 54 ],
[ 1, 3, 6, 7, 9, 11, 14, 15, 17, 18, 22, 25, 26, 27, 28, 30, 32, 33, 34, 35, 
  36, 40, 41, 46, 47, 49, 52, 63 ],
[ 1, 3, 6, 7, 9, 11, 12, 15, 18, 19, 22, 25, 27, 28, 30, 31, 33, 34, 37, 39, 
  40, 46, 48, 49, 54, 55, 56, 61 ],
[ 1, 3, 6, 7, 9, 11, 12, 15, 18, 19, 22, 24, 25, 27, 28, 30, 31, 34, 37, 39, 
  40, 47, 48, 49, 53, 55, 56, 63 ],
[ 1, 3, 6, 7, 9, 11, 12, 14, 15, 18, 19, 22, 25, 27, 28, 30, 31, 33, 34, 36, 
  39, 40, 46, 48, 49, 54, 55, 61 ],
[ 1, 3, 6, 7, 9, 11, 12, 14, 15, 18, 19, 22, 24, 25, 27, 28, 30, 31, 34, 36, 
  39, 40, 47, 48, 49, 53, 55, 63 ],
[ 1, 3, 6, 7, 9, 10, 11, 15, 20, 21, 22, 23, 25, 26, 28, 31, 32, 34, 37, 39, 
  40, 50, 53, 55, 56, 60, 62, 63 ],
[ 1, 3, 6, 7, 9, 10, 11, 15, 20, 21, 22, 23, 25, 26, 27, 28, 31, 32, 34, 37, 
  39, 40, 49, 53, 55, 56, 60, 63 ],
[ 1, 3, 6, 7, 9, 10, 11, 15, 18, 22, 25, 26, 27, 28, 31, 32, 34, 35, 37, 39, 
  41, 46, 47, 49, 53, 54, 56, 57 ],
[ 1, 3, 6, 7, 9, 10, 11, 15, 18, 22, 25, 26, 27, 28, 31, 32, 33, 34, 35, 37, 
  39, 41, 46, 47, 49, 56, 57, 63 ],
[ 1, 3, 6, 7, 9, 10, 11, 15, 17, 20, 21, 22, 25, 26, 27, 28, 31, 32, 34, 37, 
  44, 45, 49, 53, 55, 56, 57, 63 ],
[ 1, 3, 6, 7, 9, 10, 11, 14, 15, 20, 21, 22, 23, 25, 26, 28, 31, 32, 34, 36, 
  39, 40, 50, 53, 55, 60, 62, 63 ],
[ 1, 3, 6, 7, 9, 10, 11, 14, 15, 20, 21, 22, 23, 25, 26, 27, 28, 31, 32, 34, 
  36, 39, 40, 49, 53, 55, 60, 63 ],
[ 1, 3, 6, 7, 9, 10, 11, 14, 15, 18, 22, 25, 26, 27, 28, 31, 32, 34, 35, 36, 
  39, 41, 46, 47, 49, 53, 54, 57 ],
[ 1, 3, 6, 7, 9, 10, 11, 14, 15, 18, 22, 25, 26, 27, 28, 31, 32, 33, 34, 35, 
  36, 39, 41, 46, 47, 49, 57, 63 ],
[ 1, 3, 6, 7, 9, 10, 11, 14, 15, 17, 20, 21, 22, 25, 26, 28, 31, 32, 34, 36, 
  44, 45, 50, 53, 55, 57, 62, 63 ],
[ 1, 3, 6, 7, 9, 10, 11, 12, 15, 18, 19, 22, 25, 27, 28, 33, 34, 37, 39, 40, 
  46, 48, 49, 52, 54, 55, 56, 61 ],
[ 1, 3, 6, 7, 9, 10, 11, 12, 15, 18, 19, 22, 24, 25, 27, 28, 34, 37, 39, 40, 
  47, 48, 49, 52, 53, 55, 56, 63 ],
[ 1, 3, 6, 7, 9, 10, 11, 12, 14, 15, 18, 19, 22, 25, 27, 28, 33, 34, 36, 39, 
  40, 46, 48, 49, 52, 54, 55, 61 ],
[ 1, 3, 6, 7, 9, 10, 11, 12, 14, 15, 18, 19, 22, 24, 25, 27, 28, 34, 36, 39, 
  40, 47, 48, 49, 52, 53, 55, 63 ],
[ 1, 3, 6, 7, 8, 11, 12, 13, 15, 20, 22, 25, 27, 28, 29, 30, 31, 33, 34, 36, 
  39, 42, 45, 54, 56, 57, 60, 62 ],
[ 1, 3, 6, 7, 8, 11, 12, 13, 15, 17, 20, 22, 25, 27, 28, 29, 30, 31, 34, 36, 
  40, 42, 45, 53, 56, 60, 62, 63 ],
[ 1, 3, 6, 7, 8, 10, 11, 12, 13, 15, 20, 22, 25, 28, 29, 33, 34, 36, 39, 42, 
  45, 49, 50, 52, 54, 56, 57, 60 ],
[ 1, 3, 6, 7, 8, 10, 11, 12, 13, 15, 17, 20, 22, 25, 28, 29, 34, 36, 40, 42, 
  45, 49, 50, 52, 53, 56, 60, 63 ],
[ 1, 3, 5, 7, 9, 11, 12, 13, 14, 15, 18, 19, 21, 24, 25, 28, 29, 30, 31, 34, 
  36, 39, 40, 47, 48, 51, 54, 63 ],
[ 1, 3, 5, 7, 9, 11, 12, 13, 14, 15, 17, 18, 19, 21, 24, 25, 28, 29, 30, 31, 
  34, 36, 47, 48, 51, 54, 57, 63 ],
[ 1, 3, 5, 7, 8, 11, 12, 13, 14, 15, 18, 19, 21, 25, 26, 27, 28, 30, 31, 34, 
  36, 39, 40, 48, 50, 51, 54, 63 ],
[ 1, 3, 5, 7, 8, 11, 12, 13, 14, 15, 17, 18, 21, 25, 26, 27, 28, 29, 30, 31, 
  34, 36, 40, 41, 48, 54, 62, 63 ],
[ 1, 3, 5, 7, 8, 10, 11, 12, 13, 14, 15, 18, 19, 21, 25, 26, 27, 28, 34, 36, 
  39, 40, 48, 50, 51, 52, 54, 63 ],
[ 1, 3, 5, 7, 8, 10, 11, 12, 13, 14, 15, 17, 18, 21, 25, 26, 28, 29, 34, 36, 
  40, 41, 48, 49, 50, 52, 54, 63 ],
[ 1, 3, 5, 7, 8, 9, 11, 12, 14, 15, 18, 19, 21, 25, 26, 28, 30, 31, 33, 34, 
  36, 39, 40, 48, 50, 54, 55, 62 ],
[ 1, 3, 5, 7, 8, 9, 11, 12, 14, 15, 18, 19, 21, 25, 26, 27, 28, 30, 31, 33, 
  34, 36, 39, 40, 48, 49, 54, 55 ],
[ 1, 3, 5, 7, 8, 9, 11, 12, 13, 14, 15, 17, 18, 21, 25, 26, 30, 31, 34, 36, 
  40, 41, 48, 49, 50, 51, 54, 63 ],
[ 1, 3, 5, 7, 8, 9, 10, 11, 12, 14, 15, 18, 19, 21, 25, 26, 28, 33, 34, 36, 
  39, 40, 48, 50, 52, 54, 55, 62 ],
[ 1, 3, 5, 7, 8, 9, 10, 11, 12, 14, 15, 18, 19, 21, 25, 26, 27, 28, 33, 34, 
  36, 39, 40, 48, 49, 52, 54, 55 ],
[ 1, 3, 5, 7, 8, 9, 10, 11, 12, 13, 14, 15, 17, 18, 21, 25, 26, 27, 34, 36, 
  40, 41, 48, 51, 52, 54, 62, 63 ],
[ 1, 3, 4, 11, 13, 15, 18, 19, 20, 21, 22, 24, 25, 28, 29, 30, 32, 33, 34, 
  37, 41, 47, 48, 49, 50, 52, 53, 56 ],
[ 1, 3, 4, 11, 13, 14, 15, 18, 19, 20, 21, 22, 24, 25, 28, 29, 30, 32, 34, 
  36, 41, 47, 48, 49, 50, 52, 54, 63 ],
[ 1, 3, 4, 10, 11, 13, 15, 18, 19, 20, 21, 22, 25, 28, 29, 31, 32, 33, 34, 
  37, 41, 46, 48, 49, 50, 53, 56, 61 ],
[ 1, 3, 4, 10, 11, 13, 14, 15, 18, 19, 20, 21, 22, 25, 28, 29, 31, 32, 34, 
  36, 41, 46, 48, 49, 50, 54, 61, 63 ],
[ 1, 3, 4, 7, 11, 12, 13, 15, 18, 19, 20, 25, 27, 28, 29, 30, 31, 33, 34, 37, 
  41, 42, 46, 48, 53, 56, 61, 62 ],
[ 1, 3, 4, 7, 11, 12, 13, 14, 15, 18, 19, 20, 25, 27, 28, 29, 30, 31, 34, 36, 
  41, 42, 46, 48, 54, 61, 62, 63 ],
[ 1, 3, 4, 7, 9, 11, 15, 18, 19, 20, 25, 26, 27, 28, 30, 32, 34, 35, 37, 41, 
  42, 46, 47, 49, 52, 53, 54, 56 ],
[ 1, 3, 4, 7, 9, 11, 15, 18, 19, 20, 25, 26, 27, 28, 30, 32, 33, 34, 35, 37, 
  41, 42, 46, 47, 49, 52, 56, 63 ],
[ 1, 3, 4, 7, 9, 11, 14, 15, 18, 19, 20, 25, 26, 27, 28, 30, 32, 34, 35, 36, 
  41, 42, 46, 47, 49, 52, 53, 54 ],
[ 1, 3, 4, 7, 9, 11, 14, 15, 18, 19, 20, 25, 26, 27, 28, 30, 32, 33, 34, 35, 
  36, 41, 42, 46, 47, 49, 52, 63 ],
[ 1, 3, 4, 5, 7, 11, 12, 13, 15, 18, 19, 21, 24, 25, 27, 28, 29, 30, 31, 33, 
  34, 37, 41, 47, 48, 53, 56, 62 ],
[ 1, 3, 4, 5, 7, 11, 12, 13, 14, 15, 18, 19, 21, 24, 25, 27, 28, 29, 30, 31, 
  34, 36, 41, 47, 48, 54, 62, 63 ],
[ 1, 3, 4, 5, 7, 9, 10, 11, 15, 18, 19, 21, 25, 26, 27, 28, 31, 32, 34, 35, 
  37, 41, 46, 47, 49, 53, 54, 56 ],
[ 1, 3, 4, 5, 7, 9, 10, 11, 15, 18, 19, 21, 25, 26, 27, 28, 31, 32, 33, 34, 
  35, 37, 41, 46, 47, 49, 56, 63 ],
[ 1, 3, 4, 5, 7, 9, 10, 11, 14, 15, 18, 19, 21, 25, 26, 27, 28, 31, 32, 34, 
  35, 36, 41, 46, 47, 49, 53, 54 ],
[ 1, 3, 4, 5, 7, 9, 10, 11, 14, 15, 18, 19, 21, 25, 26, 27, 28, 31, 32, 33, 
  34, 35, 36, 41, 46, 47, 49, 63 ],
[ 1, 3, 4, 5, 6, 7, 11, 14, 15, 18, 20, 22, 25, 26, 27, 28, 29, 30, 32, 33, 
  34, 36, 52, 54, 55, 58, 59, 62 ],
[ 1, 3, 4, 5, 6, 7, 11, 12, 14, 15, 18, 20, 22, 25, 26, 28, 30, 31, 33, 34, 
  36, 49, 51, 54, 55, 58, 59, 62 ],
[ 1, 3, 4, 5, 6, 7, 11, 12, 14, 15, 18, 20, 22, 25, 26, 27, 28, 30, 31, 34, 
  36, 50, 51, 53, 55, 58, 59, 63 ],
[ 1, 3, 4, 5, 6, 7, 10, 11, 14, 15, 18, 20, 22, 25, 26, 27, 28, 29, 31, 32, 
  34, 36, 53, 55, 58, 59, 62, 63 ],
[ 1, 2, 6, 11, 12, 13, 15, 16, 17, 18, 19, 20, 21, 25, 28, 30, 32, 33, 34, 
  36, 37, 39, 43, 48, 51, 52, 53, 59 ],
[ 1, 2, 6, 11, 12, 13, 15, 16, 17, 18, 19, 20, 21, 25, 27, 30, 32, 33, 34, 
  36, 37, 39, 44, 48, 50, 52, 53, 60 ],
[ 1, 2, 6, 11, 12, 13, 15, 16, 17, 18, 19, 20, 21, 25, 27, 28, 32, 33, 34, 
  36, 37, 39, 46, 48, 50, 51, 53, 61 ],
[ 1, 2, 6, 11, 12, 13, 15, 16, 17, 18, 19, 20, 21, 24, 25, 28, 32, 33, 34, 
  36, 37, 39, 47, 48, 49, 51, 53, 62 ],
[ 1, 2, 6, 11, 12, 13, 15, 16, 17, 18, 19, 20, 21, 23, 25, 30, 32, 33, 34, 
  36, 37, 39, 45, 48, 49, 52, 53, 62 ],
[ 1, 2, 6, 10, 11, 12, 13, 15, 16, 17, 18, 19, 20, 21, 25, 31, 32, 33, 34, 
  36, 37, 39, 44, 48, 49, 53, 60, 62 ],
[ 1, 2, 6, 10, 11, 12, 13, 15, 16, 17, 18, 19, 20, 21, 25, 28, 31, 32, 33, 
  34, 36, 37, 39, 48, 51, 53, 58, 64 ],
[ 1, 2, 6, 10, 11, 12, 13, 15, 16, 17, 18, 19, 20, 21, 23, 25, 27, 31, 32, 
  33, 34, 36, 37, 39, 45, 48, 50, 53 ],
[ 1, 2, 6, 9, 11, 12, 13, 15, 16, 17, 18, 19, 20, 21, 25, 29, 32, 33, 34, 36, 
  37, 39, 46, 48, 49, 53, 61, 62 ],
[ 1, 2, 6, 9, 11, 12, 13, 15, 16, 17, 18, 19, 20, 21, 25, 29, 30, 32, 33, 34, 
  36, 37, 39, 48, 52, 53, 58, 64 ],
[ 1, 2, 6, 9, 10, 11, 12, 13, 15, 16, 17, 18, 19, 20, 21, 25, 29, 31, 32, 33, 
  34, 36, 37, 39, 43, 48, 53, 59 ],
[ 1, 2, 6, 8, 10, 11, 12, 15, 17, 18, 19, 20, 21, 25, 28, 29, 32, 33, 34, 36, 
  38, 39, 52, 54, 55, 56, 59, 64 ],
[ 1, 2, 6, 8, 10, 11, 12, 14, 15, 17, 18, 19, 20, 21, 25, 28, 29, 32, 34, 37, 
  38, 39, 52, 53, 55, 59, 63, 64 ],
[ 1, 2, 6, 8, 10, 11, 12, 13, 15, 17, 18, 19, 20, 21, 25, 28, 29, 32, 35, 36, 
  38, 39, 52, 53, 56, 59, 63, 64 ],
[ 1, 2, 6, 8, 10, 11, 12, 13, 14, 15, 17, 18, 19, 20, 21, 25, 28, 29, 32, 33, 
  35, 37, 38, 39, 52, 54, 59, 64 ],
[ 1, 2, 6, 7, 11, 13, 15, 20, 21, 22, 23, 25, 26, 27, 28, 31, 34, 36, 38, 39, 
  40, 50, 51, 52, 54, 56, 60, 63 ],
[ 1, 2, 6, 7, 11, 13, 15, 20, 21, 22, 23, 25, 26, 27, 28, 31, 33, 34, 36, 38, 
  39, 40, 50, 51, 52, 53, 56, 60 ],
[ 1, 2, 6, 7, 11, 13, 15, 17, 20, 21, 22, 25, 26, 27, 28, 31, 33, 34, 36, 38, 
  44, 45, 50, 51, 52, 53, 56, 57 ],
[ 1, 2, 6, 7, 11, 13, 14, 15, 20, 21, 22, 23, 25, 26, 28, 31, 34, 37, 38, 39, 
  40, 49, 51, 52, 54, 60, 62, 63 ],
[ 1, 2, 6, 7, 11, 13, 14, 15, 20, 21, 22, 23, 25, 26, 28, 31, 33, 34, 37, 38, 
  39, 40, 49, 51, 52, 53, 60, 62 ],
[ 1, 2, 6, 7, 11, 13, 14, 15, 17, 20, 21, 22, 25, 26, 28, 31, 33, 34, 37, 38, 
  44, 45, 49, 51, 52, 53, 57, 62 ],
[ 1, 2, 6, 7, 10, 11, 13, 15, 20, 21, 22, 23, 25, 26, 27, 28, 30, 34, 36, 38, 
  39, 40, 50, 51, 54, 56, 60, 63 ],
[ 1, 2, 6, 7, 10, 11, 13, 15, 20, 21, 22, 23, 25, 26, 27, 28, 30, 33, 34, 36, 
  38, 39, 40, 50, 51, 53, 56, 60 ],
[ 1, 2, 6, 7, 10, 11, 13, 15, 17, 20, 21, 22, 25, 26, 27, 28, 30, 34, 36, 38, 
  44, 45, 50, 51, 54, 56, 57, 63 ],
[ 1, 2, 6, 7, 10, 11, 13, 14, 15, 20, 21, 22, 23, 25, 26, 28, 30, 34, 37, 38, 
  39, 40, 49, 51, 54, 60, 62, 63 ],
[ 1, 2, 6, 7, 10, 11, 13, 14, 15, 20, 21, 22, 23, 25, 26, 28, 30, 33, 34, 37, 
  38, 39, 40, 49, 51, 53, 60, 62 ],
[ 1, 2, 6, 7, 10, 11, 13, 14, 15, 17, 20, 21, 22, 25, 26, 28, 30, 34, 37, 38, 
  44, 45, 49, 51, 54, 57, 62, 63 ],
[ 1, 2, 6, 7, 9, 11, 15, 20, 21, 22, 23, 25, 26, 27, 28, 31, 33, 34, 36, 38, 
  39, 40, 49, 52, 54, 55, 56, 60 ],
[ 1, 2, 6, 7, 9, 11, 15, 18, 20, 22, 25, 26, 27, 28, 31, 33, 34, 35, 36, 37, 
  38, 41, 42, 49, 52, 54, 58, 59 ],
[ 1, 2, 6, 7, 9, 11, 15, 17, 20, 21, 22, 25, 26, 27, 28, 31, 33, 34, 36, 38, 
  44, 45, 49, 52, 54, 55, 56, 57 ],
[ 1, 2, 6, 7, 9, 11, 14, 15, 20, 21, 22, 23, 25, 26, 27, 28, 31, 34, 37, 38, 
  39, 40, 49, 52, 53, 55, 60, 63 ],
[ 1, 2, 6, 7, 9, 11, 14, 15, 18, 20, 22, 25, 26, 27, 28, 31, 33, 34, 35, 38, 
  41, 42, 43, 49, 52, 54, 56, 64 ],
[ 1, 2, 6, 7, 9, 11, 14, 15, 17, 20, 21, 22, 25, 26, 27, 28, 31, 34, 37, 38, 
  44, 45, 49, 52, 53, 55, 57, 63 ],
[ 1, 2, 6, 7, 9, 10, 11, 15, 20, 21, 22, 23, 25, 26, 28, 30, 33, 34, 36, 38, 
  39, 40, 50, 54, 55, 56, 60, 62 ],
[ 1, 2, 6, 7, 9, 10, 11, 15, 18, 20, 22, 25, 26, 28, 30, 33, 34, 35, 36, 37, 
  38, 41, 42, 50, 54, 58, 59, 62 ],
[ 1, 2, 6, 7, 9, 10, 11, 15, 17, 20, 21, 22, 25, 26, 28, 30, 33, 34, 36, 38, 
  44, 45, 50, 54, 55, 56, 57, 62 ],
[ 1, 2, 6, 7, 9, 10, 11, 15, 17, 18, 22, 25, 26, 28, 30, 34, 35, 36, 38, 40, 
  41, 46, 47, 50, 53, 54, 56, 62 ],
[ 1, 2, 6, 7, 9, 10, 11, 15, 17, 18, 22, 25, 26, 28, 30, 33, 34, 35, 36, 38, 
  40, 41, 46, 47, 50, 56, 62, 63 ],
[ 1, 2, 6, 7, 9, 10, 11, 15, 16, 18, 22, 24, 25, 28, 30, 33, 34, 35, 36, 37, 
  39, 41, 47, 48, 50, 57, 62, 63 ],
[ 1, 2, 6, 7, 9, 10, 11, 15, 16, 17, 18, 22, 25, 28, 30, 33, 34, 35, 36, 37, 
  40, 41, 46, 48, 50, 61, 62, 63 ],
[ 1, 2, 6, 7, 9, 10, 11, 14, 15, 20, 21, 22, 23, 25, 26, 28, 30, 34, 37, 38, 
  39, 40, 50, 53, 55, 60, 62, 63 ],
[ 1, 2, 6, 7, 9, 10, 11, 14, 15, 18, 22, 25, 26, 28, 30, 34, 35, 37, 38, 39, 
  41, 46, 47, 50, 53, 54, 57, 62 ],
[ 1, 2, 6, 7, 9, 10, 11, 14, 15, 18, 22, 25, 26, 28, 30, 33, 34, 35, 37, 38, 
  39, 41, 46, 47, 50, 57, 62, 63 ],
[ 1, 2, 6, 7, 9, 10, 11, 14, 15, 18, 20, 22, 25, 26, 28, 30, 33, 34, 35, 38, 
  41, 42, 43, 50, 54, 56, 62, 64 ],
[ 1, 2, 6, 7, 9, 10, 11, 14, 15, 17, 20, 21, 22, 25, 26, 28, 30, 34, 37, 38, 
  44, 45, 50, 53, 55, 57, 62, 63 ],
[ 1, 2, 6, 7, 9, 10, 11, 14, 15, 16, 18, 22, 24, 25, 28, 30, 34, 35, 39, 41, 
  47, 48, 50, 53, 54, 56, 57, 62 ],
[ 1, 2, 6, 7, 9, 10, 11, 14, 15, 16, 17, 18, 22, 25, 28, 30, 34, 35, 40, 41, 
  46, 48, 50, 53, 54, 56, 61, 62 ],
[ 1, 2, 6, 7, 8, 10, 11, 15, 18, 19, 20, 21, 22, 25, 27, 28, 30, 33, 34, 35, 
  36, 38, 43, 50, 51, 56, 58, 63 ],
[ 1, 2, 6, 7, 8, 10, 11, 15, 16, 18, 19, 20, 21, 22, 25, 28, 30, 33, 34, 36, 
  37, 43, 49, 51, 54, 55, 58, 62 ],
[ 1, 2, 6, 7, 8, 10, 11, 15, 16, 18, 19, 20, 21, 22, 25, 27, 28, 30, 34, 36, 
  37, 43, 50, 51, 53, 55, 58, 63 ],
[ 1, 2, 6, 7, 8, 10, 11, 14, 15, 18, 19, 20, 21, 22, 25, 28, 30, 33, 34, 35, 
  37, 38, 43, 49, 51, 58, 62, 63 ],
[ 1, 2, 5, 6, 7, 9, 11, 15, 16, 20, 22, 25, 27, 28, 30, 33, 34, 35, 36, 37, 
  40, 44, 48, 50, 52, 57, 60, 63 ],
[ 1, 2, 5, 6, 7, 9, 11, 15, 16, 20, 22, 23, 25, 28, 30, 33, 34, 35, 36, 37, 
  40, 45, 48, 49, 52, 57, 62, 63 ],
[ 1, 2, 5, 6, 7, 9, 11, 14, 15, 16, 20, 22, 25, 27, 28, 30, 34, 35, 40, 44, 
  48, 50, 52, 53, 54, 56, 57, 60 ],
[ 1, 2, 5, 6, 7, 9, 11, 14, 15, 16, 20, 22, 23, 25, 28, 30, 34, 35, 40, 45, 
  48, 49, 52, 53, 54, 56, 57, 62 ],
[ 1, 2, 4, 10, 11, 13, 15, 18, 19, 20, 21, 22, 24, 25, 28, 29, 30, 34, 36, 
  38, 41, 47, 48, 49, 50, 54, 56, 63 ],
[ 1, 2, 4, 10, 11, 13, 15, 18, 19, 20, 21, 22, 24, 25, 28, 29, 30, 33, 34, 
  36, 38, 41, 47, 48, 49, 50, 53, 56 ],
[ 1, 2, 4, 10, 11, 13, 15, 18, 19, 20, 21, 22, 24, 25, 27, 28, 29, 30, 34, 
  36, 38, 41, 47, 48, 54, 56, 62, 63 ],
[ 1, 2, 4, 10, 11, 13, 15, 18, 19, 20, 21, 22, 24, 25, 27, 28, 29, 30, 33, 
  34, 36, 38, 41, 47, 48, 53, 56, 62 ],
[ 1, 2, 4, 10, 11, 13, 14, 15, 18, 19, 20, 21, 22, 25, 28, 29, 30, 34, 37, 
  38, 41, 46, 48, 49, 50, 54, 61, 63 ],
[ 1, 2, 4, 10, 11, 13, 14, 15, 18, 19, 20, 21, 22, 25, 28, 29, 30, 33, 34, 
  37, 38, 41, 46, 48, 49, 50, 53, 61 ],
[ 1, 2, 4, 10, 11, 13, 14, 15, 18, 19, 20, 21, 22, 25, 27, 28, 29, 30, 34, 
  37, 38, 41, 46, 48, 54, 61, 62, 63 ],
[ 1, 2, 4, 10, 11, 13, 14, 15, 18, 19, 20, 21, 22, 25, 27, 28, 29, 30, 33, 
  34, 37, 38, 41, 46, 48, 53, 61, 62 ],
[ 1, 2, 4, 8, 11, 12, 15, 17, 18, 20, 21, 22, 25, 28, 29, 32, 33, 34, 36, 38, 
  39, 47, 49, 50, 54, 55, 56, 61 ],
[ 1, 2, 4, 8, 11, 12, 15, 17, 18, 20, 21, 22, 24, 25, 28, 29, 32, 33, 34, 36, 
  38, 39, 46, 49, 50, 54, 55, 56 ],
[ 1, 2, 4, 8, 11, 12, 14, 15, 17, 18, 20, 21, 22, 25, 28, 29, 32, 34, 37, 38, 
  39, 47, 49, 50, 53, 55, 61, 63 ],
[ 1, 2, 4, 8, 11, 12, 14, 15, 17, 18, 20, 21, 22, 24, 25, 28, 29, 32, 34, 37, 
  38, 39, 46, 49, 50, 53, 55, 63 ],
[ 1, 2, 4, 7, 9, 10, 11, 15, 18, 19, 20, 25, 26, 28, 30, 34, 35, 36, 38, 41, 
  42, 46, 47, 50, 53, 54, 56, 62 ],
[ 1, 2, 4, 7, 9, 10, 11, 15, 18, 19, 20, 25, 26, 28, 30, 33, 34, 35, 36, 38, 
  41, 42, 46, 47, 50, 56, 62, 63 ],
[ 1, 2, 4, 7, 9, 10, 11, 15, 16, 18, 19, 20, 25, 28, 30, 33, 34, 35, 36, 37, 
  41, 42, 46, 48, 50, 61, 62, 63 ],
[ 1, 2, 4, 7, 9, 10, 11, 14, 15, 16, 18, 19, 20, 25, 28, 30, 34, 35, 41, 42, 
  46, 48, 50, 53, 54, 56, 61, 62 ],
[ 1, 2, 4, 7, 8, 11, 12, 15, 16, 17, 18, 20, 25, 28, 32, 33, 34, 35, 36, 37, 
  39, 42, 47, 49, 51, 61, 62, 63 ],
[ 1, 2, 4, 7, 8, 11, 12, 15, 16, 17, 18, 20, 24, 25, 28, 32, 33, 34, 35, 36, 
  37, 39, 42, 46, 49, 51, 62, 63 ],
[ 1, 2, 4, 6, 10, 11, 12, 15, 18, 20, 21, 23, 25, 26, 30, 32, 33, 34, 36, 38, 
  39, 40, 50, 54, 55, 56, 60, 62 ],
[ 1, 2, 4, 6, 10, 11, 12, 15, 17, 18, 20, 21, 25, 26, 30, 32, 33, 34, 36, 38, 
  44, 45, 50, 54, 55, 56, 57, 62 ],
[ 1, 2, 4, 6, 10, 11, 12, 14, 15, 18, 20, 21, 23, 25, 26, 30, 32, 34, 37, 38, 
  39, 40, 50, 53, 55, 60, 62, 63 ],
[ 1, 2, 4, 6, 10, 11, 12, 14, 15, 17, 18, 20, 21, 25, 26, 30, 32, 34, 37, 38, 
  44, 45, 50, 53, 55, 57, 62, 63 ],
[ 1, 2, 4, 6, 8, 11, 15, 17, 18, 20, 25, 26, 29, 30, 31, 33, 34, 36, 37, 38, 
  40, 42, 48, 49, 50, 51, 55, 63 ],
[ 1, 2, 4, 6, 8, 11, 15, 16, 18, 20, 25, 26, 27, 29, 30, 31, 33, 34, 35, 36, 
  39, 42, 48, 51, 54, 56, 57, 62 ],
[ 1, 2, 4, 5, 8, 11, 12, 15, 17, 18, 22, 25, 28, 29, 32, 33, 34, 36, 38, 39, 
  42, 47, 49, 50, 54, 55, 56, 61 ],
[ 1, 2, 4, 5, 8, 11, 12, 15, 17, 18, 22, 24, 25, 28, 29, 32, 33, 34, 36, 38, 
  39, 42, 46, 49, 50, 54, 55, 56 ],
[ 1, 2, 4, 5, 8, 11, 12, 14, 15, 17, 18, 22, 25, 28, 29, 32, 34, 37, 38, 39, 
  42, 47, 49, 50, 53, 55, 61, 63 ],
[ 1, 2, 4, 5, 8, 11, 12, 14, 15, 17, 18, 22, 24, 25, 28, 29, 32, 34, 37, 38, 
  39, 42, 46, 49, 50, 53, 55, 63 ],
[ 1, 2, 4, 5, 7, 9, 10, 11, 15, 16, 18, 19, 21, 24, 25, 28, 30, 33, 34, 35, 
  36, 37, 41, 47, 48, 50, 62, 63 ],
[ 1, 2, 4, 5, 7, 9, 10, 11, 14, 15, 18, 19, 21, 25, 26, 28, 30, 34, 35, 37, 
  38, 41, 46, 47, 50, 53, 54, 62 ],
[ 1, 2, 4, 5, 7, 9, 10, 11, 14, 15, 18, 19, 21, 25, 26, 28, 30, 33, 34, 35, 
  37, 38, 41, 46, 47, 50, 62, 63 ],
[ 1, 2, 4, 5, 7, 9, 10, 11, 14, 15, 16, 18, 19, 21, 24, 25, 28, 30, 34, 35, 
  41, 47, 48, 50, 53, 54, 56, 62 ],
[ 1, 2, 4, 5, 7, 8, 11, 12, 15, 16, 17, 18, 21, 25, 27, 28, 32, 33, 34, 35, 
  36, 37, 39, 47, 50, 51, 61, 63 ],
[ 1, 2, 4, 5, 7, 8, 11, 12, 15, 16, 17, 18, 21, 24, 25, 27, 28, 32, 33, 34, 
  35, 36, 37, 39, 46, 50, 51, 63 ],
[ 1, 2, 4, 5, 6, 11, 12, 15, 16, 18, 20, 25, 28, 30, 32, 33, 34, 35, 36, 37, 
  40, 43, 48, 51, 52, 57, 59, 63 ],
[ 1, 2, 4, 5, 6, 11, 12, 15, 16, 18, 20, 25, 27, 30, 32, 33, 34, 35, 36, 37, 
  40, 44, 48, 50, 52, 57, 60, 63 ],
[ 1, 2, 4, 5, 6, 11, 12, 15, 16, 18, 20, 25, 27, 28, 32, 33, 34, 35, 36, 37, 
  40, 46, 48, 50, 51, 57, 61, 63 ],
[ 1, 2, 4, 5, 6, 11, 12, 15, 16, 18, 20, 24, 25, 28, 32, 33, 34, 35, 36, 37, 
  40, 47, 48, 49, 51, 57, 62, 63 ],
[ 1, 2, 4, 5, 6, 11, 12, 15, 16, 18, 20, 23, 25, 30, 32, 33, 34, 35, 36, 37, 
  40, 45, 48, 49, 52, 57, 62, 63 ],
[ 1, 2, 4, 5, 6, 11, 12, 14, 15, 16, 18, 20, 25, 28, 30, 32, 34, 35, 40, 43, 
  48, 51, 52, 53, 54, 56, 57, 59 ],
[ 1, 2, 3, 11, 12, 13, 14, 15, 18, 20, 21, 22, 24, 25, 28, 29, 32, 34, 36, 
  39, 41, 47, 48, 49, 50, 54, 57, 63 ],
[ 1, 2, 3, 11, 12, 13, 14, 15, 18, 20, 21, 22, 24, 25, 27, 28, 29, 32, 34, 
  36, 39, 41, 47, 48, 54, 57, 62, 63 ],
[ 1, 2, 3, 11, 12, 13, 14, 15, 18, 19, 20, 21, 22, 25, 28, 30, 32, 34, 36, 
  39, 40, 43, 48, 51, 52, 54, 59, 63 ],
[ 1, 2, 3, 11, 12, 13, 14, 15, 18, 19, 20, 21, 22, 25, 27, 30, 32, 34, 36, 
  39, 40, 44, 48, 50, 52, 54, 60, 63 ],
[ 1, 2, 3, 11, 12, 13, 14, 15, 18, 19, 20, 21, 22, 25, 27, 28, 32, 34, 36, 
  39, 40, 46, 48, 50, 51, 54, 61, 63 ],
[ 1, 2, 3, 11, 12, 13, 14, 15, 18, 19, 20, 21, 22, 24, 25, 28, 32, 34, 36, 
  39, 40, 47, 48, 49, 51, 54, 62, 63 ],
[ 1, 2, 3, 11, 12, 13, 14, 15, 18, 19, 20, 21, 22, 23, 25, 30, 32, 34, 36, 
  39, 40, 45, 48, 49, 52, 54, 62, 63 ],
[ 1, 2, 3, 11, 12, 13, 14, 15, 17, 18, 20, 21, 22, 25, 28, 29, 32, 34, 36, 
  40, 41, 46, 48, 49, 50, 54, 61, 63 ],
[ 1, 2, 3, 11, 12, 13, 14, 15, 17, 18, 20, 21, 22, 25, 27, 28, 29, 32, 34, 
  36, 40, 41, 46, 48, 54, 61, 62, 63 ],
[ 1, 2, 3, 10, 11, 12, 13, 14, 15, 18, 19, 20, 21, 22, 25, 28, 31, 32, 34, 
  36, 39, 40, 48, 51, 54, 58, 63, 64 ],
[ 1, 2, 3, 8, 11, 14, 15, 17, 18, 20, 22, 25, 26, 27, 28, 29, 30, 31, 34, 37, 
  41, 42, 48, 49, 54, 55, 57, 63 ],
[ 1, 2, 3, 7, 8, 10, 11, 15, 18, 19, 20, 21, 25, 26, 27, 28, 29, 34, 36, 39, 
  48, 49, 52, 54, 55, 56, 57, 63 ],
[ 1, 2, 3, 6, 11, 12, 15, 18, 20, 21, 22, 26, 28, 29, 30, 33, 35, 36, 38, 42, 
  45, 50, 51, 54, 57, 61, 63, 64 ],
[ 1, 2, 3, 6, 11, 12, 15, 17, 18, 19, 20, 21, 25, 28, 30, 32, 33, 34, 35, 37, 
  39, 43, 48, 51, 52, 56, 59, 63 ],
[ 1, 2, 3, 6, 11, 12, 15, 17, 18, 19, 20, 21, 25, 27, 30, 32, 33, 34, 35, 37, 
  39, 44, 48, 50, 52, 56, 60, 63 ],
[ 1, 2, 3, 6, 11, 12, 15, 17, 18, 19, 20, 21, 25, 27, 28, 32, 33, 34, 35, 37, 
  39, 46, 48, 50, 51, 56, 61, 63 ],
[ 1, 2, 3, 6, 11, 12, 15, 17, 18, 19, 20, 21, 24, 25, 28, 32, 33, 34, 35, 37, 
  39, 47, 48, 49, 51, 56, 62, 63 ],
[ 1, 2, 3, 6, 11, 12, 15, 17, 18, 19, 20, 21, 23, 25, 30, 32, 33, 34, 35, 37, 
  39, 45, 48, 49, 52, 56, 62, 63 ],
[ 1, 2, 3, 6, 11, 12, 15, 16, 18, 20, 21, 22, 25, 28, 29, 30, 33, 37, 42, 44, 
  47, 50, 51, 53, 55, 57, 59, 63 ],
[ 1, 2, 3, 6, 11, 12, 13, 15, 17, 18, 19, 20, 21, 25, 28, 30, 32, 37, 39, 43, 
  48, 51, 52, 53, 54, 55, 56, 59 ],
[ 1, 2, 3, 6, 11, 12, 13, 15, 17, 18, 19, 20, 21, 25, 27, 30, 32, 37, 39, 44, 
  48, 50, 52, 53, 54, 55, 56, 60 ],
[ 1, 2, 3, 6, 11, 12, 13, 15, 17, 18, 19, 20, 21, 25, 27, 28, 32, 37, 39, 46, 
  48, 50, 51, 53, 54, 55, 56, 61 ],
[ 1, 2, 3, 6, 11, 12, 13, 15, 17, 18, 19, 20, 21, 23, 25, 30, 32, 37, 39, 45, 
  48, 49, 52, 53, 54, 55, 56, 62 ],
[ 1, 2, 3, 6, 10, 11, 15, 16, 18, 20, 21, 22, 26, 28, 29, 32, 34, 37, 42, 43, 
  44, 50, 51, 53, 54, 57, 61, 63 ],
[ 1, 2, 3, 6, 10, 11, 13, 15, 18, 20, 21, 22, 25, 28, 29, 32, 33, 36, 38, 42, 
  45, 47, 50, 51, 53, 54, 57, 58 ],
[ 1, 2, 3, 6, 10, 11, 12, 15, 17, 18, 19, 20, 21, 25, 28, 31, 32, 33, 34, 35, 
  37, 39, 48, 51, 56, 58, 63, 64 ],
[ 1, 2, 3, 6, 10, 11, 12, 13, 15, 17, 18, 19, 20, 21, 25, 28, 31, 32, 37, 39, 
  48, 51, 53, 54, 55, 56, 58, 64 ],
[ 1, 2, 3, 6, 7, 11, 15, 18, 20, 21, 23, 25, 28, 29, 30, 32, 33, 37, 38, 40, 
  42, 51, 53, 54, 55, 59, 61, 62 ],
[ 1, 2, 3, 6, 7, 11, 15, 16, 18, 20, 21, 26, 28, 29, 30, 32, 35, 36, 40, 42, 
  47, 51, 53, 54, 60, 62, 63, 64 ],
[ 1, 2, 3, 6, 7, 10, 11, 12, 15, 18, 20, 21, 28, 29, 33, 34, 37, 38, 40, 42, 
  44, 48, 51, 54, 58, 61, 62, 63 ],
[ 1, 2, 3, 6, 7, 10, 11, 12, 14, 15, 18, 20, 21, 25, 28, 29, 33, 34, 38, 40, 
  42, 51, 53, 54, 58, 60, 61, 62 ],
[ 1, 2, 3, 5, 6, 11, 15, 16, 17, 18, 20, 21, 22, 23, 28, 29, 30, 32, 33, 34, 
  46, 48, 51, 54, 56, 59, 62, 63 ],
[ 1, 2, 3, 5, 6, 11, 13, 15, 18, 20, 22, 24, 25, 27, 28, 29, 31, 32, 33, 38, 
  39, 42, 45, 51, 54, 56, 63, 64 ],
[ 1, 2, 3, 5, 6, 11, 13, 15, 17, 18, 20, 21, 22, 25, 28, 29, 32, 37, 38, 45, 
  46, 49, 51, 52, 53, 54, 59, 63 ],
[ 1, 2, 3, 5, 6, 11, 12, 15, 18, 20, 22, 25, 28, 29, 30, 33, 35, 36, 38, 39, 
  42, 44, 47, 50, 51, 54, 59, 63 ],
[ 1, 2, 3, 5, 6, 11, 12, 15, 18, 20, 22, 24, 25, 28, 29, 30, 33, 35, 38, 39, 
  42, 43, 44, 50, 51, 53, 54, 56 ],
[ 1, 2, 3, 5, 6, 10, 11, 15, 16, 18, 20, 22, 23, 24, 28, 29, 32, 34, 37, 39, 
  42, 48, 50, 51, 53, 54, 63, 64 ],
[ 1, 2, 3, 5, 6, 10, 11, 12, 15, 16, 17, 18, 20, 21, 22, 25, 28, 29, 33, 44, 
  46, 51, 53, 54, 55, 56, 58, 62 ],
[ 1, 2, 3, 5, 6, 10, 11, 12, 15, 16, 17, 18, 20, 21, 22, 25, 28, 29, 33, 36, 
  44, 51, 54, 55, 61, 62, 63, 64 ]
];

