## Group: [64, 167]
## Difference Sets: 214
## Time:  0:05:55.245

return [
[ 1, 2, 3, 4, 5, 6, 7, 8, 9, 10, 11, 12, 13, 14, 17, 26, 29, 30, 33, 36, 38, 
  39, 41, 45, 52, 54, 58, 63 ],
[ 1, 2, 3, 4, 5, 6, 7, 8, 9, 10, 11, 12, 13, 14, 17, 26, 29, 30, 34, 36, 38, 
  39, 41, 45, 52, 55, 58, 63 ],
[ 1, 2, 3, 4, 5, 6, 7, 8, 9, 10, 11, 14, 15, 17, 21, 22, 23, 26, 29, 30, 33, 
  36, 41, 43, 44, 54, 57, 58 ],
[ 1, 2, 3, 4, 5, 6, 7, 8, 9, 10, 11, 14, 15, 17, 21, 22, 23, 26, 29, 30, 33, 
  36, 41, 54, 57, 58, 59, 60 ],
[ 1, 2, 3, 4, 5, 6, 7, 8, 9, 10, 11, 14, 15, 17, 21, 22, 23, 26, 29, 30, 34, 
  36, 41, 43, 44, 55, 57, 58 ],
[ 1, 2, 3, 4, 5, 6, 7, 8, 9, 10, 11, 14, 15, 17, 21, 22, 23, 26, 29, 30, 34, 
  36, 41, 55, 57, 58, 59, 60 ],
[ 1, 2, 3, 4, 5, 6, 7, 8, 9, 10, 11, 14, 15, 18, 21, 22, 26, 29, 30, 33, 36, 
  40, 43, 44, 45, 54, 57, 64 ],
[ 1, 2, 3, 4, 5, 6, 7, 8, 9, 10, 11, 14, 15, 18, 21, 22, 26, 29, 30, 33, 36, 
  40, 45, 54, 57, 59, 60, 64 ],
[ 1, 2, 3, 4, 5, 6, 7, 8, 9, 10, 11, 14, 15, 18, 21, 22, 26, 29, 30, 34, 36, 
  40, 43, 44, 45, 55, 57, 64 ],
[ 1, 2, 3, 4, 5, 6, 7, 8, 9, 10, 11, 14, 15, 18, 21, 22, 26, 29, 30, 34, 36, 
  40, 45, 55, 57, 59, 60, 64 ],
[ 1, 2, 3, 4, 5, 6, 7, 8, 9, 10, 11, 14, 17, 21, 22, 23, 26, 29, 33, 36, 38, 
  39, 41, 43, 44, 52, 54, 64 ],
[ 1, 2, 3, 4, 5, 6, 7, 8, 9, 10, 11, 14, 17, 21, 22, 23, 26, 29, 34, 36, 38, 
  39, 41, 43, 44, 52, 55, 64 ],
[ 1, 2, 3, 4, 5, 6, 7, 8, 9, 10, 11, 14, 21, 22, 26, 29, 30, 33, 38, 39, 40, 
  41, 43, 44, 45, 54, 56, 64 ],
[ 1, 2, 3, 4, 5, 6, 7, 8, 9, 10, 11, 14, 21, 22, 26, 29, 30, 34, 38, 39, 40, 
  41, 43, 44, 45, 55, 56, 64 ],
[ 1, 2, 3, 4, 5, 6, 7, 8, 9, 10, 11, 15, 21, 22, 23, 26, 29, 30, 33, 37, 39, 
  40, 41, 43, 44, 54, 56, 58 ],
[ 1, 2, 3, 4, 5, 6, 7, 8, 9, 10, 11, 15, 21, 22, 23, 26, 29, 30, 34, 37, 39, 
  40, 41, 43, 44, 55, 56, 58 ],
[ 1, 2, 3, 4, 5, 6, 7, 8, 9, 10, 12, 14, 16, 17, 20, 23, 32, 35, 38, 39, 40, 
  42, 44, 45, 53, 59, 61, 62 ],
[ 1, 2, 3, 4, 5, 6, 7, 8, 9, 10, 12, 14, 16, 17, 20, 32, 35, 38, 39, 40, 42, 
  44, 53, 58, 59, 61, 62, 64 ],
[ 1, 2, 3, 4, 5, 6, 7, 8, 9, 10, 12, 14, 16, 18, 20, 23, 32, 35, 38, 39, 41, 
  42, 44, 45, 53, 59, 61, 62 ],
[ 1, 2, 3, 4, 5, 6, 7, 8, 9, 10, 12, 14, 16, 18, 20, 32, 35, 38, 39, 41, 42, 
  44, 53, 58, 59, 61, 62, 64 ],
[ 1, 2, 3, 4, 5, 6, 7, 8, 9, 10, 12, 14, 17, 20, 23, 31, 35, 36, 38, 39, 41, 
  42, 44, 45, 53, 60, 61, 62 ],
[ 1, 2, 3, 4, 5, 6, 7, 8, 9, 10, 12, 14, 18, 19, 20, 32, 35, 36, 37, 40, 42, 
  44, 53, 58, 59, 61, 62, 64 ],
[ 1, 2, 3, 4, 5, 6, 7, 8, 9, 10, 12, 15, 16, 18, 20, 32, 35, 37, 39, 41, 42, 
  43, 53, 58, 60, 61, 62, 64 ],
[ 1, 2, 3, 4, 5, 6, 7, 8, 9, 10, 12, 20, 23, 24, 27, 31, 35, 42, 44, 45, 46, 
  48, 49, 51, 53, 56, 57, 60 ],
[ 1, 2, 3, 4, 5, 6, 7, 8, 9, 10, 12, 20, 23, 25, 28, 31, 35, 42, 44, 45, 46, 
  47, 49, 50, 53, 56, 57, 60 ],
[ 1, 2, 3, 4, 5, 6, 7, 8, 9, 10, 14, 15, 21, 22, 23, 26, 29, 30, 32, 33, 40, 
  41, 44, 54, 56, 57, 58, 59 ],
[ 1, 2, 3, 4, 5, 6, 7, 8, 9, 10, 14, 15, 23, 26, 29, 30, 32, 33, 35, 37, 38, 
  44, 53, 54, 56, 57, 58, 59 ],
[ 1, 2, 3, 4, 5, 6, 7, 8, 9, 10, 14, 15, 26, 29, 30, 32, 33, 35, 37, 38, 43, 
  45, 53, 54, 56, 57, 60, 64 ],
[ 1, 2, 3, 4, 5, 6, 7, 8, 9, 10, 14, 16, 18, 19, 20, 23, 30, 32, 35, 37, 41, 
  42, 44, 53, 58, 59, 61, 62 ],
[ 1, 2, 3, 4, 5, 6, 7, 8, 9, 10, 15, 16, 17, 19, 20, 23, 30, 32, 35, 38, 40, 
  42, 44, 53, 58, 59, 61, 62 ],
[ 1, 2, 3, 4, 5, 6, 7, 8, 9, 10, 17, 18, 21, 22, 23, 26, 29, 30, 32, 33, 37, 
  38, 44, 54, 56, 57, 58, 59 ],
[ 1, 2, 3, 4, 5, 6, 7, 8, 9, 10, 20, 23, 24, 26, 28, 29, 30, 32, 35, 42, 44, 
  47, 51, 53, 56, 57, 58, 59 ],
[ 1, 2, 3, 4, 5, 6, 7, 8, 9, 10, 20, 24, 26, 28, 29, 30, 32, 35, 42, 43, 45, 
  47, 51, 53, 56, 57, 60, 64 ],
[ 1, 2, 3, 4, 5, 6, 7, 8, 9, 10, 21, 22, 23, 24, 25, 26, 29, 30, 32, 33, 44, 
  50, 51, 54, 56, 57, 58, 59 ],
[ 1, 2, 3, 4, 5, 6, 7, 8, 9, 10, 21, 22, 24, 25, 26, 29, 30, 32, 33, 43, 45, 
  50, 51, 54, 56, 57, 60, 64 ],
[ 1, 2, 3, 4, 5, 6, 7, 8, 9, 10, 23, 24, 25, 26, 29, 30, 32, 33, 35, 44, 47, 
  48, 53, 54, 56, 57, 58, 59 ],
[ 1, 2, 3, 4, 5, 6, 7, 8, 9, 10, 24, 25, 26, 29, 30, 32, 33, 35, 43, 45, 47, 
  48, 53, 54, 56, 57, 60, 64 ],
[ 1, 2, 3, 4, 5, 6, 7, 8, 9, 12, 13, 14, 17, 24, 25, 26, 27, 30, 33, 34, 35, 
  36, 38, 39, 41, 50, 52, 62 ],
[ 1, 2, 3, 4, 5, 6, 7, 8, 9, 12, 13, 14, 17, 24, 25, 26, 27, 30, 35, 36, 38, 
  39, 41, 50, 52, 54, 55, 62 ],
[ 1, 2, 3, 4, 5, 6, 7, 8, 9, 12, 13, 14, 17, 24, 25, 26, 28, 30, 33, 34, 35, 
  36, 38, 39, 41, 51, 52, 62 ],
[ 1, 2, 3, 4, 5, 6, 7, 8, 9, 12, 13, 14, 17, 24, 25, 26, 28, 30, 35, 36, 38, 
  39, 41, 51, 52, 54, 55, 62 ],
[ 1, 2, 3, 4, 5, 6, 7, 8, 9, 12, 13, 14, 17, 24, 25, 26, 29, 30, 33, 36, 38, 
  39, 41, 50, 51, 52, 54, 63 ],
[ 1, 2, 3, 4, 5, 6, 7, 8, 9, 12, 13, 14, 17, 24, 25, 26, 29, 30, 34, 36, 38, 
  39, 41, 50, 51, 52, 55, 63 ],
[ 1, 2, 3, 4, 5, 6, 7, 8, 9, 12, 13, 14, 17, 24, 29, 30, 33, 34, 35, 36, 38, 
  39, 41, 47, 50, 51, 52, 61 ],
[ 1, 2, 3, 4, 5, 6, 7, 8, 9, 12, 13, 14, 17, 24, 29, 30, 35, 36, 38, 39, 41, 
  47, 50, 51, 52, 54, 55, 61 ],
[ 1, 2, 3, 4, 5, 6, 7, 8, 9, 12, 13, 14, 17, 25, 29, 30, 33, 34, 35, 36, 38, 
  39, 41, 48, 50, 51, 52, 61 ],
[ 1, 2, 3, 4, 5, 6, 7, 8, 9, 12, 13, 14, 17, 25, 29, 30, 35, 36, 38, 39, 41, 
  48, 50, 51, 52, 54, 55, 61 ],
[ 1, 2, 3, 4, 5, 6, 7, 8, 9, 12, 14, 16, 17, 20, 23, 24, 25, 27, 33, 34, 38, 
  39, 40, 42, 45, 46, 51, 62 ],
[ 1, 2, 3, 4, 5, 6, 7, 8, 9, 12, 14, 16, 17, 20, 23, 24, 25, 27, 38, 39, 40, 
  42, 45, 46, 51, 54, 55, 62 ],
[ 1, 2, 3, 4, 5, 6, 7, 8, 9, 12, 14, 16, 17, 20, 23, 25, 27, 28, 33, 34, 38, 
  39, 40, 42, 45, 47, 49, 61 ],
[ 1, 2, 3, 4, 5, 6, 7, 8, 9, 12, 14, 16, 17, 20, 23, 25, 27, 28, 38, 39, 40, 
  42, 45, 47, 49, 54, 55, 61 ],
[ 1, 2, 3, 4, 5, 6, 7, 8, 9, 13, 14, 15, 17, 21, 22, 23, 24, 26, 27, 35, 36, 
  41, 48, 49, 50, 52, 57, 64 ],
[ 1, 2, 3, 4, 5, 6, 7, 8, 9, 13, 14, 15, 17, 21, 22, 23, 24, 26, 28, 35, 36, 
  41, 48, 49, 51, 52, 57, 64 ],
[ 1, 2, 3, 4, 5, 6, 7, 8, 9, 13, 14, 15, 17, 21, 22, 23, 24, 28, 29, 35, 36, 
  41, 46, 47, 50, 52, 57, 64 ],
[ 1, 2, 3, 4, 5, 6, 7, 8, 9, 13, 14, 15, 17, 21, 22, 23, 25, 28, 29, 35, 36, 
  41, 46, 48, 50, 52, 57, 64 ],
[ 1, 2, 3, 4, 5, 6, 7, 8, 9, 13, 14, 15, 21, 22, 23, 24, 27, 29, 30, 35, 40, 
  41, 46, 47, 51, 56, 57, 58 ],
[ 1, 2, 3, 4, 5, 6, 7, 8, 9, 13, 14, 15, 21, 22, 24, 26, 27, 30, 35, 40, 41, 
  45, 48, 49, 50, 56, 57, 64 ],
[ 1, 2, 3, 4, 5, 6, 7, 8, 9, 13, 14, 16, 18, 19, 20, 24, 27, 37, 41, 42, 43, 
  44, 46, 48, 49, 51, 52, 63 ],
[ 1, 2, 3, 4, 5, 6, 7, 8, 9, 13, 14, 16, 24, 25, 26, 27, 30, 33, 34, 35, 36, 
  38, 39, 45, 50, 56, 62, 64 ],
[ 1, 2, 3, 4, 5, 6, 7, 8, 9, 13, 14, 16, 24, 25, 26, 27, 30, 35, 36, 38, 39, 
  45, 50, 54, 55, 56, 62, 64 ],
[ 1, 2, 3, 4, 5, 6, 7, 8, 9, 13, 14, 16, 24, 25, 26, 28, 30, 33, 34, 35, 36, 
  38, 39, 45, 51, 56, 62, 64 ],
[ 1, 2, 3, 4, 5, 6, 7, 8, 9, 13, 14, 16, 24, 25, 26, 28, 30, 35, 36, 38, 39, 
  45, 51, 54, 55, 56, 62, 64 ],
[ 1, 2, 3, 4, 5, 6, 7, 8, 9, 13, 14, 16, 24, 25, 26, 29, 30, 33, 36, 38, 39, 
  45, 50, 51, 54, 56, 63, 64 ],
[ 1, 2, 3, 4, 5, 6, 7, 8, 9, 13, 14, 16, 24, 25, 26, 29, 30, 34, 36, 38, 39, 
  45, 50, 51, 55, 56, 63, 64 ],
[ 1, 2, 3, 4, 5, 6, 7, 8, 9, 13, 14, 16, 24, 27, 28, 29, 30, 33, 34, 35, 36, 
  38, 39, 45, 47, 56, 61, 64 ],
[ 1, 2, 3, 4, 5, 6, 7, 8, 9, 13, 14, 16, 24, 27, 28, 29, 30, 35, 36, 38, 39, 
  45, 47, 54, 55, 56, 61, 64 ],
[ 1, 2, 3, 4, 5, 6, 7, 8, 9, 13, 14, 16, 24, 29, 30, 33, 34, 35, 36, 38, 39, 
  45, 47, 50, 51, 56, 61, 64 ],
[ 1, 2, 3, 4, 5, 6, 7, 8, 9, 13, 14, 16, 24, 29, 30, 35, 36, 38, 39, 45, 47, 
  50, 51, 54, 55, 56, 61, 64 ],
[ 1, 2, 3, 4, 5, 6, 7, 8, 9, 13, 14, 16, 25, 29, 30, 35, 36, 38, 39, 45, 48, 
  50, 51, 54, 55, 56, 61, 64 ],
[ 1, 2, 3, 4, 5, 6, 7, 8, 9, 13, 14, 16, 26, 27, 28, 29, 30, 33, 36, 38, 39, 
  45, 47, 48, 54, 56, 63, 64 ],
[ 1, 2, 3, 4, 5, 6, 7, 8, 9, 13, 14, 16, 26, 27, 30, 35, 36, 38, 39, 45, 47, 
  48, 50, 54, 55, 56, 62, 64 ],
[ 1, 2, 3, 4, 5, 6, 7, 8, 9, 13, 14, 17, 20, 24, 26, 28, 29, 36, 38, 39, 41, 
  42, 43, 44, 47, 51, 52, 63 ],
[ 1, 2, 3, 4, 5, 6, 7, 8, 9, 13, 15, 16, 17, 19, 20, 24, 27, 38, 40, 42, 43, 
  44, 46, 48, 49, 51, 52, 63 ],
[ 1, 2, 3, 4, 5, 6, 7, 8, 9, 13, 15, 16, 23, 24, 25, 26, 29, 30, 33, 36, 37, 
  39, 50, 51, 54, 56, 58, 63 ],
[ 1, 2, 3, 4, 5, 6, 7, 8, 9, 13, 15, 16, 23, 24, 25, 26, 29, 30, 34, 36, 37, 
  39, 50, 51, 55, 56, 58, 63 ],
[ 1, 2, 3, 4, 5, 6, 7, 8, 9, 13, 15, 16, 23, 24, 27, 28, 29, 30, 35, 36, 37, 
  39, 47, 54, 55, 56, 58, 61 ],
[ 1, 2, 3, 4, 5, 6, 7, 8, 9, 13, 15, 16, 23, 26, 27, 28, 29, 30, 33, 36, 37, 
  39, 47, 48, 54, 56, 58, 63 ],
[ 1, 2, 3, 4, 5, 6, 7, 8, 9, 14, 16, 18, 19, 20, 23, 24, 25, 27, 30, 33, 34, 
  37, 41, 42, 46, 51, 58, 62 ],
[ 1, 2, 3, 4, 5, 6, 7, 8, 9, 14, 16, 24, 25, 26, 27, 30, 36, 38, 39, 45, 50, 
  53, 54, 55, 56, 62, 63, 64 ],
[ 1, 2, 3, 4, 5, 6, 7, 8, 9, 15, 16, 17, 19, 20, 23, 24, 25, 27, 30, 33, 34, 
  38, 40, 42, 46, 51, 58, 62 ],
[ 1, 2, 3, 4, 5, 6, 7, 8, 10, 11, 13, 14, 15, 17, 21, 22, 23, 26, 27, 30, 35, 
  36, 41, 43, 44, 50, 57, 58 ],
[ 1, 2, 3, 4, 5, 6, 7, 8, 10, 11, 13, 14, 15, 17, 21, 22, 23, 26, 27, 30, 35, 
  36, 41, 50, 57, 58, 59, 60 ],
[ 1, 2, 3, 4, 5, 6, 7, 8, 10, 11, 13, 14, 15, 17, 21, 22, 23, 26, 28, 30, 35, 
  36, 41, 51, 57, 58, 59, 60 ],
[ 1, 2, 3, 4, 5, 6, 7, 8, 10, 11, 13, 14, 15, 18, 21, 22, 26, 28, 30, 35, 36, 
  40, 43, 44, 45, 51, 57, 64 ],
[ 1, 2, 3, 4, 5, 6, 7, 8, 10, 11, 13, 14, 17, 18, 21, 22, 26, 27, 30, 35, 38, 
  39, 43, 44, 45, 50, 56, 64 ],
[ 1, 2, 3, 4, 5, 6, 7, 8, 10, 11, 13, 14, 17, 18, 21, 22, 26, 27, 30, 35, 38, 
  39, 45, 50, 56, 59, 60, 64 ],
[ 1, 2, 3, 4, 5, 6, 7, 8, 10, 11, 13, 14, 17, 18, 21, 22, 26, 28, 30, 35, 38, 
  39, 43, 44, 45, 51, 56, 64 ],
[ 1, 2, 3, 4, 5, 6, 7, 8, 10, 11, 13, 14, 17, 21, 22, 23, 26, 27, 35, 36, 38, 
  39, 41, 43, 44, 50, 52, 64 ],
[ 1, 2, 3, 4, 5, 6, 7, 8, 10, 11, 13, 14, 21, 22, 26, 27, 30, 35, 38, 39, 40, 
  41, 45, 50, 56, 59, 60, 64 ],
[ 1, 2, 3, 4, 5, 6, 7, 8, 10, 11, 13, 15, 18, 21, 22, 23, 26, 27, 35, 36, 37, 
  39, 40, 43, 44, 50, 52, 64 ],
[ 1, 2, 3, 4, 5, 6, 7, 8, 10, 12, 14, 16, 17, 20, 23, 27, 28, 32, 33, 34, 38, 
  39, 40, 42, 44, 45, 59, 61 ],
[ 1, 2, 3, 4, 5, 6, 7, 8, 10, 12, 14, 16, 17, 20, 23, 27, 28, 32, 38, 39, 40, 
  42, 44, 45, 54, 55, 59, 61 ],
[ 1, 2, 3, 4, 5, 6, 7, 8, 10, 12, 14, 16, 17, 20, 32, 33, 34, 38, 39, 40, 42, 
  44, 50, 51, 58, 59, 61, 64 ],
[ 1, 2, 3, 4, 5, 6, 7, 8, 10, 12, 14, 16, 17, 20, 32, 38, 39, 40, 42, 44, 50, 
  51, 54, 55, 58, 59, 61, 64 ],
[ 1, 2, 3, 4, 5, 6, 7, 8, 10, 12, 14, 17, 19, 20, 23, 27, 28, 32, 33, 34, 36, 
  37, 41, 42, 43, 45, 60, 61 ],
[ 1, 2, 3, 4, 5, 6, 7, 8, 10, 12, 14, 17, 19, 20, 23, 27, 28, 32, 36, 37, 41, 
  42, 43, 45, 54, 55, 60, 61 ],
[ 1, 2, 3, 4, 5, 6, 7, 8, 10, 12, 14, 17, 19, 20, 23, 32, 33, 34, 36, 37, 41, 
  42, 43, 45, 50, 51, 60, 61 ],
[ 1, 2, 3, 4, 5, 6, 7, 8, 10, 12, 14, 17, 19, 20, 23, 32, 36, 37, 41, 42, 43, 
  45, 50, 51, 54, 55, 60, 61 ],
[ 1, 2, 3, 4, 5, 6, 7, 8, 10, 12, 14, 17, 20, 23, 27, 28, 31, 33, 34, 36, 38, 
  39, 41, 42, 44, 45, 60, 61 ],
[ 1, 2, 3, 4, 5, 6, 7, 8, 10, 12, 14, 17, 20, 23, 27, 28, 31, 36, 38, 39, 41, 
  42, 44, 45, 54, 55, 60, 61 ],
[ 1, 2, 3, 4, 5, 6, 7, 8, 10, 12, 14, 17, 20, 23, 31, 33, 34, 36, 38, 39, 41, 
  42, 44, 45, 50, 51, 60, 61 ],
[ 1, 2, 3, 4, 5, 6, 7, 8, 10, 12, 14, 17, 20, 23, 31, 36, 38, 39, 41, 42, 44, 
  45, 50, 51, 54, 55, 60, 61 ],
[ 1, 2, 3, 4, 5, 6, 7, 8, 10, 13, 14, 15, 21, 22, 23, 26, 27, 30, 32, 35, 40, 
  41, 44, 50, 56, 57, 58, 59 ],
[ 1, 2, 3, 4, 5, 6, 7, 8, 10, 13, 14, 15, 21, 22, 23, 26, 28, 30, 32, 35, 40, 
  41, 44, 51, 56, 57, 58, 59 ],
[ 1, 2, 3, 4, 5, 6, 7, 8, 10, 14, 16, 18, 19, 20, 23, 27, 28, 30, 32, 33, 34, 
  37, 41, 42, 44, 58, 59, 61 ],
[ 1, 2, 3, 4, 5, 6, 7, 8, 10, 14, 16, 18, 19, 20, 23, 30, 32, 33, 34, 37, 41, 
  42, 44, 50, 51, 58, 59, 61 ],
[ 1, 2, 3, 4, 5, 6, 7, 8, 10, 15, 16, 17, 19, 20, 23, 27, 28, 30, 32, 33, 34, 
  38, 40, 42, 44, 58, 59, 61 ],
[ 1, 2, 3, 4, 5, 6, 7, 8, 10, 15, 16, 17, 19, 20, 23, 30, 32, 33, 34, 38, 40, 
  42, 44, 50, 51, 58, 59, 61 ],
[ 1, 2, 3, 4, 5, 6, 8, 9, 10, 12, 13, 14, 17, 24, 25, 28, 29, 31, 35, 36, 38, 
  39, 41, 42, 51, 53, 61, 63 ],
[ 1, 2, 3, 4, 5, 6, 8, 9, 10, 12, 13, 14, 17, 24, 25, 29, 31, 34, 35, 36, 38, 
  39, 41, 42, 49, 55, 61, 62 ],
[ 1, 2, 3, 4, 5, 6, 8, 9, 10, 12, 13, 14, 17, 25, 26, 27, 28, 31, 35, 36, 38, 
  39, 41, 42, 48, 53, 62, 63 ],
[ 1, 2, 3, 4, 5, 6, 8, 9, 10, 12, 13, 14, 17, 25, 26, 29, 31, 33, 34, 36, 38, 
  39, 41, 42, 48, 49, 62, 63 ],
[ 1, 2, 3, 4, 5, 6, 8, 9, 10, 12, 13, 14, 17, 26, 27, 28, 31, 34, 35, 36, 38, 
  39, 41, 42, 46, 55, 61, 62 ],
[ 1, 2, 3, 4, 5, 6, 8, 9, 10, 12, 13, 14, 17, 26, 28, 29, 31, 33, 34, 36, 38, 
  39, 41, 42, 46, 51, 61, 63 ],
[ 1, 2, 3, 4, 5, 6, 8, 9, 10, 12, 13, 14, 17, 26, 31, 34, 35, 36, 38, 39, 41, 
  42, 46, 50, 51, 55, 61, 62 ],
[ 1, 2, 3, 4, 5, 6, 8, 9, 10, 12, 13, 14, 17, 29, 31, 34, 35, 36, 38, 39, 41, 
  42, 47, 48, 49, 55, 61, 62 ],
[ 1, 2, 3, 4, 5, 6, 8, 9, 10, 12, 13, 15, 16, 19, 20, 24, 25, 27, 31, 33, 34, 
  38, 39, 46, 51, 53, 57, 62 ],
[ 1, 2, 3, 4, 5, 6, 8, 9, 10, 12, 13, 15, 16, 19, 20, 24, 25, 27, 31, 38, 39, 
  46, 51, 53, 54, 55, 57, 62 ],
[ 1, 2, 3, 4, 5, 6, 8, 9, 10, 12, 13, 15, 16, 19, 20, 27, 31, 33, 34, 38, 39, 
  46, 47, 48, 51, 53, 57, 62 ],
[ 1, 2, 3, 4, 5, 6, 8, 9, 10, 12, 13, 15, 16, 19, 20, 27, 31, 38, 39, 46, 47, 
  48, 51, 53, 54, 55, 57, 62 ],
[ 1, 2, 3, 4, 5, 6, 8, 9, 10, 12, 13, 15, 16, 19, 24, 27, 31, 33, 34, 38, 39, 
  42, 46, 48, 49, 51, 57, 63 ],
[ 1, 2, 3, 4, 5, 6, 8, 9, 10, 12, 13, 15, 18, 24, 25, 28, 29, 31, 35, 36, 37, 
  39, 40, 42, 51, 53, 61, 63 ],
[ 1, 2, 3, 4, 5, 6, 8, 9, 10, 12, 13, 15, 18, 25, 26, 27, 28, 31, 35, 36, 37, 
  39, 40, 42, 48, 53, 62, 63 ],
[ 1, 2, 3, 4, 5, 6, 8, 9, 10, 12, 13, 16, 18, 19, 24, 27, 31, 33, 34, 36, 41, 
  42, 46, 48, 49, 51, 56, 63 ],
[ 1, 2, 3, 4, 5, 6, 8, 9, 10, 12, 14, 16, 17, 23, 24, 25, 29, 32, 38, 39, 40, 
  42, 44, 45, 49, 59, 61, 62 ],
[ 1, 2, 3, 4, 5, 6, 8, 9, 10, 12, 14, 16, 17, 23, 26, 27, 28, 32, 38, 39, 40, 
  42, 44, 45, 46, 59, 61, 62 ],
[ 1, 2, 3, 4, 5, 6, 8, 9, 10, 12, 14, 16, 17, 23, 26, 32, 38, 39, 40, 42, 44, 
  45, 46, 50, 51, 59, 61, 62 ],
[ 1, 2, 3, 4, 5, 6, 8, 9, 10, 12, 14, 16, 17, 23, 29, 32, 38, 39, 40, 42, 44, 
  45, 47, 48, 49, 59, 61, 62 ],
[ 1, 2, 3, 4, 5, 6, 8, 9, 10, 12, 14, 16, 17, 24, 25, 29, 32, 38, 39, 40, 42, 
  44, 49, 58, 59, 61, 62, 64 ],
[ 1, 2, 3, 4, 5, 6, 8, 9, 10, 12, 14, 16, 17, 29, 32, 38, 39, 40, 42, 44, 47, 
  48, 49, 58, 59, 61, 62, 64 ],
[ 1, 2, 3, 4, 5, 6, 8, 9, 10, 12, 14, 16, 18, 23, 26, 27, 28, 32, 38, 39, 41, 
  42, 44, 45, 46, 59, 61, 62 ],
[ 1, 2, 3, 4, 5, 6, 8, 9, 10, 12, 14, 16, 18, 23, 26, 32, 38, 39, 41, 42, 44, 
  45, 46, 50, 51, 59, 61, 62 ],
[ 1, 2, 3, 4, 5, 6, 8, 9, 10, 12, 14, 17, 23, 24, 25, 28, 29, 31, 36, 38, 39, 
  41, 42, 45, 51, 58, 61, 64 ],
[ 1, 2, 3, 4, 5, 6, 8, 9, 10, 12, 14, 17, 23, 24, 25, 29, 31, 36, 38, 39, 41, 
  42, 44, 45, 49, 60, 61, 62 ],
[ 1, 2, 3, 4, 5, 6, 8, 9, 10, 12, 14, 17, 23, 25, 26, 27, 28, 31, 36, 38, 39, 
  41, 42, 45, 48, 58, 62, 64 ],
[ 1, 2, 3, 4, 5, 6, 8, 9, 10, 12, 14, 17, 23, 25, 26, 31, 36, 38, 39, 41, 42, 
  45, 48, 50, 51, 58, 62, 64 ],
[ 1, 2, 3, 4, 5, 6, 8, 9, 10, 12, 14, 17, 23, 26, 27, 28, 31, 36, 38, 39, 41, 
  42, 44, 45, 46, 60, 61, 62 ],
[ 1, 2, 3, 4, 5, 6, 8, 9, 10, 12, 14, 17, 23, 28, 29, 31, 36, 38, 39, 41, 42, 
  45, 47, 48, 51, 58, 61, 64 ],
[ 1, 2, 3, 4, 5, 6, 8, 9, 10, 14, 16, 18, 19, 23, 24, 25, 29, 30, 32, 37, 41, 
  42, 44, 49, 58, 59, 61, 62 ],
[ 1, 2, 3, 4, 5, 6, 8, 9, 10, 14, 16, 19, 23, 24, 25, 28, 29, 30, 32, 37, 39, 
  42, 44, 51, 57, 58, 59, 61 ],
[ 1, 2, 3, 4, 5, 6, 8, 9, 10, 15, 16, 17, 19, 23, 24, 25, 29, 30, 32, 38, 40, 
  42, 44, 49, 58, 59, 61, 62 ],
[ 1, 2, 3, 4, 5, 6, 8, 9, 10, 15, 16, 19, 23, 24, 25, 27, 29, 30, 32, 38, 39, 
  42, 44, 50, 57, 58, 59, 61 ],
[ 1, 2, 3, 4, 5, 6, 8, 9, 12, 13, 14, 16, 17, 23, 25, 26, 33, 34, 38, 39, 40, 
  42, 45, 46, 47, 49, 61, 63 ],
[ 1, 2, 3, 4, 5, 6, 8, 9, 12, 13, 14, 16, 18, 19, 20, 24, 25, 27, 30, 33, 34, 
  37, 41, 46, 51, 52, 53, 62 ],
[ 1, 2, 3, 4, 5, 6, 8, 9, 12, 13, 14, 16, 18, 19, 20, 25, 30, 33, 34, 37, 41, 
  47, 49, 50, 51, 52, 53, 61 ],
[ 1, 2, 3, 4, 5, 6, 8, 9, 12, 13, 14, 16, 18, 19, 24, 27, 30, 33, 34, 37, 41, 
  42, 46, 48, 49, 51, 52, 63 ],
[ 1, 2, 3, 4, 5, 6, 8, 9, 12, 13, 14, 16, 18, 23, 25, 26, 33, 34, 38, 39, 41, 
  42, 45, 46, 47, 49, 61, 63 ],
[ 1, 2, 3, 4, 5, 6, 8, 9, 12, 13, 14, 17, 19, 20, 21, 22, 23, 24, 25, 36, 37, 
  41, 45, 50, 51, 53, 61, 62 ],
[ 1, 2, 3, 4, 5, 6, 8, 9, 12, 13, 14, 17, 19, 20, 21, 22, 24, 25, 36, 37, 41, 
  50, 51, 53, 58, 61, 62, 64 ],
[ 1, 2, 3, 4, 5, 6, 8, 9, 12, 13, 14, 17, 19, 20, 23, 24, 25, 26, 33, 34, 36, 
  37, 41, 45, 46, 53, 61, 62 ],
[ 1, 2, 3, 4, 5, 6, 8, 9, 12, 13, 14, 17, 19, 20, 23, 24, 25, 26, 36, 37, 41, 
  45, 46, 53, 54, 55, 61, 62 ],
[ 1, 2, 3, 4, 5, 6, 8, 9, 12, 13, 14, 17, 19, 20, 23, 27, 28, 29, 33, 34, 36, 
  37, 41, 45, 49, 53, 61, 62 ],
[ 1, 2, 3, 4, 5, 6, 8, 9, 12, 13, 14, 17, 19, 20, 23, 27, 28, 29, 36, 37, 41, 
  45, 49, 53, 54, 55, 61, 62 ],
[ 1, 2, 3, 4, 5, 6, 8, 9, 12, 13, 14, 17, 24, 25, 27, 29, 30, 34, 35, 36, 38, 
  39, 41, 42, 50, 52, 55, 61 ],
[ 1, 2, 3, 4, 5, 6, 8, 9, 12, 13, 14, 17, 24, 25, 28, 29, 30, 33, 35, 36, 38, 
  39, 41, 42, 51, 52, 54, 61 ],
[ 1, 2, 3, 4, 5, 6, 8, 9, 12, 13, 14, 17, 24, 26, 28, 29, 30, 33, 34, 36, 38, 
  39, 41, 42, 47, 51, 52, 63 ],
[ 1, 2, 3, 4, 5, 6, 8, 9, 12, 13, 14, 17, 24, 26, 30, 34, 35, 36, 38, 39, 41, 
  42, 47, 50, 51, 52, 55, 62 ],
[ 1, 2, 3, 4, 5, 6, 8, 9, 12, 13, 14, 17, 25, 26, 27, 29, 30, 33, 34, 36, 38, 
  39, 41, 42, 48, 50, 52, 63 ],
[ 1, 2, 3, 4, 5, 6, 8, 9, 12, 13, 14, 17, 25, 26, 30, 33, 35, 36, 38, 39, 41, 
  42, 48, 50, 51, 52, 54, 62 ],
[ 1, 2, 3, 4, 5, 6, 8, 9, 12, 14, 17, 24, 26, 28, 29, 30, 35, 36, 38, 39, 41, 
  42, 47, 51, 52, 53, 54, 55 ],
[ 1, 2, 3, 4, 5, 6, 8, 9, 12, 14, 17, 25, 26, 27, 29, 30, 35, 36, 38, 39, 41, 
  42, 48, 50, 52, 53, 54, 55 ],
[ 1, 2, 3, 4, 5, 6, 8, 9, 13, 14, 15, 17, 20, 21, 22, 23, 24, 26, 28, 29, 36, 
  41, 47, 51, 52, 53, 57, 64 ],
[ 1, 2, 3, 4, 5, 6, 8, 9, 13, 14, 15, 20, 21, 22, 24, 26, 28, 29, 30, 40, 41, 
  45, 47, 51, 53, 56, 57, 64 ],
[ 1, 2, 3, 4, 5, 6, 8, 9, 13, 14, 16, 18, 19, 20, 21, 22, 24, 25, 30, 37, 41, 
  45, 50, 51, 53, 61, 62, 64 ],
[ 1, 2, 3, 4, 5, 6, 8, 9, 13, 14, 16, 18, 19, 20, 24, 25, 26, 30, 33, 34, 37, 
  41, 45, 46, 53, 61, 62, 64 ],
[ 1, 2, 3, 4, 5, 6, 8, 9, 13, 14, 16, 18, 19, 20, 24, 25, 26, 30, 37, 41, 45, 
  46, 53, 54, 55, 61, 62, 64 ],
[ 1, 2, 3, 4, 5, 6, 8, 9, 13, 14, 16, 18, 19, 23, 25, 26, 30, 33, 34, 37, 41, 
  42, 46, 47, 49, 58, 61, 63 ],
[ 1, 2, 3, 4, 5, 6, 8, 9, 13, 14, 16, 18, 19, 24, 26, 30, 33, 34, 37, 41, 42, 
  45, 46, 48, 49, 61, 63, 64 ],
[ 1, 2, 3, 4, 5, 6, 8, 9, 13, 14, 16, 24, 25, 27, 29, 30, 34, 35, 36, 38, 39, 
  42, 45, 50, 55, 56, 61, 64 ],
[ 1, 2, 3, 4, 5, 6, 8, 9, 13, 14, 16, 24, 25, 28, 29, 30, 33, 35, 36, 38, 39, 
  42, 45, 51, 54, 56, 61, 64 ],
[ 1, 2, 3, 4, 5, 6, 8, 9, 13, 14, 16, 24, 26, 27, 28, 30, 34, 35, 36, 38, 39, 
  42, 45, 47, 55, 56, 62, 64 ],
[ 1, 2, 3, 4, 5, 6, 8, 9, 13, 14, 16, 24, 26, 28, 29, 30, 33, 34, 36, 38, 39, 
  42, 45, 47, 51, 56, 63, 64 ],
[ 1, 2, 3, 4, 5, 6, 8, 9, 13, 14, 16, 25, 26, 27, 28, 30, 33, 35, 36, 38, 39, 
  42, 45, 48, 54, 56, 62, 64 ],
[ 1, 2, 3, 4, 5, 6, 8, 9, 13, 14, 16, 27, 29, 30, 34, 35, 36, 38, 39, 42, 45, 
  47, 48, 50, 55, 56, 61, 64 ],
[ 1, 2, 3, 4, 5, 6, 8, 9, 13, 15, 16, 17, 19, 20, 21, 22, 24, 25, 30, 38, 40, 
  45, 50, 51, 53, 61, 62, 64 ],
[ 1, 2, 3, 4, 5, 6, 8, 9, 13, 15, 16, 23, 28, 29, 30, 33, 35, 36, 37, 39, 42, 
  47, 48, 51, 54, 56, 58, 61 ],
[ 1, 2, 3, 4, 5, 6, 8, 9, 13, 15, 20, 21, 22, 23, 24, 26, 28, 29, 37, 39, 40, 
  41, 47, 51, 52, 53, 56, 64 ],
[ 1, 2, 3, 4, 5, 6, 8, 10, 11, 12, 13, 14, 16, 17, 23, 27, 31, 32, 33, 34, 
  38, 39, 40, 42, 45, 46, 51, 63 ],
[ 1, 2, 3, 4, 5, 6, 8, 10, 11, 12, 13, 14, 16, 18, 23, 27, 31, 32, 33, 34, 
  38, 39, 41, 42, 45, 46, 51, 63 ],
[ 1, 2, 3, 4, 5, 6, 8, 10, 11, 12, 13, 14, 17, 19, 20, 23, 27, 28, 31, 32, 
  33, 34, 36, 37, 41, 45, 53, 61 ],
[ 1, 2, 3, 4, 5, 6, 8, 10, 11, 12, 13, 14, 17, 19, 20, 23, 27, 28, 31, 32, 
  36, 37, 41, 45, 53, 54, 55, 61 ],
[ 1, 2, 3, 4, 5, 6, 8, 10, 11, 12, 13, 15, 16, 17, 20, 23, 27, 28, 31, 32, 
  33, 34, 37, 39, 40, 45, 53, 61 ],
[ 1, 2, 3, 4, 5, 6, 8, 10, 11, 12, 13, 15, 16, 17, 20, 23, 27, 28, 31, 32, 
  37, 39, 40, 45, 53, 54, 55, 61 ],
[ 1, 2, 3, 4, 5, 6, 8, 10, 11, 13, 14, 16, 18, 19, 20, 21, 22, 23, 27, 37, 
  41, 43, 44, 46, 51, 52, 53, 64 ],
[ 1, 2, 3, 4, 5, 6, 8, 10, 11, 13, 14, 16, 18, 19, 20, 27, 28, 30, 31, 32, 
  33, 34, 37, 41, 45, 53, 61, 64 ],
[ 1, 2, 3, 4, 5, 6, 8, 10, 11, 13, 14, 16, 18, 19, 20, 30, 31, 32, 33, 34, 
  37, 41, 45, 50, 51, 53, 61, 64 ],
[ 1, 2, 3, 4, 5, 6, 8, 10, 11, 13, 14, 16, 18, 19, 23, 27, 30, 31, 32, 33, 
  34, 37, 41, 42, 46, 51, 58, 63 ],
[ 1, 2, 3, 4, 5, 6, 8, 10, 11, 13, 14, 16, 18, 19, 28, 30, 31, 32, 33, 34, 
  37, 41, 42, 45, 46, 50, 63, 64 ],
[ 1, 2, 3, 4, 5, 6, 8, 10, 11, 13, 14, 16, 20, 21, 22, 23, 27, 37, 40, 41, 
  44, 45, 46, 51, 52, 53, 57, 60 ],
[ 1, 2, 3, 4, 5, 6, 8, 10, 11, 13, 14, 16, 20, 21, 22, 27, 37, 40, 41, 43, 
  46, 51, 52, 53, 57, 58, 59, 64 ],
[ 1, 2, 3, 4, 5, 6, 8, 10, 11, 13, 15, 16, 17, 19, 20, 21, 22, 23, 27, 38, 
  40, 43, 44, 46, 51, 52, 53, 64 ],
[ 1, 2, 3, 4, 5, 6, 8, 10, 11, 13, 15, 16, 20, 21, 22, 23, 27, 38, 40, 41, 
  43, 45, 46, 51, 52, 53, 57, 59 ],
[ 1, 2, 3, 4, 5, 6, 8, 10, 11, 13, 15, 16, 20, 21, 22, 27, 38, 40, 41, 44, 
  46, 51, 52, 53, 57, 58, 60, 64 ],
[ 1, 2, 3, 4, 5, 6, 8, 10, 11, 13, 17, 19, 20, 21, 22, 23, 27, 37, 38, 40, 
  44, 45, 46, 51, 52, 53, 56, 60 ],
[ 1, 2, 3, 4, 5, 6, 8, 10, 11, 13, 18, 19, 20, 21, 22, 23, 27, 37, 38, 41, 
  43, 45, 46, 51, 52, 53, 56, 59 ],
[ 1, 2, 3, 4, 5, 6, 8, 10, 12, 13, 14, 16, 17, 23, 26, 32, 33, 34, 38, 39, 
  40, 42, 44, 45, 46, 59, 61, 63 ],
[ 1, 2, 3, 4, 5, 6, 8, 10, 12, 13, 14, 16, 18, 23, 26, 32, 33, 34, 38, 39, 
  41, 42, 44, 45, 46, 59, 61, 63 ],
[ 1, 2, 3, 4, 5, 6, 8, 10, 12, 13, 14, 17, 23, 25, 26, 31, 33, 34, 36, 38, 
  39, 41, 42, 45, 48, 58, 63, 64 ],
[ 1, 2, 3, 4, 5, 6, 8, 10, 12, 13, 14, 17, 23, 26, 31, 33, 34, 36, 38, 39, 
  41, 42, 44, 45, 46, 60, 61, 63 ],
[ 1, 2, 3, 4, 5, 6, 8, 10, 12, 13, 14, 17, 23, 31, 34, 35, 36, 38, 39, 41, 
  42, 45, 47, 48, 55, 58, 61, 64 ],
[ 1, 2, 3, 4, 5, 6, 8, 10, 12, 13, 14, 17, 26, 31, 33, 34, 36, 38, 39, 41, 
  42, 43, 46, 58, 59, 61, 63, 64 ],
[ 1, 2, 3, 4, 5, 6, 8, 10, 13, 14, 16, 18, 19, 23, 26, 30, 32, 33, 34, 37, 
  41, 42, 44, 46, 58, 59, 61, 63 ],
[ 1, 2, 3, 4, 5, 6, 8, 10, 13, 14, 16, 19, 23, 25, 26, 30, 32, 33, 34, 37, 
  39, 42, 44, 48, 57, 58, 59, 63 ],
[ 1, 2, 3, 4, 5, 6, 8, 10, 13, 15, 16, 19, 23, 24, 26, 30, 32, 33, 34, 38, 
  39, 42, 44, 47, 57, 58, 59, 63 ],
[ 1, 2, 3, 4, 5, 6, 8, 11, 12, 13, 14, 17, 23, 24, 26, 32, 33, 34, 36, 38, 
  39, 41, 42, 45, 47, 58, 63, 64 ],
[ 1, 2, 3, 4, 5, 6, 8, 11, 12, 13, 14, 17, 23, 26, 32, 33, 34, 36, 38, 39, 
  41, 42, 43, 45, 46, 59, 61, 63 ],
[ 1, 2, 3, 4, 5, 6, 8, 11, 12, 13, 14, 17, 23, 32, 33, 35, 36, 38, 39, 41, 
  42, 45, 47, 48, 54, 58, 61, 64 ],
[ 1, 2, 3, 4, 5, 6, 8, 11, 12, 13, 14, 17, 26, 32, 33, 34, 36, 38, 39, 41, 
  42, 44, 46, 58, 60, 61, 63, 64 ],
[ 1, 2, 3, 4, 5, 7, 8, 9, 10, 14, 15, 21, 23, 25, 26, 29, 30, 32, 40, 41, 44, 
  48, 49, 56, 57, 58, 59, 62 ],
[ 1, 2, 3, 4, 5, 7, 8, 9, 11, 12, 13, 14, 17, 21, 24, 25, 32, 35, 36, 38, 39, 
  41, 50, 51, 53, 61, 62, 63 ],
[ 1, 2, 3, 4, 5, 7, 8, 9, 11, 12, 13, 15, 18, 21, 24, 25, 32, 35, 36, 37, 39, 
  40, 50, 51, 53, 61, 62, 63 ],
[ 1, 2, 3, 4, 5, 7, 8, 9, 11, 14, 15, 21, 23, 25, 26, 29, 30, 31, 40, 41, 43, 
  48, 49, 56, 57, 58, 60, 62 ],
[ 1, 2, 3, 4, 5, 7, 8, 9, 12, 13, 14, 17, 21, 24, 25, 30, 34, 35, 36, 38, 39, 
  41, 50, 51, 52, 55, 61, 62 ],
[ 1, 2, 3, 4, 5, 7, 8, 10, 11, 13, 14, 17, 21, 23, 26, 34, 35, 36, 38, 39, 
  41, 43, 44, 46, 52, 55, 61, 64 ]
];

