## Group: [64, 162]
## Difference Sets: 542
## Time:  0:11:11.520

return [
[ 1, 2, 3, 4, 5, 6, 7, 8, 9, 10, 11, 12, 16, 18, 27, 29, 30, 37, 38, 43, 44, 
  46, 49, 52, 54, 58, 60, 63 ],
[ 1, 2, 3, 4, 5, 6, 7, 8, 9, 10, 11, 12, 16, 27, 29, 30, 37, 38, 41, 43, 44, 
  46, 52, 53, 54, 60, 62, 64 ],
[ 1, 2, 3, 4, 5, 6, 7, 8, 9, 10, 11, 13, 15, 17, 18, 26, 31, 34, 36, 38, 39, 
  40, 45, 47, 57, 58, 61, 62 ],
[ 1, 2, 3, 4, 5, 6, 7, 8, 9, 10, 11, 13, 15, 18, 26, 31, 33, 34, 36, 38, 45, 
  47, 53, 54, 58, 61, 62, 63 ],
[ 1, 2, 3, 4, 5, 6, 7, 8, 9, 10, 11, 13, 16, 18, 19, 21, 22, 24, 30, 44, 48, 
  50, 53, 54, 57, 61, 63, 64 ],
[ 1, 2, 3, 4, 5, 6, 7, 8, 9, 10, 11, 13, 16, 18, 19, 21, 22, 25, 27, 30, 44, 
  47, 53, 54, 57, 58, 61, 63 ],
[ 1, 2, 3, 4, 5, 6, 7, 8, 9, 10, 11, 13, 16, 18, 19, 21, 22, 25, 27, 30, 47, 
  53, 54, 57, 60, 61, 63, 64 ],
[ 1, 2, 3, 4, 5, 6, 7, 8, 9, 10, 11, 13, 16, 19, 21, 22, 24, 30, 39, 41, 48, 
  50, 53, 54, 58, 60, 61, 63 ],
[ 1, 2, 3, 4, 5, 6, 7, 8, 9, 10, 11, 13, 17, 22, 26, 31, 34, 38, 40, 42, 45, 
  47, 55, 57, 58, 61, 62, 63 ],
[ 1, 2, 3, 4, 5, 6, 7, 8, 9, 10, 11, 13, 18, 22, 26, 31, 33, 38, 41, 42, 45, 
  47, 54, 57, 58, 61, 62, 63 ],
[ 1, 2, 3, 4, 5, 6, 7, 8, 9, 10, 11, 15, 17, 18, 19, 20, 22, 26, 31, 33, 34, 
  45, 47, 53, 58, 61, 62, 63 ],
[ 1, 2, 3, 4, 5, 6, 7, 8, 9, 10, 11, 15, 17, 18, 19, 26, 31, 33, 36, 38, 41, 
  45, 47, 49, 57, 61, 63, 64 ],
[ 1, 2, 3, 4, 5, 6, 7, 8, 9, 10, 11, 15, 18, 19, 26, 31, 36, 38, 40, 41, 45, 
  47, 54, 57, 58, 61, 62, 63 ],
[ 1, 2, 3, 4, 5, 6, 7, 8, 9, 10, 11, 16, 18, 23, 25, 31, 37, 38, 43, 45, 46, 
  54, 58, 60, 61, 62, 63, 64 ],
[ 1, 2, 3, 4, 5, 6, 7, 8, 9, 10, 11, 16, 18, 23, 30, 31, 32, 37, 38, 43, 45, 
  46, 49, 51, 54, 62, 63, 64 ],
[ 1, 2, 3, 4, 5, 6, 7, 8, 9, 10, 11, 16, 18, 25, 27, 28, 31, 37, 38, 43, 46, 
  50, 51, 54, 60, 61, 62, 63 ],
[ 1, 2, 3, 4, 5, 6, 7, 8, 9, 10, 11, 16, 18, 25, 28, 29, 31, 37, 38, 45, 46, 
  49, 50, 54, 58, 61, 62, 63 ],
[ 1, 2, 3, 4, 5, 6, 7, 8, 9, 10, 11, 16, 18, 27, 28, 31, 32, 37, 38, 43, 44, 
  50, 52, 54, 58, 60, 61, 63 ],
[ 1, 2, 3, 4, 5, 6, 7, 8, 9, 10, 11, 16, 18, 27, 30, 31, 32, 37, 38, 43, 44, 
  46, 50, 51, 54, 60, 63, 64 ],
[ 1, 2, 3, 4, 5, 6, 7, 8, 9, 10, 11, 16, 18, 29, 31, 32, 37, 38, 45, 50, 52, 
  54, 58, 60, 61, 62, 63, 64 ],
[ 1, 2, 3, 4, 5, 6, 7, 8, 9, 10, 11, 16, 19, 21, 22, 23, 24, 28, 30, 48, 50, 
  53, 58, 59, 60, 61, 62, 63 ],
[ 1, 2, 3, 4, 5, 6, 7, 8, 9, 10, 11, 16, 19, 21, 22, 23, 24, 28, 46, 48, 49, 
  50, 52, 53, 59, 60, 63, 64 ],
[ 1, 2, 3, 4, 5, 6, 7, 8, 9, 10, 11, 16, 19, 21, 22, 23, 24, 30, 44, 48, 49, 
  50, 51, 53, 59, 61, 63, 64 ],
[ 1, 2, 3, 4, 5, 6, 7, 8, 9, 10, 11, 16, 19, 21, 22, 23, 24, 44, 46, 48, 50, 
  51, 52, 53, 58, 59, 62, 63 ],
[ 1, 2, 3, 4, 5, 6, 7, 8, 9, 10, 11, 16, 19, 21, 22, 24, 25, 28, 43, 45, 49, 
  50, 52, 53, 60, 61, 63, 64 ],
[ 1, 2, 3, 4, 5, 6, 7, 8, 9, 10, 11, 16, 19, 21, 22, 24, 25, 43, 44, 45, 50, 
  51, 52, 53, 58, 61, 62, 63 ],
[ 1, 2, 3, 4, 5, 6, 7, 8, 9, 10, 11, 16, 19, 21, 22, 24, 28, 30, 43, 44, 45, 
  48, 50, 53, 61, 62, 63, 64 ],
[ 1, 2, 3, 4, 5, 6, 7, 8, 9, 10, 11, 16, 19, 21, 22, 24, 30, 43, 45, 48, 49, 
  50, 51, 53, 58, 60, 61, 63 ],
[ 1, 2, 3, 4, 5, 6, 7, 8, 9, 10, 11, 16, 23, 25, 27, 28, 29, 31, 37, 38, 41, 
  46, 49, 53, 54, 58, 61, 62 ],
[ 1, 2, 3, 4, 5, 6, 7, 8, 9, 10, 11, 16, 23, 28, 30, 31, 32, 37, 38, 41, 43, 
  45, 46, 49, 53, 54, 58, 62 ],
[ 1, 2, 3, 4, 5, 6, 7, 8, 9, 10, 12, 13, 15, 17, 20, 22, 26, 34, 40, 46, 47, 
  49, 52, 55, 57, 59, 60, 63 ],
[ 1, 2, 3, 4, 5, 6, 7, 8, 9, 10, 12, 13, 15, 17, 26, 30, 36, 38, 39, 40, 41, 
  44, 47, 55, 57, 59, 61, 62 ],
[ 1, 2, 3, 4, 5, 6, 7, 8, 9, 10, 12, 13, 15, 18, 20, 22, 26, 33, 41, 46, 47, 
  49, 52, 54, 57, 59, 60, 63 ],
[ 1, 2, 3, 4, 5, 6, 7, 8, 9, 10, 12, 13, 15, 26, 30, 33, 36, 38, 41, 44, 47, 
  53, 54, 55, 59, 61, 62, 63 ],
[ 1, 2, 3, 4, 5, 6, 7, 8, 9, 10, 12, 13, 17, 20, 25, 26, 28, 32, 36, 40, 41, 
  42, 47, 53, 55, 59, 63, 64 ],
[ 1, 2, 3, 4, 5, 6, 7, 8, 9, 10, 12, 13, 17, 22, 26, 30, 34, 38, 39, 40, 42, 
  44, 47, 53, 55, 59, 61, 62 ],
[ 1, 2, 3, 4, 5, 6, 7, 8, 9, 10, 12, 13, 18, 22, 26, 30, 33, 38, 39, 41, 42, 
  44, 47, 53, 54, 59, 61, 62 ],
[ 1, 2, 3, 4, 5, 6, 7, 8, 9, 10, 12, 15, 17, 18, 19, 26, 30, 33, 36, 38, 39, 
  41, 47, 49, 53, 59, 60, 61 ],
[ 1, 2, 3, 4, 5, 6, 7, 8, 9, 10, 12, 15, 17, 18, 19, 26, 33, 36, 38, 39, 41, 
  44, 46, 47, 52, 53, 59, 62 ],
[ 1, 2, 3, 4, 5, 6, 7, 8, 9, 10, 12, 15, 18, 19, 26, 30, 36, 38, 39, 40, 41, 
  44, 47, 53, 54, 59, 61, 62 ],
[ 1, 2, 3, 4, 5, 6, 7, 8, 9, 10, 12, 16, 23, 25, 27, 28, 30, 37, 38, 41, 46, 
  50, 51, 53, 54, 61, 62, 64 ],
[ 1, 2, 3, 4, 5, 6, 7, 8, 9, 10, 12, 16, 23, 28, 30, 32, 37, 38, 41, 43, 44, 
  49, 52, 53, 54, 59, 61, 62 ],
[ 1, 2, 3, 4, 5, 6, 7, 8, 9, 10, 12, 16, 27, 28, 29, 37, 38, 41, 43, 44, 46, 
  48, 49, 52, 53, 54, 61, 62 ],
[ 1, 2, 3, 4, 5, 6, 7, 8, 9, 10, 13, 18, 19, 21, 25, 27, 30, 32, 35, 37, 41, 
  42, 44, 46, 47, 53, 58, 63 ],
[ 1, 2, 3, 4, 5, 6, 7, 8, 9, 10, 13, 18, 19, 21, 27, 30, 32, 35, 37, 41, 42, 
  44, 47, 48, 53, 58, 61, 63 ],
[ 1, 2, 3, 4, 5, 6, 7, 8, 9, 10, 13, 19, 21, 25, 27, 30, 32, 34, 35, 37, 39, 
  42, 44, 46, 47, 55, 57, 58 ],
[ 1, 2, 3, 4, 5, 6, 7, 8, 9, 10, 13, 19, 21, 27, 30, 32, 34, 35, 37, 39, 42, 
  44, 47, 48, 55, 57, 58, 61 ],
[ 1, 2, 3, 4, 5, 6, 7, 8, 9, 11, 12, 13, 14, 17, 18, 20, 21, 25, 29, 39, 47, 
  48, 52, 53, 54, 55, 58, 64 ],
[ 1, 2, 3, 4, 5, 6, 7, 8, 9, 11, 12, 13, 14, 17, 18, 20, 21, 26, 32, 34, 44, 
  46, 50, 53, 54, 57, 61, 64 ],
[ 1, 2, 3, 4, 5, 6, 7, 8, 9, 11, 12, 13, 14, 17, 18, 20, 21, 26, 32, 44, 46, 
  50, 54, 55, 57, 61, 63, 64 ],
[ 1, 2, 3, 4, 5, 6, 7, 8, 9, 11, 12, 13, 14, 17, 18, 20, 21, 29, 39, 44, 46, 
  47, 52, 53, 54, 55, 60, 61 ],
[ 1, 2, 3, 4, 5, 6, 7, 8, 9, 11, 12, 13, 14, 17, 20, 21, 25, 29, 41, 47, 48, 
  52, 53, 54, 55, 57, 58, 64 ],
[ 1, 2, 3, 4, 5, 6, 7, 8, 9, 11, 12, 13, 14, 17, 20, 21, 26, 32, 34, 39, 41, 
  46, 50, 53, 54, 58, 60, 61 ],
[ 1, 2, 3, 4, 5, 6, 7, 8, 9, 11, 12, 13, 14, 17, 20, 21, 26, 32, 39, 41, 46, 
  50, 54, 55, 58, 60, 61, 63 ],
[ 1, 2, 3, 4, 5, 6, 7, 8, 9, 11, 12, 13, 14, 17, 20, 21, 29, 41, 44, 46, 47, 
  52, 53, 54, 55, 57, 60, 61 ],
[ 1, 2, 3, 4, 5, 6, 7, 8, 9, 11, 12, 14, 17, 20, 21, 23, 26, 28, 32, 34, 46, 
  50, 53, 58, 59, 60, 61, 62 ],
[ 1, 2, 3, 4, 5, 6, 7, 8, 9, 11, 12, 14, 17, 20, 21, 23, 26, 28, 32, 46, 50, 
  55, 58, 59, 60, 61, 62, 63 ],
[ 1, 2, 3, 4, 5, 6, 7, 8, 9, 11, 12, 14, 17, 20, 21, 23, 26, 28, 34, 46, 48, 
  50, 51, 52, 53, 58, 59, 64 ],
[ 1, 2, 3, 4, 5, 6, 7, 8, 9, 11, 12, 14, 17, 20, 21, 23, 26, 28, 46, 48, 50, 
  51, 52, 55, 58, 59, 63, 64 ],
[ 1, 2, 3, 4, 5, 6, 7, 8, 9, 11, 12, 14, 17, 20, 21, 23, 26, 32, 34, 44, 46, 
  49, 50, 51, 53, 59, 61, 64 ],
[ 1, 2, 3, 4, 5, 6, 7, 8, 9, 11, 12, 14, 17, 20, 21, 23, 26, 32, 44, 46, 49, 
  50, 51, 55, 59, 61, 63, 64 ],
[ 1, 2, 3, 4, 5, 6, 7, 8, 9, 11, 12, 14, 17, 20, 21, 23, 26, 34, 44, 46, 48, 
  49, 50, 52, 53, 59, 60, 62 ],
[ 1, 2, 3, 4, 5, 6, 7, 8, 9, 11, 12, 14, 17, 20, 21, 23, 26, 44, 46, 48, 49, 
  50, 52, 55, 59, 60, 62, 63 ],
[ 1, 2, 3, 4, 5, 6, 7, 8, 9, 11, 12, 14, 17, 20, 21, 25, 26, 28, 34, 43, 45, 
  50, 51, 52, 53, 58, 61, 64 ],
[ 1, 2, 3, 4, 5, 6, 7, 8, 9, 11, 12, 14, 17, 20, 21, 25, 26, 28, 43, 45, 50, 
  51, 52, 55, 58, 61, 63, 64 ],
[ 1, 2, 3, 4, 5, 6, 7, 8, 9, 11, 12, 14, 17, 20, 21, 25, 26, 34, 43, 44, 45, 
  49, 50, 52, 53, 60, 61, 62 ],
[ 1, 2, 3, 4, 5, 6, 7, 8, 9, 11, 12, 14, 17, 20, 21, 25, 26, 43, 44, 45, 49, 
  50, 52, 55, 60, 61, 62, 63 ],
[ 1, 2, 3, 4, 5, 6, 7, 8, 9, 11, 13, 16, 21, 22, 24, 25, 27, 31, 34, 35, 39, 
  40, 44, 46, 52, 57, 58, 63 ],
[ 1, 2, 3, 4, 5, 6, 7, 8, 9, 11, 13, 16, 21, 22, 24, 25, 27, 31, 34, 35, 39, 
  40, 46, 52, 57, 60, 63, 64 ],
[ 1, 2, 3, 4, 5, 6, 7, 8, 9, 11, 13, 17, 18, 21, 25, 26, 29, 31, 32, 33, 37, 
  39, 42, 55, 58, 61, 63, 64 ],
[ 1, 2, 3, 4, 5, 6, 7, 8, 9, 11, 14, 17, 20, 21, 23, 28, 29, 31, 34, 45, 46, 
  47, 48, 51, 52, 53, 58, 64 ],
[ 1, 2, 3, 4, 5, 6, 7, 8, 9, 11, 14, 17, 20, 21, 23, 29, 31, 34, 44, 45, 46, 
  47, 48, 49, 52, 53, 60, 62 ],
[ 1, 2, 3, 4, 5, 6, 7, 8, 9, 11, 16, 19, 21, 22, 23, 27, 28, 31, 43, 46, 47, 
  48, 49, 52, 53, 60, 63, 64 ],
[ 1, 2, 3, 4, 5, 6, 7, 8, 9, 11, 16, 19, 21, 22, 27, 28, 31, 44, 45, 46, 47, 
  48, 49, 52, 53, 58, 59, 63 ],
[ 1, 2, 3, 4, 5, 6, 7, 8, 9, 11, 17, 18, 21, 25, 26, 29, 31, 32, 34, 35, 37, 
  39, 42, 53, 54, 58, 61, 64 ],
[ 1, 2, 3, 4, 5, 6, 7, 8, 9, 12, 13, 15, 17, 18, 24, 26, 30, 31, 34, 36, 38, 
  39, 40, 44, 57, 59, 61, 62 ],
[ 1, 2, 3, 4, 5, 6, 7, 8, 9, 14, 17, 20, 21, 23, 25, 28, 29, 30, 31, 32, 34, 
  45, 47, 51, 53, 58, 61, 64 ],
[ 1, 2, 3, 4, 5, 6, 7, 8, 9, 14, 17, 20, 21, 23, 25, 29, 30, 31, 32, 34, 44, 
  45, 47, 49, 53, 60, 61, 62 ],
[ 1, 2, 3, 4, 5, 6, 7, 8, 9, 16, 19, 21, 22, 23, 25, 27, 28, 30, 31, 32, 43, 
  47, 49, 53, 60, 61, 63, 64 ],
[ 1, 2, 3, 4, 5, 6, 7, 8, 9, 16, 19, 21, 22, 25, 27, 28, 30, 31, 32, 44, 45, 
  47, 49, 53, 58, 59, 61, 63 ],
[ 1, 2, 3, 4, 5, 6, 7, 9, 10, 13, 16, 18, 19, 21, 22, 23, 25, 27, 44, 46, 49, 
  51, 53, 54, 57, 58, 59, 63 ],
[ 1, 2, 3, 4, 5, 6, 7, 9, 10, 13, 16, 18, 19, 21, 22, 23, 25, 27, 46, 49, 51, 
  53, 54, 57, 59, 60, 63, 64 ],
[ 1, 2, 3, 4, 5, 6, 7, 9, 10, 13, 16, 18, 19, 21, 22, 23, 25, 28, 43, 44, 46, 
  49, 50, 53, 54, 57, 63, 64 ],
[ 1, 2, 3, 4, 5, 6, 7, 9, 10, 13, 16, 18, 19, 21, 22, 23, 25, 43, 44, 46, 50, 
  51, 53, 54, 57, 62, 63, 64 ],
[ 1, 2, 3, 4, 5, 6, 7, 9, 10, 13, 18, 19, 21, 23, 25, 27, 28, 35, 37, 41, 42, 
  46, 49, 53, 58, 59, 60, 63 ],
[ 1, 2, 3, 4, 5, 6, 7, 9, 10, 13, 18, 19, 21, 23, 25, 27, 35, 37, 41, 42, 46, 
  51, 53, 58, 59, 60, 62, 63 ],
[ 1, 2, 3, 4, 5, 6, 7, 9, 10, 13, 19, 21, 23, 25, 27, 28, 34, 35, 37, 39, 42, 
  46, 49, 55, 57, 58, 59, 60 ],
[ 1, 2, 3, 4, 5, 6, 7, 9, 10, 13, 19, 21, 23, 25, 27, 34, 35, 37, 39, 42, 46, 
  51, 55, 57, 58, 59, 60, 62 ],
[ 1, 2, 3, 4, 5, 6, 7, 9, 12, 13, 14, 17, 18, 20, 21, 23, 25, 29, 34, 48, 49, 
  51, 53, 54, 57, 58, 59, 64 ],
[ 1, 2, 3, 4, 5, 6, 7, 9, 12, 13, 14, 17, 18, 20, 21, 23, 25, 29, 48, 49, 51, 
  54, 55, 57, 58, 59, 63, 64 ],
[ 1, 2, 3, 4, 5, 6, 7, 9, 12, 13, 14, 17, 18, 20, 21, 23, 25, 34, 44, 45, 48, 
  49, 50, 53, 54, 57, 62, 64 ],
[ 1, 2, 3, 4, 5, 6, 7, 9, 12, 13, 14, 17, 18, 20, 21, 23, 25, 44, 45, 48, 49, 
  50, 54, 55, 57, 62, 63, 64 ],
[ 1, 2, 3, 4, 5, 6, 7, 9, 13, 14, 17, 18, 20, 21, 23, 25, 28, 29, 31, 34, 39, 
  45, 51, 54, 58, 61, 63, 64 ],
[ 1, 2, 3, 4, 5, 6, 7, 9, 13, 14, 17, 18, 20, 21, 23, 25, 29, 31, 34, 39, 44, 
  45, 49, 54, 60, 61, 62, 63 ],
[ 1, 2, 3, 4, 5, 6, 7, 9, 13, 14, 17, 20, 21, 23, 25, 28, 29, 31, 34, 41, 45, 
  51, 54, 57, 58, 61, 63, 64 ],
[ 1, 2, 3, 4, 5, 6, 7, 9, 13, 14, 17, 20, 21, 23, 25, 29, 31, 34, 41, 44, 45, 
  49, 54, 57, 60, 61, 62, 63 ],
[ 1, 2, 3, 4, 5, 6, 7, 9, 13, 17, 18, 21, 23, 25, 28, 29, 31, 33, 37, 39, 42, 
  45, 51, 55, 58, 61, 63, 64 ],
[ 1, 2, 3, 4, 5, 6, 7, 9, 13, 17, 18, 21, 23, 25, 29, 31, 33, 37, 39, 42, 44, 
  45, 49, 55, 60, 61, 62, 63 ],
[ 1, 2, 3, 4, 5, 6, 7, 9, 13, 18, 19, 21, 23, 25, 27, 28, 31, 35, 37, 41, 42, 
  43, 49, 53, 60, 61, 63, 64 ],
[ 1, 2, 3, 4, 5, 6, 7, 9, 13, 19, 21, 23, 25, 27, 28, 31, 34, 35, 37, 39, 42, 
  43, 49, 55, 57, 60, 61, 64 ],
[ 1, 2, 3, 4, 5, 6, 8, 9, 10, 12, 13, 14, 18, 19, 20, 26, 28, 31, 34, 38, 41, 
  46, 50, 54, 56, 61, 62, 63 ],
[ 1, 2, 3, 4, 5, 6, 8, 9, 10, 12, 13, 14, 18, 19, 20, 26, 28, 31, 38, 41, 46, 
  50, 53, 54, 55, 56, 61, 62 ],
[ 1, 2, 3, 4, 5, 6, 8, 9, 10, 12, 13, 14, 18, 20, 25, 26, 29, 31, 38, 40, 48, 
  49, 53, 54, 55, 56, 57, 62 ],
[ 1, 2, 3, 4, 5, 6, 8, 9, 10, 12, 13, 14, 18, 20, 26, 28, 29, 31, 38, 40, 46, 
  51, 53, 54, 55, 56, 57, 61 ],
[ 1, 2, 3, 4, 5, 6, 8, 9, 10, 12, 13, 14, 18, 25, 26, 29, 31, 36, 38, 39, 40, 
  42, 48, 49, 54, 55, 62, 63 ],
[ 1, 2, 3, 4, 5, 6, 8, 9, 10, 12, 13, 14, 18, 26, 28, 29, 31, 36, 38, 39, 40, 
  42, 46, 51, 54, 55, 61, 63 ],
[ 1, 2, 3, 4, 5, 6, 8, 9, 10, 12, 13, 14, 19, 20, 25, 26, 28, 31, 34, 38, 39, 
  48, 50, 54, 56, 57, 62, 63 ],
[ 1, 2, 3, 4, 5, 6, 8, 9, 10, 12, 13, 14, 19, 20, 25, 26, 28, 31, 38, 39, 48, 
  50, 53, 54, 55, 56, 57, 62 ],
[ 1, 2, 3, 4, 5, 6, 8, 9, 10, 12, 13, 14, 20, 25, 26, 29, 31, 34, 38, 39, 40, 
  41, 48, 49, 54, 56, 62, 63 ],
[ 1, 2, 3, 4, 5, 6, 8, 9, 10, 12, 13, 14, 20, 26, 28, 29, 31, 34, 38, 39, 40, 
  41, 46, 51, 54, 56, 61, 63 ],
[ 1, 2, 3, 4, 5, 6, 8, 9, 10, 12, 13, 14, 25, 26, 29, 31, 34, 36, 38, 40, 41, 
  42, 48, 49, 53, 54, 57, 62 ],
[ 1, 2, 3, 4, 5, 6, 8, 9, 10, 12, 13, 14, 26, 28, 29, 31, 34, 36, 38, 40, 41, 
  42, 46, 51, 53, 54, 57, 61 ],
[ 1, 2, 3, 4, 5, 6, 8, 9, 10, 12, 13, 15, 16, 17, 18, 20, 25, 29, 31, 34, 38, 
  47, 49, 53, 54, 57, 61, 62 ],
[ 1, 2, 3, 4, 5, 6, 8, 9, 10, 12, 13, 15, 16, 17, 18, 20, 26, 28, 31, 34, 38, 
  39, 46, 50, 54, 61, 62, 63 ],
[ 1, 2, 3, 4, 5, 6, 8, 9, 10, 12, 13, 15, 16, 17, 18, 20, 26, 28, 31, 38, 39, 
  46, 50, 53, 54, 55, 61, 62 ],
[ 1, 2, 3, 4, 5, 6, 8, 9, 10, 12, 13, 15, 16, 17, 20, 26, 28, 31, 34, 38, 41, 
  46, 50, 54, 57, 61, 62, 63 ],
[ 1, 2, 3, 4, 5, 6, 8, 9, 10, 12, 13, 15, 16, 17, 20, 26, 28, 31, 38, 41, 46, 
  50, 53, 54, 55, 57, 61, 62 ],
[ 1, 2, 3, 4, 5, 6, 8, 9, 10, 12, 13, 15, 17, 18, 25, 26, 28, 31, 35, 36, 37, 
  39, 42, 48, 50, 53, 62, 63 ],
[ 1, 2, 3, 4, 5, 6, 8, 9, 10, 12, 13, 15, 17, 18, 26, 28, 31, 34, 35, 36, 37, 
  39, 42, 46, 50, 55, 61, 62 ],
[ 1, 2, 3, 4, 5, 6, 8, 9, 10, 12, 13, 15, 17, 25, 26, 28, 31, 35, 36, 37, 41, 
  42, 48, 50, 53, 57, 62, 63 ],
[ 1, 2, 3, 4, 5, 6, 8, 9, 10, 12, 13, 15, 17, 26, 28, 31, 34, 35, 36, 37, 41, 
  42, 46, 50, 55, 57, 61, 62 ],
[ 1, 2, 3, 4, 5, 6, 8, 9, 10, 12, 13, 15, 18, 19, 26, 28, 31, 33, 34, 36, 37, 
  41, 42, 46, 50, 53, 61, 62 ],
[ 1, 2, 3, 4, 5, 6, 8, 9, 10, 12, 13, 15, 18, 19, 26, 28, 31, 33, 36, 37, 41, 
  42, 46, 50, 55, 61, 62, 63 ],
[ 1, 2, 3, 4, 5, 6, 8, 9, 10, 12, 13, 15, 19, 25, 26, 28, 31, 33, 34, 36, 37, 
  39, 42, 48, 50, 53, 57, 62 ],
[ 1, 2, 3, 4, 5, 6, 8, 9, 10, 12, 13, 15, 19, 25, 26, 28, 31, 33, 36, 37, 39, 
  42, 48, 50, 55, 57, 62, 63 ],
[ 1, 2, 3, 4, 5, 6, 8, 9, 10, 12, 13, 16, 17, 18, 20, 25, 26, 28, 31, 34, 36, 
  39, 48, 50, 54, 56, 62, 63 ],
[ 1, 2, 3, 4, 5, 6, 8, 9, 10, 12, 13, 16, 17, 18, 20, 25, 26, 28, 31, 36, 39, 
  48, 50, 53, 54, 55, 56, 62 ],
[ 1, 2, 3, 4, 5, 6, 8, 9, 10, 12, 13, 16, 17, 18, 20, 25, 28, 29, 31, 34, 36, 
  47, 51, 53, 54, 56, 57, 61 ],
[ 1, 2, 3, 4, 5, 6, 8, 9, 10, 12, 13, 16, 17, 20, 25, 26, 28, 31, 34, 36, 41, 
  48, 50, 54, 56, 57, 62, 63 ],
[ 1, 2, 3, 4, 5, 6, 8, 9, 10, 12, 13, 16, 17, 20, 25, 26, 28, 31, 36, 41, 48, 
  50, 53, 54, 55, 56, 57, 62 ],
[ 1, 2, 3, 4, 5, 6, 8, 9, 10, 12, 14, 18, 19, 20, 23, 26, 28, 31, 38, 41, 46, 
  50, 56, 58, 59, 60, 61, 62 ],
[ 1, 2, 3, 4, 5, 6, 8, 9, 10, 12, 14, 18, 20, 23, 25, 26, 29, 31, 38, 40, 44, 
  48, 49, 56, 57, 59, 62, 64 ],
[ 1, 2, 3, 4, 5, 6, 8, 9, 10, 12, 14, 18, 20, 23, 26, 28, 29, 31, 38, 40, 44, 
  46, 51, 56, 57, 59, 61, 64 ],
[ 1, 2, 3, 4, 5, 6, 8, 9, 10, 12, 14, 19, 20, 23, 25, 26, 28, 31, 38, 39, 48, 
  50, 56, 57, 58, 59, 60, 62 ],
[ 1, 2, 3, 4, 5, 6, 8, 9, 10, 12, 14, 20, 23, 25, 26, 29, 31, 38, 39, 40, 41, 
  44, 48, 49, 56, 59, 62, 64 ],
[ 1, 2, 3, 4, 5, 6, 8, 9, 10, 12, 14, 20, 23, 26, 28, 29, 31, 38, 39, 40, 41, 
  44, 46, 51, 56, 59, 61, 64 ],
[ 1, 2, 3, 4, 5, 6, 8, 9, 10, 12, 15, 16, 17, 18, 20, 23, 26, 28, 31, 38, 39, 
  46, 50, 58, 59, 60, 61, 62 ],
[ 1, 2, 3, 4, 5, 6, 8, 9, 10, 12, 15, 16, 17, 20, 23, 26, 28, 31, 38, 41, 46, 
  50, 57, 58, 59, 60, 61, 62 ],
[ 1, 2, 3, 4, 5, 6, 8, 9, 10, 12, 15, 17, 18, 23, 25, 26, 28, 31, 36, 37, 39, 
  42, 45, 48, 50, 58, 62, 64 ],
[ 1, 2, 3, 4, 5, 6, 8, 9, 10, 12, 15, 17, 18, 23, 25, 26, 29, 31, 36, 37, 39, 
  42, 48, 49, 58, 59, 60, 62 ],
[ 1, 2, 3, 4, 5, 6, 8, 9, 10, 12, 15, 17, 18, 23, 26, 28, 29, 31, 36, 37, 39, 
  42, 46, 51, 58, 59, 60, 61 ],
[ 1, 2, 3, 4, 5, 6, 8, 9, 10, 12, 15, 17, 18, 23, 26, 28, 31, 36, 37, 39, 42, 
  44, 45, 46, 50, 60, 61, 62 ],
[ 1, 2, 3, 4, 5, 6, 8, 9, 10, 12, 15, 17, 23, 25, 26, 28, 31, 36, 37, 41, 42, 
  45, 48, 50, 57, 58, 62, 64 ],
[ 1, 2, 3, 4, 5, 6, 8, 9, 10, 12, 15, 17, 23, 25, 26, 29, 31, 36, 37, 41, 42, 
  48, 49, 57, 58, 59, 60, 62 ],
[ 1, 2, 3, 4, 5, 6, 8, 9, 10, 12, 15, 17, 23, 26, 28, 29, 31, 36, 37, 41, 42, 
  46, 51, 57, 58, 59, 60, 61 ],
[ 1, 2, 3, 4, 5, 6, 8, 9, 10, 12, 15, 17, 23, 26, 28, 31, 36, 37, 41, 42, 44, 
  45, 46, 50, 57, 60, 61, 62 ],
[ 1, 2, 3, 4, 5, 6, 8, 9, 10, 12, 16, 17, 18, 20, 23, 25, 26, 28, 31, 36, 39, 
  48, 50, 56, 58, 59, 60, 62 ],
[ 1, 2, 3, 4, 5, 6, 8, 9, 10, 12, 16, 17, 20, 23, 25, 26, 28, 31, 36, 41, 48, 
  50, 56, 57, 58, 59, 60, 62 ],
[ 1, 2, 3, 4, 5, 6, 8, 9, 11, 12, 13, 14, 16, 17, 18, 20, 25, 29, 32, 34, 37, 
  47, 49, 53, 54, 57, 61, 62 ],
[ 1, 2, 3, 4, 5, 6, 8, 9, 11, 12, 13, 14, 16, 17, 18, 20, 26, 28, 32, 34, 37, 
  39, 46, 50, 54, 61, 62, 63 ],
[ 1, 2, 3, 4, 5, 6, 8, 9, 11, 12, 13, 14, 16, 17, 18, 20, 26, 28, 32, 37, 39, 
  46, 50, 53, 54, 55, 61, 62 ],
[ 1, 2, 3, 4, 5, 6, 8, 9, 11, 12, 13, 14, 16, 17, 18, 20, 26, 32, 34, 37, 39, 
  46, 49, 50, 51, 54, 61, 63 ],
[ 1, 2, 3, 4, 5, 6, 8, 9, 11, 12, 13, 14, 16, 17, 18, 20, 26, 32, 37, 39, 46, 
  49, 50, 51, 53, 54, 55, 61 ],
[ 1, 2, 3, 4, 5, 6, 8, 9, 11, 12, 13, 14, 17, 19, 20, 26, 28, 32, 34, 38, 40, 
  46, 50, 54, 56, 61, 62, 63 ],
[ 1, 2, 3, 4, 5, 6, 8, 9, 11, 12, 13, 14, 18, 20, 22, 26, 27, 32, 40, 42, 45, 
  46, 53, 54, 55, 57, 59, 61 ],
[ 1, 2, 3, 4, 5, 6, 8, 9, 11, 12, 13, 14, 18, 20, 22, 26, 29, 30, 40, 42, 43, 
  48, 53, 54, 55, 57, 59, 61 ],
[ 1, 2, 3, 4, 5, 6, 8, 9, 11, 12, 13, 14, 18, 20, 26, 27, 29, 32, 38, 40, 46, 
  50, 53, 54, 55, 56, 57, 61 ],
[ 1, 2, 3, 4, 5, 6, 8, 9, 11, 12, 13, 14, 18, 20, 26, 29, 30, 32, 38, 40, 43, 
  52, 53, 54, 55, 56, 57, 59 ],
[ 1, 2, 3, 4, 5, 6, 8, 9, 11, 12, 13, 14, 18, 26, 27, 29, 32, 36, 38, 39, 40, 
  42, 46, 50, 54, 55, 61, 63 ],
[ 1, 2, 3, 4, 5, 6, 8, 9, 11, 12, 13, 14, 18, 26, 27, 32, 36, 38, 39, 40, 41, 
  42, 45, 46, 54, 57, 59, 61 ],
[ 1, 2, 3, 4, 5, 6, 8, 9, 11, 12, 13, 14, 18, 26, 29, 30, 32, 36, 38, 39, 40, 
  42, 43, 52, 54, 55, 59, 63 ],
[ 1, 2, 3, 4, 5, 6, 8, 9, 11, 12, 13, 14, 18, 26, 29, 30, 36, 38, 39, 40, 41, 
  42, 43, 48, 54, 57, 59, 61 ],
[ 1, 2, 3, 4, 5, 6, 8, 9, 11, 12, 13, 14, 20, 22, 26, 29, 30, 34, 39, 40, 41, 
  42, 43, 48, 54, 59, 61, 63 ],
[ 1, 2, 3, 4, 5, 6, 8, 9, 11, 12, 13, 14, 20, 26, 29, 30, 32, 34, 38, 39, 40, 
  41, 43, 52, 54, 56, 59, 63 ],
[ 1, 2, 3, 4, 5, 6, 8, 9, 11, 12, 13, 14, 26, 27, 28, 29, 30, 36, 38, 40, 42, 
  48, 50, 51, 54, 58, 61, 64 ],
[ 1, 2, 3, 4, 5, 6, 8, 9, 11, 12, 13, 14, 26, 27, 28, 29, 32, 36, 38, 40, 42, 
  46, 49, 50, 54, 60, 61, 64 ],
[ 1, 2, 3, 4, 5, 6, 8, 9, 11, 12, 13, 14, 26, 27, 28, 30, 32, 36, 38, 40, 42, 
  45, 51, 52, 54, 58, 59, 64 ],
[ 1, 2, 3, 4, 5, 6, 8, 9, 11, 12, 13, 14, 26, 27, 28, 32, 36, 38, 40, 42, 45, 
  46, 49, 51, 54, 59, 61, 62 ],
[ 1, 2, 3, 4, 5, 6, 8, 9, 11, 12, 13, 14, 26, 27, 32, 34, 36, 38, 40, 42, 45, 
  46, 53, 54, 55, 59, 61, 63 ],
[ 1, 2, 3, 4, 5, 6, 8, 9, 11, 12, 13, 14, 26, 27, 32, 36, 38, 40, 42, 44, 45, 
  46, 54, 58, 59, 60, 61, 64 ],
[ 1, 2, 3, 4, 5, 6, 8, 9, 11, 12, 13, 14, 26, 28, 29, 30, 32, 36, 38, 40, 42, 
  43, 49, 52, 54, 59, 60, 64 ],
[ 1, 2, 3, 4, 5, 6, 8, 9, 11, 12, 13, 14, 26, 28, 29, 30, 36, 38, 40, 42, 43, 
  48, 49, 51, 54, 59, 61, 62 ],
[ 1, 2, 3, 4, 5, 6, 8, 9, 11, 12, 13, 15, 17, 18, 26, 28, 32, 33, 35, 36, 37, 
  39, 42, 46, 50, 54, 61, 62 ],
[ 1, 2, 3, 4, 5, 6, 8, 9, 11, 12, 13, 15, 17, 19, 26, 28, 32, 33, 34, 36, 37, 
  40, 42, 46, 50, 53, 61, 62 ],
[ 1, 2, 3, 4, 5, 6, 8, 9, 11, 12, 13, 16, 17, 18, 20, 24, 26, 28, 32, 34, 36, 
  39, 47, 50, 54, 56, 62, 63 ],
[ 1, 2, 3, 4, 5, 6, 8, 9, 11, 12, 13, 16, 17, 18, 20, 24, 26, 28, 32, 36, 39, 
  47, 50, 53, 54, 55, 56, 62 ],
[ 1, 2, 3, 4, 5, 6, 8, 9, 11, 12, 13, 16, 17, 18, 20, 25, 27, 29, 32, 34, 36, 
  47, 50, 53, 54, 56, 57, 61 ],
[ 1, 2, 3, 4, 5, 6, 8, 9, 11, 12, 13, 16, 17, 20, 24, 26, 28, 32, 34, 36, 41, 
  47, 50, 54, 56, 57, 62, 63 ],
[ 1, 2, 3, 4, 5, 6, 8, 9, 11, 12, 13, 16, 17, 20, 24, 26, 28, 32, 36, 41, 47, 
  50, 53, 54, 55, 56, 57, 62 ],
[ 1, 2, 3, 4, 5, 6, 8, 9, 11, 12, 14, 15, 17, 18, 19, 26, 29, 30, 40, 42, 43, 
  48, 53, 55, 56, 57, 59, 61 ],
[ 1, 2, 3, 4, 5, 6, 8, 9, 11, 12, 14, 15, 17, 18, 26, 29, 30, 32, 35, 42, 43, 
  52, 53, 54, 55, 56, 57, 59 ],
[ 1, 2, 3, 4, 5, 6, 8, 9, 11, 12, 14, 15, 18, 26, 27, 29, 32, 33, 35, 39, 40, 
  42, 46, 50, 55, 56, 61, 63 ],
[ 1, 2, 3, 4, 5, 6, 8, 9, 11, 12, 14, 15, 18, 26, 27, 32, 33, 35, 39, 40, 41, 
  42, 45, 46, 56, 57, 59, 61 ],
[ 1, 2, 3, 4, 5, 6, 8, 9, 11, 12, 14, 15, 18, 26, 29, 30, 32, 33, 35, 39, 40, 
  42, 43, 52, 55, 56, 59, 63 ],
[ 1, 2, 3, 4, 5, 6, 8, 9, 11, 12, 14, 15, 18, 26, 29, 30, 33, 35, 39, 40, 41, 
  42, 43, 48, 56, 57, 59, 61 ],
[ 1, 2, 3, 4, 5, 6, 8, 9, 11, 12, 14, 15, 26, 27, 28, 29, 30, 33, 35, 40, 42, 
  48, 50, 51, 56, 58, 61, 64 ],
[ 1, 2, 3, 4, 5, 6, 8, 9, 11, 12, 14, 15, 26, 27, 28, 30, 32, 33, 35, 40, 42, 
  45, 51, 52, 56, 58, 59, 64 ],
[ 1, 2, 3, 4, 5, 6, 8, 9, 11, 12, 14, 15, 26, 27, 32, 33, 34, 35, 40, 42, 45, 
  46, 53, 55, 56, 59, 61, 63 ],
[ 1, 2, 3, 4, 5, 6, 8, 9, 11, 12, 14, 15, 26, 27, 32, 33, 35, 40, 42, 44, 45, 
  46, 56, 58, 59, 60, 61, 64 ],
[ 1, 2, 3, 4, 5, 6, 8, 9, 11, 12, 14, 15, 26, 28, 29, 30, 32, 33, 35, 40, 42, 
  43, 49, 52, 56, 59, 60, 64 ],
[ 1, 2, 3, 4, 5, 6, 8, 9, 11, 12, 14, 15, 26, 28, 29, 30, 33, 35, 40, 42, 43, 
  48, 49, 51, 56, 59, 61, 62 ],
[ 1, 2, 3, 4, 5, 6, 8, 9, 11, 12, 14, 15, 26, 29, 30, 32, 33, 34, 35, 40, 41, 
  42, 43, 52, 53, 56, 57, 59 ],
[ 1, 2, 3, 4, 5, 6, 8, 9, 11, 12, 14, 16, 17, 18, 20, 23, 26, 28, 32, 37, 39, 
  46, 50, 58, 59, 60, 61, 62 ],
[ 1, 2, 3, 4, 5, 6, 8, 9, 11, 12, 14, 16, 17, 18, 20, 23, 26, 28, 37, 39, 46, 
  48, 50, 51, 52, 58, 59, 64 ],
[ 1, 2, 3, 4, 5, 6, 8, 9, 11, 12, 14, 16, 17, 18, 20, 23, 26, 32, 37, 39, 44, 
  46, 49, 50, 51, 59, 61, 64 ],
[ 1, 2, 3, 4, 5, 6, 8, 9, 11, 12, 14, 16, 17, 18, 20, 23, 26, 37, 39, 44, 46, 
  48, 49, 50, 52, 59, 60, 62 ],
[ 1, 2, 3, 4, 5, 6, 8, 9, 11, 12, 14, 16, 17, 18, 20, 25, 26, 28, 29, 37, 39, 
  43, 52, 58, 59, 60, 61, 62 ],
[ 1, 2, 3, 4, 5, 6, 8, 9, 11, 12, 14, 16, 17, 18, 20, 25, 26, 29, 37, 39, 43, 
  44, 49, 51, 52, 59, 61, 64 ],
[ 1, 2, 3, 4, 5, 6, 8, 9, 11, 12, 14, 16, 17, 20, 23, 26, 28, 37, 41, 46, 48, 
  50, 51, 52, 57, 58, 59, 64 ],
[ 1, 2, 3, 4, 5, 6, 8, 9, 11, 12, 14, 16, 17, 20, 23, 26, 37, 41, 44, 46, 48, 
  49, 50, 52, 57, 59, 60, 62 ],
[ 1, 2, 3, 4, 5, 6, 8, 9, 11, 12, 14, 16, 17, 20, 25, 26, 28, 29, 37, 41, 43, 
  52, 57, 58, 59, 60, 61, 62 ],
[ 1, 2, 3, 4, 5, 6, 8, 9, 11, 12, 14, 16, 17, 20, 25, 26, 29, 37, 41, 43, 44, 
  49, 51, 52, 57, 59, 61, 64 ],
[ 1, 2, 3, 4, 5, 6, 8, 9, 11, 12, 14, 17, 18, 19, 26, 29, 30, 34, 36, 38, 40, 
  42, 43, 48, 57, 59, 61, 63 ],
[ 1, 2, 3, 4, 5, 6, 8, 9, 11, 12, 14, 17, 18, 26, 29, 30, 32, 34, 35, 36, 38, 
  42, 43, 52, 54, 57, 59, 63 ],
[ 1, 2, 3, 4, 5, 6, 8, 9, 11, 12, 14, 17, 19, 20, 23, 26, 28, 32, 38, 40, 46, 
  50, 56, 58, 59, 60, 61, 62 ],
[ 1, 2, 3, 4, 5, 6, 8, 9, 11, 12, 14, 17, 19, 20, 23, 26, 28, 38, 40, 46, 48, 
  50, 51, 52, 56, 58, 59, 64 ],
[ 1, 2, 3, 4, 5, 6, 8, 9, 11, 12, 14, 17, 19, 20, 25, 26, 28, 38, 40, 43, 45, 
  50, 51, 52, 56, 58, 61, 64 ],
[ 1, 2, 3, 4, 5, 6, 8, 9, 11, 12, 14, 17, 19, 20, 26, 28, 32, 38, 40, 43, 44, 
  45, 46, 50, 56, 61, 62, 64 ],
[ 1, 2, 3, 4, 5, 6, 8, 9, 11, 12, 14, 17, 20, 22, 23, 26, 28, 32, 35, 42, 46, 
  50, 54, 58, 59, 60, 61, 62 ],
[ 1, 2, 3, 4, 5, 6, 8, 9, 11, 12, 14, 17, 20, 22, 23, 26, 28, 35, 42, 46, 48, 
  50, 51, 52, 54, 58, 59, 64 ],
[ 1, 2, 3, 4, 5, 6, 8, 9, 11, 12, 14, 17, 20, 22, 23, 26, 32, 35, 42, 44, 46, 
  49, 50, 51, 54, 59, 61, 64 ],
[ 1, 2, 3, 4, 5, 6, 8, 9, 11, 12, 14, 17, 20, 22, 23, 26, 35, 42, 44, 46, 48, 
  49, 50, 52, 54, 59, 60, 62 ],
[ 1, 2, 3, 4, 5, 6, 8, 9, 11, 12, 14, 17, 20, 22, 25, 26, 28, 29, 35, 42, 43, 
  52, 54, 58, 59, 60, 61, 62 ],
[ 1, 2, 3, 4, 5, 6, 8, 9, 11, 12, 14, 17, 20, 22, 25, 26, 28, 35, 42, 43, 45, 
  50, 51, 52, 54, 58, 61, 64 ],
[ 1, 2, 3, 4, 5, 6, 8, 9, 11, 12, 14, 17, 20, 22, 26, 28, 29, 35, 42, 43, 44, 
  46, 48, 52, 54, 59, 62, 64 ],
[ 1, 2, 3, 4, 5, 6, 8, 9, 11, 12, 14, 17, 20, 22, 26, 28, 32, 35, 42, 43, 44, 
  45, 46, 50, 54, 61, 62, 64 ],
[ 1, 2, 3, 4, 5, 6, 8, 9, 11, 12, 14, 17, 20, 22, 26, 29, 35, 42, 43, 46, 48, 
  49, 51, 52, 54, 58, 59, 60 ],
[ 1, 2, 3, 4, 5, 6, 8, 9, 11, 12, 14, 17, 20, 22, 26, 32, 35, 42, 43, 45, 46, 
  49, 50, 51, 54, 58, 60, 61 ],
[ 1, 2, 3, 4, 5, 6, 8, 9, 11, 12, 14, 17, 26, 29, 30, 32, 35, 36, 38, 39, 41, 
  42, 43, 52, 53, 54, 55, 59 ],
[ 1, 2, 3, 4, 5, 6, 8, 9, 11, 12, 14, 18, 20, 22, 26, 27, 32, 33, 34, 35, 40, 
  42, 45, 46, 57, 59, 61, 63 ],
[ 1, 2, 3, 4, 5, 6, 8, 9, 11, 12, 14, 18, 20, 22, 26, 29, 30, 33, 34, 35, 40, 
  42, 43, 48, 57, 59, 61, 63 ],
[ 1, 2, 3, 4, 5, 6, 8, 9, 11, 12, 14, 18, 20, 23, 26, 27, 29, 32, 38, 40, 44, 
  46, 50, 56, 57, 59, 61, 64 ],
[ 1, 2, 3, 4, 5, 6, 8, 9, 11, 12, 14, 18, 20, 26, 27, 29, 32, 33, 34, 35, 38, 
  40, 46, 50, 56, 57, 61, 63 ],
[ 1, 2, 3, 4, 5, 6, 8, 9, 11, 12, 14, 18, 20, 26, 29, 30, 32, 33, 34, 35, 38, 
  40, 43, 52, 56, 57, 59, 63 ],
[ 1, 2, 3, 4, 5, 6, 8, 9, 11, 12, 14, 20, 22, 26, 29, 30, 33, 35, 39, 40, 41, 
  42, 43, 48, 53, 55, 59, 61 ],
[ 1, 2, 3, 4, 5, 6, 8, 9, 11, 12, 14, 20, 26, 29, 30, 32, 33, 35, 38, 39, 40, 
  41, 43, 52, 53, 55, 56, 59 ],
[ 1, 2, 3, 4, 5, 6, 8, 9, 11, 12, 15, 17, 18, 23, 26, 27, 29, 32, 36, 37, 39, 
  42, 46, 50, 58, 59, 60, 61 ],
[ 1, 2, 3, 4, 5, 6, 8, 9, 11, 12, 15, 17, 18, 23, 26, 28, 32, 36, 37, 39, 42, 
  43, 45, 46, 50, 59, 61, 62 ],
[ 1, 2, 3, 4, 5, 6, 8, 9, 11, 12, 16, 17, 18, 20, 23, 24, 26, 28, 32, 36, 39, 
  47, 50, 56, 58, 59, 60, 62 ],
[ 1, 2, 3, 4, 5, 6, 8, 9, 11, 12, 16, 17, 20, 23, 24, 26, 28, 32, 36, 41, 47, 
  50, 56, 57, 58, 59, 60, 62 ],
[ 1, 2, 3, 4, 5, 6, 8, 9, 11, 13, 14, 16, 17, 18, 20, 28, 29, 31, 35, 37, 39, 
  46, 47, 48, 51, 52, 53, 63 ],
[ 1, 2, 3, 4, 5, 6, 8, 9, 11, 13, 14, 16, 17, 18, 20, 29, 31, 34, 35, 37, 39, 
  46, 47, 48, 49, 52, 55, 62 ],
[ 1, 2, 3, 4, 5, 6, 8, 9, 11, 13, 14, 16, 17, 20, 28, 29, 31, 35, 37, 41, 46, 
  47, 48, 51, 52, 53, 57, 63 ],
[ 1, 2, 3, 4, 5, 6, 8, 9, 11, 13, 14, 16, 17, 20, 29, 31, 34, 35, 37, 41, 46, 
  47, 48, 49, 52, 55, 57, 62 ],
[ 1, 2, 3, 4, 5, 6, 8, 9, 11, 13, 14, 16, 18, 19, 20, 29, 31, 33, 34, 37, 41, 
  46, 47, 48, 49, 52, 53, 62 ],
[ 1, 2, 3, 4, 5, 6, 8, 9, 11, 13, 14, 16, 18, 19, 20, 29, 31, 33, 37, 41, 46, 
  47, 48, 49, 52, 55, 62, 63 ],
[ 1, 2, 3, 4, 5, 6, 8, 9, 11, 13, 14, 16, 18, 20, 25, 26, 29, 31, 33, 34, 37, 
  39, 40, 48, 49, 52, 62, 63 ],
[ 1, 2, 3, 4, 5, 6, 8, 9, 11, 13, 14, 16, 18, 20, 26, 28, 29, 31, 33, 34, 37, 
  39, 40, 46, 51, 52, 61, 63 ],
[ 1, 2, 3, 4, 5, 6, 8, 9, 11, 13, 14, 16, 19, 20, 28, 29, 31, 33, 34, 37, 39, 
  46, 47, 48, 51, 52, 53, 57 ],
[ 1, 2, 3, 4, 5, 6, 8, 9, 11, 13, 14, 16, 19, 20, 28, 29, 31, 33, 37, 39, 46, 
  47, 48, 51, 52, 55, 57, 63 ],
[ 1, 2, 3, 4, 5, 6, 8, 9, 11, 13, 14, 17, 19, 20, 28, 29, 31, 35, 38, 40, 46, 
  47, 48, 51, 52, 53, 56, 63 ],
[ 1, 2, 3, 4, 5, 6, 8, 9, 11, 13, 14, 18, 19, 20, 22, 27, 31, 35, 41, 42, 45, 
  46, 47, 48, 52, 53, 59, 63 ],
[ 1, 2, 3, 4, 5, 6, 8, 9, 11, 13, 14, 18, 19, 20, 22, 30, 31, 35, 41, 42, 43, 
  45, 47, 48, 50, 53, 61, 63 ],
[ 1, 2, 3, 4, 5, 6, 8, 9, 11, 13, 14, 18, 19, 20, 27, 29, 31, 35, 38, 41, 46, 
  47, 48, 50, 52, 53, 56, 63 ],
[ 1, 2, 3, 4, 5, 6, 8, 9, 11, 13, 14, 18, 19, 20, 29, 31, 33, 35, 38, 41, 46, 
  47, 48, 49, 52, 54, 56, 62 ],
[ 1, 2, 3, 4, 5, 6, 8, 9, 11, 13, 14, 18, 19, 20, 30, 31, 32, 35, 38, 41, 43, 
  45, 47, 50, 52, 53, 56, 63 ],
[ 1, 2, 3, 4, 5, 6, 8, 9, 11, 13, 14, 18, 19, 22, 27, 29, 31, 35, 36, 39, 46, 
  47, 48, 50, 52, 55, 56, 63 ],
[ 1, 2, 3, 4, 5, 6, 8, 9, 11, 13, 14, 18, 19, 22, 27, 31, 35, 36, 39, 41, 45, 
  46, 47, 48, 52, 56, 57, 59 ],
[ 1, 2, 3, 4, 5, 6, 8, 9, 11, 13, 14, 18, 19, 22, 30, 31, 32, 35, 36, 39, 43, 
  45, 47, 50, 52, 55, 56, 63 ],
[ 1, 2, 3, 4, 5, 6, 8, 9, 11, 13, 14, 19, 20, 22, 27, 31, 34, 35, 39, 42, 45, 
  46, 47, 48, 52, 55, 57, 59 ],
[ 1, 2, 3, 4, 5, 6, 8, 9, 11, 13, 14, 19, 20, 22, 30, 31, 34, 35, 39, 42, 43, 
  45, 47, 48, 50, 55, 57, 61 ],
[ 1, 2, 3, 4, 5, 6, 8, 9, 11, 13, 14, 19, 20, 27, 29, 31, 34, 35, 38, 39, 46, 
  47, 48, 50, 52, 55, 56, 57 ],
[ 1, 2, 3, 4, 5, 6, 8, 9, 11, 13, 14, 19, 20, 30, 31, 32, 34, 35, 38, 39, 43, 
  45, 47, 50, 52, 55, 56, 57 ],
[ 1, 2, 3, 4, 5, 6, 8, 9, 11, 13, 14, 19, 22, 27, 28, 29, 31, 35, 36, 46, 47, 
  48, 49, 50, 52, 56, 60, 64 ],
[ 1, 2, 3, 4, 5, 6, 8, 9, 11, 13, 14, 19, 22, 27, 28, 30, 31, 32, 35, 36, 45, 
  47, 52, 56, 58, 59, 60, 62 ],
[ 1, 2, 3, 4, 5, 6, 8, 9, 11, 13, 14, 19, 22, 27, 28, 31, 35, 36, 45, 46, 47, 
  48, 49, 51, 52, 56, 59, 62 ],
[ 1, 2, 3, 4, 5, 6, 8, 9, 11, 13, 14, 19, 22, 27, 31, 34, 35, 36, 45, 46, 47, 
  48, 52, 53, 55, 56, 59, 63 ],
[ 1, 2, 3, 4, 5, 6, 8, 9, 11, 13, 14, 19, 22, 27, 31, 35, 36, 44, 45, 46, 47, 
  48, 52, 56, 58, 59, 60, 64 ],
[ 1, 2, 3, 4, 5, 6, 8, 9, 11, 13, 14, 19, 22, 28, 30, 31, 32, 35, 36, 43, 45, 
  47, 49, 50, 52, 56, 60, 64 ],
[ 1, 2, 3, 4, 5, 6, 8, 9, 11, 13, 15, 16, 17, 18, 20, 27, 29, 31, 35, 38, 39, 
  46, 47, 48, 50, 52, 53, 63 ],
[ 1, 2, 3, 4, 5, 6, 8, 9, 11, 13, 15, 16, 17, 18, 20, 29, 31, 33, 35, 38, 39, 
  46, 47, 48, 49, 52, 54, 62 ],
[ 1, 2, 3, 4, 5, 6, 8, 9, 11, 13, 15, 16, 17, 18, 20, 30, 31, 32, 35, 38, 39, 
  43, 45, 47, 50, 52, 53, 63 ],
[ 1, 2, 3, 4, 5, 6, 8, 9, 11, 13, 15, 16, 17, 19, 20, 29, 31, 33, 34, 38, 40, 
  46, 47, 48, 49, 52, 53, 62 ],
[ 1, 2, 3, 4, 5, 6, 8, 9, 11, 13, 15, 16, 17, 20, 30, 31, 32, 35, 38, 41, 43, 
  45, 47, 50, 52, 53, 57, 63 ],
[ 1, 2, 3, 4, 5, 6, 8, 9, 11, 13, 15, 16, 17, 22, 27, 29, 31, 34, 35, 36, 39, 
  46, 47, 48, 50, 52, 53, 57 ],
[ 1, 2, 3, 4, 5, 6, 8, 9, 11, 13, 15, 16, 17, 22, 30, 31, 32, 34, 35, 36, 39, 
  43, 45, 47, 50, 52, 53, 57 ],
[ 1, 2, 3, 4, 5, 6, 8, 9, 11, 13, 15, 16, 17, 22, 30, 31, 32, 35, 36, 39, 43, 
  45, 47, 50, 52, 55, 57, 63 ],
[ 1, 2, 3, 4, 5, 6, 8, 9, 11, 13, 15, 16, 18, 19, 22, 27, 29, 31, 33, 36, 39, 
  46, 47, 48, 50, 52, 53, 63 ],
[ 1, 2, 3, 4, 5, 6, 8, 9, 11, 13, 15, 16, 18, 19, 22, 30, 31, 32, 33, 36, 39, 
  43, 45, 47, 50, 52, 53, 63 ],
[ 1, 2, 3, 4, 5, 6, 8, 9, 11, 13, 15, 16, 18, 20, 24, 26, 29, 31, 33, 34, 38, 
  39, 40, 47, 49, 52, 62, 63 ],
[ 1, 2, 3, 4, 5, 6, 8, 9, 11, 13, 15, 16, 18, 20, 26, 27, 29, 31, 33, 34, 38, 
  39, 40, 46, 50, 52, 61, 63 ],
[ 1, 2, 3, 4, 5, 6, 8, 9, 11, 13, 15, 16, 19, 20, 27, 29, 31, 33, 34, 38, 39, 
  46, 47, 48, 50, 52, 53, 57 ],
[ 1, 2, 3, 4, 5, 6, 8, 9, 11, 13, 15, 16, 19, 20, 30, 31, 32, 33, 34, 38, 39, 
  43, 45, 47, 50, 52, 53, 57 ],
[ 1, 2, 3, 4, 5, 6, 8, 9, 11, 13, 15, 16, 19, 20, 30, 31, 32, 33, 38, 39, 43, 
  45, 47, 50, 52, 55, 57, 63 ],
[ 1, 2, 3, 4, 5, 6, 8, 9, 11, 13, 15, 16, 19, 22, 30, 31, 32, 33, 36, 41, 43, 
  45, 47, 50, 52, 53, 57, 63 ],
[ 1, 2, 3, 4, 5, 6, 8, 9, 11, 13, 15, 17, 18, 20, 24, 26, 28, 29, 31, 35, 37, 
  39, 47, 51, 52, 53, 56, 63 ],
[ 1, 2, 3, 4, 5, 6, 8, 9, 11, 13, 15, 17, 18, 20, 24, 26, 29, 31, 34, 35, 37, 
  39, 47, 49, 52, 55, 56, 62 ],
[ 1, 2, 3, 4, 5, 6, 8, 9, 11, 13, 15, 17, 18, 20, 25, 26, 27, 29, 31, 35, 37, 
  39, 48, 50, 52, 53, 56, 63 ],
[ 1, 2, 3, 4, 5, 6, 8, 9, 11, 13, 15, 17, 18, 20, 25, 26, 29, 31, 33, 35, 37, 
  39, 48, 49, 52, 54, 56, 62 ],
[ 1, 2, 3, 4, 5, 6, 8, 9, 11, 13, 15, 17, 18, 20, 26, 27, 29, 31, 34, 35, 37, 
  39, 46, 50, 52, 55, 56, 61 ],
[ 1, 2, 3, 4, 5, 6, 8, 9, 11, 13, 15, 17, 18, 20, 26, 28, 29, 31, 33, 35, 37, 
  39, 46, 51, 52, 54, 56, 61 ],
[ 1, 2, 3, 4, 5, 6, 8, 9, 11, 13, 15, 17, 19, 20, 25, 26, 29, 31, 33, 34, 37, 
  40, 48, 49, 52, 53, 56, 62 ],
[ 1, 2, 3, 4, 5, 6, 8, 9, 11, 13, 15, 17, 19, 20, 26, 28, 29, 31, 33, 34, 37, 
  40, 46, 51, 52, 53, 56, 61 ],
[ 1, 2, 3, 4, 5, 6, 8, 9, 11, 13, 15, 17, 20, 24, 26, 28, 29, 31, 35, 37, 41, 
  47, 51, 52, 53, 56, 57, 63 ],
[ 1, 2, 3, 4, 5, 6, 8, 9, 11, 13, 15, 17, 20, 24, 26, 29, 31, 34, 35, 37, 41, 
  47, 49, 52, 55, 56, 57, 62 ],
[ 1, 2, 3, 4, 5, 6, 8, 9, 11, 13, 15, 18, 19, 20, 24, 26, 29, 31, 33, 34, 37, 
  41, 47, 49, 52, 53, 56, 62 ],
[ 1, 2, 3, 4, 5, 6, 8, 9, 11, 13, 15, 18, 19, 20, 24, 26, 29, 31, 33, 37, 41, 
  47, 49, 52, 55, 56, 62, 63 ],
[ 1, 2, 3, 4, 5, 6, 8, 9, 11, 13, 15, 18, 19, 20, 26, 27, 29, 31, 33, 34, 37, 
  41, 46, 50, 52, 53, 56, 61 ],
[ 1, 2, 3, 4, 5, 6, 8, 9, 11, 13, 15, 19, 20, 24, 26, 28, 29, 31, 33, 34, 37, 
  39, 47, 51, 52, 53, 56, 57 ],
[ 1, 2, 3, 4, 5, 6, 8, 9, 11, 13, 15, 19, 20, 24, 26, 28, 29, 31, 33, 37, 39, 
  47, 51, 52, 55, 56, 57, 63 ],
[ 1, 2, 3, 4, 5, 6, 8, 9, 11, 13, 15, 19, 20, 25, 26, 27, 29, 31, 33, 34, 37, 
  39, 48, 50, 52, 53, 56, 57 ],
[ 1, 2, 3, 4, 5, 6, 8, 9, 11, 13, 16, 17, 18, 20, 27, 29, 31, 34, 35, 36, 39, 
  46, 47, 48, 50, 52, 55, 56 ],
[ 1, 2, 3, 4, 5, 6, 8, 9, 11, 13, 16, 17, 18, 20, 28, 29, 31, 33, 35, 36, 39, 
  46, 47, 48, 51, 52, 54, 56 ],
[ 1, 2, 3, 4, 5, 6, 8, 9, 11, 13, 16, 17, 18, 20, 30, 31, 32, 34, 35, 36, 39, 
  43, 45, 47, 50, 52, 55, 56 ],
[ 1, 2, 3, 4, 5, 6, 8, 9, 11, 13, 16, 17, 19, 20, 28, 29, 31, 33, 34, 36, 40, 
  46, 47, 48, 51, 52, 53, 56 ],
[ 1, 2, 3, 4, 5, 6, 8, 9, 11, 13, 16, 17, 22, 27, 29, 31, 34, 35, 38, 39, 46, 
  47, 48, 50, 52, 53, 56, 57 ],
[ 1, 2, 3, 4, 5, 6, 8, 9, 11, 13, 16, 17, 22, 30, 31, 32, 34, 35, 38, 39, 43, 
  45, 47, 50, 52, 53, 56, 57 ],
[ 1, 2, 3, 4, 5, 6, 8, 9, 11, 13, 16, 17, 22, 30, 31, 32, 35, 38, 39, 43, 45, 
  47, 50, 52, 55, 56, 57, 63 ],
[ 1, 2, 3, 4, 5, 6, 8, 9, 11, 13, 16, 18, 19, 20, 27, 29, 31, 33, 34, 36, 41, 
  46, 47, 48, 50, 52, 53, 56 ],
[ 1, 2, 3, 4, 5, 6, 8, 9, 11, 13, 16, 18, 19, 20, 30, 31, 32, 33, 34, 36, 41, 
  43, 45, 47, 50, 52, 53, 56 ],
[ 1, 2, 3, 4, 5, 6, 8, 9, 11, 13, 16, 18, 19, 22, 27, 29, 31, 33, 38, 39, 46, 
  47, 48, 50, 52, 53, 56, 63 ],
[ 1, 2, 3, 4, 5, 6, 8, 9, 11, 13, 16, 18, 19, 22, 30, 31, 32, 33, 38, 39, 43, 
  45, 47, 50, 52, 53, 56, 63 ],
[ 1, 2, 3, 4, 5, 6, 8, 9, 11, 13, 16, 18, 20, 24, 26, 28, 29, 31, 33, 34, 36, 
  39, 40, 47, 51, 52, 56, 63 ],
[ 1, 2, 3, 4, 5, 6, 8, 9, 11, 13, 16, 18, 20, 25, 26, 27, 29, 31, 33, 34, 36, 
  39, 40, 48, 50, 52, 56, 63 ],
[ 1, 2, 3, 4, 5, 6, 8, 9, 11, 13, 16, 19, 22, 30, 31, 32, 33, 38, 41, 43, 45, 
  47, 50, 52, 53, 56, 57, 63 ],
[ 1, 2, 3, 4, 5, 6, 8, 9, 11, 13, 17, 18, 20, 24, 26, 28, 29, 31, 35, 36, 37, 
  38, 39, 47, 51, 52, 53, 63 ],
[ 1, 2, 3, 4, 5, 6, 8, 9, 11, 13, 17, 18, 20, 24, 26, 29, 31, 34, 35, 36, 37, 
  38, 39, 47, 49, 52, 55, 62 ],
[ 1, 2, 3, 4, 5, 6, 8, 9, 11, 13, 17, 18, 20, 25, 26, 27, 29, 31, 35, 36, 37, 
  38, 39, 48, 50, 52, 53, 63 ],
[ 1, 2, 3, 4, 5, 6, 8, 9, 11, 13, 17, 18, 20, 25, 26, 29, 31, 33, 35, 36, 37, 
  38, 39, 48, 49, 52, 54, 62 ],
[ 1, 2, 3, 4, 5, 6, 8, 9, 11, 13, 17, 18, 20, 26, 27, 29, 31, 34, 35, 36, 37, 
  38, 39, 46, 50, 52, 55, 61 ],
[ 1, 2, 3, 4, 5, 6, 8, 9, 11, 13, 17, 18, 20, 26, 28, 29, 31, 33, 35, 36, 37, 
  38, 39, 46, 51, 52, 54, 61 ],
[ 1, 2, 3, 4, 5, 6, 8, 9, 11, 13, 17, 19, 20, 25, 26, 29, 31, 33, 34, 36, 37, 
  38, 40, 48, 49, 52, 53, 62 ],
[ 1, 2, 3, 4, 5, 6, 8, 9, 11, 13, 17, 19, 20, 26, 28, 29, 31, 33, 34, 36, 37, 
  38, 40, 46, 51, 52, 53, 61 ],
[ 1, 2, 3, 4, 5, 6, 8, 9, 11, 13, 17, 20, 24, 26, 28, 29, 31, 35, 36, 37, 38, 
  41, 47, 51, 52, 53, 57, 63 ],
[ 1, 2, 3, 4, 5, 6, 8, 9, 11, 13, 17, 20, 24, 26, 29, 31, 34, 35, 36, 37, 38, 
  41, 47, 49, 52, 55, 57, 62 ],
[ 1, 2, 3, 4, 5, 6, 8, 9, 11, 13, 18, 19, 20, 24, 26, 29, 31, 33, 34, 36, 37, 
  38, 41, 47, 49, 52, 53, 62 ],
[ 1, 2, 3, 4, 5, 6, 8, 9, 11, 13, 18, 19, 20, 24, 26, 29, 31, 33, 36, 37, 38, 
  41, 47, 49, 52, 55, 62, 63 ],
[ 1, 2, 3, 4, 5, 6, 8, 9, 11, 13, 18, 19, 20, 26, 27, 29, 31, 33, 34, 36, 37, 
  38, 41, 46, 50, 52, 53, 61 ],
[ 1, 2, 3, 4, 5, 6, 8, 9, 11, 13, 19, 20, 24, 26, 28, 29, 31, 33, 34, 36, 37, 
  38, 39, 47, 51, 52, 53, 57 ],
[ 1, 2, 3, 4, 5, 6, 8, 9, 11, 13, 19, 20, 24, 26, 28, 29, 31, 33, 36, 37, 38, 
  39, 47, 51, 52, 55, 57, 63 ],
[ 1, 2, 3, 4, 5, 6, 8, 9, 11, 13, 19, 20, 25, 26, 27, 29, 31, 33, 34, 36, 37, 
  38, 39, 48, 50, 52, 53, 57 ],
[ 1, 2, 3, 4, 5, 6, 8, 9, 11, 14, 15, 17, 18, 22, 27, 29, 31, 35, 38, 41, 46, 
  47, 48, 50, 52, 53, 54, 63 ],
[ 1, 2, 3, 4, 5, 6, 8, 9, 11, 14, 15, 17, 18, 22, 30, 31, 32, 35, 38, 41, 43, 
  45, 47, 50, 52, 53, 54, 63 ],
[ 1, 2, 3, 4, 5, 6, 8, 9, 11, 14, 15, 18, 19, 22, 27, 29, 31, 33, 38, 39, 46, 
  47, 48, 50, 52, 54, 55, 63 ],
[ 1, 2, 3, 4, 5, 6, 8, 9, 11, 14, 15, 18, 19, 22, 27, 31, 33, 38, 39, 41, 45, 
  46, 47, 48, 52, 54, 57, 59 ],
[ 1, 2, 3, 4, 5, 6, 8, 9, 11, 14, 15, 18, 19, 22, 30, 31, 32, 33, 38, 39, 43, 
  45, 47, 50, 52, 54, 55, 63 ],
[ 1, 2, 3, 4, 5, 6, 8, 9, 11, 14, 15, 19, 22, 27, 28, 30, 31, 32, 33, 38, 45, 
  47, 52, 54, 58, 59, 60, 62 ],
[ 1, 2, 3, 4, 5, 6, 8, 9, 11, 14, 15, 19, 22, 27, 31, 33, 34, 38, 45, 46, 47, 
  48, 52, 53, 54, 55, 59, 63 ],
[ 1, 2, 3, 4, 5, 6, 8, 9, 11, 14, 15, 19, 22, 27, 31, 33, 38, 44, 45, 46, 47, 
  48, 52, 54, 58, 59, 60, 64 ],
[ 1, 2, 3, 4, 5, 6, 8, 9, 11, 14, 15, 19, 22, 28, 30, 31, 32, 33, 38, 43, 45, 
  47, 49, 50, 52, 54, 60, 64 ],
[ 1, 2, 3, 4, 5, 6, 8, 9, 11, 14, 15, 19, 22, 30, 31, 32, 33, 34, 38, 41, 43, 
  45, 47, 50, 52, 53, 54, 57 ],
[ 1, 2, 3, 4, 5, 6, 8, 9, 11, 14, 16, 17, 18, 20, 23, 28, 29, 31, 37, 39, 45, 
  46, 47, 48, 51, 52, 58, 64 ],
[ 1, 2, 3, 4, 5, 6, 8, 9, 11, 14, 16, 17, 18, 20, 23, 29, 31, 37, 39, 44, 45, 
  46, 47, 48, 49, 52, 60, 62 ],
[ 1, 2, 3, 4, 5, 6, 8, 9, 11, 14, 16, 17, 20, 23, 28, 29, 31, 37, 41, 45, 46, 
  47, 48, 51, 52, 57, 58, 64 ],
[ 1, 2, 3, 4, 5, 6, 8, 9, 11, 14, 16, 17, 20, 23, 29, 31, 37, 41, 44, 45, 46, 
  47, 48, 49, 52, 57, 60, 62 ],
[ 1, 2, 3, 4, 5, 6, 8, 9, 11, 14, 17, 18, 22, 27, 29, 31, 34, 35, 36, 41, 46, 
  47, 48, 50, 52, 54, 55, 56 ],
[ 1, 2, 3, 4, 5, 6, 8, 9, 11, 14, 17, 18, 22, 30, 31, 32, 34, 35, 36, 41, 43, 
  45, 47, 50, 52, 54, 55, 56 ],
[ 1, 2, 3, 4, 5, 6, 8, 9, 11, 14, 17, 19, 20, 23, 28, 29, 31, 38, 40, 45, 46, 
  47, 48, 51, 52, 56, 58, 64 ],
[ 1, 2, 3, 4, 5, 6, 8, 9, 11, 14, 17, 19, 20, 28, 29, 31, 38, 40, 43, 44, 46, 
  47, 48, 51, 52, 56, 59, 60 ],
[ 1, 2, 3, 4, 5, 6, 8, 9, 11, 14, 17, 20, 22, 23, 28, 29, 31, 35, 42, 45, 46, 
  47, 48, 51, 52, 54, 58, 64 ],
[ 1, 2, 3, 4, 5, 6, 8, 9, 11, 14, 17, 20, 22, 23, 29, 31, 35, 42, 44, 45, 46, 
  47, 48, 49, 52, 54, 60, 62 ],
[ 1, 2, 3, 4, 5, 6, 8, 9, 11, 14, 17, 20, 22, 28, 29, 31, 35, 42, 43, 44, 46, 
  47, 48, 51, 52, 54, 59, 60 ],
[ 1, 2, 3, 4, 5, 6, 8, 9, 11, 14, 17, 20, 22, 29, 31, 35, 42, 43, 46, 47, 48, 
  49, 52, 54, 58, 59, 62, 64 ],
[ 1, 2, 3, 4, 5, 6, 8, 9, 11, 14, 17, 22, 30, 31, 32, 35, 36, 39, 43, 45, 47, 
  50, 52, 53, 54, 56, 57, 63 ],
[ 1, 2, 3, 4, 5, 6, 8, 9, 11, 14, 18, 19, 20, 22, 27, 31, 33, 34, 41, 42, 45, 
  46, 47, 48, 52, 54, 55, 59 ],
[ 1, 2, 3, 4, 5, 6, 8, 9, 11, 14, 18, 19, 20, 22, 30, 31, 33, 34, 41, 42, 43, 
  45, 47, 48, 50, 54, 55, 61 ],
[ 1, 2, 3, 4, 5, 6, 8, 9, 11, 14, 18, 19, 20, 23, 27, 29, 31, 38, 41, 45, 46, 
  47, 48, 50, 52, 56, 58, 64 ],
[ 1, 2, 3, 4, 5, 6, 8, 9, 11, 14, 18, 19, 20, 23, 29, 31, 38, 41, 43, 45, 46, 
  47, 48, 49, 52, 56, 59, 62 ],
[ 1, 2, 3, 4, 5, 6, 8, 9, 11, 14, 18, 19, 20, 27, 29, 31, 33, 34, 38, 41, 46, 
  47, 48, 50, 52, 54, 55, 56 ],
[ 1, 2, 3, 4, 5, 6, 8, 9, 11, 14, 18, 19, 20, 29, 31, 34, 38, 41, 46, 47, 48, 
  49, 52, 53, 55, 56, 62, 63 ],
[ 1, 2, 3, 4, 5, 6, 8, 9, 11, 14, 18, 19, 20, 29, 31, 38, 41, 44, 46, 47, 48, 
  49, 52, 56, 58, 60, 62, 64 ],
[ 1, 2, 3, 4, 5, 6, 8, 9, 11, 14, 18, 19, 20, 30, 31, 32, 33, 34, 38, 41, 43, 
  45, 47, 50, 52, 54, 55, 56 ],
[ 1, 2, 3, 4, 5, 6, 8, 9, 11, 14, 19, 20, 22, 27, 31, 33, 39, 42, 45, 46, 47, 
  48, 52, 53, 54, 57, 59, 63 ],
[ 1, 2, 3, 4, 5, 6, 8, 9, 11, 14, 19, 20, 22, 30, 31, 33, 39, 42, 43, 45, 47, 
  48, 50, 53, 54, 57, 61, 63 ],
[ 1, 2, 3, 4, 5, 6, 8, 9, 11, 14, 19, 20, 23, 27, 29, 31, 38, 39, 44, 45, 46, 
  47, 48, 50, 52, 56, 57, 60 ],
[ 1, 2, 3, 4, 5, 6, 8, 9, 11, 14, 19, 20, 27, 29, 31, 33, 38, 39, 46, 47, 48, 
  50, 52, 53, 54, 56, 57, 63 ],
[ 1, 2, 3, 4, 5, 6, 8, 9, 11, 14, 19, 20, 30, 31, 32, 33, 38, 39, 43, 45, 47, 
  50, 52, 53, 54, 56, 57, 63 ],
[ 1, 2, 3, 4, 5, 6, 8, 9, 11, 15, 16, 17, 18, 20, 23, 27, 29, 31, 38, 39, 45, 
  46, 47, 48, 50, 52, 58, 64 ],
[ 1, 2, 3, 4, 5, 6, 8, 9, 11, 15, 16, 17, 18, 20, 23, 29, 31, 38, 39, 43, 45, 
  46, 47, 48, 49, 52, 59, 62 ],
[ 1, 2, 3, 4, 5, 6, 8, 9, 11, 15, 16, 17, 18, 20, 29, 31, 34, 38, 39, 46, 47, 
  48, 49, 52, 53, 55, 62, 63 ],
[ 1, 2, 3, 4, 5, 6, 8, 9, 11, 15, 16, 17, 18, 20, 29, 31, 38, 39, 44, 46, 47, 
  48, 49, 52, 58, 60, 62, 64 ],
[ 1, 2, 3, 4, 5, 6, 8, 9, 11, 15, 17, 18, 20, 23, 24, 26, 28, 29, 31, 37, 39, 
  45, 47, 51, 52, 56, 58, 64 ],
[ 1, 2, 3, 4, 5, 6, 8, 9, 11, 15, 17, 18, 20, 23, 24, 26, 29, 31, 37, 39, 44, 
  45, 47, 49, 52, 56, 60, 62 ],
[ 1, 2, 3, 4, 5, 6, 8, 9, 11, 15, 17, 18, 20, 23, 25, 26, 27, 29, 31, 37, 39, 
  45, 48, 50, 52, 56, 58, 64 ],
[ 1, 2, 3, 4, 5, 6, 8, 9, 11, 15, 17, 18, 20, 23, 25, 26, 29, 31, 37, 39, 43, 
  45, 48, 49, 52, 56, 59, 62 ],
[ 1, 2, 3, 4, 5, 6, 8, 9, 11, 15, 17, 18, 20, 23, 26, 27, 29, 31, 37, 39, 44, 
  45, 46, 50, 52, 56, 60, 61 ],
[ 1, 2, 3, 4, 5, 6, 8, 9, 11, 15, 17, 18, 20, 23, 26, 28, 29, 31, 37, 39, 43, 
  45, 46, 51, 52, 56, 59, 61 ],
[ 1, 2, 3, 4, 5, 6, 8, 9, 11, 15, 17, 18, 20, 25, 26, 29, 31, 34, 37, 39, 48, 
  49, 52, 53, 55, 56, 62, 63 ],
[ 1, 2, 3, 4, 5, 6, 8, 9, 11, 15, 17, 18, 20, 25, 26, 29, 31, 37, 39, 44, 48, 
  49, 52, 56, 58, 60, 62, 64 ],
[ 1, 2, 3, 4, 5, 6, 8, 9, 11, 15, 17, 18, 20, 26, 28, 29, 31, 34, 37, 39, 46, 
  51, 52, 53, 55, 56, 61, 63 ],
[ 1, 2, 3, 4, 5, 6, 8, 9, 11, 15, 17, 18, 20, 26, 28, 29, 31, 37, 39, 44, 46, 
  51, 52, 56, 58, 60, 61, 64 ],
[ 1, 2, 3, 4, 5, 6, 8, 9, 11, 15, 17, 20, 23, 24, 26, 28, 29, 31, 37, 41, 45, 
  47, 51, 52, 56, 57, 58, 64 ],
[ 1, 2, 3, 4, 5, 6, 8, 9, 11, 15, 17, 20, 23, 24, 26, 29, 31, 37, 41, 44, 45, 
  47, 49, 52, 56, 57, 60, 62 ],
[ 1, 2, 3, 4, 5, 6, 8, 9, 11, 16, 17, 18, 20, 23, 27, 29, 31, 36, 39, 44, 45, 
  46, 47, 48, 50, 52, 56, 60 ],
[ 1, 2, 3, 4, 5, 6, 8, 9, 11, 16, 17, 18, 20, 23, 28, 29, 31, 36, 39, 43, 45, 
  46, 47, 48, 51, 52, 56, 59 ],
[ 1, 2, 3, 4, 5, 6, 8, 9, 11, 16, 17, 18, 20, 28, 29, 31, 34, 36, 39, 46, 47, 
  48, 51, 52, 53, 55, 56, 63 ],
[ 1, 2, 3, 4, 5, 6, 8, 9, 11, 16, 17, 18, 20, 28, 29, 31, 36, 39, 44, 46, 47, 
  48, 51, 52, 56, 58, 60, 64 ],
[ 1, 2, 3, 4, 5, 6, 8, 9, 11, 17, 18, 20, 23, 24, 26, 28, 29, 31, 36, 37, 38, 
  39, 45, 47, 51, 52, 58, 64 ],
[ 1, 2, 3, 4, 5, 6, 8, 9, 11, 17, 18, 20, 23, 24, 26, 29, 31, 36, 37, 38, 39, 
  44, 45, 47, 49, 52, 60, 62 ],
[ 1, 2, 3, 4, 5, 6, 8, 9, 11, 17, 18, 20, 23, 25, 26, 27, 29, 31, 36, 37, 38, 
  39, 45, 48, 50, 52, 58, 64 ],
[ 1, 2, 3, 4, 5, 6, 8, 9, 11, 17, 18, 20, 23, 25, 26, 29, 31, 36, 37, 38, 39, 
  43, 45, 48, 49, 52, 59, 62 ],
[ 1, 2, 3, 4, 5, 6, 8, 9, 11, 17, 18, 20, 23, 26, 27, 29, 31, 36, 37, 38, 39, 
  44, 45, 46, 50, 52, 60, 61 ],
[ 1, 2, 3, 4, 5, 6, 8, 9, 11, 17, 18, 20, 23, 26, 28, 29, 31, 36, 37, 38, 39, 
  43, 45, 46, 51, 52, 59, 61 ],
[ 1, 2, 3, 4, 5, 6, 8, 9, 11, 17, 18, 20, 25, 26, 29, 31, 34, 36, 37, 38, 39, 
  48, 49, 52, 53, 55, 62, 63 ],
[ 1, 2, 3, 4, 5, 6, 8, 9, 11, 17, 18, 20, 25, 26, 29, 31, 36, 37, 38, 39, 44, 
  48, 49, 52, 58, 60, 62, 64 ],
[ 1, 2, 3, 4, 5, 6, 8, 9, 11, 17, 18, 20, 26, 28, 29, 31, 34, 36, 37, 38, 39, 
  46, 51, 52, 53, 55, 61, 63 ],
[ 1, 2, 3, 4, 5, 6, 8, 9, 11, 17, 18, 20, 26, 28, 29, 31, 36, 37, 38, 39, 44, 
  46, 51, 52, 58, 60, 61, 64 ],
[ 1, 2, 3, 4, 5, 6, 8, 9, 11, 17, 20, 23, 24, 26, 28, 29, 31, 36, 37, 38, 41, 
  45, 47, 51, 52, 57, 58, 64 ],
[ 1, 2, 3, 4, 5, 6, 8, 9, 11, 17, 20, 23, 24, 26, 29, 31, 36, 37, 38, 41, 44, 
  45, 47, 49, 52, 57, 60, 62 ],
[ 1, 2, 3, 4, 5, 6, 8, 9, 12, 13, 14, 16, 17, 18, 20, 25, 26, 28, 30, 34, 37, 
  39, 48, 50, 52, 54, 62, 63 ],
[ 1, 2, 3, 4, 5, 6, 8, 9, 12, 13, 14, 16, 17, 18, 20, 25, 26, 28, 30, 37, 39, 
  48, 50, 52, 53, 54, 55, 62 ],
[ 1, 2, 3, 4, 5, 6, 8, 9, 12, 13, 14, 16, 17, 18, 20, 25, 26, 30, 34, 37, 39, 
  48, 49, 50, 51, 52, 54, 63 ],
[ 1, 2, 3, 4, 5, 6, 8, 9, 12, 13, 14, 16, 17, 18, 20, 25, 26, 30, 37, 39, 48, 
  49, 50, 51, 52, 53, 54, 55 ],
[ 1, 2, 3, 4, 5, 6, 8, 9, 12, 13, 14, 16, 17, 18, 20, 25, 28, 29, 30, 34, 37, 
  47, 51, 52, 53, 54, 57, 61 ],
[ 1, 2, 3, 4, 5, 6, 8, 9, 12, 13, 14, 17, 19, 20, 25, 26, 28, 30, 34, 38, 40, 
  48, 50, 52, 54, 56, 62, 63 ],
[ 1, 2, 3, 4, 5, 6, 8, 9, 12, 13, 14, 18, 20, 25, 26, 27, 29, 30, 38, 40, 48, 
  50, 52, 53, 54, 55, 56, 57 ],
[ 1, 2, 3, 4, 5, 6, 8, 9, 12, 13, 14, 18, 20, 25, 26, 29, 38, 40, 43, 46, 48, 
  53, 54, 55, 56, 57, 59, 61 ],
[ 1, 2, 3, 4, 5, 6, 8, 9, 12, 13, 14, 18, 20, 26, 27, 28, 29, 38, 40, 50, 51, 
  53, 54, 55, 56, 57, 58, 64 ],
[ 1, 2, 3, 4, 5, 6, 8, 9, 12, 13, 14, 18, 20, 26, 28, 29, 38, 40, 43, 49, 51, 
  53, 54, 55, 56, 57, 59, 62 ],
[ 1, 2, 3, 4, 5, 6, 8, 9, 12, 13, 14, 18, 25, 26, 27, 29, 30, 36, 38, 39, 40, 
  42, 48, 50, 52, 54, 55, 63 ],
[ 1, 2, 3, 4, 5, 6, 8, 9, 12, 13, 14, 20, 25, 26, 29, 34, 38, 39, 40, 41, 43, 
  46, 48, 54, 56, 59, 61, 63 ],
[ 1, 2, 3, 4, 5, 6, 8, 9, 12, 13, 14, 20, 26, 27, 28, 29, 34, 38, 39, 40, 41, 
  50, 51, 54, 56, 58, 63, 64 ],
[ 1, 2, 3, 4, 5, 6, 8, 9, 12, 13, 14, 20, 26, 28, 29, 34, 38, 39, 40, 41, 43, 
  49, 51, 54, 56, 59, 62, 63 ],
[ 1, 2, 3, 4, 5, 6, 8, 9, 12, 13, 15, 16, 17, 18, 20, 24, 26, 28, 30, 34, 38, 
  39, 47, 50, 52, 54, 62, 63 ],
[ 1, 2, 3, 4, 5, 6, 8, 9, 12, 13, 15, 16, 17, 18, 20, 24, 26, 28, 30, 38, 39, 
  47, 50, 52, 53, 54, 55, 62 ],
[ 1, 2, 3, 4, 5, 6, 8, 9, 12, 13, 15, 16, 17, 18, 20, 25, 27, 29, 30, 34, 38, 
  47, 50, 52, 53, 54, 57, 61 ],
[ 1, 2, 3, 4, 5, 6, 8, 9, 12, 13, 15, 16, 17, 20, 24, 26, 28, 30, 34, 38, 41, 
  47, 50, 52, 54, 57, 62, 63 ],
[ 1, 2, 3, 4, 5, 6, 8, 9, 12, 13, 15, 16, 17, 20, 24, 26, 28, 30, 38, 41, 47, 
  50, 52, 53, 54, 55, 57, 62 ],
[ 1, 2, 3, 4, 5, 6, 8, 9, 12, 13, 15, 17, 18, 25, 26, 28, 30, 33, 35, 36, 37, 
  39, 42, 48, 50, 52, 54, 62 ],
[ 1, 2, 3, 4, 5, 6, 8, 9, 12, 13, 15, 17, 19, 25, 26, 28, 30, 33, 34, 36, 37, 
  40, 42, 48, 50, 52, 53, 62 ],
[ 1, 2, 3, 4, 5, 6, 8, 9, 12, 14, 15, 18, 25, 26, 27, 29, 30, 33, 35, 39, 40, 
  42, 48, 50, 52, 55, 56, 63 ],
[ 1, 2, 3, 4, 5, 6, 8, 9, 12, 14, 16, 17, 18, 20, 23, 25, 26, 28, 30, 37, 39, 
  48, 50, 52, 58, 59, 60, 62 ],
[ 1, 2, 3, 4, 5, 6, 8, 9, 12, 14, 16, 17, 18, 20, 23, 25, 26, 30, 37, 39, 44, 
  48, 49, 50, 51, 52, 59, 64 ],
[ 1, 2, 3, 4, 5, 6, 8, 9, 12, 14, 17, 19, 20, 23, 25, 26, 28, 30, 38, 40, 48, 
  50, 52, 56, 58, 59, 60, 62 ],
[ 1, 2, 3, 4, 5, 6, 8, 9, 12, 14, 17, 19, 20, 25, 26, 28, 30, 38, 40, 43, 44, 
  45, 48, 50, 52, 56, 62, 64 ],
[ 1, 2, 3, 4, 5, 6, 8, 9, 12, 14, 18, 20, 23, 25, 26, 27, 29, 30, 38, 40, 44, 
  48, 50, 52, 56, 57, 59, 64 ],
[ 1, 2, 3, 4, 5, 6, 8, 9, 12, 14, 18, 20, 25, 26, 27, 29, 30, 33, 34, 35, 38, 
  40, 48, 50, 52, 56, 57, 63 ],
[ 1, 2, 3, 4, 5, 6, 8, 9, 12, 14, 18, 20, 25, 26, 29, 33, 34, 35, 38, 40, 43, 
  46, 48, 56, 57, 59, 61, 63 ],
[ 1, 2, 3, 4, 5, 6, 8, 9, 12, 14, 20, 25, 26, 29, 33, 35, 38, 39, 40, 41, 43, 
  46, 48, 53, 55, 56, 59, 61 ],
[ 1, 2, 3, 4, 5, 6, 8, 9, 12, 15, 16, 17, 18, 20, 23, 24, 26, 28, 30, 38, 39, 
  47, 50, 52, 58, 59, 60, 62 ],
[ 1, 2, 3, 4, 5, 6, 8, 9, 12, 15, 16, 17, 20, 23, 24, 26, 28, 30, 38, 41, 47, 
  50, 52, 57, 58, 59, 60, 62 ],
[ 1, 2, 3, 4, 5, 6, 8, 9, 12, 15, 17, 18, 23, 25, 26, 27, 29, 30, 36, 37, 39, 
  42, 48, 50, 52, 58, 59, 60 ],
[ 1, 2, 3, 4, 5, 6, 8, 9, 12, 15, 17, 18, 23, 25, 26, 28, 30, 36, 37, 39, 42, 
  43, 45, 48, 50, 52, 59, 62 ],
[ 1, 2, 3, 4, 5, 6, 8, 9, 13, 14, 17, 19, 20, 25, 28, 29, 30, 31, 32, 35, 38, 
  40, 47, 51, 53, 56, 61, 63 ],
[ 1, 2, 3, 4, 5, 6, 8, 9, 13, 14, 18, 19, 20, 25, 31, 35, 38, 41, 43, 45, 46, 
  47, 48, 50, 53, 56, 61, 63 ],
[ 1, 2, 3, 4, 5, 6, 8, 9, 13, 14, 18, 19, 20, 27, 28, 29, 31, 35, 38, 41, 47, 
  50, 53, 56, 58, 60, 62, 63 ],
[ 1, 2, 3, 4, 5, 6, 8, 9, 13, 14, 18, 19, 20, 28, 31, 35, 38, 41, 43, 45, 47, 
  49, 50, 51, 53, 56, 62, 63 ],
[ 1, 2, 3, 4, 5, 6, 8, 9, 13, 14, 19, 20, 25, 31, 34, 35, 38, 39, 43, 45, 46, 
  47, 48, 50, 55, 56, 57, 61 ],
[ 1, 2, 3, 4, 5, 6, 8, 9, 13, 14, 19, 20, 27, 28, 29, 31, 34, 35, 38, 39, 47, 
  50, 55, 56, 57, 58, 60, 62 ],
[ 1, 2, 3, 4, 5, 6, 8, 9, 13, 14, 19, 20, 28, 31, 34, 35, 38, 39, 43, 45, 47, 
  49, 50, 51, 55, 56, 57, 62 ],
[ 1, 2, 3, 4, 5, 6, 8, 9, 13, 15, 16, 17, 18, 20, 25, 31, 35, 38, 39, 43, 45, 
  46, 47, 48, 50, 53, 61, 63 ],
[ 1, 2, 3, 4, 5, 6, 8, 9, 13, 15, 16, 17, 18, 20, 27, 28, 29, 31, 35, 38, 39, 
  47, 50, 53, 58, 60, 62, 63 ],
[ 1, 2, 3, 4, 5, 6, 8, 9, 13, 15, 16, 17, 18, 20, 28, 31, 35, 38, 39, 43, 45, 
  47, 49, 50, 51, 53, 62, 63 ],
[ 1, 2, 3, 4, 5, 6, 8, 9, 13, 15, 16, 17, 18, 20, 31, 35, 38, 39, 43, 44, 45, 
  47, 50, 53, 58, 60, 63, 64 ],
[ 1, 2, 3, 4, 5, 6, 8, 9, 13, 15, 16, 17, 19, 20, 25, 29, 30, 31, 32, 33, 34, 
  38, 40, 47, 49, 53, 61, 62 ],
[ 1, 2, 3, 4, 5, 6, 8, 9, 13, 15, 16, 17, 20, 25, 31, 35, 38, 41, 43, 45, 46, 
  47, 48, 50, 53, 57, 61, 63 ],
[ 1, 2, 3, 4, 5, 6, 8, 9, 13, 15, 16, 17, 20, 31, 35, 38, 41, 43, 44, 45, 47, 
  50, 53, 57, 58, 60, 63, 64 ],
[ 1, 2, 3, 4, 5, 6, 8, 9, 13, 15, 16, 19, 20, 25, 31, 33, 34, 38, 39, 43, 45, 
  46, 47, 48, 50, 53, 57, 61 ],
[ 1, 2, 3, 4, 5, 6, 8, 9, 13, 15, 16, 19, 20, 27, 28, 29, 31, 33, 34, 38, 39, 
  47, 50, 53, 57, 58, 60, 62 ],
[ 1, 2, 3, 4, 5, 6, 8, 9, 13, 15, 16, 19, 20, 27, 28, 29, 31, 33, 38, 39, 47, 
  50, 55, 57, 58, 60, 62, 63 ],
[ 1, 2, 3, 4, 5, 6, 8, 9, 13, 15, 16, 19, 20, 28, 31, 33, 34, 38, 39, 43, 45, 
  47, 49, 50, 51, 53, 57, 62 ],
[ 1, 2, 3, 4, 5, 6, 8, 9, 13, 15, 16, 19, 20, 31, 33, 34, 38, 39, 43, 44, 45, 
  47, 50, 53, 57, 58, 60, 64 ],
[ 1, 2, 3, 4, 5, 6, 8, 9, 13, 15, 17, 19, 20, 25, 26, 29, 30, 31, 32, 33, 34, 
  37, 40, 48, 49, 53, 56, 62 ],
[ 1, 2, 3, 4, 5, 6, 8, 9, 13, 15, 17, 19, 20, 26, 28, 29, 30, 31, 32, 33, 34, 
  37, 40, 46, 51, 53, 56, 61 ],
[ 1, 2, 3, 4, 5, 6, 8, 9, 13, 16, 17, 18, 20, 25, 31, 34, 35, 36, 39, 43, 45, 
  46, 47, 48, 50, 55, 56, 61 ],
[ 1, 2, 3, 4, 5, 6, 8, 9, 13, 16, 17, 18, 20, 27, 28, 29, 31, 34, 35, 36, 39, 
  47, 50, 55, 56, 58, 60, 62 ],
[ 1, 2, 3, 4, 5, 6, 8, 9, 13, 16, 17, 18, 20, 28, 31, 34, 35, 36, 39, 43, 45, 
  47, 49, 50, 51, 55, 56, 62 ],
[ 1, 2, 3, 4, 5, 6, 8, 9, 13, 16, 17, 18, 20, 31, 34, 35, 36, 39, 43, 44, 45, 
  47, 50, 55, 56, 58, 60, 64 ],
[ 1, 2, 3, 4, 5, 6, 8, 9, 13, 16, 17, 19, 20, 25, 28, 29, 30, 31, 32, 33, 34, 
  36, 40, 47, 51, 53, 56, 61 ],
[ 1, 2, 3, 4, 5, 6, 8, 9, 13, 16, 18, 19, 20, 27, 28, 29, 31, 33, 34, 36, 41, 
  47, 50, 53, 56, 58, 60, 62 ],
[ 1, 2, 3, 4, 5, 6, 8, 9, 13, 16, 18, 19, 20, 28, 31, 33, 34, 36, 41, 43, 45, 
  47, 49, 50, 51, 53, 56, 62 ],
[ 1, 2, 3, 4, 5, 6, 8, 9, 13, 16, 18, 19, 20, 31, 33, 34, 36, 41, 43, 44, 45, 
  47, 50, 53, 56, 58, 60, 64 ],
[ 1, 2, 3, 4, 5, 6, 8, 9, 13, 17, 19, 20, 25, 26, 29, 30, 31, 32, 33, 34, 36, 
  37, 38, 40, 48, 49, 53, 62 ],
[ 1, 2, 3, 4, 5, 6, 8, 9, 13, 17, 19, 20, 26, 28, 29, 30, 31, 32, 33, 34, 36, 
  37, 38, 40, 46, 51, 53, 61 ],
[ 1, 2, 3, 4, 5, 6, 8, 9, 14, 17, 19, 20, 23, 25, 28, 29, 30, 31, 32, 38, 40, 
  45, 47, 51, 56, 58, 61, 64 ],
[ 1, 2, 3, 4, 5, 6, 8, 9, 14, 17, 19, 20, 25, 28, 29, 30, 31, 32, 38, 40, 43, 
  44, 47, 51, 56, 59, 60, 61 ],
[ 1, 2, 3, 4, 5, 6, 8, 9, 14, 18, 19, 20, 25, 31, 33, 34, 38, 41, 43, 45, 46, 
  47, 48, 50, 54, 55, 56, 61 ],
[ 1, 2, 3, 4, 5, 6, 8, 9, 14, 19, 20, 25, 31, 33, 38, 39, 43, 45, 46, 47, 48, 
  50, 53, 54, 56, 57, 61, 63 ],
[ 1, 2, 3, 4, 5, 6, 8, 11, 12, 13, 16, 17, 18, 20, 25, 28, 32, 34, 36, 47, 
  49, 51, 53, 54, 56, 57, 61, 62 ],
[ 1, 2, 3, 4, 5, 6, 8, 11, 12, 13, 16, 17, 18, 20, 25, 32, 34, 36, 44, 47, 
  53, 54, 56, 57, 58, 60, 61, 64 ],
[ 1, 2, 3, 4, 5, 6, 8, 11, 13, 15, 16, 17, 18, 20, 28, 31, 35, 38, 39, 46, 
  47, 48, 49, 51, 52, 53, 62, 63 ],
[ 1, 2, 3, 4, 5, 6, 8, 11, 13, 15, 16, 17, 18, 20, 31, 35, 38, 39, 44, 46, 
  47, 48, 52, 53, 58, 60, 63, 64 ],
[ 1, 2, 3, 4, 5, 6, 8, 11, 13, 15, 16, 18, 20, 26, 28, 31, 33, 34, 38, 39, 
  40, 46, 49, 51, 52, 61, 62, 63 ],
[ 1, 2, 3, 4, 5, 6, 8, 11, 13, 15, 16, 18, 20, 26, 31, 33, 34, 38, 39, 40, 
  44, 46, 52, 58, 60, 61, 63, 64 ],
[ 1, 2, 3, 4, 5, 6, 8, 11, 13, 15, 16, 19, 20, 28, 31, 33, 34, 38, 39, 46, 
  47, 48, 49, 51, 52, 53, 57, 62 ],
[ 1, 2, 3, 4, 5, 6, 8, 11, 13, 15, 16, 19, 20, 31, 33, 34, 38, 39, 44, 46, 
  47, 48, 52, 53, 57, 58, 60, 64 ],
[ 1, 2, 3, 4, 5, 6, 8, 11, 13, 15, 17, 18, 20, 25, 26, 28, 31, 35, 37, 39, 
  48, 49, 51, 52, 53, 56, 62, 63 ],
[ 1, 2, 3, 4, 5, 6, 8, 11, 13, 15, 17, 18, 20, 25, 26, 31, 35, 37, 39, 44, 
  48, 52, 53, 56, 58, 60, 63, 64 ],
[ 1, 2, 3, 4, 5, 6, 8, 11, 13, 15, 17, 18, 20, 26, 28, 31, 34, 35, 37, 39, 
  46, 49, 51, 52, 55, 56, 61, 62 ],
[ 1, 2, 3, 4, 5, 6, 8, 11, 13, 15, 17, 18, 20, 26, 31, 34, 35, 37, 39, 44, 
  46, 52, 55, 56, 58, 60, 61, 64 ],
[ 1, 2, 3, 4, 5, 6, 8, 11, 13, 15, 18, 19, 20, 26, 28, 31, 33, 34, 37, 41, 
  46, 49, 51, 52, 53, 56, 61, 62 ],
[ 1, 2, 3, 4, 5, 6, 8, 11, 13, 15, 18, 19, 20, 26, 31, 33, 34, 37, 41, 44, 
  46, 52, 53, 56, 58, 60, 61, 64 ],
[ 1, 2, 3, 4, 5, 6, 8, 11, 13, 15, 19, 20, 25, 26, 28, 31, 33, 34, 37, 39, 
  48, 49, 51, 52, 53, 56, 57, 62 ],
[ 1, 2, 3, 4, 5, 6, 8, 11, 13, 15, 19, 20, 25, 26, 31, 33, 34, 37, 39, 44, 
  48, 52, 53, 56, 57, 58, 60, 64 ],
[ 1, 2, 3, 4, 5, 6, 8, 11, 15, 16, 17, 18, 20, 23, 28, 31, 38, 39, 45, 46, 
  47, 48, 49, 51, 52, 58, 62, 64 ],
[ 1, 2, 3, 4, 5, 6, 8, 11, 15, 17, 18, 20, 23, 25, 26, 28, 31, 37, 39, 45, 
  48, 49, 51, 52, 56, 58, 62, 64 ],
[ 1, 2, 3, 4, 5, 6, 8, 11, 15, 17, 18, 20, 23, 26, 28, 31, 37, 39, 44, 45, 
  46, 49, 51, 52, 56, 60, 61, 62 ],
[ 1, 2, 3, 4, 5, 6, 8, 11, 16, 17, 18, 20, 23, 28, 31, 36, 39, 44, 45, 46, 
  47, 48, 49, 51, 52, 56, 60, 62 ],
[ 1, 2, 3, 4, 5, 6, 8, 11, 17, 18, 20, 23, 25, 26, 28, 31, 36, 37, 38, 39, 
  45, 48, 49, 51, 52, 58, 62, 64 ],
[ 1, 2, 3, 4, 5, 6, 8, 11, 17, 18, 20, 23, 26, 28, 31, 36, 37, 38, 39, 44, 
  45, 46, 49, 51, 52, 60, 61, 62 ],
[ 1, 2, 3, 4, 5, 6, 9, 10, 12, 13, 14, 18, 19, 20, 23, 28, 31, 34, 38, 41, 
  45, 50, 54, 56, 58, 62, 63, 64 ],
[ 1, 2, 3, 4, 5, 6, 9, 10, 12, 13, 14, 18, 19, 20, 23, 28, 31, 35, 38, 41, 
  50, 53, 56, 58, 59, 60, 62, 63 ],
[ 1, 2, 3, 4, 5, 6, 9, 10, 12, 13, 14, 18, 19, 20, 23, 28, 31, 38, 41, 45, 
  50, 53, 54, 55, 56, 58, 62, 64 ],
[ 1, 2, 3, 4, 5, 6, 9, 10, 12, 13, 14, 18, 19, 20, 28, 31, 35, 38, 41, 43, 
  44, 45, 50, 53, 56, 62, 63, 64 ],
[ 1, 2, 3, 4, 5, 6, 9, 10, 12, 13, 14, 18, 20, 23, 28, 29, 31, 38, 40, 45, 
  51, 53, 54, 55, 56, 57, 58, 64 ],
[ 1, 2, 3, 4, 5, 6, 9, 10, 12, 13, 14, 18, 20, 23, 29, 31, 34, 35, 38, 40, 
  44, 49, 55, 56, 57, 59, 62, 64 ],
[ 1, 2, 3, 4, 5, 6, 9, 10, 12, 13, 14, 18, 20, 23, 29, 31, 38, 40, 44, 45, 
  49, 53, 54, 55, 56, 57, 60, 62 ],
[ 1, 2, 3, 4, 5, 6, 9, 10, 12, 13, 14, 18, 20, 28, 29, 31, 38, 40, 43, 44, 
  51, 53, 54, 55, 56, 57, 59, 60 ],
[ 1, 2, 3, 4, 5, 6, 9, 10, 12, 13, 14, 18, 20, 29, 31, 38, 40, 43, 49, 53, 
  54, 55, 56, 57, 58, 59, 62, 64 ],
[ 1, 2, 3, 4, 5, 6, 9, 10, 12, 13, 14, 19, 20, 23, 28, 31, 34, 35, 38, 39, 
  50, 55, 56, 57, 58, 59, 60, 62 ],
[ 1, 2, 3, 4, 5, 6, 9, 10, 12, 13, 14, 19, 20, 23, 28, 31, 34, 38, 39, 44, 
  45, 50, 54, 56, 57, 60, 62, 63 ],
[ 1, 2, 3, 4, 5, 6, 9, 10, 12, 13, 14, 19, 20, 28, 31, 34, 35, 38, 39, 43, 
  44, 45, 50, 55, 56, 57, 62, 64 ],
[ 1, 2, 3, 4, 5, 6, 9, 10, 12, 13, 14, 20, 23, 28, 29, 31, 34, 38, 39, 40, 
  41, 45, 51, 54, 56, 58, 63, 64 ],
[ 1, 2, 3, 4, 5, 6, 9, 10, 12, 13, 14, 20, 23, 29, 31, 34, 38, 39, 40, 41, 
  44, 45, 49, 54, 56, 60, 62, 63 ],
[ 1, 2, 3, 4, 5, 6, 9, 10, 12, 13, 14, 20, 28, 29, 31, 34, 38, 39, 40, 41, 
  43, 44, 51, 54, 56, 59, 60, 63 ],
[ 1, 2, 3, 4, 5, 6, 9, 10, 12, 13, 14, 20, 29, 31, 34, 38, 39, 40, 41, 43, 
  49, 54, 56, 58, 59, 62, 63, 64 ],
[ 1, 2, 3, 4, 5, 6, 9, 10, 13, 14, 18, 19, 20, 22, 23, 26, 28, 34, 41, 42, 
  45, 47, 50, 54, 58, 62, 63, 64 ],
[ 1, 2, 3, 4, 5, 6, 9, 10, 13, 14, 18, 19, 20, 22, 23, 26, 28, 35, 41, 42, 
  47, 50, 53, 58, 59, 60, 62, 63 ],
[ 1, 2, 3, 4, 5, 6, 9, 10, 13, 14, 18, 19, 20, 22, 23, 26, 28, 41, 42, 45, 
  47, 50, 53, 54, 55, 58, 62, 64 ],
[ 1, 2, 3, 4, 5, 6, 9, 10, 13, 14, 18, 19, 20, 22, 23, 26, 34, 41, 42, 45, 
  47, 49, 50, 51, 54, 58, 63, 64 ],
[ 1, 2, 3, 4, 5, 6, 9, 10, 13, 14, 18, 19, 20, 22, 23, 26, 35, 41, 42, 44, 
  47, 49, 50, 51, 53, 59, 63, 64 ],
[ 1, 2, 3, 4, 5, 6, 9, 10, 13, 14, 18, 19, 20, 22, 23, 26, 41, 42, 45, 47, 
  49, 50, 51, 53, 54, 55, 58, 64 ],
[ 1, 2, 3, 4, 5, 6, 9, 10, 13, 14, 18, 19, 20, 22, 26, 28, 35, 41, 42, 43, 
  44, 45, 47, 50, 53, 62, 63, 64 ],
[ 1, 2, 3, 4, 5, 6, 9, 10, 13, 14, 18, 19, 20, 22, 26, 28, 41, 42, 43, 44, 
  47, 50, 53, 54, 55, 59, 60, 62 ],
[ 1, 2, 3, 4, 5, 6, 9, 10, 13, 14, 18, 19, 20, 22, 26, 34, 41, 42, 43, 44, 
  47, 49, 50, 51, 54, 59, 60, 63 ],
[ 1, 2, 3, 4, 5, 6, 9, 10, 13, 14, 18, 19, 20, 22, 26, 35, 41, 42, 43, 45, 
  47, 49, 50, 51, 53, 58, 60, 63 ],
[ 1, 2, 3, 4, 5, 6, 9, 10, 13, 14, 18, 19, 22, 23, 26, 28, 35, 36, 39, 41, 
  47, 50, 56, 57, 58, 59, 60, 62 ],
[ 1, 2, 3, 4, 5, 6, 9, 10, 13, 14, 18, 19, 22, 26, 28, 35, 36, 39, 41, 43, 
  44, 45, 47, 50, 56, 57, 62, 64 ],
[ 1, 2, 3, 4, 5, 6, 9, 10, 13, 14, 18, 20, 22, 23, 26, 28, 29, 40, 42, 45, 
  47, 51, 53, 54, 55, 57, 58, 64 ],
[ 1, 2, 3, 4, 5, 6, 9, 10, 13, 14, 18, 20, 22, 23, 26, 29, 34, 35, 40, 42, 
  44, 47, 49, 55, 57, 59, 62, 64 ],
[ 1, 2, 3, 4, 5, 6, 9, 10, 13, 14, 18, 20, 22, 23, 26, 29, 34, 35, 40, 42, 
  47, 49, 55, 57, 58, 59, 60, 62 ],
[ 1, 2, 3, 4, 5, 6, 9, 10, 13, 14, 18, 20, 22, 23, 26, 29, 40, 42, 44, 45, 
  47, 49, 53, 54, 55, 57, 60, 62 ],
[ 1, 2, 3, 4, 5, 6, 9, 10, 13, 14, 18, 20, 22, 26, 28, 29, 40, 42, 43, 44, 
  47, 51, 53, 54, 55, 57, 59, 60 ],
[ 1, 2, 3, 4, 5, 6, 9, 10, 13, 14, 18, 20, 22, 26, 29, 34, 35, 40, 42, 43, 
  44, 45, 47, 49, 55, 57, 62, 64 ],
[ 1, 2, 3, 4, 5, 6, 9, 10, 13, 14, 18, 20, 22, 26, 29, 40, 42, 43, 47, 49, 
  53, 54, 55, 57, 58, 59, 62, 64 ],
[ 1, 2, 3, 4, 5, 6, 9, 10, 13, 14, 18, 23, 26, 28, 29, 36, 38, 39, 40, 41, 
  42, 45, 47, 51, 54, 57, 58, 64 ],
[ 1, 2, 3, 4, 5, 6, 9, 10, 13, 14, 18, 26, 28, 29, 36, 38, 39, 40, 41, 42, 
  43, 44, 47, 51, 54, 57, 59, 60 ],
[ 1, 2, 3, 4, 5, 6, 9, 10, 13, 14, 19, 20, 22, 23, 26, 28, 34, 35, 39, 42, 
  47, 50, 55, 57, 58, 59, 60, 62 ],
[ 1, 2, 3, 4, 5, 6, 9, 10, 13, 14, 19, 20, 22, 23, 26, 28, 34, 39, 42, 44, 
  45, 47, 50, 54, 57, 60, 62, 63 ],
[ 1, 2, 3, 4, 5, 6, 9, 10, 13, 14, 19, 20, 22, 23, 26, 34, 35, 39, 42, 44, 
  47, 49, 50, 51, 55, 57, 59, 64 ],
[ 1, 2, 3, 4, 5, 6, 9, 10, 13, 14, 19, 20, 22, 23, 26, 34, 39, 42, 44, 45, 
  47, 49, 50, 51, 54, 57, 60, 63 ],
[ 1, 2, 3, 4, 5, 6, 9, 10, 13, 14, 19, 20, 22, 26, 28, 34, 35, 39, 42, 43, 
  44, 45, 47, 50, 55, 57, 62, 64 ],
[ 1, 2, 3, 4, 5, 6, 9, 10, 13, 14, 19, 20, 22, 26, 34, 35, 39, 42, 43, 45, 
  47, 49, 50, 51, 55, 57, 58, 60 ],
[ 1, 2, 3, 4, 5, 6, 9, 10, 13, 14, 19, 20, 22, 26, 34, 39, 42, 43, 47, 49, 
  50, 51, 54, 57, 58, 59, 63, 64 ],
[ 1, 2, 3, 4, 5, 6, 9, 10, 13, 14, 20, 22, 23, 26, 28, 29, 34, 39, 40, 41, 
  42, 45, 47, 51, 54, 58, 63, 64 ],
[ 1, 2, 3, 4, 5, 6, 9, 10, 13, 14, 20, 22, 23, 26, 29, 34, 39, 40, 41, 42, 
  44, 45, 47, 49, 54, 60, 62, 63 ],
[ 1, 2, 3, 4, 5, 6, 9, 10, 13, 14, 20, 22, 26, 28, 29, 34, 39, 40, 41, 42, 
  43, 44, 47, 51, 54, 59, 60, 63 ],
[ 1, 2, 3, 4, 5, 6, 9, 10, 13, 14, 20, 22, 26, 29, 34, 39, 40, 41, 42, 43, 
  47, 49, 54, 58, 59, 62, 63, 64 ],
[ 1, 2, 3, 4, 5, 6, 9, 11, 12, 13, 14, 17, 19, 20, 23, 28, 32, 34, 38, 40, 
  45, 50, 54, 56, 58, 62, 63, 64 ],
[ 1, 2, 3, 4, 5, 6, 9, 11, 12, 13, 14, 17, 19, 20, 23, 28, 32, 35, 38, 40, 
  50, 53, 56, 58, 59, 60, 62, 63 ],
[ 1, 2, 3, 4, 5, 6, 9, 11, 12, 13, 14, 17, 19, 20, 23, 28, 32, 38, 40, 45, 
  50, 53, 54, 55, 56, 58, 62, 64 ],
[ 1, 2, 3, 4, 5, 6, 9, 11, 12, 13, 14, 18, 20, 23, 27, 29, 32, 35, 38, 40, 
  44, 50, 53, 56, 57, 59, 63, 64 ],
[ 1, 2, 3, 4, 5, 6, 9, 11, 12, 13, 14, 18, 20, 23, 27, 29, 32, 38, 40, 45, 
  50, 53, 54, 55, 56, 57, 58, 64 ],
[ 1, 2, 3, 4, 5, 6, 9, 11, 12, 13, 14, 18, 20, 23, 29, 32, 33, 35, 38, 40, 
  44, 49, 54, 56, 57, 59, 62, 64 ],
[ 1, 2, 3, 4, 5, 6, 9, 11, 12, 13, 14, 18, 20, 23, 29, 32, 33, 35, 38, 40, 
  49, 54, 56, 57, 58, 59, 60, 62 ],
[ 1, 2, 3, 4, 5, 6, 9, 11, 12, 13, 14, 18, 20, 23, 29, 32, 38, 40, 43, 45, 
  49, 53, 54, 55, 56, 57, 59, 62 ],
[ 1, 2, 3, 4, 5, 6, 9, 11, 12, 13, 14, 18, 20, 29, 32, 38, 40, 44, 49, 53, 
  54, 55, 56, 57, 58, 60, 62, 64 ],
[ 1, 2, 3, 4, 5, 6, 9, 11, 12, 13, 14, 19, 20, 23, 28, 32, 33, 35, 38, 39, 
  50, 54, 56, 57, 58, 59, 60, 62 ],
[ 1, 2, 3, 4, 5, 6, 9, 11, 12, 13, 14, 19, 20, 23, 28, 32, 34, 38, 39, 43, 
  45, 50, 54, 56, 57, 59, 62, 63 ],
[ 1, 2, 3, 4, 5, 6, 9, 11, 12, 13, 14, 19, 20, 28, 32, 34, 38, 39, 44, 50, 
  54, 56, 57, 58, 60, 62, 63, 64 ],
[ 1, 2, 3, 4, 5, 6, 9, 12, 13, 14, 18, 19, 20, 28, 30, 34, 38, 41, 44, 50, 
  52, 54, 56, 58, 60, 62, 63, 64 ],
[ 1, 2, 3, 4, 5, 6, 9, 12, 13, 14, 18, 20, 28, 29, 30, 38, 40, 44, 51, 52, 
  53, 54, 55, 56, 57, 58, 60, 64 ]
];

