## Group: [64, 12]
## Difference Sets: 67
## Time:  0:02:40.331

return [
[ 1, 4, 6, 7, 8, 11, 15, 16, 18, 21, 22, 25, 27, 28, 30, 32, 33, 34, 35, 36, 
  37, 42, 50, 51, 52, 59, 63, 64 ],
[ 1, 4, 6, 7, 8, 11, 14, 15, 16, 18, 21, 22, 25, 27, 28, 30, 32, 34, 35, 42, 
  50, 51, 52, 53, 54, 56, 59, 64 ],
[ 1, 4, 6, 7, 8, 11, 12, 15, 18, 21, 22, 25, 27, 28, 29, 30, 31, 33, 34, 36, 
  38, 42, 54, 55, 56, 59, 62, 64 ],
[ 1, 4, 6, 7, 8, 11, 12, 14, 15, 18, 21, 22, 25, 27, 28, 29, 30, 31, 34, 37, 
  38, 42, 53, 55, 59, 62, 63, 64 ],
[ 1, 4, 6, 7, 8, 11, 12, 13, 15, 18, 21, 22, 25, 27, 28, 29, 30, 31, 35, 36, 
  38, 42, 53, 56, 59, 62, 63, 64 ],
[ 1, 4, 6, 7, 8, 11, 12, 13, 14, 15, 18, 21, 22, 25, 27, 28, 29, 30, 31, 33, 
  35, 37, 38, 42, 54, 59, 62, 64 ],
[ 1, 4, 6, 7, 8, 10, 11, 15, 16, 18, 21, 22, 25, 28, 31, 32, 33, 34, 35, 36, 
  37, 42, 49, 51, 59, 62, 63, 64 ],
[ 1, 4, 6, 7, 8, 10, 11, 14, 15, 16, 18, 21, 22, 25, 28, 31, 32, 34, 35, 42, 
  49, 51, 53, 54, 56, 59, 62, 64 ],
[ 1, 4, 5, 6, 8, 11, 15, 16, 17, 18, 20, 25, 26, 27, 28, 30, 32, 33, 34, 35, 
  36, 37, 39, 48, 50, 51, 52, 63 ],
[ 1, 4, 5, 6, 8, 11, 14, 15, 16, 17, 18, 20, 25, 26, 27, 28, 30, 32, 34, 35, 
  39, 48, 50, 51, 52, 53, 54, 56 ],
[ 1, 4, 5, 6, 8, 11, 13, 15, 16, 17, 18, 20, 25, 26, 27, 28, 30, 32, 36, 37, 
  39, 48, 50, 51, 52, 53, 54, 55 ],
[ 1, 4, 5, 6, 8, 11, 13, 14, 15, 16, 17, 18, 20, 25, 26, 27, 28, 30, 32, 33, 
  39, 48, 50, 51, 52, 55, 56, 63 ],
[ 1, 4, 5, 6, 8, 11, 12, 15, 17, 18, 20, 25, 26, 27, 28, 29, 30, 31, 33, 34, 
  36, 38, 39, 48, 54, 55, 56, 62 ],
[ 1, 4, 5, 6, 8, 11, 12, 14, 15, 17, 18, 20, 25, 26, 27, 28, 29, 30, 31, 34, 
  37, 38, 39, 48, 53, 55, 62, 63 ],
[ 1, 4, 5, 6, 8, 11, 12, 13, 15, 17, 18, 20, 25, 26, 27, 28, 29, 30, 31, 35, 
  36, 38, 39, 48, 53, 56, 62, 63 ],
[ 1, 4, 5, 6, 8, 11, 12, 13, 14, 15, 17, 18, 20, 25, 26, 27, 28, 29, 30, 31, 
  33, 35, 37, 38, 39, 48, 54, 62 ],
[ 1, 4, 5, 6, 8, 10, 11, 14, 15, 16, 17, 18, 20, 25, 26, 28, 31, 32, 34, 35, 
  39, 48, 49, 51, 53, 54, 56, 62 ],
[ 1, 4, 5, 6, 8, 10, 11, 13, 14, 15, 16, 17, 18, 20, 25, 26, 28, 31, 32, 33, 
  39, 48, 49, 51, 55, 56, 62, 63 ],
[ 1, 4, 5, 6, 8, 9, 11, 12, 15, 17, 18, 20, 25, 26, 30, 31, 33, 34, 36, 38, 
  39, 48, 49, 50, 51, 54, 55, 56 ],
[ 1, 4, 5, 6, 8, 9, 11, 12, 14, 15, 17, 18, 20, 25, 26, 30, 31, 34, 37, 38, 
  39, 48, 49, 50, 51, 53, 55, 63 ],
[ 1, 4, 5, 6, 8, 9, 11, 12, 13, 15, 17, 18, 20, 25, 26, 30, 31, 35, 36, 38, 
  39, 48, 49, 50, 51, 53, 56, 63 ],
[ 1, 4, 5, 6, 8, 9, 11, 12, 13, 14, 15, 17, 18, 20, 25, 26, 30, 31, 33, 35, 
  37, 38, 39, 48, 49, 50, 51, 54 ],
[ 1, 4, 5, 6, 7, 8, 11, 15, 16, 18, 20, 22, 25, 27, 28, 30, 32, 33, 34, 35, 
  36, 37, 43, 50, 51, 52, 58, 63 ],
[ 1, 4, 5, 6, 7, 8, 11, 14, 15, 16, 18, 20, 22, 25, 27, 28, 30, 32, 34, 35, 
  43, 50, 51, 52, 53, 54, 56, 58 ],
[ 1, 4, 5, 6, 7, 8, 11, 12, 15, 18, 20, 22, 25, 27, 28, 29, 30, 31, 33, 34, 
  36, 38, 43, 54, 55, 56, 58, 62 ],
[ 1, 4, 5, 6, 7, 8, 11, 12, 14, 15, 18, 20, 22, 25, 27, 28, 29, 30, 31, 34, 
  37, 38, 43, 53, 55, 58, 62, 63 ],
[ 1, 4, 5, 6, 7, 8, 11, 12, 13, 15, 18, 20, 22, 25, 27, 28, 29, 30, 31, 35, 
  36, 38, 43, 53, 56, 58, 62, 63 ],
[ 1, 4, 5, 6, 7, 8, 11, 12, 13, 14, 15, 18, 20, 22, 25, 27, 28, 29, 30, 31, 
  33, 35, 37, 38, 43, 54, 58, 62 ],
[ 1, 4, 5, 6, 7, 8, 10, 11, 15, 16, 18, 20, 22, 25, 28, 31, 32, 33, 34, 35, 
  36, 37, 43, 49, 51, 58, 62, 63 ],
[ 1, 4, 5, 6, 7, 8, 10, 11, 14, 15, 16, 18, 20, 22, 25, 28, 31, 32, 34, 35, 
  43, 49, 51, 53, 54, 56, 58, 62 ],
[ 1, 3, 8, 11, 13, 14, 15, 18, 19, 20, 21, 22, 25, 26, 27, 28, 30, 32, 33, 
  34, 36, 39, 40, 48, 50, 51, 52, 53 ],
[ 1, 3, 8, 9, 11, 13, 14, 15, 18, 19, 20, 21, 22, 25, 26, 29, 30, 32, 33, 34, 
  36, 39, 40, 48, 49, 52, 53, 62 ],
[ 1, 3, 8, 9, 10, 11, 13, 14, 15, 18, 19, 20, 21, 22, 25, 26, 27, 29, 31, 32, 
  33, 34, 36, 39, 40, 48, 50, 53 ],
[ 1, 3, 7, 8, 11, 12, 13, 14, 15, 18, 20, 25, 26, 27, 28, 29, 30, 31, 33, 34, 
  36, 39, 41, 42, 48, 53, 57, 62 ],
[ 1, 3, 7, 8, 10, 11, 12, 13, 14, 15, 18, 20, 25, 26, 28, 29, 33, 34, 36, 39, 
  41, 42, 48, 49, 50, 52, 53, 57 ],
[ 1, 3, 6, 7, 11, 13, 14, 15, 18, 19, 22, 24, 25, 26, 27, 28, 30, 32, 33, 34, 
  36, 39, 40, 50, 51, 52, 53, 61 ],
[ 1, 3, 6, 7, 11, 13, 14, 15, 17, 18, 19, 22, 25, 26, 27, 28, 30, 32, 33, 34, 
  36, 46, 47, 50, 51, 52, 53, 57 ],
[ 1, 3, 6, 7, 10, 11, 13, 14, 15, 18, 19, 22, 24, 25, 26, 28, 31, 32, 33, 34, 
  36, 39, 40, 49, 51, 53, 61, 62 ],
[ 1, 3, 6, 7, 10, 11, 13, 14, 15, 17, 18, 19, 22, 25, 26, 28, 31, 32, 33, 34, 
  36, 46, 47, 49, 51, 53, 57, 62 ],
[ 1, 3, 5, 7, 8, 11, 12, 13, 14, 15, 17, 18, 21, 25, 26, 27, 28, 29, 30, 31, 
  33, 34, 36, 40, 41, 48, 53, 62 ],
[ 1, 3, 5, 7, 8, 10, 11, 12, 13, 14, 15, 17, 18, 21, 25, 26, 28, 29, 33, 34, 
  36, 40, 41, 48, 49, 50, 52, 53 ],
[ 1, 2, 8, 9, 11, 12, 15, 18, 19, 20, 21, 22, 25, 28, 31, 32, 33, 34, 36, 38, 
  39, 40, 52, 54, 55, 56, 59, 64 ],
[ 1, 2, 8, 9, 11, 12, 14, 15, 18, 19, 20, 21, 22, 25, 28, 31, 32, 34, 37, 38, 
  39, 40, 52, 53, 55, 59, 63, 64 ],
[ 1, 2, 8, 9, 11, 12, 13, 15, 18, 19, 20, 21, 22, 25, 28, 31, 32, 35, 36, 38, 
  39, 40, 52, 53, 56, 59, 63, 64 ],
[ 1, 2, 8, 9, 11, 12, 13, 14, 15, 18, 19, 20, 21, 22, 25, 28, 31, 32, 33, 35, 
  37, 38, 39, 40, 52, 54, 59, 64 ],
[ 1, 2, 8, 9, 10, 11, 12, 15, 18, 19, 20, 21, 22, 25, 28, 30, 32, 33, 34, 36, 
  38, 39, 40, 43, 54, 55, 56, 58 ],
[ 1, 2, 8, 9, 10, 11, 12, 14, 15, 18, 19, 20, 21, 22, 25, 28, 30, 32, 34, 37, 
  38, 39, 40, 43, 53, 55, 58, 63 ],
[ 1, 2, 8, 9, 10, 11, 12, 13, 15, 18, 19, 20, 21, 22, 25, 28, 30, 32, 35, 36, 
  38, 39, 40, 43, 53, 56, 58, 63 ],
[ 1, 2, 8, 9, 10, 11, 12, 13, 14, 15, 18, 19, 20, 21, 22, 25, 28, 30, 32, 33, 
  35, 37, 38, 39, 40, 43, 54, 58 ],
[ 1, 2, 7, 8, 9, 11, 12, 15, 16, 18, 20, 25, 28, 31, 32, 33, 34, 35, 36, 37, 
  39, 41, 42, 52, 57, 59, 63, 64 ],
[ 1, 2, 7, 8, 9, 10, 11, 12, 15, 16, 18, 20, 25, 28, 30, 32, 33, 34, 35, 36, 
  37, 39, 41, 42, 43, 57, 58, 63 ],
[ 1, 2, 6, 7, 9, 10, 11, 15, 18, 19, 22, 24, 25, 26, 27, 28, 30, 33, 34, 36, 
  38, 39, 40, 49, 54, 55, 56, 61 ],
[ 1, 2, 6, 7, 9, 10, 11, 15, 17, 18, 19, 22, 25, 26, 27, 28, 30, 33, 34, 36, 
  38, 46, 47, 49, 54, 55, 56, 57 ],
[ 1, 2, 6, 7, 9, 10, 11, 14, 15, 18, 19, 22, 24, 25, 26, 27, 28, 30, 34, 37, 
  38, 39, 40, 49, 53, 55, 61, 63 ],
[ 1, 2, 6, 7, 9, 10, 11, 14, 15, 17, 18, 19, 22, 25, 26, 27, 28, 30, 34, 37, 
  38, 46, 47, 49, 53, 55, 57, 63 ],
[ 1, 2, 5, 7, 8, 9, 11, 12, 15, 16, 17, 18, 21, 25, 28, 31, 32, 33, 34, 35, 
  36, 37, 40, 41, 52, 59, 63, 64 ],
[ 1, 2, 5, 7, 8, 9, 10, 11, 12, 15, 16, 17, 18, 21, 25, 28, 30, 32, 33, 34, 
  35, 36, 37, 40, 41, 43, 58, 63 ],
[ 1, 2, 4, 5, 6, 11, 12, 15, 16, 17, 18, 20, 25, 27, 30, 32, 33, 34, 35, 36, 
  37, 39, 44, 48, 50, 52, 60, 63 ],
[ 1, 2, 4, 5, 6, 11, 12, 15, 16, 17, 18, 20, 23, 25, 30, 32, 33, 34, 35, 36, 
  37, 39, 45, 48, 49, 52, 62, 63 ],
[ 1, 2, 4, 5, 6, 11, 12, 13, 15, 16, 17, 18, 20, 25, 27, 30, 32, 36, 37, 39, 
  44, 48, 50, 52, 53, 54, 55, 60 ],
[ 1, 2, 4, 5, 6, 11, 12, 13, 15, 16, 17, 18, 20, 23, 25, 30, 32, 36, 37, 39, 
  45, 48, 49, 52, 53, 54, 55, 62 ],
[ 1, 2, 3, 11, 12, 13, 14, 15, 18, 19, 20, 21, 22, 25, 27, 30, 32, 33, 34, 
  36, 39, 40, 44, 48, 50, 52, 53, 60 ],
[ 1, 2, 3, 11, 12, 13, 14, 15, 18, 19, 20, 21, 22, 23, 25, 30, 32, 33, 34, 
  36, 39, 40, 45, 48, 49, 52, 53, 62 ],
[ 1, 2, 3, 4, 11, 12, 13, 14, 15, 17, 20, 21, 22, 25, 27, 30, 32, 33, 34, 36, 
  41, 44, 48, 50, 52, 53, 57, 60 ],
[ 1, 2, 3, 4, 11, 12, 13, 14, 15, 17, 20, 21, 22, 23, 25, 30, 32, 33, 34, 36, 
  41, 45, 48, 49, 52, 53, 57, 62 ],
[ 1, 2, 3, 4, 5, 11, 12, 13, 14, 15, 22, 25, 27, 30, 32, 33, 34, 36, 39, 40, 
  41, 42, 44, 48, 50, 52, 53, 60 ],
[ 1, 2, 3, 4, 5, 11, 12, 13, 14, 15, 22, 23, 25, 30, 32, 33, 34, 36, 39, 40, 
  41, 42, 45, 48, 49, 52, 53, 62 ]
];

