## Group: [64, 191]
## Difference Sets: 424
## Time:  0:04:06.248

return [
[ 1, 3, 8, 12, 14, 15, 16, 18, 19, 21, 22, 26, 27, 29, 31, 32, 33, 37, 38, 
  40, 42, 44, 49, 51, 52, 54, 57, 60 ],
[ 1, 3, 8, 12, 14, 15, 16, 18, 19, 21, 22, 23, 26, 27, 29, 31, 32, 37, 38, 
  40, 42, 45, 49, 51, 52, 53, 57, 63 ],
[ 1, 3, 8, 12, 13, 14, 16, 18, 19, 21, 22, 25, 26, 27, 29, 31, 32, 35, 37, 
  40, 42, 48, 49, 51, 52, 53, 57, 63 ],
[ 1, 3, 8, 11, 12, 14, 15, 16, 19, 21, 22, 26, 29, 30, 31, 33, 37, 38, 39, 
  40, 41, 42, 44, 50, 51, 54, 60, 62 ],
[ 1, 3, 8, 11, 12, 14, 15, 16, 19, 21, 22, 26, 27, 29, 31, 33, 37, 38, 39, 
  40, 41, 42, 44, 51, 52, 54, 60, 62 ],
[ 1, 3, 8, 11, 12, 14, 15, 16, 19, 21, 22, 23, 26, 29, 30, 31, 37, 38, 39, 
  40, 41, 42, 45, 50, 51, 53, 62, 63 ],
[ 1, 3, 8, 11, 12, 14, 15, 16, 19, 21, 22, 23, 26, 27, 29, 31, 37, 38, 39, 
  40, 41, 42, 45, 51, 52, 53, 62, 63 ],
[ 1, 3, 8, 11, 12, 14, 15, 16, 18, 19, 21, 22, 26, 27, 28, 29, 30, 31, 33, 
  37, 38, 40, 42, 44, 54, 57, 60, 62 ],
[ 1, 3, 8, 11, 12, 14, 15, 16, 18, 19, 21, 22, 23, 26, 27, 28, 29, 30, 31, 
  37, 38, 40, 42, 45, 53, 57, 62, 63 ],
[ 1, 3, 8, 11, 12, 14, 15, 16, 18, 19, 20, 21, 22, 26, 27, 28, 29, 31, 33, 
  37, 38, 39, 40, 44, 49, 52, 54, 60 ],
[ 1, 3, 8, 11, 12, 14, 15, 16, 18, 19, 20, 21, 22, 23, 26, 27, 28, 29, 31, 
  37, 38, 39, 40, 45, 49, 52, 53, 63 ],
[ 1, 3, 8, 11, 12, 14, 15, 16, 17, 19, 20, 21, 22, 26, 29, 30, 31, 33, 37, 
  38, 39, 41, 44, 50, 51, 54, 60, 62 ],
[ 1, 3, 8, 11, 12, 14, 15, 16, 17, 19, 20, 21, 22, 26, 27, 29, 31, 33, 37, 
  38, 39, 41, 44, 51, 52, 54, 60, 62 ],
[ 1, 3, 8, 11, 12, 14, 15, 16, 17, 19, 20, 21, 22, 23, 26, 29, 30, 31, 37, 
  38, 39, 41, 45, 50, 51, 53, 62, 63 ],
[ 1, 3, 8, 11, 12, 14, 15, 16, 17, 19, 20, 21, 22, 23, 26, 27, 29, 31, 37, 
  38, 39, 41, 45, 51, 52, 53, 62, 63 ],
[ 1, 3, 8, 11, 12, 13, 14, 16, 19, 21, 22, 25, 26, 29, 30, 31, 35, 37, 39, 
  40, 41, 42, 48, 50, 51, 53, 62, 63 ],
[ 1, 3, 8, 11, 12, 13, 14, 16, 19, 21, 22, 25, 26, 27, 29, 31, 35, 37, 39, 
  40, 41, 42, 48, 51, 52, 53, 62, 63 ],
[ 1, 3, 8, 11, 12, 13, 14, 16, 18, 19, 21, 22, 25, 26, 27, 28, 29, 30, 31, 
  35, 37, 40, 42, 48, 53, 57, 62, 63 ],
[ 1, 3, 8, 11, 12, 13, 14, 16, 18, 19, 20, 21, 22, 25, 26, 27, 28, 29, 31, 
  35, 37, 39, 40, 48, 49, 52, 53, 63 ],
[ 1, 3, 8, 11, 12, 13, 14, 16, 17, 19, 20, 21, 22, 25, 26, 29, 30, 31, 35, 
  37, 39, 41, 48, 50, 51, 53, 62, 63 ],
[ 1, 3, 8, 11, 12, 13, 14, 16, 17, 19, 20, 21, 22, 25, 26, 27, 29, 31, 35, 
  37, 39, 41, 48, 51, 52, 53, 62, 63 ],
[ 1, 3, 8, 10, 12, 14, 15, 16, 18, 19, 20, 21, 22, 26, 29, 32, 33, 37, 38, 
  39, 40, 44, 49, 50, 51, 52, 54, 60 ],
[ 1, 3, 8, 10, 12, 14, 15, 16, 18, 19, 20, 21, 22, 23, 26, 29, 32, 37, 38, 
  39, 40, 45, 49, 50, 51, 52, 53, 63 ],
[ 1, 3, 8, 10, 12, 13, 14, 16, 18, 19, 20, 21, 22, 25, 26, 29, 32, 35, 37, 
  39, 40, 48, 49, 50, 51, 52, 53, 63 ],
[ 1, 3, 8, 9, 12, 14, 15, 16, 19, 21, 22, 26, 27, 31, 32, 33, 37, 38, 39, 40, 
  41, 42, 44, 51, 52, 54, 60, 62 ],
[ 1, 3, 8, 9, 12, 14, 15, 16, 19, 21, 22, 23, 26, 27, 31, 32, 37, 38, 39, 40, 
  41, 42, 45, 51, 52, 53, 62, 63 ],
[ 1, 3, 8, 9, 12, 14, 15, 16, 18, 19, 20, 21, 22, 26, 28, 31, 32, 33, 37, 38, 
  39, 40, 44, 50, 52, 54, 60, 62 ],
[ 1, 3, 8, 9, 12, 14, 15, 16, 18, 19, 20, 21, 22, 23, 26, 28, 31, 32, 37, 38, 
  39, 40, 45, 50, 52, 53, 62, 63 ],
[ 1, 3, 8, 9, 12, 13, 14, 16, 19, 21, 22, 25, 26, 27, 31, 32, 35, 37, 39, 40, 
  41, 42, 48, 51, 52, 53, 62, 63 ],
[ 1, 3, 8, 9, 12, 13, 14, 16, 18, 19, 20, 21, 22, 25, 26, 28, 31, 32, 35, 37, 
  39, 40, 48, 50, 52, 53, 62, 63 ],
[ 1, 3, 8, 9, 12, 13, 14, 16, 17, 19, 20, 21, 22, 25, 26, 27, 31, 32, 35, 37, 
  39, 41, 48, 51, 52, 53, 62, 63 ],
[ 1, 3, 8, 9, 11, 12, 14, 15, 16, 18, 19, 21, 22, 26, 31, 33, 37, 38, 40, 42, 
  44, 50, 51, 52, 54, 57, 60, 62 ],
[ 1, 3, 8, 9, 11, 12, 14, 15, 16, 18, 19, 21, 22, 23, 26, 31, 37, 38, 40, 42, 
  45, 50, 51, 52, 53, 57, 62, 63 ],
[ 1, 3, 8, 9, 11, 12, 13, 14, 16, 18, 19, 21, 22, 25, 26, 31, 35, 37, 40, 42, 
  48, 50, 51, 52, 53, 57, 62, 63 ],
[ 1, 3, 8, 9, 11, 12, 13, 14, 16, 18, 19, 20, 21, 22, 25, 26, 30, 31, 35, 37, 
  39, 40, 48, 49, 50, 51, 53, 63 ],
[ 1, 3, 8, 9, 10, 12, 14, 15, 16, 19, 21, 22, 26, 27, 32, 33, 37, 38, 39, 40, 
  41, 42, 44, 49, 51, 52, 54, 60 ],
[ 1, 3, 8, 9, 10, 12, 14, 15, 16, 19, 21, 22, 23, 26, 27, 32, 37, 38, 39, 40, 
  41, 42, 45, 49, 51, 52, 53, 63 ],
[ 1, 3, 8, 9, 10, 12, 14, 15, 16, 18, 19, 21, 22, 26, 27, 28, 32, 33, 37, 38, 
  40, 42, 44, 52, 54, 57, 60, 62 ],
[ 1, 3, 8, 9, 10, 12, 14, 15, 16, 18, 19, 21, 22, 23, 26, 27, 28, 32, 37, 38, 
  40, 42, 45, 52, 53, 57, 62, 63 ],
[ 1, 3, 8, 9, 10, 12, 14, 15, 16, 17, 19, 20, 21, 22, 26, 27, 32, 33, 37, 38, 
  39, 41, 44, 49, 51, 52, 54, 60 ],
[ 1, 3, 8, 9, 10, 12, 14, 15, 16, 17, 19, 20, 21, 22, 23, 26, 27, 32, 37, 38, 
  39, 41, 45, 49, 51, 52, 53, 63 ],
[ 1, 3, 8, 9, 10, 12, 13, 14, 16, 19, 21, 22, 25, 26, 27, 32, 35, 37, 39, 40, 
  41, 42, 48, 49, 51, 52, 53, 63 ],
[ 1, 3, 8, 9, 10, 12, 13, 14, 16, 18, 19, 21, 22, 25, 26, 27, 28, 32, 35, 37, 
  40, 42, 48, 52, 53, 57, 62, 63 ],
[ 1, 3, 8, 9, 10, 12, 13, 14, 16, 17, 19, 20, 21, 22, 25, 26, 27, 32, 35, 37, 
  39, 41, 48, 49, 51, 52, 53, 63 ],
[ 1, 3, 7, 10, 12, 15, 16, 18, 21, 23, 26, 27, 29, 31, 32, 33, 36, 37, 38, 
  40, 41, 42, 44, 48, 50, 51, 57, 63 ],
[ 1, 3, 7, 10, 12, 15, 16, 18, 20, 21, 26, 27, 28, 29, 31, 32, 33, 37, 38, 
  40, 41, 44, 45, 48, 50, 56, 57, 63 ],
[ 1, 3, 7, 10, 12, 15, 16, 17, 18, 21, 26, 27, 28, 29, 31, 32, 36, 37, 38, 
  41, 42, 44, 45, 48, 50, 54, 57, 63 ],
[ 1, 3, 7, 10, 12, 15, 16, 17, 18, 21, 25, 26, 27, 28, 29, 31, 32, 37, 38, 
  41, 42, 45, 50, 53, 54, 56, 57, 60 ],
[ 1, 3, 7, 10, 12, 14, 15, 16, 18, 20, 21, 25, 26, 27, 28, 29, 31, 32, 38, 
  40, 41, 45, 50, 54, 56, 57, 60, 63 ],
[ 1, 3, 7, 10, 11, 12, 15, 16, 18, 20, 21, 23, 26, 27, 28, 29, 31, 33, 36, 
  37, 38, 39, 40, 41, 44, 48, 50, 63 ],
[ 1, 3, 6, 8, 12, 14, 15, 16, 17, 18, 19, 21, 26, 28, 29, 31, 32, 33, 37, 38, 
  42, 44, 49, 50, 52, 54, 57, 60 ],
[ 1, 3, 6, 8, 12, 14, 15, 16, 17, 18, 19, 21, 23, 26, 28, 29, 31, 32, 37, 38, 
  42, 45, 49, 50, 52, 53, 57, 63 ],
[ 1, 3, 6, 8, 11, 12, 14, 15, 16, 19, 21, 26, 27, 28, 29, 31, 33, 37, 38, 40, 
  41, 42, 44, 49, 52, 54, 57, 60 ],
[ 1, 3, 6, 8, 11, 12, 14, 15, 16, 19, 21, 23, 26, 27, 28, 29, 31, 37, 38, 40, 
  41, 42, 45, 49, 52, 53, 57, 63 ],
[ 1, 3, 6, 8, 10, 12, 14, 15, 16, 19, 21, 26, 29, 32, 33, 37, 38, 40, 41, 42, 
  44, 49, 50, 51, 52, 54, 57, 60 ],
[ 1, 3, 6, 8, 10, 12, 14, 15, 16, 19, 21, 23, 26, 29, 32, 37, 38, 40, 41, 42, 
  45, 49, 50, 51, 52, 53, 57, 63 ],
[ 1, 3, 6, 8, 10, 12, 14, 15, 16, 17, 18, 19, 21, 26, 28, 29, 32, 33, 37, 38, 
  42, 44, 50, 52, 54, 57, 60, 62 ],
[ 1, 3, 6, 8, 10, 12, 14, 15, 16, 17, 18, 19, 21, 23, 26, 28, 29, 32, 37, 38, 
  42, 45, 50, 52, 53, 57, 62, 63 ],
[ 1, 3, 6, 8, 9, 12, 14, 15, 16, 19, 21, 26, 28, 31, 32, 33, 37, 38, 40, 41, 
  42, 44, 50, 52, 54, 57, 60, 62 ],
[ 1, 3, 6, 8, 9, 12, 14, 15, 16, 19, 21, 23, 26, 28, 31, 32, 37, 38, 40, 41, 
  42, 45, 50, 52, 53, 57, 62, 63 ],
[ 1, 3, 6, 8, 9, 11, 12, 14, 15, 16, 17, 18, 19, 21, 26, 28, 31, 33, 37, 38, 
  42, 44, 49, 50, 52, 54, 57, 60 ],
[ 1, 3, 6, 8, 9, 11, 12, 14, 15, 16, 17, 18, 19, 21, 23, 26, 28, 31, 37, 38, 
  42, 45, 49, 50, 52, 53, 57, 63 ],
[ 1, 3, 5, 6, 7, 12, 16, 17, 21, 22, 26, 27, 29, 31, 32, 33, 34, 37, 40, 44, 
  45, 48, 49, 51, 52, 55, 56, 63 ],
[ 1, 3, 5, 6, 7, 12, 16, 17, 21, 22, 25, 26, 27, 29, 31, 32, 34, 37, 40, 45, 
  49, 51, 52, 53, 54, 55, 56, 60 ],
[ 1, 3, 5, 6, 7, 12, 13, 16, 21, 22, 26, 27, 29, 31, 32, 33, 35, 37, 39, 44, 
  45, 48, 49, 51, 52, 56, 57, 63 ],
[ 1, 3, 5, 6, 7, 12, 13, 16, 21, 22, 25, 26, 27, 29, 31, 32, 35, 37, 39, 45, 
  49, 51, 52, 53, 54, 56, 57, 60 ],
[ 1, 3, 5, 6, 7, 12, 13, 16, 21, 22, 23, 26, 27, 29, 31, 32, 35, 37, 39, 48, 
  49, 51, 52, 53, 54, 56, 57, 60 ],
[ 1, 3, 5, 6, 7, 12, 13, 16, 21, 22, 23, 25, 26, 27, 29, 31, 32, 33, 35, 37, 
  39, 44, 49, 51, 52, 56, 57, 63 ],
[ 1, 3, 5, 6, 7, 11, 12, 16, 17, 21, 22, 26, 27, 28, 29, 30, 31, 34, 36, 37, 
  40, 44, 45, 48, 54, 55, 62, 63 ],
[ 1, 3, 5, 6, 7, 11, 12, 16, 17, 21, 22, 25, 26, 27, 28, 29, 30, 31, 33, 34, 
  36, 37, 40, 45, 53, 55, 60, 62 ],
[ 1, 3, 4, 7, 10, 12, 15, 16, 19, 21, 23, 26, 29, 31, 32, 33, 36, 37, 38, 40, 
  42, 44, 48, 49, 51, 57, 62, 63 ],
[ 1, 3, 4, 7, 10, 12, 15, 16, 19, 20, 21, 26, 28, 29, 31, 32, 33, 37, 38, 40, 
  44, 45, 48, 49, 56, 57, 62, 63 ],
[ 1, 3, 4, 7, 10, 12, 15, 16, 19, 20, 21, 23, 26, 29, 31, 32, 33, 37, 38, 39, 
  40, 44, 48, 49, 51, 53, 56, 62 ],
[ 1, 3, 4, 7, 10, 12, 15, 16, 17, 19, 21, 26, 28, 29, 31, 32, 36, 37, 38, 42, 
  44, 45, 48, 49, 54, 57, 62, 63 ],
[ 1, 3, 4, 7, 10, 11, 12, 15, 16, 19, 21, 26, 29, 31, 33, 37, 38, 39, 40, 42, 
  44, 45, 48, 49, 51, 56, 62, 63 ],
[ 1, 3, 4, 7, 10, 11, 12, 15, 16, 17, 19, 20, 21, 23, 25, 26, 29, 31, 33, 37, 
  38, 39, 44, 49, 51, 56, 62, 63 ],
[ 1, 3, 4, 5, 7, 12, 15, 16, 19, 21, 26, 27, 29, 31, 32, 33, 37, 38, 39, 44, 
  45, 48, 49, 51, 52, 56, 57, 63 ],
[ 1, 3, 4, 5, 7, 12, 15, 16, 19, 21, 25, 26, 27, 29, 31, 32, 37, 38, 39, 45, 
  49, 51, 52, 53, 54, 56, 57, 60 ],
[ 1, 3, 4, 5, 7, 12, 15, 16, 19, 21, 23, 26, 27, 29, 31, 32, 37, 38, 39, 48, 
  49, 51, 52, 53, 54, 56, 57, 60 ],
[ 1, 3, 4, 5, 7, 12, 15, 16, 19, 21, 23, 25, 26, 27, 29, 31, 32, 33, 37, 38, 
  39, 44, 49, 51, 52, 56, 57, 63 ],
[ 1, 2, 8, 10, 11, 12, 16, 19, 21, 22, 26, 27, 31, 32, 34, 35, 37, 38, 39, 
  40, 41, 42, 44, 50, 53, 54, 56, 60 ],
[ 1, 2, 8, 10, 11, 12, 16, 19, 21, 22, 26, 27, 31, 32, 33, 34, 35, 37, 38, 
  40, 41, 42, 44, 50, 53, 56, 57, 60 ],
[ 1, 2, 8, 10, 11, 12, 16, 19, 21, 22, 23, 26, 31, 32, 34, 35, 37, 38, 39, 
  40, 41, 42, 45, 49, 53, 54, 56, 62 ],
[ 1, 2, 8, 10, 11, 12, 16, 19, 21, 22, 23, 26, 31, 32, 33, 34, 35, 37, 38, 
  40, 41, 42, 45, 49, 53, 56, 57, 62 ],
[ 1, 2, 8, 10, 11, 12, 16, 19, 20, 21, 22, 26, 27, 31, 32, 34, 35, 36, 37, 
  38, 40, 41, 44, 50, 54, 57, 60, 63 ],
[ 1, 2, 8, 10, 11, 12, 16, 19, 20, 21, 22, 26, 27, 31, 32, 33, 34, 35, 37, 
  38, 40, 41, 44, 50, 56, 57, 60, 63 ],
[ 1, 2, 8, 10, 11, 12, 16, 19, 20, 21, 22, 23, 26, 31, 32, 34, 35, 36, 37, 
  38, 40, 41, 45, 49, 54, 57, 62, 63 ],
[ 1, 2, 8, 10, 11, 12, 16, 19, 20, 21, 22, 23, 26, 31, 32, 33, 34, 35, 37, 
  38, 40, 41, 45, 49, 56, 57, 62, 63 ],
[ 1, 2, 8, 10, 11, 12, 16, 18, 19, 21, 22, 26, 27, 31, 32, 35, 37, 38, 39, 
  40, 42, 44, 50, 53, 54, 55, 56, 60 ],
[ 1, 2, 8, 10, 11, 12, 16, 18, 19, 21, 22, 26, 27, 31, 32, 35, 36, 37, 38, 
  39, 40, 42, 44, 50, 54, 55, 60, 63 ],
[ 1, 2, 8, 10, 11, 12, 16, 18, 19, 21, 22, 26, 27, 31, 32, 34, 35, 36, 37, 
  38, 39, 40, 42, 44, 50, 53, 54, 60 ],
[ 1, 2, 8, 10, 11, 12, 16, 18, 19, 21, 22, 26, 27, 31, 32, 33, 35, 37, 38, 
  40, 42, 44, 50, 53, 55, 56, 57, 60 ],
[ 1, 2, 8, 10, 11, 12, 16, 18, 19, 21, 22, 26, 27, 31, 32, 33, 35, 36, 37, 
  38, 40, 42, 44, 50, 55, 57, 60, 63 ],
[ 1, 2, 8, 10, 11, 12, 16, 18, 19, 21, 22, 23, 26, 31, 32, 35, 37, 38, 39, 
  40, 42, 45, 49, 53, 54, 55, 56, 62 ],
[ 1, 2, 8, 10, 11, 12, 16, 18, 19, 21, 22, 23, 26, 31, 32, 35, 36, 37, 38, 
  39, 40, 42, 45, 49, 54, 55, 62, 63 ],
[ 1, 2, 8, 10, 11, 12, 16, 18, 19, 21, 22, 23, 26, 31, 32, 34, 35, 36, 37, 
  38, 39, 40, 42, 45, 49, 53, 54, 62 ],
[ 1, 2, 8, 10, 11, 12, 16, 18, 19, 21, 22, 23, 26, 31, 32, 33, 35, 37, 38, 
  40, 42, 45, 49, 53, 55, 56, 57, 62 ],
[ 1, 2, 8, 10, 11, 12, 16, 18, 19, 21, 22, 23, 26, 31, 32, 33, 35, 36, 37, 
  38, 40, 42, 45, 49, 55, 57, 62, 63 ],
[ 1, 2, 8, 10, 11, 12, 16, 18, 19, 20, 21, 22, 26, 27, 31, 32, 35, 37, 38, 
  40, 44, 50, 53, 54, 55, 56, 57, 60 ],
[ 1, 2, 8, 10, 11, 12, 16, 18, 19, 20, 21, 22, 26, 27, 31, 32, 35, 36, 37, 
  38, 40, 44, 50, 54, 55, 57, 60, 63 ],
[ 1, 2, 8, 10, 11, 12, 16, 18, 19, 20, 21, 22, 26, 27, 31, 32, 34, 35, 36, 
  37, 38, 40, 44, 50, 53, 54, 57, 60 ],
[ 1, 2, 8, 10, 11, 12, 16, 18, 19, 20, 21, 22, 26, 27, 31, 32, 33, 35, 37, 
  38, 39, 40, 44, 50, 53, 55, 56, 60 ],
[ 1, 2, 8, 10, 11, 12, 16, 18, 19, 20, 21, 22, 26, 27, 31, 32, 33, 35, 36, 
  37, 38, 39, 40, 44, 50, 55, 60, 63 ],
[ 1, 2, 8, 10, 11, 12, 16, 18, 19, 20, 21, 22, 23, 26, 31, 32, 35, 37, 38, 
  40, 45, 49, 53, 54, 55, 56, 57, 62 ],
[ 1, 2, 8, 10, 11, 12, 16, 18, 19, 20, 21, 22, 23, 26, 31, 32, 35, 36, 37, 
  38, 40, 45, 49, 54, 55, 57, 62, 63 ],
[ 1, 2, 8, 10, 11, 12, 16, 18, 19, 20, 21, 22, 23, 26, 31, 32, 34, 35, 36, 
  37, 38, 40, 45, 49, 53, 54, 57, 62 ],
[ 1, 2, 8, 10, 11, 12, 16, 18, 19, 20, 21, 22, 23, 26, 31, 32, 33, 35, 37, 
  38, 39, 40, 45, 49, 53, 55, 56, 62 ],
[ 1, 2, 8, 10, 11, 12, 16, 18, 19, 20, 21, 22, 23, 26, 31, 32, 33, 35, 36, 
  37, 38, 39, 40, 45, 49, 55, 62, 63 ],
[ 1, 2, 8, 10, 11, 12, 16, 17, 19, 20, 21, 22, 26, 27, 31, 32, 35, 36, 37, 
  38, 41, 44, 50, 54, 55, 57, 60, 63 ],
[ 1, 2, 8, 10, 11, 12, 16, 17, 19, 20, 21, 22, 26, 27, 31, 32, 34, 35, 37, 
  38, 39, 41, 44, 50, 53, 54, 56, 60 ],
[ 1, 2, 8, 10, 11, 12, 16, 17, 19, 20, 21, 22, 23, 26, 31, 32, 35, 37, 38, 
  41, 45, 49, 53, 54, 55, 56, 57, 62 ],
[ 1, 2, 8, 10, 11, 12, 16, 17, 19, 20, 21, 22, 23, 26, 31, 32, 35, 36, 37, 
  38, 41, 45, 49, 54, 55, 57, 62, 63 ],
[ 1, 2, 8, 10, 11, 12, 16, 17, 19, 20, 21, 22, 23, 26, 31, 32, 34, 35, 37, 
  38, 39, 41, 45, 49, 53, 54, 56, 62 ],
[ 1, 2, 8, 10, 11, 12, 16, 17, 19, 20, 21, 22, 23, 26, 31, 32, 34, 35, 36, 
  37, 38, 41, 45, 49, 53, 54, 57, 62 ],
[ 1, 2, 8, 10, 11, 12, 15, 16, 19, 21, 22, 26, 27, 31, 32, 35, 36, 37, 39, 
  40, 41, 42, 44, 50, 54, 55, 60, 63 ],
[ 1, 2, 8, 10, 11, 12, 15, 16, 19, 21, 22, 26, 27, 31, 32, 33, 35, 37, 40, 
  41, 42, 44, 50, 53, 55, 56, 57, 60 ],
[ 1, 2, 8, 10, 11, 12, 15, 16, 19, 21, 22, 26, 27, 31, 32, 33, 35, 37, 39, 
  40, 41, 42, 44, 50, 55, 56, 60, 63 ],
[ 1, 2, 8, 10, 11, 12, 15, 16, 19, 21, 22, 23, 26, 31, 32, 35, 36, 37, 39, 
  40, 41, 42, 45, 49, 54, 55, 62, 63 ],
[ 1, 2, 8, 10, 11, 12, 15, 16, 19, 21, 22, 23, 26, 31, 32, 33, 35, 37, 40, 
  41, 42, 45, 49, 53, 55, 56, 57, 62 ],
[ 1, 2, 8, 10, 11, 12, 15, 16, 19, 21, 22, 23, 26, 31, 32, 33, 35, 37, 39, 
  40, 41, 42, 45, 49, 55, 56, 62, 63 ],
[ 1, 2, 8, 10, 11, 12, 15, 16, 19, 20, 21, 22, 23, 26, 31, 32, 35, 37, 40, 
  41, 45, 49, 53, 54, 55, 56, 57, 62 ],
[ 1, 2, 8, 10, 11, 12, 15, 16, 18, 19, 21, 22, 26, 27, 31, 32, 35, 36, 37, 
  39, 40, 42, 44, 50, 53, 54, 55, 60 ],
[ 1, 2, 8, 10, 11, 12, 15, 16, 18, 19, 21, 22, 26, 27, 31, 32, 33, 34, 35, 
  37, 39, 40, 42, 44, 50, 56, 60, 63 ],
[ 1, 2, 8, 10, 11, 12, 15, 16, 18, 19, 21, 22, 26, 27, 31, 32, 33, 34, 35, 
  36, 37, 40, 42, 44, 50, 57, 60, 63 ],
[ 1, 2, 8, 10, 11, 12, 15, 16, 18, 19, 21, 22, 23, 26, 31, 32, 35, 36, 37, 
  39, 40, 42, 45, 49, 53, 54, 55, 62 ],
[ 1, 2, 8, 10, 11, 12, 15, 16, 18, 19, 21, 22, 23, 26, 31, 32, 33, 34, 35, 
  37, 40, 42, 45, 49, 53, 56, 57, 62 ],
[ 1, 2, 8, 10, 11, 12, 15, 16, 18, 19, 21, 22, 23, 26, 31, 32, 33, 34, 35, 
  37, 39, 40, 42, 45, 49, 56, 62, 63 ],
[ 1, 2, 8, 10, 11, 12, 15, 16, 18, 19, 21, 22, 23, 26, 31, 32, 33, 34, 35, 
  36, 37, 40, 42, 45, 49, 57, 62, 63 ],
[ 1, 2, 8, 10, 11, 12, 15, 16, 18, 19, 21, 22, 23, 26, 31, 32, 33, 34, 35, 
  36, 37, 39, 40, 42, 45, 49, 53, 62 ],
[ 1, 2, 8, 10, 11, 12, 15, 16, 18, 19, 20, 21, 22, 26, 27, 31, 32, 33, 34, 
  35, 37, 40, 44, 50, 56, 57, 60, 63 ],
[ 1, 2, 8, 10, 11, 12, 15, 16, 18, 19, 20, 21, 22, 26, 27, 31, 32, 33, 34, 
  35, 36, 37, 39, 40, 44, 50, 60, 63 ],
[ 1, 2, 8, 10, 11, 12, 15, 16, 18, 19, 20, 21, 22, 23, 26, 31, 32, 35, 36, 
  37, 40, 45, 49, 53, 54, 55, 57, 62 ],
[ 1, 2, 8, 10, 11, 12, 15, 16, 18, 19, 20, 21, 22, 23, 26, 31, 32, 33, 34, 
  35, 37, 40, 45, 49, 56, 57, 62, 63 ],
[ 1, 2, 8, 10, 11, 12, 15, 16, 18, 19, 20, 21, 22, 23, 26, 31, 32, 33, 34, 
  35, 37, 39, 40, 45, 49, 53, 56, 62 ],
[ 1, 2, 8, 10, 11, 12, 15, 16, 18, 19, 20, 21, 22, 23, 26, 31, 32, 33, 34, 
  35, 36, 37, 40, 45, 49, 53, 57, 62 ],
[ 1, 2, 8, 10, 11, 12, 15, 16, 18, 19, 20, 21, 22, 23, 26, 31, 32, 33, 34, 
  35, 36, 37, 39, 40, 45, 49, 62, 63 ],
[ 1, 2, 8, 10, 11, 12, 15, 16, 17, 19, 21, 22, 26, 27, 31, 32, 33, 35, 36, 
  37, 41, 42, 44, 50, 53, 55, 57, 60 ],
[ 1, 2, 8, 10, 11, 12, 15, 16, 17, 19, 21, 22, 23, 26, 31, 32, 33, 35, 36, 
  37, 41, 42, 45, 49, 53, 55, 57, 62 ],
[ 1, 2, 8, 10, 11, 12, 15, 16, 17, 19, 20, 21, 22, 26, 27, 31, 32, 35, 36, 
  37, 39, 41, 44, 50, 54, 55, 60, 63 ],
[ 1, 2, 8, 10, 11, 12, 15, 16, 17, 19, 20, 21, 22, 26, 27, 31, 32, 33, 35, 
  37, 39, 41, 44, 50, 55, 56, 60, 63 ],
[ 1, 2, 8, 10, 11, 12, 15, 16, 17, 19, 20, 21, 22, 26, 27, 31, 32, 33, 34, 
  35, 37, 41, 44, 50, 56, 57, 60, 63 ],
[ 1, 2, 8, 10, 11, 12, 15, 16, 17, 19, 20, 21, 22, 23, 26, 31, 32, 35, 36, 
  37, 39, 41, 45, 49, 54, 55, 62, 63 ],
[ 1, 2, 8, 10, 11, 12, 15, 16, 17, 19, 20, 21, 22, 23, 26, 31, 32, 33, 35, 
  37, 39, 41, 45, 49, 55, 56, 62, 63 ],
[ 1, 2, 8, 10, 11, 12, 15, 16, 17, 19, 20, 21, 22, 23, 26, 31, 32, 33, 34, 
  35, 37, 41, 45, 49, 56, 57, 62, 63 ],
[ 1, 2, 8, 10, 11, 12, 14, 16, 19, 21, 22, 26, 27, 31, 32, 34, 35, 38, 39, 
  40, 41, 42, 44, 50, 54, 56, 60, 63 ],
[ 1, 2, 8, 10, 11, 12, 14, 16, 19, 21, 22, 26, 27, 31, 32, 34, 35, 36, 38, 
  40, 41, 42, 44, 50, 54, 57, 60, 63 ],
[ 1, 2, 8, 10, 11, 12, 14, 16, 18, 19, 21, 22, 26, 27, 31, 32, 35, 38, 40, 
  42, 44, 50, 53, 54, 55, 56, 57, 60 ],
[ 1, 2, 8, 10, 11, 12, 14, 16, 18, 19, 21, 22, 26, 27, 31, 32, 33, 35, 38, 
  39, 40, 42, 44, 50, 53, 55, 56, 60 ],
[ 1, 2, 8, 10, 11, 12, 14, 16, 18, 19, 21, 22, 26, 27, 31, 32, 33, 34, 35, 
  38, 39, 40, 42, 44, 50, 56, 60, 63 ],
[ 1, 2, 8, 10, 11, 12, 14, 16, 18, 19, 21, 22, 23, 26, 31, 32, 33, 35, 38, 
  39, 40, 42, 45, 49, 53, 55, 56, 62 ],
[ 1, 2, 8, 10, 11, 12, 14, 16, 18, 19, 21, 22, 23, 26, 31, 32, 33, 35, 36, 
  38, 39, 40, 42, 45, 49, 55, 62, 63 ],
[ 1, 2, 8, 10, 11, 12, 14, 16, 18, 19, 21, 22, 23, 26, 31, 32, 33, 34, 35, 
  38, 39, 40, 42, 45, 49, 56, 62, 63 ],
[ 1, 2, 8, 10, 11, 12, 14, 16, 18, 19, 20, 21, 22, 26, 27, 31, 32, 33, 35, 
  38, 40, 44, 50, 53, 55, 56, 57, 60 ],
[ 1, 2, 8, 10, 11, 12, 14, 16, 18, 19, 20, 21, 22, 23, 26, 31, 32, 35, 36, 
  38, 39, 40, 45, 49, 54, 55, 62, 63 ],
[ 1, 2, 8, 10, 11, 12, 14, 16, 18, 19, 20, 21, 22, 23, 26, 31, 32, 33, 35, 
  38, 40, 45, 49, 53, 55, 56, 57, 62 ],
[ 1, 2, 8, 10, 11, 12, 14, 16, 18, 19, 20, 21, 22, 23, 26, 31, 32, 33, 35, 
  36, 38, 40, 45, 49, 55, 57, 62, 63 ],
[ 1, 2, 8, 10, 11, 12, 14, 16, 17, 19, 21, 22, 26, 27, 31, 32, 34, 35, 36, 
  38, 41, 42, 44, 50, 53, 54, 57, 60 ],
[ 1, 2, 8, 10, 11, 12, 14, 16, 17, 19, 21, 22, 26, 27, 31, 32, 33, 34, 35, 
  38, 41, 42, 44, 50, 53, 56, 57, 60 ],
[ 1, 2, 8, 10, 11, 12, 14, 16, 17, 19, 21, 22, 23, 26, 31, 32, 34, 35, 36, 
  38, 41, 42, 45, 49, 53, 54, 57, 62 ],
[ 1, 2, 8, 10, 11, 12, 14, 16, 17, 19, 21, 22, 23, 26, 31, 32, 33, 34, 35, 
  38, 41, 42, 45, 49, 53, 56, 57, 62 ],
[ 1, 2, 8, 10, 11, 12, 14, 16, 17, 19, 20, 21, 22, 26, 27, 31, 32, 33, 35, 
  38, 41, 44, 50, 53, 55, 56, 57, 60 ],
[ 1, 2, 8, 10, 11, 12, 14, 16, 17, 19, 20, 21, 22, 23, 26, 31, 32, 34, 35, 
  38, 39, 41, 45, 49, 54, 56, 62, 63 ],
[ 1, 2, 8, 10, 11, 12, 14, 16, 17, 19, 20, 21, 22, 23, 26, 31, 32, 33, 35, 
  38, 41, 45, 49, 53, 55, 56, 57, 62 ],
[ 1, 2, 8, 10, 11, 12, 14, 16, 17, 19, 20, 21, 22, 23, 26, 31, 32, 33, 35, 
  36, 38, 41, 45, 49, 55, 57, 62, 63 ],
[ 1, 2, 8, 10, 11, 12, 14, 15, 16, 19, 21, 22, 26, 27, 31, 32, 35, 36, 40, 
  41, 42, 44, 50, 54, 55, 57, 60, 63 ],
[ 1, 2, 8, 10, 11, 12, 14, 15, 16, 19, 20, 21, 22, 26, 27, 31, 32, 35, 40, 
  41, 44, 50, 54, 55, 56, 57, 60, 63 ],
[ 1, 2, 8, 10, 11, 12, 14, 15, 16, 19, 20, 21, 22, 23, 26, 31, 32, 35, 40, 
  41, 45, 49, 54, 55, 56, 57, 62, 63 ],
[ 1, 2, 8, 10, 11, 12, 14, 15, 16, 18, 19, 21, 22, 26, 27, 31, 32, 33, 35, 
  39, 40, 42, 44, 50, 55, 56, 60, 63 ],
[ 1, 2, 8, 10, 11, 12, 14, 15, 16, 18, 19, 21, 22, 23, 26, 31, 32, 33, 35, 
  39, 40, 42, 45, 49, 55, 56, 62, 63 ],
[ 1, 2, 8, 10, 11, 12, 14, 15, 16, 18, 19, 20, 21, 22, 23, 26, 31, 32, 34, 
  35, 40, 45, 49, 54, 56, 57, 62, 63 ],
[ 1, 2, 8, 10, 11, 12, 14, 15, 16, 18, 19, 20, 21, 22, 23, 26, 31, 32, 34, 
  35, 39, 40, 45, 49, 53, 54, 56, 62 ],
[ 1, 2, 8, 10, 11, 12, 14, 15, 16, 18, 19, 20, 21, 22, 23, 26, 31, 32, 33, 
  35, 40, 45, 49, 55, 56, 57, 62, 63 ],
[ 1, 2, 8, 10, 11, 12, 14, 15, 16, 17, 19, 21, 22, 26, 27, 31, 32, 33, 35, 
  36, 41, 42, 44, 50, 55, 57, 60, 63 ],
[ 1, 2, 8, 10, 11, 12, 13, 16, 19, 21, 22, 26, 27, 31, 32, 33, 34, 37, 38, 
  40, 41, 42, 44, 50, 56, 57, 60, 63 ],
[ 1, 2, 8, 10, 11, 12, 13, 16, 19, 21, 22, 26, 27, 31, 32, 33, 34, 36, 37, 
  38, 40, 41, 42, 44, 50, 53, 57, 60 ],
[ 1, 2, 8, 10, 11, 12, 13, 16, 18, 19, 21, 22, 26, 27, 31, 32, 34, 37, 38, 
  40, 42, 44, 50, 54, 56, 57, 60, 63 ],
[ 1, 2, 8, 10, 11, 12, 13, 16, 18, 19, 21, 22, 26, 27, 31, 32, 34, 36, 37, 
  38, 40, 42, 44, 50, 53, 54, 57, 60 ],
[ 1, 2, 8, 10, 11, 12, 13, 16, 18, 19, 21, 22, 23, 26, 31, 32, 37, 38, 39, 
  40, 42, 45, 49, 54, 55, 56, 62, 63 ],
[ 1, 2, 8, 10, 11, 12, 13, 16, 18, 19, 21, 22, 23, 26, 31, 32, 34, 37, 38, 
  40, 42, 45, 49, 54, 56, 57, 62, 63 ],
[ 1, 2, 8, 10, 11, 12, 13, 16, 18, 19, 21, 22, 23, 26, 31, 32, 34, 36, 37, 
  38, 40, 42, 45, 49, 53, 54, 57, 62 ],
[ 1, 2, 8, 10, 11, 12, 13, 16, 18, 19, 20, 21, 22, 26, 27, 31, 32, 34, 37, 
  38, 39, 40, 44, 50, 54, 56, 60, 63 ],
[ 1, 2, 8, 10, 11, 12, 13, 16, 18, 19, 20, 21, 22, 26, 27, 31, 32, 34, 36, 
  37, 38, 39, 40, 44, 50, 53, 54, 60 ],
[ 1, 2, 8, 10, 11, 12, 13, 16, 18, 19, 20, 21, 22, 23, 26, 31, 32, 34, 37, 
  38, 39, 40, 45, 49, 54, 56, 62, 63 ],
[ 1, 2, 8, 10, 11, 12, 13, 16, 18, 19, 20, 21, 22, 23, 26, 31, 32, 34, 36, 
  37, 38, 39, 40, 45, 49, 53, 54, 62 ],
[ 1, 2, 8, 10, 11, 12, 13, 16, 17, 19, 21, 22, 23, 26, 31, 32, 33, 36, 37, 
  38, 41, 42, 45, 49, 53, 55, 57, 62 ],
[ 1, 2, 8, 10, 11, 12, 13, 16, 17, 19, 20, 21, 22, 23, 26, 31, 32, 33, 37, 
  38, 39, 41, 45, 49, 55, 56, 62, 63 ],
[ 1, 2, 8, 10, 11, 12, 13, 15, 16, 19, 21, 22, 26, 27, 31, 32, 37, 40, 41, 
  42, 44, 50, 53, 54, 55, 56, 57, 60 ],
[ 1, 2, 8, 10, 11, 12, 13, 15, 16, 19, 21, 22, 23, 26, 31, 32, 37, 40, 41, 
  42, 45, 49, 53, 54, 55, 56, 57, 62 ],
[ 1, 2, 8, 10, 11, 12, 13, 15, 16, 19, 21, 22, 23, 26, 31, 32, 36, 37, 40, 
  41, 42, 45, 49, 54, 55, 57, 62, 63 ],
[ 1, 2, 8, 10, 11, 12, 13, 15, 16, 19, 21, 22, 23, 26, 31, 32, 34, 37, 39, 
  40, 41, 42, 45, 49, 53, 54, 56, 62 ],
[ 1, 2, 8, 10, 11, 12, 13, 15, 16, 19, 20, 21, 22, 23, 26, 31, 32, 34, 36, 
  37, 40, 41, 45, 49, 54, 57, 62, 63 ],
[ 1, 2, 8, 10, 11, 12, 13, 15, 16, 18, 19, 21, 22, 26, 27, 31, 32, 36, 37, 
  40, 42, 44, 50, 53, 54, 55, 57, 60 ],
[ 1, 2, 8, 10, 11, 12, 13, 15, 16, 18, 19, 21, 22, 23, 26, 31, 32, 37, 40, 
  42, 45, 49, 54, 55, 56, 57, 62, 63 ],
[ 1, 2, 8, 10, 11, 12, 13, 15, 16, 18, 19, 21, 22, 23, 26, 31, 32, 36, 37, 
  40, 42, 45, 49, 53, 54, 55, 57, 62 ],
[ 1, 2, 8, 10, 11, 12, 13, 15, 16, 18, 19, 21, 22, 23, 26, 31, 32, 34, 37, 
  39, 40, 42, 45, 49, 54, 56, 62, 63 ],
[ 1, 2, 8, 10, 11, 12, 13, 15, 16, 18, 19, 20, 21, 22, 26, 27, 31, 32, 36, 
  37, 39, 40, 44, 50, 53, 54, 55, 60 ],
[ 1, 2, 8, 10, 11, 12, 13, 15, 16, 18, 19, 20, 21, 22, 23, 26, 31, 32, 37, 
  39, 40, 45, 49, 54, 55, 56, 62, 63 ],
[ 1, 2, 8, 10, 11, 12, 13, 15, 16, 18, 19, 20, 21, 22, 23, 26, 31, 32, 36, 
  37, 39, 40, 45, 49, 53, 54, 55, 62 ],
[ 1, 2, 8, 10, 11, 12, 13, 15, 16, 17, 19, 20, 21, 22, 23, 26, 31, 32, 33, 
  34, 36, 37, 39, 41, 45, 49, 53, 62 ],
[ 1, 2, 8, 10, 11, 12, 13, 14, 16, 19, 21, 22, 26, 27, 31, 32, 34, 38, 40, 
  41, 42, 44, 50, 54, 56, 57, 60, 63 ],
[ 1, 2, 8, 10, 11, 12, 13, 14, 16, 19, 20, 21, 22, 23, 26, 31, 32, 33, 36, 
  38, 40, 41, 45, 49, 55, 57, 62, 63 ],
[ 1, 2, 8, 10, 11, 12, 13, 14, 16, 18, 19, 21, 22, 26, 27, 31, 32, 33, 34, 
  38, 40, 42, 44, 50, 56, 57, 60, 63 ],
[ 1, 2, 8, 10, 11, 12, 13, 14, 16, 18, 19, 20, 21, 22, 23, 26, 31, 32, 33, 
  34, 36, 38, 39, 40, 45, 49, 53, 62 ],
[ 1, 2, 8, 10, 11, 12, 13, 14, 15, 16, 18, 19, 20, 21, 22, 23, 26, 31, 32, 
  33, 39, 40, 45, 49, 55, 56, 62, 63 ],
[ 1, 2, 8, 9, 10, 12, 16, 19, 21, 22, 25, 26, 29, 31, 34, 35, 37, 38, 39, 40, 
  41, 42, 48, 49, 53, 54, 56, 62 ],
[ 1, 2, 8, 9, 10, 12, 16, 19, 21, 22, 25, 26, 29, 31, 33, 34, 35, 37, 38, 40, 
  41, 42, 48, 49, 53, 56, 57, 62 ],
[ 1, 2, 8, 9, 10, 12, 16, 19, 20, 21, 22, 25, 26, 29, 31, 34, 35, 36, 37, 38, 
  40, 41, 48, 49, 54, 57, 62, 63 ],
[ 1, 2, 8, 9, 10, 12, 16, 19, 20, 21, 22, 25, 26, 29, 31, 33, 34, 35, 37, 38, 
  40, 41, 48, 49, 56, 57, 62, 63 ],
[ 1, 2, 8, 9, 10, 12, 16, 18, 19, 21, 22, 25, 26, 29, 31, 35, 37, 38, 39, 40, 
  42, 48, 49, 53, 54, 55, 56, 62 ],
[ 1, 2, 8, 9, 10, 12, 16, 18, 19, 21, 22, 25, 26, 29, 31, 35, 36, 37, 38, 39, 
  40, 42, 48, 49, 54, 55, 62, 63 ],
[ 1, 2, 8, 9, 10, 12, 16, 18, 19, 21, 22, 25, 26, 29, 31, 34, 35, 36, 37, 38, 
  39, 40, 42, 48, 49, 53, 54, 62 ],
[ 1, 2, 8, 9, 10, 12, 16, 18, 19, 21, 22, 25, 26, 29, 31, 33, 35, 37, 38, 40, 
  42, 48, 49, 53, 55, 56, 57, 62 ],
[ 1, 2, 8, 9, 10, 12, 16, 18, 19, 21, 22, 25, 26, 29, 31, 33, 35, 36, 37, 38, 
  40, 42, 48, 49, 55, 57, 62, 63 ],
[ 1, 2, 8, 9, 10, 12, 16, 18, 19, 20, 21, 22, 25, 26, 29, 31, 35, 37, 38, 40, 
  48, 49, 53, 54, 55, 56, 57, 62 ],
[ 1, 2, 8, 9, 10, 12, 16, 18, 19, 20, 21, 22, 25, 26, 29, 31, 35, 36, 37, 38, 
  40, 48, 49, 54, 55, 57, 62, 63 ],
[ 1, 2, 8, 9, 10, 12, 16, 18, 19, 20, 21, 22, 25, 26, 29, 31, 34, 35, 36, 37, 
  38, 40, 48, 49, 53, 54, 57, 62 ],
[ 1, 2, 8, 9, 10, 12, 16, 18, 19, 20, 21, 22, 25, 26, 29, 31, 33, 35, 37, 38, 
  39, 40, 48, 49, 53, 55, 56, 62 ],
[ 1, 2, 8, 9, 10, 12, 16, 18, 19, 20, 21, 22, 25, 26, 29, 31, 33, 35, 36, 37, 
  38, 39, 40, 48, 49, 55, 62, 63 ],
[ 1, 2, 8, 9, 10, 12, 16, 17, 19, 20, 21, 22, 25, 26, 29, 31, 35, 37, 38, 41, 
  48, 49, 53, 54, 55, 56, 57, 62 ],
[ 1, 2, 8, 9, 10, 12, 16, 17, 19, 20, 21, 22, 25, 26, 29, 31, 35, 36, 37, 38, 
  41, 48, 49, 54, 55, 57, 62, 63 ],
[ 1, 2, 8, 9, 10, 12, 16, 17, 19, 20, 21, 22, 25, 26, 29, 31, 34, 35, 37, 38, 
  39, 41, 48, 49, 53, 54, 56, 62 ],
[ 1, 2, 8, 9, 10, 12, 16, 17, 19, 20, 21, 22, 25, 26, 29, 31, 34, 35, 36, 37, 
  38, 41, 48, 49, 53, 54, 57, 62 ],
[ 1, 2, 8, 9, 10, 12, 15, 16, 19, 21, 22, 25, 26, 29, 31, 35, 36, 37, 39, 40, 
  41, 42, 48, 49, 54, 55, 62, 63 ],
[ 1, 2, 8, 9, 10, 12, 15, 16, 19, 21, 22, 25, 26, 29, 31, 33, 35, 37, 40, 41, 
  42, 48, 49, 53, 55, 56, 57, 62 ],
[ 1, 2, 8, 9, 10, 12, 15, 16, 19, 21, 22, 25, 26, 29, 31, 33, 35, 37, 39, 40, 
  41, 42, 48, 49, 55, 56, 62, 63 ],
[ 1, 2, 8, 9, 10, 12, 15, 16, 19, 20, 21, 22, 25, 26, 29, 31, 35, 37, 40, 41, 
  48, 49, 53, 54, 55, 56, 57, 62 ],
[ 1, 2, 8, 9, 10, 12, 15, 16, 18, 19, 21, 22, 25, 26, 29, 31, 35, 36, 37, 39, 
  40, 42, 48, 49, 53, 54, 55, 62 ],
[ 1, 2, 8, 9, 10, 12, 15, 16, 18, 19, 21, 22, 25, 26, 29, 31, 33, 34, 35, 37, 
  40, 42, 48, 49, 53, 56, 57, 62 ],
[ 1, 2, 8, 9, 10, 12, 15, 16, 18, 19, 21, 22, 25, 26, 29, 31, 33, 34, 35, 37, 
  39, 40, 42, 48, 49, 56, 62, 63 ],
[ 1, 2, 8, 9, 10, 12, 15, 16, 18, 19, 21, 22, 25, 26, 29, 31, 33, 34, 35, 36, 
  37, 40, 42, 48, 49, 57, 62, 63 ],
[ 1, 2, 8, 9, 10, 12, 15, 16, 18, 19, 21, 22, 25, 26, 29, 31, 33, 34, 35, 36, 
  37, 39, 40, 42, 48, 49, 53, 62 ],
[ 1, 2, 8, 9, 10, 12, 15, 16, 18, 19, 20, 21, 22, 25, 26, 29, 31, 35, 36, 37, 
  40, 48, 49, 53, 54, 55, 57, 62 ],
[ 1, 2, 8, 9, 10, 12, 15, 16, 18, 19, 20, 21, 22, 25, 26, 29, 31, 33, 34, 35, 
  37, 40, 48, 49, 56, 57, 62, 63 ],
[ 1, 2, 8, 9, 10, 12, 15, 16, 18, 19, 20, 21, 22, 25, 26, 29, 31, 33, 34, 35, 
  37, 39, 40, 48, 49, 53, 56, 62 ],
[ 1, 2, 8, 9, 10, 12, 15, 16, 18, 19, 20, 21, 22, 25, 26, 29, 31, 33, 34, 35, 
  36, 37, 40, 48, 49, 53, 57, 62 ],
[ 1, 2, 8, 9, 10, 12, 15, 16, 18, 19, 20, 21, 22, 25, 26, 29, 31, 33, 34, 35, 
  36, 37, 39, 40, 48, 49, 62, 63 ],
[ 1, 2, 8, 9, 10, 12, 15, 16, 17, 19, 21, 22, 25, 26, 29, 31, 33, 35, 36, 37, 
  41, 42, 48, 49, 53, 55, 57, 62 ],
[ 1, 2, 8, 9, 10, 12, 15, 16, 17, 19, 20, 21, 22, 25, 26, 29, 31, 35, 36, 37, 
  41, 48, 49, 53, 54, 55, 57, 62 ],
[ 1, 2, 8, 9, 10, 12, 15, 16, 17, 19, 20, 21, 22, 25, 26, 29, 31, 35, 36, 37, 
  39, 41, 48, 49, 54, 55, 62, 63 ],
[ 1, 2, 8, 9, 10, 12, 15, 16, 17, 19, 20, 21, 22, 25, 26, 29, 31, 33, 35, 37, 
  39, 41, 48, 49, 55, 56, 62, 63 ],
[ 1, 2, 8, 9, 10, 12, 15, 16, 17, 19, 20, 21, 22, 25, 26, 29, 31, 33, 34, 35, 
  37, 41, 48, 49, 56, 57, 62, 63 ],
[ 1, 2, 8, 9, 10, 12, 15, 16, 17, 19, 20, 21, 22, 25, 26, 29, 31, 33, 34, 35, 
  36, 37, 41, 48, 49, 53, 57, 62 ],
[ 1, 2, 8, 9, 10, 12, 14, 16, 18, 19, 20, 21, 22, 25, 26, 29, 31, 33, 35, 38, 
  40, 48, 49, 53, 55, 56, 57, 62 ],
[ 1, 2, 8, 9, 10, 12, 14, 16, 18, 19, 20, 21, 22, 25, 26, 29, 31, 33, 35, 36, 
  38, 40, 48, 49, 55, 57, 62, 63 ],
[ 1, 2, 8, 9, 10, 12, 14, 16, 18, 19, 20, 21, 22, 25, 26, 29, 31, 33, 34, 35, 
  38, 40, 48, 49, 56, 57, 62, 63 ],
[ 1, 2, 8, 9, 10, 12, 14, 16, 17, 19, 21, 22, 25, 26, 29, 31, 33, 34, 35, 38, 
  41, 42, 48, 49, 53, 56, 57, 62 ],
[ 1, 2, 8, 9, 10, 12, 14, 15, 16, 18, 19, 21, 22, 25, 26, 29, 31, 34, 35, 39, 
  40, 42, 48, 49, 54, 56, 62, 63 ],
[ 1, 2, 8, 9, 10, 12, 14, 15, 16, 18, 19, 21, 22, 25, 26, 29, 31, 34, 35, 36, 
  39, 40, 42, 48, 49, 53, 54, 62 ],
[ 1, 2, 8, 9, 10, 12, 14, 15, 16, 18, 19, 20, 21, 22, 25, 26, 29, 31, 33, 35, 
  40, 48, 49, 55, 56, 57, 62, 63 ],
[ 1, 2, 8, 9, 10, 12, 14, 15, 16, 17, 19, 21, 22, 25, 26, 29, 31, 33, 35, 36, 
  41, 42, 48, 49, 55, 57, 62, 63 ],
[ 1, 2, 8, 9, 10, 12, 14, 15, 16, 17, 19, 20, 21, 22, 25, 26, 29, 31, 34, 35, 
  41, 48, 49, 54, 56, 57, 62, 63 ],
[ 1, 2, 8, 9, 10, 12, 14, 15, 16, 17, 19, 20, 21, 22, 25, 26, 29, 31, 34, 35, 
  36, 41, 48, 49, 53, 54, 57, 62 ],
[ 1, 2, 8, 9, 10, 12, 13, 16, 18, 19, 21, 22, 25, 26, 29, 31, 34, 37, 38, 40, 
  42, 48, 49, 54, 56, 57, 62, 63 ],
[ 1, 2, 8, 9, 10, 12, 13, 16, 18, 19, 21, 22, 25, 26, 29, 31, 34, 36, 37, 38, 
  40, 42, 48, 49, 53, 54, 57, 62 ],
[ 1, 2, 8, 9, 10, 12, 13, 16, 18, 19, 20, 21, 22, 25, 26, 29, 31, 37, 38, 40, 
  48, 49, 54, 55, 56, 57, 62, 63 ],
[ 1, 2, 8, 9, 10, 12, 13, 16, 18, 19, 20, 21, 22, 25, 26, 29, 31, 34, 37, 38, 
  39, 40, 48, 49, 54, 56, 62, 63 ],
[ 1, 2, 8, 9, 10, 12, 13, 16, 18, 19, 20, 21, 22, 25, 26, 29, 31, 34, 36, 37, 
  38, 39, 40, 48, 49, 53, 54, 62 ],
[ 1, 2, 8, 9, 10, 12, 13, 16, 17, 19, 21, 22, 25, 26, 29, 31, 37, 38, 41, 42, 
  48, 49, 53, 54, 55, 56, 57, 62 ],
[ 1, 2, 8, 9, 10, 12, 13, 15, 16, 19, 21, 22, 25, 26, 29, 31, 37, 40, 41, 42, 
  48, 49, 53, 54, 55, 56, 57, 62 ],
[ 1, 2, 8, 9, 10, 12, 13, 15, 16, 19, 21, 22, 25, 26, 29, 31, 36, 37, 40, 41, 
  42, 48, 49, 54, 55, 57, 62, 63 ],
[ 1, 2, 8, 9, 10, 12, 13, 15, 16, 19, 21, 22, 25, 26, 29, 31, 34, 37, 39, 40, 
  41, 42, 48, 49, 53, 54, 56, 62 ],
[ 1, 2, 8, 9, 10, 12, 13, 15, 16, 19, 20, 21, 22, 25, 26, 29, 31, 34, 36, 37, 
  40, 41, 48, 49, 54, 57, 62, 63 ],
[ 1, 2, 8, 9, 10, 12, 13, 15, 16, 18, 19, 21, 22, 25, 26, 29, 31, 37, 40, 42, 
  48, 49, 54, 55, 56, 57, 62, 63 ],
[ 1, 2, 8, 9, 10, 12, 13, 15, 16, 18, 19, 21, 22, 25, 26, 29, 31, 36, 37, 40, 
  42, 48, 49, 53, 54, 55, 57, 62 ],
[ 1, 2, 8, 9, 10, 12, 13, 15, 16, 18, 19, 20, 21, 22, 25, 26, 29, 31, 37, 39, 
  40, 48, 49, 54, 55, 56, 62, 63 ],
[ 1, 2, 8, 9, 10, 12, 13, 15, 16, 18, 19, 20, 21, 22, 25, 26, 29, 31, 36, 37, 
  39, 40, 48, 49, 53, 54, 55, 62 ],
[ 1, 2, 8, 9, 10, 12, 13, 15, 16, 18, 19, 20, 21, 22, 25, 26, 29, 31, 34, 37, 
  40, 48, 49, 54, 56, 57, 62, 63 ],
[ 1, 2, 8, 9, 10, 12, 13, 15, 16, 17, 19, 20, 21, 22, 25, 26, 29, 31, 34, 37, 
  39, 41, 48, 49, 53, 54, 56, 62 ],
[ 1, 2, 7, 11, 12, 14, 16, 18, 21, 25, 26, 30, 31, 32, 33, 34, 35, 37, 38, 
  39, 40, 41, 42, 45, 50, 54, 60, 62 ],
[ 1, 2, 7, 11, 12, 14, 16, 18, 20, 21, 25, 26, 31, 32, 33, 34, 35, 37, 38, 
  40, 41, 45, 49, 50, 52, 54, 57, 60 ],
[ 1, 2, 7, 11, 12, 14, 16, 17, 18, 21, 25, 26, 27, 30, 31, 32, 33, 35, 37, 
  38, 39, 41, 42, 44, 45, 54, 55, 62 ],
[ 1, 2, 7, 11, 12, 14, 16, 17, 18, 21, 23, 26, 31, 32, 33, 34, 35, 37, 38, 
  41, 42, 48, 49, 50, 52, 54, 57, 60 ],
[ 1, 2, 7, 11, 12, 14, 15, 16, 17, 18, 20, 21, 26, 27, 31, 32, 33, 34, 35, 
  37, 41, 45, 48, 49, 52, 54, 57, 60 ],
[ 1, 2, 7, 11, 12, 14, 15, 16, 17, 18, 20, 21, 23, 25, 26, 30, 31, 32, 33, 
  35, 37, 39, 41, 44, 50, 54, 55, 62 ],
[ 1, 2, 7, 10, 11, 12, 14, 16, 17, 18, 20, 21, 26, 32, 33, 35, 37, 38, 41, 
  45, 48, 49, 50, 52, 54, 55, 57, 60 ],
[ 1, 2, 7, 10, 11, 12, 14, 15, 16, 17, 18, 21, 26, 32, 33, 34, 35, 37, 39, 
  41, 42, 45, 48, 49, 50, 52, 54, 60 ],
[ 1, 2, 7, 8, 11, 12, 16, 18, 21, 23, 26, 27, 31, 32, 33, 35, 36, 37, 38, 39, 
  40, 41, 42, 45, 52, 55, 62, 63 ],
[ 1, 2, 7, 8, 11, 12, 16, 18, 20, 21, 23, 26, 31, 32, 33, 35, 36, 37, 38, 40, 
  41, 45, 49, 50, 52, 55, 57, 63 ],
[ 1, 2, 7, 8, 11, 12, 16, 17, 18, 21, 23, 26, 31, 32, 33, 35, 36, 37, 38, 41, 
  42, 45, 49, 50, 52, 55, 57, 63 ],
[ 1, 2, 7, 8, 11, 12, 16, 17, 18, 20, 21, 23, 26, 27, 31, 32, 33, 35, 36, 37, 
  38, 39, 41, 45, 52, 55, 62, 63 ],
[ 1, 2, 7, 8, 11, 12, 15, 16, 18, 21, 23, 26, 27, 31, 32, 33, 34, 35, 37, 39, 
  40, 41, 42, 45, 52, 53, 56, 62 ],
[ 1, 2, 7, 8, 11, 12, 15, 16, 18, 20, 21, 23, 26, 31, 32, 33, 34, 35, 37, 40, 
  41, 45, 49, 50, 52, 53, 56, 57 ],
[ 1, 2, 7, 8, 11, 12, 15, 16, 17, 18, 21, 23, 26, 31, 32, 33, 34, 35, 37, 41, 
  42, 45, 49, 50, 52, 53, 56, 57 ],
[ 1, 2, 7, 8, 11, 12, 15, 16, 17, 18, 20, 21, 23, 26, 27, 31, 32, 33, 34, 35, 
  37, 39, 41, 45, 52, 53, 56, 62 ],
[ 1, 2, 7, 8, 9, 12, 16, 18, 21, 25, 26, 27, 29, 31, 33, 35, 36, 37, 38, 39, 
  40, 41, 42, 48, 52, 55, 62, 63 ],
[ 1, 2, 7, 8, 9, 12, 16, 18, 20, 21, 25, 26, 29, 31, 33, 35, 36, 37, 38, 40, 
  41, 48, 49, 50, 52, 55, 57, 63 ],
[ 1, 2, 7, 8, 9, 12, 16, 17, 18, 21, 25, 26, 29, 31, 33, 35, 36, 37, 38, 41, 
  42, 48, 49, 50, 52, 55, 57, 63 ],
[ 1, 2, 7, 8, 9, 12, 16, 17, 18, 20, 21, 25, 26, 27, 29, 31, 33, 35, 36, 37, 
  38, 39, 41, 48, 52, 55, 62, 63 ],
[ 1, 2, 6, 8, 10, 11, 12, 16, 19, 21, 26, 27, 31, 32, 33, 35, 37, 38, 40, 41, 
  42, 44, 50, 53, 55, 56, 57, 60 ],
[ 1, 2, 6, 8, 10, 11, 12, 16, 19, 21, 26, 27, 31, 32, 33, 35, 36, 37, 38, 40, 
  41, 42, 44, 50, 55, 57, 60, 63 ],
[ 1, 2, 6, 8, 10, 11, 12, 16, 18, 19, 21, 26, 27, 31, 32, 33, 34, 35, 37, 38, 
  40, 42, 44, 50, 53, 56, 57, 60 ],
[ 1, 2, 6, 8, 10, 11, 12, 16, 17, 19, 21, 26, 27, 31, 32, 35, 36, 37, 38, 41, 
  42, 44, 50, 54, 55, 57, 60, 63 ],
[ 1, 2, 6, 8, 10, 11, 12, 16, 17, 19, 21, 26, 27, 31, 32, 34, 35, 36, 37, 38, 
  41, 42, 44, 50, 53, 54, 57, 60 ],
[ 1, 2, 6, 8, 10, 11, 12, 16, 17, 18, 19, 21, 26, 27, 31, 32, 34, 35, 37, 38, 
  42, 44, 50, 53, 54, 56, 57, 60 ],
[ 1, 2, 6, 8, 10, 11, 12, 15, 16, 19, 21, 26, 27, 31, 32, 33, 34, 35, 36, 37, 
  40, 41, 42, 44, 50, 57, 60, 63 ],
[ 1, 2, 6, 8, 10, 11, 12, 15, 16, 18, 19, 21, 26, 27, 31, 32, 33, 35, 37, 40, 
  42, 44, 50, 53, 55, 56, 57, 60 ],
[ 1, 2, 6, 8, 10, 11, 12, 15, 16, 18, 19, 21, 26, 27, 31, 32, 33, 35, 36, 37, 
  39, 40, 42, 44, 50, 53, 55, 60 ],
[ 1, 2, 6, 8, 10, 11, 12, 15, 16, 17, 19, 21, 26, 27, 31, 32, 35, 36, 37, 41, 
  42, 44, 50, 53, 54, 55, 57, 60 ],
[ 1, 2, 6, 8, 10, 11, 12, 15, 16, 17, 19, 21, 26, 27, 31, 32, 33, 34, 35, 37, 
  41, 42, 44, 50, 56, 57, 60, 63 ],
[ 1, 2, 6, 8, 10, 11, 12, 15, 16, 17, 18, 19, 21, 26, 27, 31, 32, 35, 36, 37, 
  42, 44, 50, 54, 55, 57, 60, 63 ],
[ 1, 2, 6, 8, 10, 11, 12, 15, 16, 17, 18, 19, 21, 26, 27, 31, 32, 33, 35, 37, 
  42, 44, 50, 55, 56, 57, 60, 63 ],
[ 1, 2, 6, 8, 10, 11, 12, 14, 16, 18, 19, 21, 26, 27, 31, 32, 34, 35, 36, 38, 
  39, 40, 42, 44, 50, 53, 54, 60 ],
[ 1, 2, 6, 8, 10, 11, 12, 14, 16, 18, 19, 21, 26, 27, 31, 32, 33, 34, 35, 38, 
  39, 40, 42, 44, 50, 53, 56, 60 ],
[ 1, 2, 6, 8, 10, 11, 12, 14, 16, 17, 19, 21, 26, 27, 31, 32, 33, 34, 35, 38, 
  41, 42, 44, 50, 56, 57, 60, 63 ],
[ 1, 2, 6, 8, 10, 11, 12, 14, 15, 16, 17, 19, 21, 26, 27, 31, 32, 33, 35, 41, 
  42, 44, 50, 55, 56, 57, 60, 63 ],
[ 1, 2, 6, 8, 10, 11, 12, 13, 16, 19, 21, 26, 27, 31, 32, 34, 37, 38, 40, 41, 
  42, 44, 50, 54, 56, 57, 60, 63 ],
[ 1, 2, 6, 8, 10, 11, 12, 13, 16, 19, 21, 26, 27, 31, 32, 34, 36, 37, 38, 40, 
  41, 42, 44, 50, 53, 54, 57, 60 ],
[ 1, 2, 6, 8, 10, 11, 12, 13, 15, 16, 19, 21, 26, 27, 31, 32, 36, 37, 40, 41, 
  42, 44, 50, 53, 54, 55, 57, 60 ],
[ 1, 2, 6, 7, 12, 14, 16, 21, 22, 25, 26, 28, 30, 31, 33, 34, 35, 37, 38, 39, 
  40, 42, 45, 50, 51, 54, 60, 62 ],
[ 1, 2, 6, 7, 12, 14, 16, 20, 21, 22, 25, 26, 28, 31, 33, 34, 35, 37, 38, 40, 
  45, 49, 50, 51, 52, 54, 57, 60 ],
[ 1, 2, 6, 7, 12, 14, 16, 20, 21, 22, 23, 26, 27, 28, 30, 31, 33, 34, 35, 37, 
  38, 40, 48, 49, 51, 54, 57, 60 ],
[ 1, 2, 6, 7, 12, 14, 16, 17, 21, 22, 25, 26, 27, 28, 30, 31, 33, 35, 37, 38, 
  39, 42, 44, 45, 51, 54, 55, 62 ],
[ 1, 2, 6, 7, 12, 14, 15, 16, 21, 22, 23, 25, 26, 27, 28, 31, 33, 35, 37, 39, 
  40, 42, 44, 51, 52, 54, 55, 62 ],
[ 1, 2, 6, 7, 12, 14, 15, 16, 17, 20, 21, 22, 26, 27, 28, 31, 33, 34, 35, 37, 
  45, 48, 49, 51, 52, 54, 57, 60 ],
[ 1, 2, 6, 7, 10, 12, 14, 16, 17, 21, 22, 26, 28, 30, 33, 35, 37, 38, 39, 42, 
  45, 48, 50, 51, 54, 55, 60, 62 ],
[ 1, 2, 6, 7, 10, 12, 14, 15, 16, 17, 21, 22, 26, 28, 33, 34, 35, 37, 39, 42, 
  45, 48, 49, 50, 51, 52, 54, 60 ],
[ 1, 2, 6, 7, 9, 12, 14, 16, 21, 22, 25, 26, 29, 30, 31, 34, 35, 37, 38, 39, 
  40, 42, 45, 50, 53, 60, 62, 63 ],
[ 1, 2, 6, 7, 9, 12, 14, 16, 20, 21, 22, 25, 26, 29, 31, 34, 35, 37, 38, 40, 
  45, 49, 50, 52, 53, 57, 60, 63 ],
[ 1, 2, 6, 7, 9, 12, 14, 16, 17, 21, 22, 25, 26, 27, 29, 30, 31, 35, 37, 38, 
  39, 42, 44, 45, 53, 55, 62, 63 ],
[ 1, 2, 6, 7, 9, 12, 14, 15, 16, 21, 22, 26, 29, 30, 31, 35, 37, 39, 40, 42, 
  44, 45, 48, 50, 53, 55, 62, 63 ],
[ 1, 2, 6, 7, 9, 12, 14, 15, 16, 21, 22, 23, 25, 26, 27, 29, 31, 35, 37, 39, 
  40, 42, 44, 52, 53, 55, 62, 63 ],
[ 1, 2, 6, 7, 9, 12, 14, 15, 16, 17, 20, 21, 22, 26, 27, 29, 31, 34, 35, 37, 
  45, 48, 49, 52, 53, 57, 60, 63 ],
[ 1, 2, 6, 7, 8, 12, 16, 21, 22, 23, 26, 27, 28, 31, 33, 35, 36, 37, 38, 39, 
  40, 42, 45, 51, 52, 55, 62, 63 ],
[ 1, 2, 6, 7, 8, 12, 16, 20, 21, 22, 23, 26, 28, 31, 33, 35, 36, 37, 38, 40, 
  45, 49, 50, 51, 52, 55, 57, 63 ],
[ 1, 2, 6, 7, 8, 12, 16, 17, 21, 22, 23, 26, 28, 31, 33, 35, 36, 37, 38, 42, 
  45, 49, 50, 51, 52, 55, 57, 63 ],
[ 1, 2, 6, 7, 8, 12, 16, 17, 20, 21, 22, 23, 26, 27, 28, 31, 33, 35, 36, 37, 
  38, 39, 45, 51, 52, 55, 62, 63 ],
[ 1, 2, 6, 7, 8, 12, 14, 16, 21, 22, 23, 26, 28, 30, 31, 35, 38, 39, 40, 42, 
  45, 50, 51, 53, 54, 55, 56, 62 ],
[ 1, 2, 6, 7, 8, 12, 14, 16, 20, 21, 22, 23, 26, 27, 28, 30, 31, 35, 38, 40, 
  45, 49, 51, 53, 54, 55, 56, 57 ],
[ 1, 2, 6, 7, 8, 12, 14, 16, 17, 21, 22, 23, 26, 27, 28, 30, 31, 35, 38, 42, 
  45, 49, 51, 53, 54, 55, 56, 57 ],
[ 1, 2, 6, 7, 8, 12, 14, 16, 17, 20, 21, 22, 23, 26, 28, 30, 31, 35, 38, 39, 
  45, 50, 51, 53, 54, 55, 56, 62 ],
[ 1, 2, 6, 7, 8, 9, 12, 16, 21, 22, 26, 27, 29, 31, 33, 35, 36, 37, 38, 39, 
  40, 42, 44, 52, 55, 60, 62, 63 ],
[ 1, 2, 6, 7, 8, 9, 12, 16, 20, 21, 22, 26, 29, 31, 33, 35, 36, 37, 38, 40, 
  44, 49, 50, 52, 55, 57, 60, 63 ],
[ 1, 2, 6, 7, 8, 9, 12, 14, 16, 21, 22, 26, 29, 30, 31, 35, 38, 39, 40, 42, 
  44, 50, 53, 54, 55, 56, 60, 62 ],
[ 1, 2, 6, 7, 8, 9, 12, 14, 16, 20, 21, 22, 26, 27, 29, 30, 31, 35, 38, 40, 
  44, 49, 53, 54, 55, 56, 57, 60 ],
[ 1, 2, 4, 7, 11, 12, 14, 16, 19, 21, 25, 26, 30, 31, 32, 34, 35, 37, 38, 39, 
  40, 42, 45, 50, 53, 60, 62, 63 ],
[ 1, 2, 4, 7, 11, 12, 14, 16, 19, 20, 21, 25, 26, 31, 32, 34, 35, 37, 38, 40, 
  45, 49, 50, 52, 53, 57, 60, 63 ],
[ 1, 2, 4, 7, 11, 12, 14, 16, 17, 19, 21, 25, 26, 27, 30, 31, 32, 35, 37, 38, 
  39, 42, 44, 45, 53, 55, 62, 63 ],
[ 1, 2, 4, 7, 11, 12, 14, 15, 16, 19, 21, 26, 30, 31, 32, 35, 37, 39, 40, 42, 
  44, 45, 48, 50, 53, 55, 62, 63 ],
[ 1, 2, 4, 7, 11, 12, 14, 15, 16, 19, 20, 21, 26, 31, 32, 35, 37, 40, 44, 45, 
  48, 49, 50, 52, 53, 55, 57, 63 ],
[ 1, 2, 4, 7, 11, 12, 14, 15, 16, 17, 19, 20, 21, 26, 27, 31, 32, 34, 35, 37, 
  45, 48, 49, 52, 53, 57, 60, 63 ],
[ 1, 2, 4, 7, 8, 12, 16, 19, 21, 25, 26, 27, 28, 31, 33, 35, 36, 37, 38, 39, 
  40, 42, 48, 51, 52, 55, 62, 63 ],
[ 1, 2, 4, 7, 8, 12, 16, 17, 19, 21, 25, 26, 28, 31, 33, 35, 36, 37, 38, 42, 
  48, 49, 50, 51, 52, 55, 57, 63 ],
[ 1, 2, 4, 7, 8, 12, 14, 16, 19, 21, 25, 26, 28, 30, 31, 35, 38, 39, 40, 42, 
  48, 50, 51, 53, 54, 55, 56, 62 ],
[ 1, 2, 4, 7, 8, 12, 14, 16, 17, 19, 21, 25, 26, 27, 28, 30, 31, 35, 38, 42, 
  48, 49, 51, 53, 54, 55, 56, 57 ],
[ 1, 2, 4, 7, 8, 11, 12, 16, 19, 21, 26, 27, 31, 32, 33, 35, 36, 37, 38, 39, 
  40, 42, 44, 52, 55, 60, 62, 63 ],
[ 1, 2, 4, 7, 8, 11, 12, 16, 19, 20, 21, 26, 31, 32, 33, 35, 36, 37, 38, 40, 
  44, 49, 50, 52, 55, 57, 60, 63 ],
[ 1, 2, 4, 7, 8, 11, 12, 16, 17, 19, 21, 26, 31, 32, 33, 35, 36, 37, 38, 42, 
  44, 49, 50, 52, 55, 57, 60, 63 ],
[ 1, 2, 4, 7, 8, 11, 12, 16, 17, 19, 20, 21, 26, 27, 31, 32, 33, 35, 36, 37, 
  38, 39, 44, 52, 55, 60, 62, 63 ],
[ 1, 2, 3, 10, 11, 12, 16, 18, 19, 21, 22, 26, 27, 31, 32, 34, 36, 37, 40, 
  42, 44, 45, 48, 50, 54, 55, 57, 63 ],
[ 1, 2, 3, 10, 11, 12, 16, 18, 19, 21, 22, 26, 27, 31, 32, 33, 34, 37, 40, 
  42, 44, 45, 48, 50, 55, 56, 57, 63 ],
[ 1, 2, 3, 10, 11, 12, 13, 16, 18, 19, 21, 22, 26, 31, 32, 35, 36, 37, 40, 
  42, 44, 45, 48, 49, 54, 57, 62, 63 ],
[ 1, 2, 3, 10, 11, 12, 13, 16, 18, 19, 21, 22, 26, 31, 32, 33, 35, 37, 40, 
  42, 44, 45, 48, 49, 56, 57, 62, 63 ],
[ 1, 2, 3, 10, 11, 12, 13, 16, 18, 19, 21, 22, 23, 26, 31, 32, 35, 37, 40, 
  42, 48, 49, 53, 54, 56, 57, 60, 62 ],
[ 1, 2, 3, 10, 11, 12, 13, 16, 18, 19, 21, 22, 23, 26, 31, 32, 33, 35, 36, 
  37, 40, 42, 48, 49, 53, 57, 60, 62 ],
[ 1, 2, 3, 9, 10, 12, 15, 16, 18, 19, 21, 22, 26, 29, 31, 36, 37, 38, 40, 42, 
  44, 45, 48, 49, 54, 57, 62, 63 ],
[ 1, 2, 3, 9, 10, 12, 15, 16, 18, 19, 21, 22, 26, 29, 31, 33, 37, 38, 40, 42, 
  44, 45, 48, 49, 56, 57, 62, 63 ],
[ 1, 2, 3, 9, 10, 12, 15, 16, 18, 19, 21, 22, 23, 26, 29, 31, 37, 38, 40, 42, 
  48, 49, 53, 54, 56, 57, 60, 62 ],
[ 1, 2, 3, 9, 10, 12, 15, 16, 18, 19, 21, 22, 23, 26, 29, 31, 33, 36, 37, 38, 
  40, 42, 48, 49, 53, 57, 60, 62 ],
[ 1, 2, 3, 7, 11, 12, 13, 16, 18, 21, 26, 30, 31, 32, 33, 35, 37, 39, 40, 41, 
  42, 44, 45, 48, 50, 56, 62, 63 ],
[ 1, 2, 3, 7, 11, 12, 13, 16, 18, 21, 26, 29, 30, 31, 32, 33, 35, 37, 39, 40, 
  41, 42, 48, 51, 56, 59, 63, 64 ],
[ 1, 2, 3, 7, 11, 12, 13, 16, 18, 21, 26, 27, 30, 31, 32, 33, 35, 37, 40, 41, 
  42, 45, 48, 53, 56, 57, 60, 62 ],
[ 1, 2, 3, 7, 11, 12, 13, 16, 18, 21, 25, 26, 27, 31, 32, 35, 37, 39, 40, 41, 
  42, 45, 52, 53, 54, 56, 60, 62 ],
[ 1, 2, 3, 7, 11, 12, 13, 16, 18, 20, 21, 26, 29, 31, 32, 33, 35, 37, 39, 40, 
  41, 48, 51, 52, 53, 56, 58, 59 ],
[ 1, 2, 3, 7, 11, 12, 13, 16, 18, 20, 21, 26, 29, 30, 31, 32, 33, 35, 36, 37, 
  40, 41, 48, 51, 53, 57, 59, 64 ],
[ 1, 2, 3, 7, 11, 12, 13, 16, 18, 20, 21, 26, 28, 29, 30, 31, 32, 33, 35, 36, 
  37, 39, 40, 41, 48, 58, 59, 63 ],
[ 1, 2, 3, 7, 11, 12, 13, 16, 18, 20, 21, 26, 27, 31, 32, 33, 35, 37, 39, 40, 
  41, 45, 48, 49, 52, 53, 56, 60 ],
[ 1, 2, 3, 7, 11, 12, 13, 16, 18, 20, 21, 26, 27, 30, 31, 32, 33, 35, 36, 37, 
  39, 40, 41, 45, 48, 60, 62, 63 ],
[ 1, 2, 3, 7, 11, 12, 13, 16, 18, 20, 21, 25, 26, 27, 30, 31, 32, 35, 37, 40, 
  41, 45, 49, 53, 54, 56, 57, 60 ],
[ 1, 2, 3, 7, 11, 12, 13, 16, 18, 20, 21, 23, 26, 27, 30, 31, 32, 33, 35, 36, 
  37, 40, 41, 48, 49, 53, 57, 60 ],
[ 1, 2, 3, 7, 11, 12, 13, 16, 17, 18, 21, 26, 28, 29, 30, 31, 32, 35, 37, 39, 
  41, 42, 48, 54, 56, 58, 59, 63 ],
[ 1, 2, 3, 7, 11, 12, 13, 16, 17, 18, 20, 21, 26, 28, 29, 31, 32, 33, 35, 37, 
  39, 41, 43, 48, 52, 56, 58, 63 ],
[ 1, 2, 3, 7, 11, 12, 13, 14, 16, 18, 21, 26, 27, 31, 32, 35, 40, 41, 42, 45, 
  48, 49, 52, 53, 54, 56, 57, 60 ],
[ 1, 2, 3, 7, 11, 12, 13, 14, 16, 18, 21, 25, 26, 28, 29, 30, 31, 32, 35, 40, 
  41, 42, 43, 53, 54, 56, 57, 58 ],
[ 1, 2, 3, 7, 11, 12, 13, 14, 16, 17, 18, 21, 26, 28, 29, 31, 32, 35, 41, 42, 
  43, 48, 52, 54, 56, 57, 58, 63 ],
[ 1, 2, 3, 7, 9, 12, 15, 16, 18, 21, 26, 29, 30, 31, 34, 35, 38, 39, 40, 41, 
  42, 46, 47, 48, 50, 54, 62, 63 ],
[ 1, 2, 3, 7, 9, 12, 15, 16, 18, 21, 26, 29, 30, 31, 33, 37, 38, 39, 40, 41, 
  42, 44, 45, 48, 50, 56, 62, 63 ],
[ 1, 2, 3, 7, 9, 12, 15, 16, 18, 21, 26, 27, 29, 30, 31, 33, 37, 38, 40, 41, 
  42, 45, 48, 53, 56, 57, 60, 62 ],
[ 1, 2, 3, 7, 9, 12, 15, 16, 18, 21, 25, 26, 29, 30, 31, 35, 38, 39, 40, 41, 
  42, 47, 50, 53, 54, 55, 61, 62 ],
[ 1, 2, 3, 7, 9, 12, 15, 16, 18, 21, 25, 26, 29, 30, 31, 33, 36, 37, 38, 39, 
  40, 41, 42, 45, 50, 53, 60, 62 ],
[ 1, 2, 3, 7, 9, 12, 15, 16, 18, 20, 21, 26, 27, 29, 31, 33, 37, 38, 39, 40, 
  41, 45, 48, 49, 52, 53, 56, 60 ],
[ 1, 2, 3, 7, 9, 12, 15, 16, 18, 20, 21, 25, 26, 27, 29, 30, 31, 37, 38, 40, 
  41, 45, 49, 53, 54, 56, 57, 60 ],
[ 1, 2, 3, 7, 9, 12, 15, 16, 18, 20, 21, 24, 26, 29, 31, 33, 34, 35, 38, 40, 
  41, 48, 49, 50, 52, 53, 57, 61 ],
[ 1, 2, 3, 7, 9, 12, 15, 16, 18, 20, 21, 24, 26, 27, 29, 30, 31, 35, 38, 40, 
  41, 48, 49, 53, 54, 55, 57, 61 ],
[ 1, 2, 3, 7, 9, 12, 15, 16, 18, 20, 21, 23, 26, 29, 31, 37, 38, 40, 41, 48, 
  49, 50, 52, 53, 54, 56, 57, 60 ],
[ 1, 2, 3, 6, 10, 11, 12, 16, 19, 20, 21, 26, 27, 31, 32, 34, 36, 37, 39, 40, 
  41, 44, 45, 48, 50, 54, 55, 63 ],
[ 1, 2, 3, 6, 10, 11, 12, 16, 19, 20, 21, 26, 27, 31, 32, 33, 34, 37, 39, 40, 
  41, 44, 45, 48, 50, 55, 56, 63 ],
[ 1, 2, 3, 6, 7, 12, 13, 16, 21, 22, 26, 28, 30, 31, 33, 35, 37, 39, 40, 42, 
  44, 45, 48, 50, 51, 56, 62, 63 ],
[ 1, 2, 3, 6, 7, 12, 13, 16, 21, 22, 26, 27, 28, 30, 31, 33, 35, 37, 40, 42, 
  45, 48, 51, 53, 56, 57, 60, 62 ],
[ 1, 2, 3, 6, 7, 12, 13, 16, 21, 22, 25, 26, 27, 28, 31, 35, 37, 39, 40, 42, 
  45, 51, 52, 53, 54, 56, 60, 62 ],
[ 1, 2, 3, 6, 7, 12, 13, 16, 21, 22, 23, 26, 27, 28, 31, 33, 35, 36, 37, 39, 
  40, 42, 48, 51, 52, 53, 60, 62 ],
[ 1, 2, 3, 6, 7, 12, 13, 16, 20, 21, 22, 26, 27, 28, 31, 33, 35, 37, 39, 40, 
  45, 48, 49, 51, 52, 53, 56, 60 ],
[ 1, 2, 3, 6, 7, 12, 13, 16, 20, 21, 22, 26, 27, 28, 30, 31, 33, 35, 36, 37, 
  39, 40, 45, 48, 51, 60, 62, 63 ],
[ 1, 2, 3, 6, 7, 12, 13, 16, 20, 21, 22, 23, 26, 27, 28, 30, 31, 33, 35, 36, 
  37, 40, 48, 49, 51, 53, 57, 60 ],
[ 1, 2, 3, 6, 7, 12, 13, 14, 16, 21, 22, 26, 27, 28, 31, 35, 40, 42, 45, 48, 
  49, 51, 52, 53, 54, 56, 57, 60 ],
[ 1, 2, 3, 6, 7, 9, 12, 16, 21, 22, 26, 29, 30, 31, 33, 34, 37, 39, 40, 42, 
  44, 45, 48, 50, 55, 56, 62, 63 ],
[ 1, 2, 3, 6, 7, 9, 12, 16, 21, 22, 26, 27, 29, 30, 31, 33, 34, 37, 40, 42, 
  45, 48, 53, 55, 56, 57, 60, 62 ],
[ 1, 2, 3, 6, 7, 9, 12, 16, 21, 22, 25, 26, 29, 30, 31, 33, 34, 36, 37, 39, 
  40, 42, 45, 50, 53, 55, 60, 62 ],
[ 1, 2, 3, 6, 7, 9, 12, 16, 21, 22, 25, 26, 27, 29, 31, 34, 37, 39, 40, 42, 
  45, 52, 53, 54, 55, 56, 60, 62 ],
[ 1, 2, 3, 6, 7, 9, 12, 16, 21, 22, 23, 26, 27, 29, 31, 33, 34, 36, 37, 39, 
  40, 42, 48, 52, 53, 55, 60, 62 ],
[ 1, 2, 3, 6, 7, 9, 12, 16, 20, 21, 22, 26, 27, 29, 31, 33, 34, 37, 39, 40, 
  45, 48, 49, 52, 53, 55, 56, 60 ],
[ 1, 2, 3, 4, 7, 12, 15, 16, 19, 21, 26, 28, 30, 31, 34, 35, 38, 39, 40, 42, 
  46, 47, 48, 50, 51, 54, 62, 63 ],
[ 1, 2, 3, 4, 7, 12, 15, 16, 19, 21, 26, 28, 30, 31, 33, 37, 38, 39, 40, 42, 
  44, 45, 48, 50, 51, 56, 62, 63 ],
[ 1, 2, 3, 4, 7, 12, 15, 16, 19, 21, 26, 27, 28, 31, 33, 35, 38, 39, 40, 42, 
  46, 47, 48, 51, 52, 55, 62, 63 ],
[ 1, 2, 3, 4, 7, 12, 15, 16, 19, 21, 26, 27, 28, 30, 31, 33, 37, 38, 40, 42, 
  45, 48, 51, 53, 56, 57, 60, 62 ],
[ 1, 2, 3, 4, 7, 12, 15, 16, 19, 21, 25, 26, 28, 30, 31, 35, 38, 39, 40, 42, 
  47, 50, 51, 53, 54, 55, 61, 62 ],
[ 1, 2, 3, 4, 7, 12, 15, 16, 19, 21, 25, 26, 28, 30, 31, 33, 36, 37, 38, 39, 
  40, 42, 45, 50, 51, 53, 60, 62 ],
[ 1, 2, 3, 4, 7, 12, 15, 16, 19, 21, 25, 26, 27, 28, 31, 37, 38, 39, 40, 42, 
  45, 51, 52, 53, 54, 56, 60, 62 ],
[ 1, 2, 3, 4, 7, 12, 15, 16, 19, 20, 21, 26, 27, 28, 31, 33, 37, 38, 39, 40, 
  45, 48, 49, 51, 52, 53, 56, 60 ],
[ 1, 2, 3, 4, 7, 12, 15, 16, 19, 20, 21, 24, 25, 26, 28, 31, 33, 35, 38, 40, 
  46, 49, 50, 51, 52, 55, 57, 63 ],
[ 1, 2, 3, 4, 7, 12, 15, 16, 19, 20, 21, 23, 25, 26, 28, 31, 36, 37, 38, 40, 
  44, 49, 50, 51, 52, 54, 57, 63 ],
[ 1, 2, 3, 4, 7, 11, 12, 16, 19, 21, 26, 30, 31, 32, 33, 34, 37, 39, 40, 42, 
  44, 45, 48, 50, 55, 56, 62, 63 ],
[ 1, 2, 3, 4, 7, 11, 12, 16, 19, 21, 26, 29, 30, 31, 32, 33, 34, 37, 39, 40, 
  42, 48, 51, 55, 56, 59, 63, 64 ],
[ 1, 2, 3, 4, 7, 11, 12, 16, 19, 21, 26, 27, 30, 31, 32, 33, 34, 37, 40, 42, 
  45, 48, 53, 55, 56, 57, 60, 62 ],
[ 1, 2, 3, 4, 7, 11, 12, 16, 19, 21, 25, 26, 30, 31, 32, 33, 34, 36, 37, 39, 
  40, 42, 45, 50, 53, 55, 60, 62 ],
[ 1, 2, 3, 4, 7, 11, 12, 16, 19, 20, 21, 26, 29, 31, 32, 33, 34, 37, 39, 40, 
  48, 51, 52, 53, 55, 56, 58, 59 ],
[ 1, 2, 3, 4, 7, 11, 12, 16, 19, 20, 21, 26, 29, 30, 31, 32, 33, 34, 36, 37, 
  40, 48, 51, 53, 55, 57, 59, 64 ],
[ 1, 2, 3, 4, 7, 11, 12, 16, 19, 20, 21, 26, 28, 29, 30, 31, 32, 33, 34, 36, 
  37, 39, 40, 48, 55, 58, 59, 63 ],
[ 1, 2, 3, 4, 7, 11, 12, 16, 19, 20, 21, 26, 27, 31, 32, 33, 34, 37, 39, 40, 
  45, 48, 49, 52, 53, 55, 56, 60 ],
[ 1, 2, 3, 4, 7, 11, 12, 16, 19, 20, 21, 25, 26, 27, 30, 31, 32, 34, 37, 40, 
  45, 49, 53, 54, 55, 56, 57, 60 ],
[ 1, 2, 3, 4, 7, 11, 12, 16, 19, 20, 21, 23, 26, 27, 30, 31, 32, 33, 34, 36, 
  37, 40, 48, 49, 53, 55, 57, 60 ],
[ 1, 2, 3, 4, 7, 11, 12, 16, 17, 19, 21, 26, 28, 29, 30, 31, 32, 34, 37, 39, 
  42, 48, 54, 55, 56, 58, 59, 63 ],
[ 1, 2, 3, 4, 7, 11, 12, 16, 17, 19, 20, 21, 26, 28, 29, 31, 32, 33, 34, 37, 
  39, 43, 48, 52, 55, 56, 58, 63 ],
[ 1, 2, 3, 4, 7, 11, 12, 14, 16, 19, 21, 25, 26, 28, 29, 30, 31, 32, 34, 40, 
  42, 43, 53, 54, 55, 56, 57, 58 ],
[ 1, 2, 3, 4, 7, 11, 12, 14, 16, 17, 19, 21, 26, 28, 29, 31, 32, 34, 42, 43, 
  48, 52, 54, 55, 56, 57, 58, 63 ]
];

