## Group: [64, 171]
## Difference Sets: 156
## Time:  0:04:23.356

return [
[ 1, 7, 9, 12, 13, 15, 19, 20, 24, 28, 30, 31, 32, 34, 36, 38, 39, 40, 41, 
  42, 46, 47, 49, 50, 53, 54, 56, 61 ],
[ 1, 7, 9, 12, 13, 15, 17, 18, 19, 20, 24, 28, 30, 31, 32, 34, 36, 38, 39, 
  42, 46, 47, 49, 50, 53, 54, 56, 61 ],
[ 1, 7, 9, 12, 13, 14, 19, 20, 25, 28, 30, 31, 32, 34, 36, 37, 39, 40, 41, 
  42, 46, 48, 49, 50, 53, 54, 56, 61 ],
[ 1, 7, 9, 12, 13, 14, 17, 18, 19, 20, 25, 28, 30, 31, 32, 34, 36, 37, 39, 
  42, 46, 48, 49, 50, 53, 54, 56, 61 ],
[ 1, 7, 9, 11, 13, 16, 17, 18, 19, 20, 24, 28, 30, 32, 34, 36, 37, 38, 39, 
  42, 46, 47, 49, 50, 52, 53, 54, 61 ],
[ 1, 7, 9, 11, 13, 14, 15, 16, 19, 20, 24, 28, 30, 32, 34, 36, 39, 40, 41, 
  42, 46, 47, 49, 50, 52, 53, 54, 61 ],
[ 1, 7, 9, 10, 13, 16, 17, 18, 19, 20, 25, 28, 30, 31, 34, 36, 37, 38, 39, 
  42, 46, 48, 49, 50, 52, 53, 54, 61 ],
[ 1, 7, 9, 10, 13, 14, 15, 16, 19, 20, 25, 28, 30, 31, 34, 36, 39, 40, 41, 
  42, 46, 48, 49, 50, 52, 53, 54, 61 ],
[ 1, 7, 9, 10, 11, 12, 13, 15, 19, 20, 24, 28, 30, 34, 36, 38, 39, 40, 41, 
  42, 46, 47, 49, 50, 53, 54, 56, 61 ],
[ 1, 7, 9, 10, 11, 12, 13, 15, 17, 18, 19, 20, 24, 28, 30, 34, 36, 38, 39, 
  42, 46, 47, 49, 50, 53, 54, 56, 61 ],
[ 1, 7, 9, 10, 11, 12, 13, 14, 19, 20, 25, 28, 30, 34, 36, 37, 39, 40, 41, 
  42, 46, 48, 49, 50, 53, 54, 56, 61 ],
[ 1, 7, 9, 10, 11, 12, 13, 14, 17, 18, 19, 20, 25, 28, 30, 34, 36, 37, 39, 
  42, 46, 48, 49, 50, 53, 54, 56, 61 ],
[ 1, 7, 8, 9, 12, 15, 19, 20, 25, 28, 30, 31, 32, 33, 36, 38, 39, 40, 41, 42, 
  46, 47, 49, 50, 53, 54, 56, 63 ],
[ 1, 7, 8, 9, 12, 15, 17, 20, 21, 22, 25, 28, 30, 35, 36, 38, 39, 40, 42, 46, 
  47, 49, 50, 53, 56, 57, 59, 60 ],
[ 1, 7, 8, 9, 12, 15, 17, 20, 21, 22, 24, 27, 30, 35, 36, 38, 39, 40, 42, 46, 
  48, 49, 51, 53, 56, 57, 59, 60 ],
[ 1, 7, 8, 9, 12, 15, 17, 18, 19, 20, 25, 28, 30, 31, 32, 33, 36, 38, 39, 42, 
  46, 47, 49, 50, 53, 54, 56, 63 ],
[ 1, 7, 8, 9, 12, 14, 19, 20, 25, 28, 30, 31, 32, 34, 36, 37, 39, 40, 41, 42, 
  46, 47, 49, 50, 53, 55, 56, 63 ],
[ 1, 7, 8, 9, 12, 14, 18, 20, 21, 22, 25, 28, 30, 35, 36, 37, 39, 41, 42, 46, 
  47, 49, 50, 53, 56, 57, 59, 60 ],
[ 1, 7, 8, 9, 12, 14, 18, 20, 21, 22, 24, 27, 30, 35, 36, 37, 39, 41, 42, 46, 
  48, 49, 51, 53, 56, 57, 59, 60 ],
[ 1, 7, 8, 9, 12, 14, 17, 18, 19, 20, 25, 28, 30, 31, 32, 34, 36, 37, 39, 42, 
  46, 47, 49, 50, 53, 55, 56, 63 ],
[ 1, 7, 8, 9, 11, 16, 17, 18, 19, 20, 25, 28, 30, 32, 33, 36, 37, 38, 39, 42, 
  46, 47, 49, 50, 52, 53, 54, 63 ],
[ 1, 7, 8, 9, 11, 14, 15, 16, 19, 20, 25, 28, 30, 32, 33, 36, 39, 40, 41, 42, 
  46, 47, 49, 50, 52, 53, 54, 63 ],
[ 1, 7, 8, 9, 10, 16, 17, 18, 19, 20, 25, 28, 30, 31, 34, 36, 37, 38, 39, 42, 
  46, 47, 49, 50, 52, 53, 55, 63 ],
[ 1, 7, 8, 9, 10, 14, 15, 16, 19, 20, 25, 28, 30, 31, 34, 36, 39, 40, 41, 42, 
  46, 47, 49, 50, 52, 53, 55, 63 ],
[ 1, 6, 8, 12, 13, 15, 19, 20, 21, 26, 27, 30, 31, 32, 33, 36, 38, 39, 40, 
  41, 46, 49, 50, 53, 55, 56, 61, 62 ],
[ 1, 6, 8, 12, 13, 14, 19, 20, 21, 26, 28, 30, 31, 32, 33, 36, 37, 39, 40, 
  41, 46, 49, 51, 53, 55, 56, 61, 62 ],
[ 1, 6, 8, 11, 13, 16, 17, 18, 19, 20, 21, 26, 27, 30, 32, 33, 36, 37, 38, 
  39, 46, 49, 50, 52, 53, 55, 61, 62 ],
[ 1, 6, 8, 10, 13, 16, 17, 18, 19, 20, 21, 26, 28, 30, 31, 33, 36, 37, 38, 
  39, 46, 49, 51, 52, 53, 55, 61, 62 ],
[ 1, 6, 8, 10, 11, 12, 13, 15, 19, 20, 21, 26, 27, 30, 33, 36, 38, 39, 40, 
  41, 46, 49, 50, 53, 55, 56, 61, 62 ],
[ 1, 6, 8, 10, 11, 12, 13, 14, 19, 20, 21, 26, 28, 30, 33, 36, 37, 39, 40, 
  41, 46, 49, 51, 53, 55, 56, 61, 62 ],
[ 1, 6, 7, 8, 9, 20, 21, 27, 28, 30, 35, 36, 37, 38, 39, 40, 41, 42, 44, 46, 
  47, 48, 49, 52, 56, 57, 60, 63 ],
[ 1, 6, 7, 8, 9, 20, 21, 27, 28, 30, 35, 36, 37, 38, 39, 40, 41, 42, 43, 46, 
  47, 48, 49, 52, 56, 57, 59, 63 ],
[ 1, 6, 7, 8, 9, 18, 19, 20, 21, 30, 31, 32, 35, 36, 37, 38, 39, 41, 42, 43, 
  44, 46, 49, 52, 56, 58, 63, 64 ],
[ 1, 6, 7, 8, 9, 18, 19, 20, 21, 23, 30, 31, 32, 35, 36, 37, 38, 39, 41, 42, 
  43, 44, 45, 46, 49, 52, 56, 63 ],
[ 1, 6, 7, 8, 9, 17, 19, 20, 21, 30, 31, 32, 35, 36, 37, 38, 39, 40, 42, 43, 
  44, 46, 49, 52, 56, 58, 63, 64 ],
[ 1, 6, 7, 8, 9, 15, 16, 20, 21, 30, 31, 32, 35, 36, 38, 39, 40, 41, 42, 46, 
  49, 52, 57, 58, 59, 60, 63, 64 ],
[ 1, 6, 7, 8, 9, 15, 16, 20, 21, 23, 30, 31, 32, 35, 36, 38, 39, 40, 41, 42, 
  45, 46, 49, 52, 57, 59, 60, 63 ],
[ 1, 6, 7, 8, 9, 15, 16, 18, 19, 20, 21, 27, 28, 30, 35, 36, 38, 39, 41, 42, 
  44, 46, 47, 48, 49, 52, 60, 63 ],
[ 1, 6, 7, 8, 9, 15, 16, 18, 19, 20, 21, 27, 28, 30, 35, 36, 38, 39, 41, 42, 
  43, 46, 47, 48, 49, 52, 59, 63 ],
[ 1, 6, 7, 8, 9, 15, 16, 17, 18, 20, 21, 30, 31, 32, 35, 36, 38, 39, 42, 43, 
  44, 46, 49, 52, 57, 58, 63, 64 ],
[ 1, 6, 7, 8, 9, 14, 16, 20, 21, 30, 31, 32, 35, 36, 37, 39, 40, 41, 42, 46, 
  49, 52, 57, 58, 59, 60, 63, 64 ],
[ 1, 6, 7, 8, 9, 14, 15, 18, 19, 20, 21, 30, 31, 32, 35, 36, 39, 41, 42, 46, 
  49, 52, 56, 58, 59, 60, 63, 64 ],
[ 1, 6, 7, 8, 9, 12, 15, 19, 20, 21, 30, 31, 32, 35, 36, 38, 39, 40, 41, 42, 
  43, 46, 49, 56, 58, 59, 63, 64 ],
[ 1, 6, 7, 8, 9, 12, 15, 17, 20, 21, 30, 31, 32, 35, 36, 38, 39, 40, 42, 45, 
  46, 49, 56, 57, 58, 59, 60, 63 ],
[ 1, 6, 7, 8, 9, 12, 15, 17, 18, 19, 20, 21, 30, 31, 32, 35, 36, 38, 39, 42, 
  43, 46, 49, 56, 58, 59, 63, 64 ],
[ 1, 6, 7, 8, 9, 12, 15, 17, 18, 19, 20, 21, 23, 30, 31, 32, 35, 36, 38, 39, 
  42, 44, 45, 46, 49, 56, 60, 63 ],
[ 1, 6, 7, 8, 9, 12, 14, 19, 20, 21, 30, 31, 32, 35, 36, 37, 39, 40, 41, 42, 
  44, 46, 49, 56, 58, 60, 63, 64 ],
[ 1, 6, 7, 8, 9, 12, 14, 18, 20, 21, 30, 31, 32, 35, 36, 37, 39, 41, 42, 45, 
  46, 49, 56, 57, 58, 59, 60, 63 ],
[ 1, 6, 7, 8, 9, 12, 14, 17, 18, 19, 20, 21, 30, 31, 32, 35, 36, 37, 39, 42, 
  44, 46, 49, 56, 58, 60, 63, 64 ],
[ 1, 6, 7, 8, 9, 12, 14, 17, 18, 19, 20, 21, 23, 30, 31, 32, 35, 36, 37, 39, 
  42, 43, 45, 46, 49, 56, 59, 63 ],
[ 1, 6, 7, 8, 9, 12, 13, 15, 19, 22, 26, 28, 30, 31, 32, 34, 36, 38, 39, 40, 
  41, 46, 49, 50, 53, 54, 56, 61 ],
[ 1, 6, 7, 8, 9, 12, 13, 15, 17, 18, 19, 22, 26, 28, 30, 31, 32, 34, 36, 38, 
  39, 46, 49, 50, 53, 54, 56, 61 ],
[ 1, 6, 7, 8, 9, 11, 16, 17, 20, 21, 30, 32, 35, 36, 37, 38, 39, 40, 42, 43, 
  44, 45, 46, 49, 52, 57, 58, 63 ],
[ 1, 6, 7, 8, 9, 11, 16, 17, 18, 19, 20, 21, 30, 32, 35, 36, 37, 38, 39, 42, 
  43, 46, 49, 52, 58, 59, 63, 64 ],
[ 1, 6, 7, 8, 9, 11, 14, 15, 16, 19, 20, 21, 30, 32, 35, 36, 39, 40, 41, 42, 
  43, 46, 49, 52, 58, 59, 63, 64 ],
[ 1, 6, 7, 8, 9, 11, 14, 15, 16, 17, 20, 21, 30, 32, 35, 36, 39, 40, 42, 43, 
  44, 45, 46, 49, 52, 57, 58, 63 ],
[ 1, 6, 7, 8, 9, 11, 14, 15, 16, 17, 20, 21, 23, 30, 32, 35, 36, 39, 40, 42, 
  46, 49, 52, 57, 59, 60, 63, 64 ],
[ 1, 6, 7, 8, 9, 11, 13, 16, 17, 18, 19, 22, 26, 28, 30, 32, 34, 36, 37, 38, 
  39, 46, 49, 50, 52, 53, 54, 61 ],
[ 1, 6, 7, 8, 9, 11, 13, 14, 15, 16, 19, 22, 26, 28, 30, 32, 34, 36, 39, 40, 
  41, 46, 49, 50, 52, 53, 54, 61 ],
[ 1, 6, 7, 8, 9, 10, 16, 18, 20, 21, 30, 31, 35, 36, 37, 38, 39, 41, 42, 43, 
  44, 45, 46, 49, 52, 57, 58, 63 ],
[ 1, 6, 7, 8, 9, 10, 16, 17, 18, 19, 20, 21, 30, 31, 35, 36, 37, 38, 39, 42, 
  44, 46, 49, 52, 58, 60, 63, 64 ],
[ 1, 6, 7, 8, 9, 10, 14, 15, 16, 19, 20, 21, 30, 31, 35, 36, 39, 40, 41, 42, 
  44, 46, 49, 52, 58, 60, 63, 64 ],
[ 1, 6, 7, 8, 9, 10, 14, 15, 16, 18, 20, 21, 30, 31, 35, 36, 39, 41, 42, 43, 
  44, 45, 46, 49, 52, 57, 58, 63 ],
[ 1, 6, 7, 8, 9, 10, 14, 15, 16, 18, 20, 21, 23, 30, 31, 35, 36, 39, 41, 42, 
  46, 49, 52, 57, 59, 60, 63, 64 ],
[ 1, 6, 7, 8, 9, 10, 11, 12, 15, 17, 20, 21, 30, 35, 36, 38, 39, 40, 42, 43, 
  44, 45, 46, 49, 56, 57, 58, 63 ],
[ 1, 6, 7, 8, 9, 10, 11, 12, 14, 18, 20, 21, 30, 35, 36, 37, 39, 41, 42, 43, 
  44, 45, 46, 49, 56, 57, 58, 63 ],
[ 1, 6, 7, 8, 9, 10, 11, 12, 13, 15, 19, 22, 26, 28, 30, 34, 36, 38, 39, 40, 
  41, 46, 49, 50, 53, 54, 56, 61 ],
[ 1, 6, 7, 8, 9, 10, 11, 12, 13, 15, 17, 18, 19, 22, 26, 28, 30, 34, 36, 38, 
  39, 46, 49, 50, 53, 54, 56, 61 ],
[ 1, 5, 7, 8, 9, 12, 13, 14, 19, 21, 26, 28, 30, 31, 32, 34, 36, 37, 39, 40, 
  41, 46, 49, 50, 53, 54, 56, 61 ],
[ 1, 5, 7, 8, 9, 12, 13, 14, 17, 18, 19, 21, 26, 28, 30, 31, 32, 34, 36, 37, 
  39, 46, 49, 50, 53, 54, 56, 61 ],
[ 1, 5, 7, 8, 9, 10, 13, 16, 17, 18, 19, 21, 26, 28, 30, 31, 34, 36, 37, 38, 
  39, 46, 49, 50, 52, 53, 54, 61 ],
[ 1, 5, 7, 8, 9, 10, 13, 14, 15, 16, 19, 21, 26, 28, 30, 31, 34, 36, 39, 40, 
  41, 46, 49, 50, 52, 53, 54, 61 ],
[ 1, 5, 7, 8, 9, 10, 11, 12, 13, 14, 19, 21, 26, 28, 30, 34, 36, 37, 39, 40, 
  41, 46, 49, 50, 53, 54, 56, 61 ],
[ 1, 5, 7, 8, 9, 10, 11, 12, 13, 14, 17, 18, 19, 21, 26, 28, 30, 34, 36, 37, 
  39, 46, 49, 50, 53, 54, 56, 61 ],
[ 1, 3, 8, 9, 11, 16, 17, 21, 22, 25, 28, 30, 32, 33, 34, 35, 36, 39, 40, 42, 
  46, 47, 49, 50, 52, 53, 56, 57 ],
[ 1, 3, 6, 12, 13, 16, 19, 20, 21, 25, 27, 30, 31, 32, 33, 36, 39, 40, 41, 
  46, 48, 49, 50, 53, 55, 56, 61, 62 ],
[ 1, 3, 6, 12, 13, 16, 19, 20, 21, 24, 28, 30, 31, 32, 33, 36, 39, 40, 41, 
  46, 47, 49, 51, 53, 55, 56, 61, 62 ],
[ 1, 3, 6, 11, 13, 16, 17, 20, 21, 26, 27, 28, 29, 30, 32, 33, 36, 39, 40, 
  46, 47, 48, 49, 52, 53, 55, 56, 57 ],
[ 1, 3, 6, 8, 12, 16, 19, 20, 21, 25, 28, 30, 31, 32, 33, 36, 39, 40, 41, 46, 
  47, 49, 51, 53, 54, 56, 62, 63 ],
[ 1, 3, 6, 8, 12, 16, 19, 20, 21, 25, 27, 30, 31, 32, 34, 36, 39, 40, 41, 46, 
  47, 49, 50, 53, 55, 56, 62, 63 ],
[ 1, 3, 6, 8, 12, 16, 17, 18, 19, 20, 21, 25, 28, 30, 31, 32, 33, 36, 39, 46, 
  47, 49, 51, 53, 54, 56, 62, 63 ],
[ 1, 3, 6, 8, 12, 16, 17, 18, 19, 20, 21, 25, 27, 30, 31, 32, 34, 36, 39, 46, 
  47, 49, 50, 53, 55, 56, 62, 63 ],
[ 1, 3, 6, 8, 9, 12, 16, 19, 20, 22, 25, 28, 30, 31, 32, 34, 36, 39, 40, 41, 
  46, 48, 49, 51, 53, 54, 56, 63 ],
[ 1, 3, 6, 8, 9, 12, 16, 19, 20, 22, 25, 27, 30, 31, 32, 34, 36, 39, 40, 41, 
  46, 48, 49, 50, 53, 54, 56, 63 ],
[ 1, 3, 6, 8, 9, 12, 16, 19, 20, 22, 24, 28, 30, 31, 32, 34, 36, 39, 40, 41, 
  46, 47, 49, 51, 53, 54, 56, 63 ],
[ 1, 3, 6, 8, 9, 12, 16, 19, 20, 22, 24, 27, 30, 31, 32, 34, 36, 39, 40, 41, 
  46, 47, 49, 50, 53, 54, 56, 63 ],
[ 1, 3, 6, 8, 9, 12, 16, 17, 18, 19, 20, 22, 25, 28, 30, 31, 32, 34, 36, 39, 
  46, 48, 49, 51, 53, 54, 56, 63 ],
[ 1, 3, 6, 8, 9, 12, 16, 17, 18, 19, 20, 22, 25, 27, 30, 31, 32, 34, 36, 39, 
  46, 48, 49, 50, 53, 54, 56, 63 ],
[ 1, 3, 6, 8, 9, 12, 16, 17, 18, 19, 20, 22, 24, 28, 30, 31, 32, 34, 36, 39, 
  46, 47, 49, 51, 53, 54, 56, 63 ],
[ 1, 3, 6, 8, 9, 12, 16, 17, 18, 19, 20, 22, 24, 27, 30, 31, 32, 34, 36, 39, 
  46, 47, 49, 50, 53, 54, 56, 63 ],
[ 1, 3, 6, 7, 8, 9, 12, 16, 19, 22, 25, 28, 30, 31, 32, 34, 36, 39, 40, 41, 
  46, 47, 49, 50, 53, 55, 56, 63 ],
[ 1, 3, 6, 7, 8, 9, 12, 16, 17, 18, 19, 22, 25, 28, 30, 31, 32, 34, 36, 39, 
  46, 47, 49, 50, 53, 55, 56, 63 ],
[ 1, 3, 5, 12, 13, 16, 19, 20, 22, 25, 27, 30, 31, 32, 34, 36, 39, 40, 41, 
  46, 48, 49, 50, 53, 54, 56, 61, 62 ],
[ 1, 3, 5, 12, 13, 16, 19, 20, 22, 24, 28, 30, 31, 32, 34, 36, 39, 40, 41, 
  46, 47, 49, 51, 53, 54, 56, 61, 62 ],
[ 1, 3, 5, 11, 13, 16, 17, 20, 22, 26, 27, 28, 29, 30, 32, 34, 36, 39, 40, 
  46, 47, 48, 49, 52, 53, 54, 56, 57 ],
[ 1, 3, 5, 8, 12, 16, 19, 20, 22, 25, 28, 30, 31, 32, 33, 36, 39, 40, 41, 46, 
  47, 49, 51, 53, 54, 56, 62, 63 ],
[ 1, 3, 5, 8, 12, 16, 19, 20, 22, 25, 27, 30, 31, 32, 34, 36, 39, 40, 41, 46, 
  47, 49, 50, 53, 55, 56, 62, 63 ],
[ 1, 3, 5, 8, 12, 16, 17, 18, 19, 20, 22, 25, 28, 30, 31, 32, 33, 36, 39, 46, 
  47, 49, 51, 53, 54, 56, 62, 63 ],
[ 1, 3, 5, 8, 12, 16, 17, 18, 19, 20, 22, 25, 27, 30, 31, 32, 34, 36, 39, 46, 
  47, 49, 50, 53, 55, 56, 62, 63 ],
[ 1, 3, 5, 7, 8, 9, 12, 16, 19, 21, 25, 28, 30, 31, 32, 33, 36, 39, 40, 41, 
  46, 47, 49, 50, 53, 54, 56, 63 ],
[ 1, 3, 5, 7, 8, 9, 12, 16, 17, 18, 19, 21, 25, 28, 30, 31, 32, 33, 36, 39, 
  46, 47, 49, 50, 53, 54, 56, 63 ],
[ 1, 3, 5, 6, 8, 9, 11, 16, 17, 25, 28, 30, 32, 35, 36, 39, 40, 42, 46, 47, 
  49, 50, 52, 53, 54, 55, 56, 57 ],
[ 1, 3, 4, 7, 12, 15, 18, 20, 21, 22, 25, 27, 30, 35, 36, 37, 39, 40, 42, 46, 
  48, 49, 50, 53, 59, 60, 61, 62 ],
[ 1, 3, 4, 7, 12, 14, 17, 20, 21, 22, 25, 27, 30, 35, 36, 38, 39, 41, 42, 46, 
  48, 49, 50, 53, 59, 60, 61, 62 ],
[ 1, 3, 4, 6, 12, 16, 17, 20, 22, 25, 26, 30, 31, 32, 34, 36, 39, 41, 46, 48, 
  49, 50, 51, 53, 54, 56, 62, 63 ],
[ 1, 3, 4, 6, 12, 16, 17, 20, 22, 25, 26, 27, 28, 30, 31, 32, 34, 36, 39, 41, 
  46, 48, 49, 53, 54, 56, 62, 63 ],
[ 1, 3, 4, 6, 7, 12, 15, 18, 20, 22, 30, 31, 32, 36, 37, 39, 40, 42, 45, 46, 
  49, 53, 58, 59, 60, 61, 62, 63 ],
[ 1, 3, 4, 6, 7, 12, 14, 17, 20, 22, 30, 31, 32, 36, 38, 39, 41, 42, 45, 46, 
  49, 53, 58, 59, 60, 61, 62, 63 ],
[ 1, 3, 4, 6, 7, 12, 13, 15, 18, 20, 22, 30, 31, 32, 35, 36, 37, 39, 40, 42, 
  45, 46, 49, 58, 59, 60, 61, 62 ],
[ 1, 3, 4, 6, 7, 12, 13, 14, 17, 20, 22, 30, 31, 32, 35, 36, 38, 39, 41, 42, 
  45, 46, 49, 58, 59, 60, 61, 62 ],
[ 1, 3, 4, 6, 7, 10, 11, 12, 15, 18, 20, 22, 30, 36, 37, 39, 40, 42, 43, 44, 
  45, 46, 49, 53, 58, 61, 62, 63 ],
[ 1, 3, 4, 6, 7, 10, 11, 12, 14, 17, 20, 22, 30, 36, 38, 39, 41, 42, 43, 44, 
  45, 46, 49, 53, 58, 61, 62, 63 ],
[ 1, 3, 4, 6, 7, 10, 11, 12, 13, 15, 18, 20, 22, 30, 35, 36, 37, 39, 40, 42, 
  43, 44, 45, 46, 49, 58, 61, 62 ],
[ 1, 3, 4, 6, 7, 10, 11, 12, 13, 14, 17, 20, 22, 30, 35, 36, 38, 39, 41, 42, 
  43, 44, 45, 46, 49, 58, 61, 62 ],
[ 1, 2, 8, 9, 12, 15, 17, 21, 22, 25, 28, 30, 33, 34, 35, 36, 38, 39, 40, 42, 
  46, 47, 49, 50, 52, 53, 56, 57 ],
[ 1, 2, 8, 9, 12, 15, 17, 21, 22, 24, 27, 30, 33, 34, 35, 36, 38, 39, 40, 42, 
  46, 48, 49, 51, 52, 53, 56, 57 ],
[ 1, 2, 8, 9, 12, 15, 17, 20, 21, 22, 23, 30, 31, 32, 34, 35, 36, 38, 39, 40, 
  46, 49, 52, 53, 54, 56, 57, 64 ],
[ 1, 2, 8, 9, 12, 14, 18, 20, 21, 22, 23, 30, 31, 32, 34, 35, 36, 37, 39, 41, 
  46, 49, 52, 53, 54, 56, 57, 64 ],
[ 1, 2, 6, 12, 13, 16, 17, 18, 19, 20, 21, 25, 27, 30, 33, 36, 37, 38, 39, 
  46, 48, 49, 50, 52, 53, 55, 61, 62 ],
[ 1, 2, 6, 12, 13, 16, 17, 18, 19, 20, 21, 24, 28, 30, 33, 36, 37, 38, 39, 
  46, 47, 49, 51, 52, 53, 55, 61, 62 ],
[ 1, 2, 6, 11, 12, 13, 17, 18, 20, 21, 26, 29, 30, 32, 33, 36, 37, 38, 39, 
  46, 49, 52, 53, 55, 56, 57, 58, 64 ],
[ 1, 2, 6, 11, 12, 13, 17, 18, 20, 21, 23, 26, 29, 30, 32, 33, 36, 37, 38, 
  39, 45, 46, 49, 52, 53, 55, 56, 57 ],
[ 1, 2, 6, 9, 11, 12, 13, 15, 16, 18, 19, 20, 21, 26, 30, 32, 33, 36, 38, 39, 
  41, 46, 52, 53, 55, 58, 62, 64 ],
[ 1, 2, 6, 9, 11, 12, 13, 15, 16, 18, 19, 20, 21, 23, 26, 30, 32, 33, 36, 38, 
  39, 41, 45, 46, 52, 53, 55, 62 ],
[ 1, 2, 6, 8, 12, 16, 17, 18, 19, 20, 21, 25, 28, 30, 33, 36, 37, 38, 39, 46, 
  47, 49, 51, 52, 53, 54, 62, 63 ],
[ 1, 2, 6, 8, 12, 16, 17, 18, 19, 20, 21, 25, 27, 30, 34, 36, 37, 38, 39, 46, 
  47, 49, 50, 52, 53, 55, 62, 63 ],
[ 1, 2, 6, 8, 12, 16, 17, 18, 19, 20, 21, 24, 28, 30, 33, 36, 37, 38, 39, 46, 
  48, 49, 51, 52, 53, 54, 62, 63 ],
[ 1, 2, 6, 8, 12, 16, 17, 18, 19, 20, 21, 24, 27, 30, 34, 36, 37, 38, 39, 46, 
  48, 49, 50, 52, 53, 55, 62, 63 ],
[ 1, 2, 6, 8, 9, 12, 16, 17, 18, 19, 20, 22, 25, 28, 30, 34, 36, 37, 38, 39, 
  46, 48, 49, 51, 52, 53, 54, 63 ],
[ 1, 2, 6, 8, 9, 12, 16, 17, 18, 19, 20, 22, 25, 27, 30, 34, 36, 37, 38, 39, 
  46, 48, 49, 50, 52, 53, 54, 63 ],
[ 1, 2, 6, 8, 9, 12, 13, 16, 17, 18, 19, 20, 22, 25, 28, 30, 34, 35, 36, 37, 
  38, 39, 46, 48, 49, 51, 52, 54 ],
[ 1, 2, 6, 8, 9, 12, 13, 16, 17, 18, 19, 20, 22, 25, 27, 30, 34, 35, 36, 37, 
  38, 39, 46, 48, 49, 50, 52, 54 ],
[ 1, 2, 6, 7, 11, 16, 17, 18, 19, 20, 22, 23, 30, 31, 36, 37, 38, 39, 42, 43, 
  46, 49, 53, 58, 60, 61, 62, 63 ],
[ 1, 2, 6, 7, 11, 14, 15, 16, 19, 20, 22, 23, 30, 31, 36, 39, 40, 41, 42, 43, 
  46, 49, 53, 58, 60, 61, 62, 63 ],
[ 1, 2, 6, 7, 11, 13, 16, 17, 18, 19, 20, 22, 23, 30, 31, 35, 36, 37, 38, 39, 
  42, 43, 46, 49, 58, 60, 61, 62 ],
[ 1, 2, 6, 7, 11, 13, 14, 15, 16, 19, 20, 22, 23, 30, 31, 35, 36, 39, 40, 41, 
  42, 43, 46, 49, 58, 60, 61, 62 ],
[ 1, 2, 6, 7, 10, 16, 17, 18, 19, 20, 22, 23, 30, 32, 36, 37, 38, 39, 42, 44, 
  46, 49, 53, 58, 59, 61, 62, 63 ],
[ 1, 2, 6, 7, 10, 14, 15, 16, 19, 20, 22, 23, 30, 32, 36, 39, 40, 41, 42, 44, 
  46, 49, 53, 58, 59, 61, 62, 63 ],
[ 1, 2, 6, 7, 10, 13, 16, 17, 18, 19, 20, 22, 23, 30, 32, 35, 36, 37, 38, 39, 
  42, 44, 46, 49, 58, 59, 61, 62 ],
[ 1, 2, 6, 7, 10, 13, 14, 15, 16, 19, 20, 22, 23, 30, 32, 35, 36, 39, 40, 41, 
  42, 44, 46, 49, 58, 59, 61, 62 ],
[ 1, 2, 6, 7, 8, 9, 12, 16, 17, 18, 19, 22, 25, 28, 30, 34, 36, 37, 38, 39, 
  46, 47, 49, 50, 52, 53, 55, 63 ],
[ 1, 2, 6, 7, 8, 9, 12, 16, 17, 18, 19, 22, 24, 27, 30, 34, 36, 37, 38, 39, 
  46, 48, 49, 51, 52, 53, 55, 63 ],
[ 1, 2, 5, 7, 8, 9, 12, 16, 17, 18, 19, 21, 25, 28, 30, 33, 36, 37, 38, 39, 
  46, 47, 49, 50, 52, 53, 54, 63 ],
[ 1, 2, 5, 7, 8, 9, 12, 16, 17, 18, 19, 21, 24, 27, 30, 33, 36, 37, 38, 39, 
  46, 48, 49, 51, 52, 53, 54, 63 ],
[ 1, 2, 3, 7, 8, 9, 11, 16, 17, 18, 19, 21, 22, 25, 28, 30, 31, 36, 39, 46, 
  48, 49, 51, 53, 54, 55, 56, 63 ],
[ 1, 2, 3, 7, 8, 9, 11, 16, 17, 18, 19, 21, 22, 25, 28, 30, 31, 33, 34, 36, 
  39, 46, 48, 49, 51, 53, 56, 63 ],
[ 1, 2, 3, 4, 7, 12, 15, 18, 21, 22, 23, 30, 31, 32, 34, 35, 36, 37, 39, 40, 
  46, 49, 52, 53, 55, 61, 62, 64 ],
[ 1, 2, 3, 4, 7, 12, 15, 18, 21, 22, 23, 30, 31, 32, 33, 35, 36, 37, 39, 40, 
  46, 49, 52, 53, 54, 61, 62, 64 ],
[ 1, 2, 3, 4, 6, 12, 15, 18, 22, 30, 31, 32, 33, 34, 36, 37, 39, 40, 42, 45, 
  46, 49, 52, 53, 58, 61, 62, 63 ],
[ 1, 2, 3, 4, 6, 12, 13, 15, 18, 22, 30, 31, 32, 33, 34, 35, 36, 37, 39, 40, 
  42, 45, 46, 49, 52, 58, 61, 62 ],
[ 1, 2, 3, 4, 6, 7, 20, 22, 27, 28, 30, 36, 37, 38, 39, 40, 41, 42, 44, 46, 
  47, 48, 49, 53, 59, 61, 62, 63 ],
[ 1, 2, 3, 4, 6, 7, 17, 18, 20, 22, 25, 26, 28, 29, 30, 36, 37, 38, 39, 42, 
  44, 46, 48, 49, 51, 53, 59, 63 ],
[ 1, 2, 3, 4, 6, 7, 17, 18, 20, 22, 25, 26, 27, 29, 30, 36, 37, 38, 39, 42, 
  44, 46, 48, 49, 50, 53, 59, 63 ],
[ 1, 2, 3, 4, 6, 7, 13, 20, 22, 27, 28, 30, 35, 36, 37, 38, 39, 40, 41, 42, 
  44, 46, 47, 48, 49, 59, 61, 62 ],
[ 1, 2, 3, 4, 6, 7, 11, 12, 17, 18, 22, 26, 29, 30, 31, 34, 36, 37, 38, 39, 
  45, 46, 49, 52, 53, 55, 63, 64 ],
[ 1, 2, 3, 4, 5, 7, 11, 12, 17, 18, 21, 26, 29, 30, 31, 33, 36, 37, 38, 39, 
  45, 46, 49, 52, 53, 54, 63, 64 ]
];

