## Group: [64, 187]
## Difference Sets: 188
## Time:  0:01:45.553

return [
[ 1, 3, 8, 9, 13, 14, 16, 17, 18, 19, 20, 22, 23, 25, 27, 28, 29, 31, 33, 35, 
  40, 42, 44, 49, 51, 52, 56, 63 ],
[ 1, 3, 8, 9, 13, 14, 16, 17, 18, 19, 20, 22, 23, 25, 27, 28, 29, 31, 33, 35, 
  36, 40, 42, 44, 49, 51, 52, 53 ],
[ 1, 3, 8, 9, 13, 14, 16, 17, 18, 19, 20, 22, 23, 25, 27, 28, 29, 30, 31, 33, 
  35, 40, 42, 44, 51, 56, 62, 63 ],
[ 1, 3, 8, 9, 13, 14, 16, 17, 18, 19, 20, 22, 23, 25, 27, 28, 29, 30, 31, 33, 
  35, 36, 40, 42, 44, 51, 53, 62 ],
[ 1, 3, 8, 9, 12, 13, 14, 16, 17, 18, 19, 22, 23, 25, 27, 28, 30, 32, 33, 35, 
  39, 40, 44, 50, 52, 56, 57, 63 ],
[ 1, 3, 8, 9, 12, 13, 14, 16, 17, 18, 19, 22, 23, 25, 27, 28, 30, 32, 33, 35, 
  36, 39, 40, 44, 50, 52, 53, 57 ],
[ 1, 3, 8, 9, 12, 13, 14, 16, 17, 18, 19, 20, 22, 23, 25, 27, 28, 32, 33, 35, 
  40, 42, 44, 49, 50, 56, 62, 63 ],
[ 1, 3, 8, 9, 12, 13, 14, 16, 17, 18, 19, 20, 22, 23, 25, 27, 28, 32, 33, 35, 
  36, 40, 42, 44, 49, 50, 53, 62 ],
[ 1, 3, 8, 9, 11, 13, 14, 16, 17, 18, 19, 22, 23, 25, 27, 29, 31, 32, 33, 35, 
  39, 40, 44, 49, 52, 56, 57, 63 ],
[ 1, 3, 8, 9, 11, 13, 14, 16, 17, 18, 19, 22, 23, 25, 27, 29, 31, 32, 33, 35, 
  36, 39, 40, 44, 49, 52, 53, 57 ],
[ 1, 3, 8, 9, 11, 13, 14, 16, 17, 18, 19, 22, 23, 25, 27, 29, 30, 31, 32, 33, 
  35, 39, 40, 44, 56, 57, 62, 63 ],
[ 1, 3, 8, 9, 11, 13, 14, 16, 17, 18, 19, 22, 23, 25, 27, 29, 30, 31, 32, 33, 
  35, 36, 39, 40, 44, 53, 57, 62 ],
[ 1, 3, 8, 9, 11, 12, 13, 14, 16, 17, 18, 19, 22, 23, 25, 27, 30, 33, 35, 39, 
  40, 44, 50, 51, 52, 56, 57, 63 ],
[ 1, 3, 8, 9, 11, 12, 13, 14, 16, 17, 18, 19, 22, 23, 25, 27, 30, 33, 35, 36, 
  39, 40, 44, 50, 51, 52, 53, 57 ],
[ 1, 3, 8, 9, 11, 12, 13, 14, 16, 17, 18, 19, 20, 22, 23, 25, 27, 33, 35, 40, 
  42, 44, 49, 50, 51, 56, 62, 63 ],
[ 1, 3, 8, 9, 11, 12, 13, 14, 16, 17, 18, 19, 20, 22, 23, 25, 27, 33, 35, 36, 
  40, 42, 44, 49, 50, 51, 53, 62 ],
[ 1, 3, 8, 9, 10, 13, 14, 16, 17, 18, 19, 20, 22, 23, 25, 28, 29, 33, 35, 40, 
  42, 44, 49, 50, 51, 52, 56, 63 ],
[ 1, 3, 8, 9, 10, 13, 14, 16, 17, 18, 19, 20, 22, 23, 25, 28, 29, 33, 35, 36, 
  40, 42, 44, 49, 50, 51, 52, 53 ],
[ 1, 3, 8, 9, 10, 13, 14, 16, 17, 18, 19, 20, 22, 23, 25, 28, 29, 30, 33, 35, 
  40, 42, 44, 50, 51, 56, 62, 63 ],
[ 1, 3, 8, 9, 10, 13, 14, 16, 17, 18, 19, 20, 22, 23, 25, 28, 29, 30, 33, 35, 
  36, 40, 42, 44, 50, 51, 53, 62 ],
[ 1, 3, 8, 9, 10, 12, 13, 14, 16, 17, 18, 19, 22, 23, 25, 28, 31, 32, 33, 35, 
  39, 40, 44, 49, 56, 57, 62, 63 ],
[ 1, 3, 8, 9, 10, 12, 13, 14, 16, 17, 18, 19, 22, 23, 25, 28, 31, 32, 33, 35, 
  36, 39, 40, 44, 49, 53, 57, 62 ],
[ 1, 3, 8, 9, 10, 12, 13, 14, 16, 17, 18, 19, 20, 22, 23, 25, 28, 30, 31, 32, 
  33, 35, 40, 42, 44, 52, 56, 63 ],
[ 1, 3, 8, 9, 10, 12, 13, 14, 16, 17, 18, 19, 20, 22, 23, 25, 28, 30, 31, 32, 
  33, 35, 36, 40, 42, 44, 52, 53 ],
[ 1, 3, 8, 9, 10, 11, 13, 14, 16, 17, 18, 19, 22, 23, 25, 29, 32, 33, 35, 39, 
  40, 44, 49, 50, 52, 56, 57, 63 ],
[ 1, 3, 8, 9, 10, 11, 13, 14, 16, 17, 18, 19, 22, 23, 25, 29, 32, 33, 35, 36, 
  39, 40, 44, 49, 50, 52, 53, 57 ],
[ 1, 3, 8, 9, 10, 11, 13, 14, 16, 17, 18, 19, 22, 23, 25, 29, 30, 32, 33, 35, 
  39, 40, 44, 50, 56, 57, 62, 63 ],
[ 1, 3, 8, 9, 10, 11, 13, 14, 16, 17, 18, 19, 22, 23, 25, 29, 30, 32, 33, 35, 
  36, 39, 40, 44, 50, 53, 57, 62 ],
[ 1, 3, 8, 9, 10, 11, 12, 13, 14, 16, 17, 18, 19, 22, 23, 25, 31, 33, 35, 39, 
  40, 44, 49, 51, 56, 57, 62, 63 ],
[ 1, 3, 8, 9, 10, 11, 12, 13, 14, 16, 17, 18, 19, 22, 23, 25, 31, 33, 35, 36, 
  39, 40, 44, 49, 51, 53, 57, 62 ],
[ 1, 3, 8, 9, 10, 11, 12, 13, 14, 16, 17, 18, 19, 20, 22, 23, 25, 30, 31, 33, 
  35, 40, 42, 44, 51, 52, 56, 63 ],
[ 1, 3, 8, 9, 10, 11, 12, 13, 14, 16, 17, 18, 19, 20, 22, 23, 25, 30, 31, 33, 
  35, 36, 40, 42, 44, 51, 52, 53 ],
[ 1, 3, 4, 7, 8, 9, 13, 15, 17, 19, 21, 23, 25, 27, 28, 29, 31, 33, 34, 36, 
  39, 42, 44, 49, 51, 52, 54, 56 ],
[ 1, 3, 4, 7, 8, 9, 13, 15, 17, 19, 21, 23, 25, 27, 28, 29, 30, 31, 33, 34, 
  36, 39, 42, 44, 51, 54, 56, 62 ],
[ 1, 3, 4, 7, 8, 9, 13, 15, 17, 19, 20, 21, 23, 25, 27, 28, 29, 31, 33, 34, 
  36, 44, 49, 51, 52, 54, 56, 57 ],
[ 1, 3, 4, 7, 8, 9, 13, 15, 17, 19, 20, 21, 23, 25, 27, 28, 29, 30, 31, 33, 
  34, 36, 44, 51, 54, 56, 57, 62 ],
[ 1, 3, 4, 7, 8, 9, 12, 13, 15, 17, 19, 21, 23, 25, 27, 28, 32, 33, 34, 36, 
  39, 42, 44, 49, 50, 54, 56, 62 ],
[ 1, 3, 4, 7, 8, 9, 12, 13, 15, 17, 19, 21, 23, 25, 27, 28, 30, 32, 33, 34, 
  39, 42, 44, 50, 52, 53, 54, 63 ],
[ 1, 3, 4, 7, 8, 9, 12, 13, 15, 17, 19, 20, 21, 23, 25, 27, 28, 32, 33, 34, 
  36, 44, 49, 50, 54, 56, 57, 62 ],
[ 1, 3, 4, 7, 8, 9, 12, 13, 15, 17, 19, 20, 21, 23, 25, 27, 28, 30, 32, 33, 
  34, 44, 50, 52, 53, 54, 57, 63 ],
[ 1, 3, 4, 7, 8, 9, 11, 13, 15, 17, 19, 21, 23, 25, 27, 29, 31, 32, 33, 34, 
  39, 42, 44, 49, 52, 53, 54, 63 ],
[ 1, 3, 4, 7, 8, 9, 11, 13, 15, 17, 19, 21, 23, 25, 27, 29, 30, 31, 32, 33, 
  34, 39, 42, 44, 53, 54, 62, 63 ],
[ 1, 3, 4, 7, 8, 9, 11, 13, 15, 17, 19, 20, 21, 23, 25, 27, 29, 31, 32, 33, 
  34, 44, 49, 52, 53, 54, 57, 63 ],
[ 1, 3, 4, 7, 8, 9, 11, 13, 15, 17, 19, 20, 21, 23, 25, 27, 29, 30, 31, 32, 
  33, 34, 44, 53, 54, 57, 62, 63 ],
[ 1, 3, 4, 7, 8, 9, 11, 12, 13, 15, 17, 19, 21, 23, 25, 27, 33, 34, 36, 39, 
  42, 44, 49, 50, 51, 54, 56, 62 ],
[ 1, 3, 4, 7, 8, 9, 11, 12, 13, 15, 17, 19, 21, 23, 25, 27, 30, 33, 34, 39, 
  42, 44, 50, 51, 52, 53, 54, 63 ],
[ 1, 3, 4, 7, 8, 9, 11, 12, 13, 15, 17, 19, 20, 21, 23, 25, 27, 33, 34, 36, 
  44, 49, 50, 51, 54, 56, 57, 62 ],
[ 1, 3, 4, 7, 8, 9, 11, 12, 13, 15, 17, 19, 20, 21, 23, 25, 27, 30, 33, 34, 
  44, 50, 51, 52, 53, 54, 57, 63 ],
[ 1, 3, 4, 6, 9, 10, 12, 13, 16, 17, 18, 21, 23, 27, 28, 30, 32, 33, 35, 36, 
  39, 42, 44, 45, 49, 54, 56, 60 ],
[ 1, 3, 4, 6, 9, 10, 12, 13, 16, 17, 18, 21, 23, 25, 27, 28, 30, 32, 33, 35, 
  39, 42, 45, 48, 49, 53, 54, 63 ],
[ 1, 3, 4, 6, 9, 10, 12, 13, 16, 17, 18, 20, 21, 23, 27, 28, 30, 32, 33, 35, 
  36, 44, 45, 49, 54, 56, 57, 60 ],
[ 1, 3, 4, 6, 9, 10, 12, 13, 16, 17, 18, 20, 21, 23, 25, 27, 28, 30, 32, 33, 
  35, 45, 48, 49, 53, 54, 57, 63 ],
[ 1, 3, 4, 6, 9, 10, 12, 13, 14, 16, 17, 18, 21, 23, 25, 27, 28, 30, 32, 35, 
  36, 37, 39, 42, 45, 48, 49, 56 ],
[ 1, 3, 4, 6, 9, 10, 11, 12, 13, 16, 17, 18, 21, 23, 27, 30, 33, 35, 36, 39, 
  42, 44, 45, 49, 51, 54, 56, 60 ],
[ 1, 3, 4, 6, 9, 10, 11, 12, 13, 16, 17, 18, 21, 23, 25, 27, 30, 33, 35, 39, 
  42, 45, 48, 49, 51, 53, 54, 63 ],
[ 1, 3, 4, 6, 9, 10, 11, 12, 13, 16, 17, 18, 20, 21, 23, 27, 30, 33, 35, 36, 
  44, 45, 49, 51, 54, 56, 57, 60 ],
[ 1, 3, 4, 6, 9, 10, 11, 12, 13, 16, 17, 18, 20, 21, 23, 25, 27, 30, 33, 35, 
  45, 48, 49, 51, 53, 54, 57, 63 ],
[ 1, 3, 4, 6, 9, 10, 11, 12, 13, 14, 16, 17, 18, 20, 21, 23, 25, 27, 30, 35, 
  36, 37, 45, 48, 49, 51, 56, 57 ],
[ 1, 2, 4, 8, 9, 11, 13, 17, 18, 20, 21, 22, 23, 26, 27, 31, 33, 34, 35, 36, 
  39, 45, 51, 52, 54, 55, 56, 62 ],
[ 1, 2, 4, 8, 9, 11, 13, 15, 17, 18, 20, 21, 22, 23, 26, 27, 31, 33, 35, 38, 
  39, 45, 51, 52, 53, 54, 62, 63 ],
[ 1, 2, 4, 8, 9, 11, 13, 14, 15, 17, 18, 20, 21, 22, 23, 26, 27, 31, 35, 36, 
  37, 38, 39, 45, 51, 52, 56, 62 ],
[ 1, 2, 4, 8, 9, 10, 13, 17, 18, 21, 22, 23, 26, 27, 28, 32, 33, 34, 35, 36, 
  42, 45, 49, 52, 54, 55, 56, 57 ],
[ 1, 2, 4, 8, 9, 10, 13, 17, 18, 21, 22, 23, 26, 27, 28, 32, 33, 34, 35, 36, 
  39, 42, 45, 52, 54, 55, 56, 62 ],
[ 1, 2, 4, 8, 9, 10, 13, 15, 17, 18, 21, 22, 23, 26, 27, 28, 32, 33, 35, 38, 
  42, 45, 49, 52, 53, 54, 57, 63 ],
[ 1, 2, 4, 8, 9, 10, 13, 15, 17, 18, 21, 22, 23, 26, 27, 28, 32, 33, 35, 38, 
  39, 42, 45, 52, 53, 54, 62, 63 ],
[ 1, 2, 4, 8, 9, 10, 13, 14, 17, 18, 21, 22, 23, 26, 27, 28, 32, 34, 35, 37, 
  42, 45, 49, 52, 53, 55, 57, 63 ],
[ 1, 2, 4, 8, 9, 10, 13, 14, 17, 18, 21, 22, 23, 26, 27, 28, 32, 34, 35, 37, 
  39, 42, 45, 52, 53, 55, 62, 63 ],
[ 1, 2, 4, 8, 9, 10, 13, 14, 15, 17, 18, 21, 22, 23, 26, 27, 28, 32, 35, 36, 
  37, 38, 39, 42, 45, 52, 56, 62 ],
[ 1, 2, 4, 8, 9, 10, 11, 13, 17, 18, 21, 22, 23, 26, 27, 28, 33, 34, 35, 36, 
  39, 42, 45, 49, 52, 54, 55, 56 ],
[ 1, 2, 4, 8, 9, 10, 11, 13, 15, 17, 18, 21, 22, 23, 26, 27, 28, 33, 35, 38, 
  39, 42, 45, 49, 52, 53, 54, 63 ],
[ 1, 2, 4, 8, 9, 10, 11, 13, 14, 17, 18, 21, 22, 23, 26, 27, 28, 34, 35, 37, 
  39, 42, 45, 49, 52, 53, 55, 63 ],
[ 1, 2, 4, 8, 9, 10, 11, 13, 14, 15, 17, 18, 21, 22, 23, 26, 27, 28, 35, 36, 
  37, 38, 39, 42, 45, 49, 52, 56 ],
[ 1, 2, 4, 6, 9, 10, 12, 13, 17, 18, 20, 23, 26, 27, 29, 33, 34, 35, 37, 40, 
  42, 44, 48, 52, 53, 55, 56, 62 ],
[ 1, 2, 4, 6, 9, 10, 12, 13, 17, 18, 20, 23, 26, 27, 29, 33, 34, 35, 36, 37, 
  40, 42, 44, 48, 52, 55, 62, 63 ],
[ 1, 2, 4, 6, 9, 10, 12, 13, 17, 18, 20, 23, 26, 27, 29, 30, 33, 34, 35, 37, 
  40, 42, 44, 48, 49, 53, 55, 56 ],
[ 1, 2, 4, 6, 9, 10, 12, 13, 17, 18, 20, 23, 26, 27, 29, 30, 33, 34, 35, 36, 
  37, 40, 42, 44, 48, 49, 55, 63 ],
[ 1, 2, 4, 6, 9, 10, 12, 13, 16, 17, 18, 23, 26, 27, 29, 33, 34, 36, 38, 39, 
  40, 44, 48, 52, 54, 56, 57, 62 ],
[ 1, 2, 4, 6, 9, 10, 12, 13, 16, 17, 18, 23, 26, 27, 29, 30, 33, 34, 36, 38, 
  39, 40, 44, 48, 49, 54, 56, 57 ],
[ 1, 2, 4, 6, 9, 10, 12, 13, 16, 17, 18, 23, 25, 26, 27, 29, 33, 34, 36, 38, 
  39, 40, 52, 54, 56, 57, 60, 62 ],
[ 1, 2, 4, 6, 9, 10, 12, 13, 16, 17, 18, 23, 25, 26, 27, 29, 30, 33, 34, 36, 
  38, 39, 40, 49, 54, 56, 57, 60 ],
[ 1, 2, 4, 6, 9, 10, 12, 13, 16, 17, 18, 20, 23, 26, 27, 29, 33, 34, 38, 40, 
  42, 44, 48, 52, 53, 54, 62, 63 ],
[ 1, 2, 4, 6, 9, 10, 12, 13, 16, 17, 18, 20, 23, 26, 27, 29, 30, 33, 34, 38, 
  40, 42, 44, 48, 49, 53, 54, 63 ],
[ 1, 2, 4, 6, 9, 10, 12, 13, 16, 17, 18, 20, 23, 25, 26, 27, 29, 33, 34, 38, 
  40, 42, 52, 53, 54, 60, 62, 63 ],
[ 1, 2, 4, 6, 9, 10, 12, 13, 16, 17, 18, 20, 23, 25, 26, 27, 29, 30, 33, 34, 
  38, 40, 42, 49, 53, 54, 60, 63 ],
[ 1, 2, 4, 6, 9, 10, 12, 13, 15, 17, 18, 23, 26, 27, 29, 33, 35, 37, 38, 39, 
  40, 44, 48, 52, 53, 56, 57, 62 ],
[ 1, 2, 4, 6, 9, 10, 12, 13, 15, 17, 18, 23, 26, 27, 29, 33, 35, 36, 37, 38, 
  39, 40, 44, 48, 52, 57, 62, 63 ],
[ 1, 2, 4, 6, 9, 10, 12, 13, 15, 17, 18, 23, 26, 27, 29, 30, 33, 35, 37, 38, 
  39, 40, 44, 48, 49, 53, 56, 57 ],
[ 1, 2, 4, 6, 9, 10, 12, 13, 15, 17, 18, 23, 26, 27, 29, 30, 33, 35, 36, 37, 
  38, 39, 40, 44, 48, 49, 57, 63 ],
[ 1, 2, 4, 6, 8, 9, 11, 13, 17, 18, 21, 23, 26, 27, 28, 31, 33, 34, 35, 36, 
  39, 42, 45, 49, 52, 54, 55, 56 ],
[ 1, 2, 4, 6, 8, 9, 11, 13, 17, 18, 21, 23, 26, 27, 28, 30, 31, 33, 34, 35, 
  36, 39, 42, 45, 54, 55, 56, 62 ],
[ 1, 2, 4, 6, 8, 9, 11, 13, 17, 18, 20, 21, 23, 26, 27, 28, 31, 33, 34, 35, 
  36, 45, 49, 52, 54, 55, 56, 57 ],
[ 1, 2, 4, 6, 8, 9, 11, 13, 17, 18, 20, 21, 23, 26, 27, 28, 30, 31, 33, 34, 
  35, 36, 45, 54, 55, 56, 57, 62 ],
[ 1, 2, 4, 6, 8, 9, 11, 13, 15, 17, 18, 21, 23, 26, 27, 28, 31, 33, 35, 38, 
  39, 42, 45, 49, 52, 53, 54, 63 ],
[ 1, 2, 4, 6, 8, 9, 11, 13, 15, 17, 18, 21, 23, 26, 27, 28, 30, 31, 33, 35, 
  38, 39, 42, 45, 53, 54, 62, 63 ],
[ 1, 2, 4, 6, 8, 9, 11, 13, 15, 17, 18, 20, 21, 23, 26, 27, 28, 31, 33, 35, 
  38, 45, 49, 52, 53, 54, 57, 63 ],
[ 1, 2, 4, 6, 8, 9, 11, 13, 15, 17, 18, 20, 21, 23, 26, 27, 28, 30, 31, 33, 
  35, 38, 45, 53, 54, 57, 62, 63 ],
[ 1, 2, 4, 6, 8, 9, 11, 13, 14, 17, 18, 21, 23, 26, 27, 28, 30, 31, 34, 35, 
  37, 39, 42, 45, 53, 55, 62, 63 ],
[ 1, 2, 4, 6, 8, 9, 11, 13, 14, 17, 18, 20, 21, 23, 26, 27, 28, 31, 34, 35, 
  37, 45, 49, 52, 53, 55, 57, 63 ],
[ 1, 2, 4, 6, 8, 9, 11, 13, 14, 15, 17, 18, 21, 23, 26, 27, 28, 31, 35, 36, 
  37, 38, 39, 42, 45, 49, 52, 56 ],
[ 1, 2, 4, 6, 8, 9, 11, 13, 14, 15, 17, 18, 20, 21, 23, 26, 27, 28, 30, 31, 
  35, 36, 37, 38, 45, 56, 57, 62 ],
[ 1, 2, 4, 6, 8, 9, 10, 13, 17, 21, 23, 26, 27, 28, 32, 33, 34, 35, 36, 39, 
  41, 42, 45, 52, 54, 55, 56, 62 ],
[ 1, 2, 4, 6, 8, 9, 10, 13, 17, 21, 23, 26, 27, 28, 30, 32, 33, 34, 35, 36, 
  41, 42, 45, 54, 55, 56, 57, 62 ],
[ 1, 2, 4, 6, 8, 9, 10, 13, 15, 17, 21, 23, 26, 27, 28, 32, 33, 35, 38, 39, 
  41, 42, 45, 52, 53, 54, 62, 63 ],
[ 1, 2, 4, 6, 8, 9, 10, 13, 15, 17, 21, 23, 26, 27, 28, 30, 32, 33, 35, 38, 
  41, 42, 45, 53, 54, 57, 62, 63 ],
[ 1, 2, 4, 6, 8, 9, 10, 13, 14, 17, 21, 23, 26, 27, 28, 32, 34, 35, 37, 39, 
  41, 42, 45, 52, 53, 55, 62, 63 ],
[ 1, 2, 4, 6, 8, 9, 10, 13, 14, 17, 21, 23, 26, 27, 28, 30, 32, 34, 35, 37, 
  41, 42, 45, 53, 55, 57, 62, 63 ],
[ 1, 2, 4, 6, 8, 9, 10, 13, 14, 15, 17, 21, 23, 26, 27, 28, 32, 35, 36, 37, 
  38, 39, 41, 42, 45, 52, 56, 62 ],
[ 1, 2, 4, 6, 8, 9, 10, 11, 13, 17, 21, 23, 26, 27, 28, 33, 34, 35, 36, 39, 
  41, 42, 45, 49, 52, 54, 55, 56 ],
[ 1, 2, 4, 6, 8, 9, 10, 11, 13, 15, 17, 21, 23, 26, 27, 28, 33, 35, 38, 39, 
  41, 42, 45, 49, 52, 53, 54, 63 ],
[ 1, 2, 4, 6, 8, 9, 10, 11, 13, 14, 17, 21, 23, 26, 27, 28, 34, 35, 37, 39, 
  41, 42, 45, 49, 52, 53, 55, 63 ],
[ 1, 2, 4, 6, 8, 9, 10, 11, 13, 14, 15, 17, 21, 23, 26, 27, 28, 35, 36, 37, 
  38, 39, 41, 42, 45, 49, 52, 56 ],
[ 1, 2, 4, 5, 8, 9, 13, 17, 18, 22, 23, 26, 27, 28, 31, 32, 33, 34, 35, 36, 
  39, 42, 45, 52, 54, 55, 56, 62 ],
[ 1, 2, 4, 5, 8, 9, 13, 15, 17, 18, 22, 23, 26, 27, 28, 31, 32, 33, 35, 38, 
  39, 42, 45, 52, 53, 54, 62, 63 ],
[ 1, 2, 4, 5, 8, 9, 13, 14, 17, 18, 22, 23, 26, 27, 28, 31, 32, 34, 35, 37, 
  39, 42, 45, 52, 53, 55, 62, 63 ],
[ 1, 2, 4, 5, 8, 9, 11, 13, 17, 18, 20, 22, 23, 26, 27, 31, 33, 34, 35, 36, 
  45, 51, 52, 54, 55, 56, 57, 62 ],
[ 1, 2, 4, 5, 8, 9, 11, 13, 15, 17, 18, 20, 22, 23, 26, 27, 31, 33, 35, 38, 
  45, 51, 52, 53, 54, 57, 62, 63 ],
[ 1, 2, 4, 5, 8, 9, 11, 13, 14, 17, 18, 20, 22, 23, 26, 27, 31, 34, 35, 37, 
  45, 51, 52, 53, 55, 57, 62, 63 ],
[ 1, 2, 4, 5, 8, 9, 11, 13, 14, 15, 17, 18, 20, 22, 23, 26, 27, 31, 35, 36, 
  37, 38, 45, 51, 52, 56, 57, 62 ],
[ 1, 2, 3, 4, 9, 13, 16, 18, 21, 22, 23, 27, 28, 30, 31, 32, 33, 35, 36, 39, 
  40, 42, 44, 45, 49, 54, 56, 60 ],
[ 1, 2, 3, 4, 9, 13, 16, 18, 21, 22, 23, 25, 27, 28, 30, 31, 32, 33, 35, 39, 
  40, 42, 45, 48, 49, 53, 54, 63 ],
[ 1, 2, 3, 4, 9, 13, 16, 18, 20, 21, 22, 23, 27, 28, 31, 32, 33, 35, 36, 39, 
  40, 44, 45, 49, 52, 54, 56, 60 ],
[ 1, 2, 3, 4, 9, 13, 16, 18, 20, 21, 22, 23, 25, 27, 28, 31, 32, 33, 35, 39, 
  40, 45, 48, 49, 52, 53, 54, 63 ],
[ 1, 2, 3, 4, 9, 13, 16, 17, 20, 21, 22, 23, 27, 28, 31, 32, 33, 35, 36, 39, 
  41, 44, 45, 49, 52, 54, 56, 60 ],
[ 1, 2, 3, 4, 9, 13, 16, 17, 20, 21, 22, 23, 25, 27, 28, 31, 32, 33, 35, 39, 
  41, 45, 48, 49, 52, 53, 54, 63 ],
[ 1, 2, 3, 4, 9, 13, 16, 17, 18, 21, 22, 23, 27, 31, 32, 33, 35, 36, 39, 42, 
  44, 45, 51, 52, 54, 56, 60, 62 ],
[ 1, 2, 3, 4, 9, 13, 16, 17, 18, 21, 22, 23, 25, 27, 31, 32, 33, 35, 39, 42, 
  45, 48, 51, 52, 53, 54, 62, 63 ],
[ 1, 2, 3, 4, 9, 13, 14, 16, 18, 20, 21, 22, 23, 27, 28, 31, 32, 35, 37, 39, 
  40, 44, 45, 49, 52, 53, 60, 63 ],
[ 1, 2, 3, 4, 9, 13, 14, 16, 18, 20, 21, 22, 23, 25, 27, 28, 31, 32, 35, 36, 
  37, 39, 40, 45, 48, 49, 52, 56 ],
[ 1, 2, 3, 4, 9, 13, 14, 16, 17, 20, 21, 22, 23, 27, 28, 31, 32, 35, 37, 39, 
  41, 44, 45, 49, 52, 53, 60, 63 ],
[ 1, 2, 3, 4, 9, 13, 14, 16, 17, 20, 21, 22, 23, 25, 27, 28, 31, 32, 35, 36, 
  37, 39, 41, 45, 48, 49, 52, 56 ],
[ 1, 2, 3, 4, 9, 13, 14, 16, 17, 18, 21, 22, 23, 27, 31, 32, 35, 37, 39, 42, 
  44, 45, 51, 52, 53, 60, 62, 63 ],
[ 1, 2, 3, 4, 9, 13, 14, 16, 17, 18, 21, 22, 23, 25, 27, 31, 32, 35, 36, 37, 
  39, 42, 45, 48, 51, 52, 56, 62 ],
[ 1, 2, 3, 4, 9, 11, 13, 16, 18, 20, 21, 22, 23, 27, 31, 33, 35, 36, 39, 40, 
  44, 45, 49, 51, 52, 54, 56, 60 ],
[ 1, 2, 3, 4, 9, 11, 13, 16, 18, 20, 21, 22, 23, 27, 30, 31, 33, 35, 36, 40, 
  44, 45, 49, 51, 54, 56, 57, 60 ],
[ 1, 2, 3, 4, 9, 11, 13, 16, 18, 20, 21, 22, 23, 25, 27, 31, 33, 35, 39, 40, 
  45, 48, 49, 51, 52, 53, 54, 63 ],
[ 1, 2, 3, 4, 9, 11, 13, 16, 18, 20, 21, 22, 23, 25, 27, 30, 31, 33, 35, 40, 
  45, 48, 49, 51, 53, 54, 57, 63 ],
[ 1, 2, 3, 4, 9, 11, 13, 16, 17, 18, 21, 22, 23, 27, 30, 31, 33, 35, 36, 42, 
  44, 45, 49, 51, 54, 56, 57, 60 ],
[ 1, 2, 3, 4, 9, 11, 13, 16, 17, 18, 21, 22, 23, 25, 27, 30, 31, 33, 35, 42, 
  45, 48, 49, 51, 53, 54, 57, 63 ],
[ 1, 2, 3, 4, 9, 11, 13, 16, 17, 18, 20, 21, 22, 23, 27, 31, 33, 35, 36, 39, 
  44, 45, 51, 52, 54, 56, 60, 62 ],
[ 1, 2, 3, 4, 9, 11, 13, 16, 17, 18, 20, 21, 22, 23, 25, 27, 31, 33, 35, 39, 
  45, 48, 51, 52, 53, 54, 62, 63 ],
[ 1, 2, 3, 4, 9, 11, 13, 14, 16, 18, 20, 21, 22, 23, 27, 31, 35, 37, 39, 40, 
  44, 45, 49, 51, 52, 53, 60, 63 ],
[ 1, 2, 3, 4, 9, 11, 13, 14, 16, 18, 20, 21, 22, 23, 25, 27, 31, 35, 36, 37, 
  39, 40, 45, 48, 49, 51, 52, 56 ],
[ 1, 2, 3, 4, 9, 11, 13, 14, 16, 17, 18, 21, 22, 23, 25, 27, 30, 31, 35, 36, 
  37, 42, 45, 48, 49, 51, 56, 57 ],
[ 1, 2, 3, 4, 9, 11, 13, 14, 16, 17, 18, 20, 21, 22, 23, 25, 27, 31, 35, 36, 
  37, 39, 45, 48, 51, 52, 56, 62 ],
[ 1, 2, 3, 4, 9, 10, 13, 16, 17, 18, 21, 22, 23, 27, 28, 32, 33, 35, 36, 42, 
  44, 45, 49, 52, 54, 56, 57, 60 ],
[ 1, 2, 3, 4, 9, 10, 13, 16, 17, 18, 21, 22, 23, 25, 27, 28, 32, 33, 35, 42, 
  45, 48, 49, 52, 53, 54, 57, 63 ],
[ 1, 2, 3, 4, 9, 10, 11, 13, 16, 17, 18, 21, 22, 23, 27, 28, 33, 35, 36, 39, 
  42, 44, 45, 49, 52, 54, 56, 60 ],
[ 1, 2, 3, 4, 9, 10, 11, 13, 16, 17, 18, 21, 22, 23, 27, 28, 30, 33, 35, 36, 
  39, 42, 44, 45, 54, 56, 60, 62 ],
[ 1, 2, 3, 4, 9, 10, 11, 13, 16, 17, 18, 21, 22, 23, 25, 27, 28, 33, 35, 39, 
  42, 45, 48, 49, 52, 53, 54, 63 ],
[ 1, 2, 3, 4, 9, 10, 11, 13, 16, 17, 18, 21, 22, 23, 25, 27, 28, 30, 33, 35, 
  39, 42, 45, 48, 53, 54, 62, 63 ],
[ 1, 2, 3, 4, 6, 9, 13, 16, 17, 21, 23, 28, 30, 31, 32, 33, 35, 36, 39, 41, 
  42, 44, 45, 49, 50, 54, 56, 60 ],
[ 1, 2, 3, 4, 6, 9, 13, 16, 17, 21, 23, 27, 31, 32, 33, 35, 36, 39, 41, 42, 
  44, 45, 51, 52, 54, 56, 60, 62 ],
[ 1, 2, 3, 4, 6, 9, 13, 16, 17, 21, 23, 27, 28, 30, 31, 32, 33, 35, 36, 41, 
  42, 44, 45, 49, 54, 56, 57, 60 ],
[ 1, 2, 3, 4, 6, 9, 13, 16, 17, 21, 23, 25, 28, 30, 31, 32, 33, 35, 39, 41, 
  42, 45, 48, 49, 50, 53, 54, 63 ],
[ 1, 2, 3, 4, 6, 9, 13, 16, 17, 21, 23, 25, 27, 31, 32, 33, 35, 39, 41, 42, 
  45, 48, 51, 52, 53, 54, 62, 63 ],
[ 1, 2, 3, 4, 6, 9, 13, 16, 17, 21, 23, 25, 27, 28, 30, 31, 32, 33, 35, 41, 
  42, 45, 48, 49, 53, 54, 57, 63 ],
[ 1, 2, 3, 4, 6, 9, 13, 14, 16, 17, 21, 23, 28, 30, 31, 32, 35, 37, 39, 41, 
  42, 44, 45, 49, 50, 53, 60, 63 ],
[ 1, 2, 3, 4, 6, 9, 13, 14, 16, 17, 21, 23, 27, 31, 32, 35, 37, 39, 41, 42, 
  44, 45, 51, 52, 53, 60, 62, 63 ],
[ 1, 2, 3, 4, 6, 9, 13, 14, 16, 17, 21, 23, 25, 28, 30, 31, 32, 35, 36, 37, 
  39, 41, 42, 45, 48, 49, 50, 56 ],
[ 1, 2, 3, 4, 6, 9, 13, 14, 16, 17, 21, 23, 25, 27, 31, 32, 35, 36, 37, 39, 
  41, 42, 45, 48, 51, 52, 56, 62 ],
[ 1, 2, 3, 4, 6, 9, 13, 14, 16, 17, 21, 23, 25, 27, 28, 30, 31, 32, 35, 36, 
  37, 41, 42, 45, 48, 49, 56, 57 ],
[ 1, 2, 3, 4, 6, 9, 11, 13, 16, 17, 18, 21, 23, 27, 28, 31, 33, 35, 36, 39, 
  42, 44, 45, 49, 52, 54, 56, 60 ],
[ 1, 2, 3, 4, 6, 9, 11, 13, 16, 17, 18, 21, 23, 27, 28, 30, 31, 33, 35, 36, 
  39, 42, 44, 45, 54, 56, 60, 62 ],
[ 1, 2, 3, 4, 6, 9, 11, 13, 16, 17, 18, 21, 23, 25, 27, 28, 31, 33, 35, 39, 
  42, 45, 48, 49, 52, 53, 54, 63 ],
[ 1, 2, 3, 4, 6, 9, 11, 13, 16, 17, 18, 21, 23, 25, 27, 28, 30, 31, 33, 35, 
  39, 42, 45, 48, 53, 54, 62, 63 ],
[ 1, 2, 3, 4, 6, 9, 11, 13, 16, 17, 18, 20, 21, 23, 27, 28, 31, 33, 35, 36, 
  44, 45, 49, 52, 54, 56, 57, 60 ],
[ 1, 2, 3, 4, 6, 9, 11, 13, 16, 17, 18, 20, 21, 23, 27, 28, 30, 31, 33, 35, 
  36, 44, 45, 54, 56, 57, 60, 62 ],
[ 1, 2, 3, 4, 6, 9, 11, 13, 16, 17, 18, 20, 21, 23, 25, 27, 28, 31, 33, 35, 
  45, 48, 49, 52, 53, 54, 57, 63 ],
[ 1, 2, 3, 4, 6, 9, 11, 13, 16, 17, 18, 20, 21, 23, 25, 27, 28, 30, 31, 33, 
  35, 45, 48, 53, 54, 57, 62, 63 ],
[ 1, 2, 3, 4, 6, 9, 11, 13, 14, 16, 17, 18, 21, 23, 25, 27, 28, 31, 35, 36, 
  37, 39, 42, 45, 48, 49, 52, 56 ],
[ 1, 2, 3, 4, 6, 9, 11, 13, 14, 16, 17, 18, 20, 21, 23, 25, 27, 28, 30, 31, 
  35, 36, 37, 45, 48, 56, 57, 62 ],
[ 1, 2, 3, 4, 6, 9, 10, 13, 16, 17, 21, 23, 27, 28, 32, 33, 35, 36, 39, 41, 
  42, 44, 45, 52, 54, 56, 60, 62 ],
[ 1, 2, 3, 4, 6, 9, 10, 13, 16, 17, 21, 23, 27, 28, 30, 32, 33, 35, 36, 41, 
  42, 44, 45, 54, 56, 57, 60, 62 ],
[ 1, 2, 3, 4, 6, 9, 10, 13, 16, 17, 21, 23, 25, 27, 28, 32, 33, 35, 39, 41, 
  42, 45, 48, 52, 53, 54, 62, 63 ],
[ 1, 2, 3, 4, 6, 9, 10, 13, 16, 17, 21, 23, 25, 27, 28, 30, 32, 33, 35, 41, 
  42, 45, 48, 53, 54, 57, 62, 63 ],
[ 1, 2, 3, 4, 6, 9, 10, 13, 14, 16, 17, 21, 23, 27, 28, 32, 35, 37, 39, 41, 
  42, 44, 45, 52, 53, 60, 62, 63 ],
[ 1, 2, 3, 4, 6, 9, 10, 13, 14, 16, 17, 21, 23, 27, 28, 30, 32, 35, 37, 41, 
  42, 44, 45, 53, 57, 60, 62, 63 ],
[ 1, 2, 3, 4, 6, 9, 10, 13, 14, 16, 17, 21, 23, 25, 27, 28, 32, 35, 36, 37, 
  39, 41, 42, 45, 48, 52, 56, 62 ],
[ 1, 2, 3, 4, 6, 9, 10, 13, 14, 16, 17, 21, 23, 25, 27, 28, 30, 32, 35, 36, 
  37, 41, 42, 45, 48, 56, 57, 62 ],
[ 1, 2, 3, 4, 5, 9, 13, 16, 17, 18, 22, 23, 28, 30, 31, 32, 33, 35, 36, 39, 
  42, 44, 45, 50, 54, 56, 60, 62 ],
[ 1, 2, 3, 4, 5, 9, 13, 16, 17, 18, 22, 23, 25, 28, 30, 31, 32, 33, 35, 39, 
  42, 45, 48, 50, 53, 54, 62, 63 ],
[ 1, 2, 3, 4, 5, 9, 13, 16, 17, 18, 20, 22, 23, 28, 31, 32, 33, 35, 36, 44, 
  45, 49, 50, 52, 54, 56, 57, 60 ],
[ 1, 2, 3, 4, 5, 9, 13, 16, 17, 18, 20, 22, 23, 25, 28, 31, 32, 33, 35, 45, 
  48, 49, 50, 52, 53, 54, 57, 63 ],
[ 1, 2, 3, 4, 5, 9, 13, 14, 16, 17, 18, 22, 23, 25, 28, 30, 31, 32, 35, 36, 
  37, 39, 42, 45, 48, 50, 56, 62 ],
[ 1, 2, 3, 4, 5, 9, 13, 14, 16, 17, 18, 20, 22, 23, 28, 31, 32, 35, 37, 44, 
  45, 49, 50, 52, 53, 57, 60, 63 ],
[ 1, 2, 3, 4, 5, 9, 13, 14, 16, 17, 18, 20, 22, 23, 25, 28, 31, 32, 35, 36, 
  37, 45, 48, 49, 50, 52, 56, 57 ],
[ 1, 2, 3, 4, 5, 9, 11, 13, 16, 17, 18, 20, 22, 23, 27, 31, 33, 35, 36, 44, 
  45, 51, 52, 54, 56, 57, 60, 62 ],
[ 1, 2, 3, 4, 5, 9, 11, 13, 16, 17, 18, 20, 22, 23, 25, 27, 31, 33, 35, 45, 
  48, 51, 52, 53, 54, 57, 62, 63 ]
];

