## Group: [64, 140]
## Difference Sets: 174
## Time:  0:03:45.852

return [
[ 1, 2, 3, 4, 5, 6, 7, 8, 9, 10, 11, 13, 16, 18, 19, 21, 22, 24, 30, 44, 48, 
  50, 53, 54, 57, 61, 63, 64 ],
[ 1, 2, 3, 4, 5, 6, 7, 8, 9, 10, 11, 13, 16, 19, 21, 22, 24, 30, 39, 41, 48, 
  50, 53, 54, 58, 60, 61, 63 ],
[ 1, 2, 3, 4, 5, 6, 7, 8, 9, 10, 11, 16, 19, 21, 22, 23, 24, 28, 30, 44, 48, 
  50, 53, 59, 61, 62, 63, 64 ],
[ 1, 2, 3, 4, 5, 6, 7, 8, 9, 10, 11, 16, 19, 21, 22, 23, 24, 28, 46, 48, 49, 
  50, 52, 53, 59, 60, 63, 64 ],
[ 1, 2, 3, 4, 5, 6, 7, 8, 9, 10, 11, 16, 19, 21, 22, 23, 24, 30, 48, 49, 50, 
  51, 53, 58, 59, 60, 61, 63 ],
[ 1, 2, 3, 4, 5, 6, 7, 8, 9, 10, 11, 16, 19, 21, 22, 23, 24, 44, 46, 48, 50, 
  51, 52, 53, 58, 59, 62, 63 ],
[ 1, 2, 3, 4, 5, 6, 7, 8, 9, 10, 11, 16, 19, 21, 22, 24, 25, 27, 28, 45, 52, 
  53, 58, 59, 60, 61, 62, 63 ],
[ 1, 2, 3, 4, 5, 6, 7, 8, 9, 10, 11, 16, 19, 21, 22, 24, 25, 27, 44, 45, 49, 
  51, 52, 53, 59, 61, 63, 64 ],
[ 1, 2, 3, 4, 5, 6, 7, 8, 9, 11, 13, 17, 18, 21, 25, 26, 29, 31, 32, 33, 37, 
  39, 42, 55, 58, 61, 63, 64 ],
[ 1, 2, 3, 4, 5, 6, 7, 8, 9, 11, 16, 19, 21, 22, 23, 25, 27, 28, 31, 43, 47, 
  49, 52, 53, 60, 61, 63, 64 ],
[ 1, 2, 3, 4, 5, 6, 7, 8, 9, 11, 17, 18, 21, 25, 26, 29, 31, 32, 34, 35, 37, 
  39, 42, 53, 54, 58, 61, 64 ],
[ 1, 2, 3, 4, 5, 6, 7, 8, 9, 16, 19, 21, 22, 23, 27, 28, 30, 31, 32, 43, 46, 
  47, 48, 49, 53, 60, 63, 64 ],
[ 1, 2, 3, 4, 5, 6, 7, 9, 13, 17, 18, 21, 23, 25, 28, 29, 31, 33, 37, 39, 42, 
  45, 51, 55, 58, 61, 63, 64 ],
[ 1, 2, 3, 4, 5, 6, 7, 9, 13, 17, 18, 21, 23, 25, 29, 31, 33, 37, 39, 42, 44, 
  45, 49, 55, 60, 61, 62, 63 ],
[ 1, 2, 3, 4, 5, 6, 7, 9, 13, 18, 19, 21, 23, 25, 27, 28, 31, 35, 37, 41, 42, 
  43, 49, 53, 60, 61, 63, 64 ],
[ 1, 2, 3, 4, 5, 6, 7, 9, 13, 19, 21, 23, 25, 27, 28, 31, 34, 35, 37, 39, 42, 
  43, 49, 55, 57, 60, 61, 64 ],
[ 1, 2, 3, 4, 5, 6, 8, 9, 10, 12, 13, 14, 18, 19, 20, 25, 28, 31, 35, 38, 41, 
  47, 50, 53, 56, 61, 62, 63 ],
[ 1, 2, 3, 4, 5, 6, 8, 9, 10, 12, 13, 14, 18, 19, 20, 25, 31, 35, 38, 41, 47, 
  49, 50, 51, 53, 56, 61, 63 ],
[ 1, 2, 3, 4, 5, 6, 8, 9, 10, 12, 13, 14, 18, 19, 22, 25, 28, 31, 35, 36, 39, 
  47, 50, 55, 56, 61, 62, 63 ],
[ 1, 2, 3, 4, 5, 6, 8, 9, 10, 12, 13, 14, 18, 19, 22, 25, 31, 35, 36, 39, 47, 
  49, 50, 51, 55, 56, 61, 63 ],
[ 1, 2, 3, 4, 5, 6, 8, 9, 10, 12, 13, 14, 18, 19, 22, 28, 31, 35, 36, 39, 46, 
  47, 48, 50, 55, 56, 62, 63 ],
[ 1, 2, 3, 4, 5, 6, 8, 9, 10, 12, 13, 14, 18, 19, 22, 31, 35, 36, 39, 46, 47, 
  48, 49, 50, 51, 55, 56, 63 ],
[ 1, 2, 3, 4, 5, 6, 8, 9, 10, 12, 13, 14, 18, 20, 25, 26, 29, 31, 34, 38, 40, 
  48, 49, 54, 56, 57, 62, 63 ],
[ 1, 2, 3, 4, 5, 6, 8, 9, 10, 12, 13, 14, 18, 20, 26, 28, 29, 31, 34, 38, 40, 
  46, 51, 54, 56, 57, 61, 63 ],
[ 1, 2, 3, 4, 5, 6, 8, 9, 10, 12, 13, 14, 18, 25, 26, 29, 31, 36, 38, 39, 40, 
  42, 48, 49, 54, 55, 62, 63 ],
[ 1, 2, 3, 4, 5, 6, 8, 9, 10, 12, 13, 14, 18, 26, 28, 29, 31, 36, 38, 39, 40, 
  42, 46, 51, 54, 55, 61, 63 ],
[ 1, 2, 3, 4, 5, 6, 8, 9, 10, 12, 13, 14, 20, 25, 26, 29, 31, 38, 39, 40, 41, 
  48, 49, 53, 54, 55, 56, 62 ],
[ 1, 2, 3, 4, 5, 6, 8, 9, 10, 12, 13, 14, 20, 26, 28, 29, 31, 38, 39, 40, 41, 
  46, 51, 53, 54, 55, 56, 61 ],
[ 1, 2, 3, 4, 5, 6, 8, 9, 10, 12, 14, 18, 19, 20, 23, 25, 28, 31, 38, 41, 45, 
  47, 50, 56, 58, 61, 62, 64 ],
[ 1, 2, 3, 4, 5, 6, 8, 9, 10, 12, 14, 18, 19, 20, 23, 25, 31, 38, 41, 45, 47, 
  49, 50, 51, 56, 58, 61, 64 ],
[ 1, 2, 3, 4, 5, 6, 8, 9, 10, 12, 14, 18, 19, 20, 23, 26, 28, 31, 38, 41, 44, 
  46, 50, 56, 59, 61, 62, 64 ],
[ 1, 2, 3, 4, 5, 6, 8, 9, 10, 12, 14, 19, 20, 23, 25, 26, 28, 31, 38, 39, 44, 
  48, 50, 56, 57, 59, 62, 64 ],
[ 1, 2, 3, 4, 5, 6, 8, 9, 10, 12, 14, 19, 20, 23, 25, 28, 31, 38, 39, 44, 45, 
  47, 50, 56, 57, 60, 61, 62 ],
[ 1, 2, 3, 4, 5, 6, 8, 9, 10, 12, 14, 19, 20, 23, 25, 31, 38, 39, 44, 45, 47, 
  49, 50, 51, 56, 57, 60, 61 ],
[ 1, 2, 3, 4, 5, 6, 8, 9, 11, 12, 13, 14, 17, 19, 20, 25, 28, 32, 35, 38, 40, 
  47, 50, 53, 56, 61, 62, 63 ],
[ 1, 2, 3, 4, 5, 6, 8, 9, 11, 12, 13, 14, 17, 19, 20, 28, 32, 35, 38, 40, 46, 
  47, 48, 50, 53, 56, 62, 63 ],
[ 1, 2, 3, 4, 5, 6, 8, 9, 11, 12, 13, 14, 18, 20, 22, 26, 27, 32, 34, 40, 42, 
  45, 46, 54, 57, 59, 61, 63 ],
[ 1, 2, 3, 4, 5, 6, 8, 9, 11, 12, 13, 14, 18, 20, 22, 26, 29, 30, 34, 40, 42, 
  43, 48, 54, 57, 59, 61, 63 ],
[ 1, 2, 3, 4, 5, 6, 8, 9, 11, 12, 13, 14, 18, 20, 24, 26, 29, 32, 34, 38, 40, 
  47, 49, 54, 56, 57, 62, 63 ],
[ 1, 2, 3, 4, 5, 6, 8, 9, 11, 12, 13, 14, 18, 20, 26, 27, 29, 32, 34, 38, 40, 
  46, 50, 54, 56, 57, 61, 63 ],
[ 1, 2, 3, 4, 5, 6, 8, 9, 11, 12, 13, 14, 18, 20, 26, 29, 30, 32, 34, 38, 40, 
  43, 52, 54, 56, 57, 59, 63 ],
[ 1, 2, 3, 4, 5, 6, 8, 9, 11, 12, 13, 14, 18, 24, 26, 29, 32, 36, 38, 39, 40, 
  42, 47, 49, 54, 55, 62, 63 ],
[ 1, 2, 3, 4, 5, 6, 8, 9, 11, 12, 13, 14, 18, 26, 27, 29, 32, 36, 38, 39, 40, 
  42, 46, 50, 54, 55, 61, 63 ],
[ 1, 2, 3, 4, 5, 6, 8, 9, 11, 12, 13, 14, 18, 26, 27, 32, 36, 38, 39, 40, 41, 
  42, 45, 46, 54, 57, 59, 61 ],
[ 1, 2, 3, 4, 5, 6, 8, 9, 11, 12, 13, 14, 18, 26, 29, 30, 32, 36, 38, 39, 40, 
  42, 43, 52, 54, 55, 59, 63 ],
[ 1, 2, 3, 4, 5, 6, 8, 9, 11, 12, 13, 14, 18, 26, 29, 30, 36, 38, 39, 40, 41, 
  42, 43, 48, 54, 57, 59, 61 ],
[ 1, 2, 3, 4, 5, 6, 8, 9, 11, 12, 13, 14, 20, 22, 26, 27, 32, 39, 40, 41, 42, 
  45, 46, 53, 54, 55, 59, 61 ],
[ 1, 2, 3, 4, 5, 6, 8, 9, 11, 12, 13, 14, 20, 22, 26, 29, 30, 39, 40, 41, 42, 
  43, 48, 53, 54, 55, 59, 61 ],
[ 1, 2, 3, 4, 5, 6, 8, 9, 11, 12, 13, 14, 20, 24, 26, 29, 32, 38, 39, 40, 41, 
  47, 49, 53, 54, 55, 56, 62 ],
[ 1, 2, 3, 4, 5, 6, 8, 9, 11, 12, 13, 14, 20, 26, 29, 30, 32, 38, 39, 40, 41, 
  43, 52, 53, 54, 55, 56, 59 ],
[ 1, 2, 3, 4, 5, 6, 8, 9, 11, 12, 13, 14, 24, 26, 29, 32, 34, 36, 38, 40, 41, 
  42, 47, 49, 53, 54, 57, 62 ],
[ 1, 2, 3, 4, 5, 6, 8, 9, 11, 12, 13, 14, 26, 27, 28, 29, 30, 36, 38, 40, 42, 
  48, 50, 51, 54, 58, 61, 64 ],
[ 1, 2, 3, 4, 5, 6, 8, 9, 11, 12, 13, 14, 26, 27, 28, 29, 32, 36, 38, 40, 42, 
  46, 49, 50, 54, 60, 61, 64 ],
[ 1, 2, 3, 4, 5, 6, 8, 9, 11, 12, 13, 14, 26, 27, 28, 30, 32, 36, 38, 40, 42, 
  45, 51, 52, 54, 58, 59, 64 ],
[ 1, 2, 3, 4, 5, 6, 8, 9, 11, 12, 13, 14, 26, 27, 32, 34, 36, 38, 40, 42, 45, 
  46, 53, 54, 55, 59, 61, 63 ],
[ 1, 2, 3, 4, 5, 6, 8, 9, 11, 12, 13, 14, 26, 27, 32, 36, 38, 40, 42, 44, 45, 
  46, 54, 58, 59, 60, 61, 64 ],
[ 1, 2, 3, 4, 5, 6, 8, 9, 11, 12, 13, 14, 26, 28, 29, 30, 32, 36, 38, 40, 42, 
  43, 49, 52, 54, 59, 60, 64 ],
[ 1, 2, 3, 4, 5, 6, 8, 9, 11, 12, 13, 14, 26, 28, 29, 30, 36, 38, 40, 42, 43, 
  48, 49, 51, 54, 59, 61, 62 ],
[ 1, 2, 3, 4, 5, 6, 8, 9, 11, 12, 13, 14, 26, 29, 30, 32, 34, 36, 38, 40, 41, 
  42, 43, 52, 53, 54, 57, 59 ],
[ 1, 2, 3, 4, 5, 6, 8, 9, 11, 12, 14, 15, 17, 18, 19, 26, 29, 30, 40, 42, 43, 
  48, 53, 55, 56, 57, 59, 61 ],
[ 1, 2, 3, 4, 5, 6, 8, 9, 11, 12, 14, 15, 17, 18, 26, 29, 30, 32, 35, 42, 43, 
  52, 53, 54, 55, 56, 57, 59 ],
[ 1, 2, 3, 4, 5, 6, 8, 9, 11, 12, 14, 15, 17, 26, 29, 30, 32, 34, 35, 39, 41, 
  42, 43, 52, 54, 56, 59, 63 ],
[ 1, 2, 3, 4, 5, 6, 8, 9, 11, 12, 14, 17, 19, 20, 23, 25, 28, 32, 38, 40, 45, 
  47, 50, 56, 58, 61, 62, 64 ],
[ 1, 2, 3, 4, 5, 6, 8, 9, 11, 12, 14, 17, 19, 20, 23, 26, 28, 32, 38, 40, 44, 
  46, 50, 56, 59, 61, 62, 64 ],
[ 1, 2, 3, 4, 5, 6, 8, 9, 11, 12, 14, 17, 19, 20, 23, 26, 28, 38, 40, 46, 48, 
  50, 51, 52, 56, 58, 59, 64 ],
[ 1, 2, 3, 4, 5, 6, 8, 9, 11, 12, 14, 17, 19, 20, 23, 28, 32, 38, 40, 45, 46, 
  47, 48, 50, 56, 58, 62, 64 ],
[ 1, 2, 3, 4, 5, 6, 8, 9, 11, 12, 14, 17, 19, 20, 25, 26, 28, 29, 38, 40, 43, 
  52, 56, 58, 59, 60, 61, 62 ],
[ 1, 2, 3, 4, 5, 6, 8, 9, 11, 12, 14, 17, 19, 20, 25, 26, 28, 38, 40, 43, 45, 
  50, 51, 52, 56, 58, 61, 64 ],
[ 1, 2, 3, 4, 5, 6, 8, 9, 11, 12, 14, 17, 19, 20, 26, 28, 29, 38, 40, 43, 44, 
  46, 48, 52, 56, 59, 62, 64 ],
[ 1, 2, 3, 4, 5, 6, 8, 9, 11, 12, 14, 17, 19, 20, 26, 28, 32, 38, 40, 43, 45, 
  46, 50, 56, 58, 60, 61, 62 ],
[ 1, 2, 3, 4, 5, 6, 8, 9, 11, 12, 14, 17, 20, 22, 23, 25, 28, 32, 35, 42, 45, 
  47, 50, 54, 58, 61, 62, 64 ],
[ 1, 2, 3, 4, 5, 6, 8, 9, 11, 12, 14, 17, 20, 22, 23, 25, 32, 35, 42, 45, 47, 
  49, 50, 51, 54, 58, 61, 64 ],
[ 1, 2, 3, 4, 5, 6, 8, 9, 11, 12, 14, 17, 20, 22, 23, 26, 28, 32, 35, 42, 44, 
  46, 50, 54, 59, 61, 62, 64 ],
[ 1, 2, 3, 4, 5, 6, 8, 9, 11, 12, 14, 17, 20, 22, 23, 26, 28, 35, 42, 46, 48, 
  50, 51, 52, 54, 58, 59, 64 ],
[ 1, 2, 3, 4, 5, 6, 8, 9, 11, 12, 14, 17, 20, 22, 23, 26, 32, 35, 42, 46, 49, 
  50, 51, 54, 58, 59, 60, 61 ],
[ 1, 2, 3, 4, 5, 6, 8, 9, 11, 12, 14, 17, 20, 22, 23, 26, 35, 42, 44, 46, 48, 
  49, 50, 52, 54, 59, 60, 62 ],
[ 1, 2, 3, 4, 5, 6, 8, 9, 11, 12, 14, 17, 20, 22, 23, 28, 32, 35, 42, 45, 46, 
  47, 48, 50, 54, 58, 62, 64 ],
[ 1, 2, 3, 4, 5, 6, 8, 9, 11, 12, 14, 17, 20, 22, 23, 32, 35, 42, 45, 46, 47, 
  48, 49, 50, 51, 54, 58, 64 ],
[ 1, 2, 3, 4, 5, 6, 8, 9, 11, 12, 14, 17, 20, 22, 25, 26, 28, 29, 35, 42, 43, 
  52, 54, 58, 59, 60, 61, 62 ],
[ 1, 2, 3, 4, 5, 6, 8, 9, 11, 12, 14, 17, 20, 22, 25, 26, 28, 35, 42, 43, 45, 
  50, 51, 52, 54, 58, 61, 64 ],
[ 1, 2, 3, 4, 5, 6, 8, 9, 11, 12, 14, 17, 20, 22, 25, 26, 29, 35, 42, 43, 44, 
  49, 51, 52, 54, 59, 61, 64 ],
[ 1, 2, 3, 4, 5, 6, 8, 9, 11, 12, 14, 17, 20, 22, 25, 26, 35, 42, 43, 44, 45, 
  49, 50, 52, 54, 60, 61, 62 ],
[ 1, 2, 3, 4, 5, 6, 8, 9, 11, 12, 14, 17, 20, 22, 25, 28, 32, 35, 42, 43, 44, 
  47, 50, 54, 59, 60, 61, 62 ],
[ 1, 2, 3, 4, 5, 6, 8, 9, 11, 12, 14, 17, 20, 22, 26, 28, 29, 35, 42, 43, 44, 
  46, 48, 52, 54, 59, 62, 64 ],
[ 1, 2, 3, 4, 5, 6, 8, 9, 11, 12, 14, 17, 20, 22, 26, 29, 35, 42, 43, 46, 48, 
  49, 51, 52, 54, 58, 59, 60 ],
[ 1, 2, 3, 4, 5, 6, 8, 9, 11, 12, 14, 17, 20, 22, 32, 35, 42, 43, 44, 46, 47, 
  48, 49, 50, 51, 54, 59, 60 ],
[ 1, 2, 3, 4, 5, 6, 8, 9, 11, 12, 14, 19, 20, 23, 25, 28, 32, 38, 39, 43, 45, 
  47, 50, 56, 57, 59, 61, 62 ],
[ 1, 2, 3, 4, 5, 6, 8, 9, 11, 12, 14, 19, 20, 25, 28, 32, 38, 39, 44, 47, 50, 
  56, 57, 58, 60, 61, 62, 64 ],
[ 1, 2, 3, 4, 5, 6, 8, 9, 11, 13, 14, 17, 19, 20, 25, 28, 29, 31, 35, 38, 40, 
  47, 51, 52, 53, 56, 61, 63 ],
[ 1, 2, 3, 4, 5, 6, 8, 9, 11, 13, 14, 17, 19, 20, 25, 29, 31, 34, 35, 38, 40, 
  47, 49, 52, 55, 56, 61, 62 ],
[ 1, 2, 3, 4, 5, 6, 8, 9, 11, 13, 14, 18, 19, 20, 22, 25, 27, 31, 35, 41, 42, 
  45, 47, 52, 53, 59, 61, 63 ],
[ 1, 2, 3, 4, 5, 6, 8, 9, 11, 13, 14, 18, 19, 20, 22, 30, 31, 35, 41, 42, 43, 
  45, 47, 48, 50, 53, 61, 63 ],
[ 1, 2, 3, 4, 5, 6, 8, 9, 11, 13, 14, 18, 19, 20, 25, 27, 29, 31, 35, 38, 41, 
  47, 50, 52, 53, 56, 61, 63 ],
[ 1, 2, 3, 4, 5, 6, 8, 9, 11, 13, 14, 18, 19, 20, 30, 31, 32, 35, 38, 41, 43, 
  45, 47, 50, 52, 53, 56, 63 ],
[ 1, 2, 3, 4, 5, 6, 8, 9, 11, 13, 14, 18, 19, 22, 25, 27, 29, 31, 35, 36, 39, 
  47, 50, 52, 55, 56, 61, 63 ],
[ 1, 2, 3, 4, 5, 6, 8, 9, 11, 13, 14, 18, 19, 22, 25, 27, 31, 35, 36, 39, 41, 
  45, 47, 52, 56, 57, 59, 61 ],
[ 1, 2, 3, 4, 5, 6, 8, 9, 11, 13, 14, 18, 19, 22, 30, 31, 32, 35, 36, 39, 43, 
  45, 47, 50, 52, 55, 56, 63 ],
[ 1, 2, 3, 4, 5, 6, 8, 9, 11, 13, 14, 19, 20, 22, 25, 27, 31, 34, 35, 39, 42, 
  45, 47, 52, 55, 57, 59, 61 ],
[ 1, 2, 3, 4, 5, 6, 8, 9, 11, 13, 14, 19, 20, 22, 30, 31, 34, 35, 39, 42, 43, 
  45, 47, 48, 50, 55, 57, 61 ],
[ 1, 2, 3, 4, 5, 6, 8, 9, 11, 13, 14, 19, 20, 25, 27, 29, 31, 34, 35, 38, 39, 
  47, 50, 52, 55, 56, 57, 61 ],
[ 1, 2, 3, 4, 5, 6, 8, 9, 11, 13, 14, 19, 20, 30, 31, 32, 34, 35, 38, 39, 43, 
  45, 47, 50, 52, 55, 56, 57 ],
[ 1, 2, 3, 4, 5, 6, 8, 9, 11, 13, 14, 19, 22, 25, 27, 28, 29, 31, 35, 36, 47, 
  49, 50, 52, 56, 60, 61, 64 ],
[ 1, 2, 3, 4, 5, 6, 8, 9, 11, 13, 14, 19, 22, 27, 28, 30, 31, 32, 35, 36, 45, 
  47, 52, 56, 58, 59, 60, 62 ],
[ 1, 2, 3, 4, 5, 6, 8, 9, 11, 13, 14, 19, 22, 28, 30, 31, 32, 35, 36, 43, 45, 
  47, 49, 50, 52, 56, 60, 64 ],
[ 1, 2, 3, 4, 5, 6, 8, 9, 11, 13, 14, 19, 22, 30, 31, 32, 34, 35, 36, 41, 43, 
  45, 47, 50, 52, 53, 56, 57 ],
[ 1, 2, 3, 4, 5, 6, 8, 9, 11, 14, 15, 17, 18, 19, 22, 25, 27, 31, 38, 40, 41, 
  45, 47, 52, 53, 59, 61, 63 ],
[ 1, 2, 3, 4, 5, 6, 8, 9, 11, 14, 15, 17, 18, 22, 25, 27, 29, 31, 35, 38, 41, 
  47, 50, 52, 53, 54, 61, 63 ],
[ 1, 2, 3, 4, 5, 6, 8, 9, 11, 14, 15, 17, 18, 22, 30, 31, 32, 35, 38, 41, 43, 
  45, 47, 50, 52, 53, 54, 63 ],
[ 1, 2, 3, 4, 5, 6, 8, 9, 11, 14, 15, 17, 22, 30, 31, 32, 34, 35, 38, 39, 43, 
  45, 47, 50, 52, 54, 55, 57 ],
[ 1, 2, 3, 4, 5, 6, 8, 9, 11, 14, 17, 19, 20, 23, 25, 28, 29, 31, 38, 40, 45, 
  47, 51, 52, 56, 58, 61, 64 ],
[ 1, 2, 3, 4, 5, 6, 8, 9, 11, 14, 17, 19, 20, 23, 26, 28, 29, 31, 38, 40, 44, 
  46, 51, 52, 56, 59, 61, 64 ],
[ 1, 2, 3, 4, 5, 6, 8, 9, 11, 14, 17, 20, 22, 23, 25, 28, 29, 31, 35, 42, 45, 
  47, 51, 52, 54, 58, 61, 64 ],
[ 1, 2, 3, 4, 5, 6, 8, 9, 11, 14, 17, 20, 22, 23, 26, 28, 29, 31, 35, 42, 44, 
  46, 51, 52, 54, 59, 61, 64 ],
[ 1, 2, 3, 4, 5, 6, 8, 9, 11, 14, 17, 20, 22, 23, 26, 28, 29, 31, 35, 42, 46, 
  51, 52, 54, 58, 59, 60, 61 ],
[ 1, 2, 3, 4, 5, 6, 8, 9, 11, 14, 17, 20, 22, 26, 28, 29, 31, 35, 42, 43, 45, 
  46, 51, 52, 54, 58, 60, 61 ],
[ 1, 2, 3, 4, 5, 6, 8, 9, 11, 14, 18, 19, 20, 23, 25, 27, 29, 31, 38, 41, 45, 
  47, 50, 52, 56, 58, 61, 64 ],
[ 1, 2, 3, 4, 5, 6, 8, 9, 11, 14, 18, 19, 20, 23, 26, 27, 29, 31, 38, 41, 44, 
  46, 50, 52, 56, 59, 61, 64 ],
[ 1, 2, 3, 4, 5, 6, 8, 9, 11, 14, 18, 19, 20, 25, 29, 31, 34, 38, 41, 47, 49, 
  52, 53, 55, 56, 61, 62, 63 ],
[ 1, 2, 3, 4, 5, 6, 8, 9, 11, 14, 18, 19, 20, 25, 29, 31, 38, 41, 44, 47, 49, 
  52, 56, 58, 60, 61, 62, 64 ],
[ 1, 2, 3, 4, 5, 6, 8, 9, 11, 14, 18, 19, 20, 30, 31, 32, 33, 34, 38, 41, 43, 
  45, 47, 50, 52, 54, 55, 56 ],
[ 1, 2, 3, 4, 5, 6, 8, 9, 11, 14, 19, 20, 23, 25, 27, 29, 31, 38, 39, 44, 45, 
  47, 50, 52, 56, 57, 60, 61 ],
[ 1, 2, 3, 4, 5, 6, 8, 9, 11, 14, 19, 20, 25, 28, 29, 31, 34, 38, 39, 47, 51, 
  52, 53, 55, 56, 57, 61, 63 ],
[ 1, 2, 3, 4, 5, 6, 8, 9, 11, 14, 19, 20, 25, 28, 29, 31, 38, 39, 44, 47, 51, 
  52, 56, 57, 58, 60, 61, 64 ],
[ 1, 2, 3, 4, 5, 6, 8, 9, 11, 14, 19, 20, 30, 31, 32, 33, 38, 39, 43, 45, 47, 
  50, 52, 53, 54, 56, 57, 63 ],
[ 1, 2, 3, 4, 5, 6, 8, 9, 12, 13, 14, 17, 19, 20, 25, 28, 30, 34, 35, 38, 40, 
  47, 50, 52, 55, 56, 61, 62 ],
[ 1, 2, 3, 4, 5, 6, 8, 9, 12, 13, 14, 17, 19, 20, 28, 30, 34, 35, 38, 40, 46, 
  47, 48, 50, 52, 55, 56, 62 ],
[ 1, 2, 3, 4, 5, 6, 8, 9, 12, 13, 14, 18, 20, 22, 26, 27, 28, 34, 40, 42, 45, 
  51, 54, 57, 58, 59, 63, 64 ],
[ 1, 2, 3, 4, 5, 6, 8, 9, 12, 13, 14, 18, 20, 24, 26, 28, 29, 30, 34, 38, 40, 
  47, 51, 52, 54, 56, 57, 63 ],
[ 1, 2, 3, 4, 5, 6, 8, 9, 12, 13, 14, 18, 20, 25, 26, 27, 29, 30, 34, 38, 40, 
  48, 50, 52, 54, 56, 57, 63 ],
[ 1, 2, 3, 4, 5, 6, 8, 9, 12, 13, 14, 18, 20, 26, 27, 28, 29, 34, 38, 40, 50, 
  51, 54, 56, 57, 58, 63, 64 ],
[ 1, 2, 3, 4, 5, 6, 8, 9, 12, 13, 14, 18, 24, 26, 28, 29, 30, 36, 38, 39, 40, 
  42, 47, 51, 52, 54, 55, 63 ],
[ 1, 2, 3, 4, 5, 6, 8, 9, 12, 13, 14, 18, 25, 26, 27, 29, 30, 36, 38, 39, 40, 
  42, 48, 50, 52, 54, 55, 63 ],
[ 1, 2, 3, 4, 5, 6, 8, 9, 12, 13, 14, 20, 24, 26, 28, 29, 30, 38, 39, 40, 41, 
  47, 51, 52, 53, 54, 55, 56 ],
[ 1, 2, 3, 4, 5, 6, 8, 9, 12, 13, 14, 20, 26, 27, 28, 29, 38, 39, 40, 41, 50, 
  51, 53, 54, 55, 56, 58, 64 ],
[ 1, 2, 3, 4, 5, 6, 8, 9, 12, 13, 14, 24, 26, 28, 29, 30, 34, 36, 38, 40, 41, 
  42, 47, 51, 52, 53, 54, 57 ],
[ 1, 2, 3, 4, 5, 6, 8, 9, 12, 14, 17, 19, 20, 23, 28, 30, 38, 40, 44, 45, 46, 
  47, 48, 50, 52, 56, 60, 62 ],
[ 1, 2, 3, 4, 5, 6, 8, 9, 12, 14, 17, 20, 22, 23, 28, 30, 35, 42, 44, 45, 46, 
  47, 48, 50, 52, 54, 60, 62 ],
[ 1, 2, 3, 4, 5, 6, 8, 9, 12, 14, 17, 20, 22, 23, 30, 35, 42, 44, 45, 46, 47, 
  48, 49, 50, 51, 52, 54, 60 ],
[ 1, 2, 3, 4, 5, 6, 8, 9, 12, 14, 17, 20, 22, 30, 35, 42, 43, 46, 47, 48, 49, 
  50, 51, 52, 54, 58, 59, 64 ],
[ 1, 2, 3, 4, 5, 6, 8, 9, 12, 14, 18, 19, 20, 25, 28, 30, 38, 41, 44, 47, 50, 
  52, 56, 58, 60, 61, 62, 64 ],
[ 1, 2, 3, 4, 5, 6, 8, 9, 13, 14, 18, 19, 20, 27, 28, 29, 31, 35, 38, 41, 47, 
  50, 53, 56, 58, 60, 62, 63 ],
[ 1, 2, 3, 4, 5, 6, 8, 9, 13, 14, 18, 19, 20, 28, 31, 35, 38, 41, 43, 45, 47, 
  49, 50, 51, 53, 56, 62, 63 ],
[ 1, 2, 3, 4, 5, 6, 8, 9, 13, 14, 18, 19, 20, 31, 35, 38, 41, 43, 44, 45, 47, 
  50, 53, 56, 58, 60, 63, 64 ],
[ 1, 2, 3, 4, 5, 6, 8, 9, 13, 14, 19, 20, 31, 34, 35, 38, 39, 43, 44, 45, 47, 
  50, 55, 56, 57, 58, 60, 64 ],
[ 1, 2, 3, 4, 5, 6, 8, 9, 14, 17, 19, 20, 23, 28, 29, 30, 31, 32, 38, 40, 45, 
  46, 47, 48, 51, 56, 58, 64 ],
[ 1, 2, 3, 4, 5, 6, 8, 9, 14, 17, 20, 22, 23, 28, 29, 30, 31, 32, 35, 42, 45, 
  46, 47, 48, 51, 54, 58, 64 ],
[ 1, 2, 3, 4, 5, 6, 9, 10, 12, 13, 14, 18, 19, 20, 23, 28, 31, 35, 38, 41, 
  44, 50, 53, 56, 59, 62, 63, 64 ],
[ 1, 2, 3, 4, 5, 6, 9, 10, 12, 13, 14, 18, 19, 20, 28, 31, 35, 38, 41, 43, 
  45, 50, 53, 56, 58, 60, 62, 63 ],
[ 1, 2, 3, 4, 5, 6, 9, 10, 12, 13, 14, 18, 20, 23, 28, 29, 31, 34, 38, 40, 
  45, 51, 54, 56, 57, 58, 63, 64 ],
[ 1, 2, 3, 4, 5, 6, 9, 10, 12, 13, 14, 18, 20, 23, 29, 31, 34, 38, 40, 44, 
  45, 49, 54, 56, 57, 60, 62, 63 ],
[ 1, 2, 3, 4, 5, 6, 9, 10, 12, 13, 14, 20, 23, 28, 29, 31, 38, 39, 40, 41, 
  45, 51, 53, 54, 55, 56, 58, 64 ],
[ 1, 2, 3, 4, 5, 6, 9, 10, 12, 13, 14, 20, 23, 29, 31, 38, 39, 40, 41, 44, 
  45, 49, 53, 54, 55, 56, 60, 62 ],
[ 1, 2, 3, 4, 5, 6, 9, 10, 13, 14, 18, 19, 20, 22, 23, 26, 28, 35, 41, 42, 
  44, 47, 50, 53, 59, 62, 63, 64 ],
[ 1, 2, 3, 4, 5, 6, 9, 10, 13, 14, 18, 19, 20, 22, 23, 26, 35, 41, 42, 47, 
  49, 50, 51, 53, 58, 59, 60, 63 ],
[ 1, 2, 3, 4, 5, 6, 9, 10, 13, 14, 18, 19, 22, 23, 26, 28, 35, 36, 39, 41, 
  44, 47, 50, 56, 57, 59, 62, 64 ],
[ 1, 2, 3, 4, 5, 6, 9, 10, 13, 14, 18, 19, 22, 23, 26, 35, 36, 39, 41, 47, 
  49, 50, 51, 56, 57, 58, 59, 60 ],
[ 1, 2, 3, 4, 5, 6, 9, 10, 13, 14, 18, 20, 22, 23, 26, 28, 29, 34, 40, 42, 
  45, 47, 51, 54, 57, 58, 63, 64 ],
[ 1, 2, 3, 4, 5, 6, 9, 10, 13, 14, 18, 23, 26, 28, 29, 36, 38, 39, 40, 41, 
  42, 45, 47, 51, 54, 57, 58, 64 ],
[ 1, 2, 3, 4, 5, 6, 9, 10, 13, 14, 18, 23, 26, 29, 36, 38, 39, 40, 41, 42, 
  44, 45, 47, 49, 54, 57, 60, 62 ],
[ 1, 2, 3, 4, 5, 6, 9, 10, 13, 14, 19, 20, 22, 23, 26, 28, 34, 35, 39, 42, 
  44, 47, 50, 55, 57, 59, 62, 64 ],
[ 1, 2, 3, 4, 5, 6, 9, 10, 13, 14, 19, 20, 22, 23, 26, 34, 35, 39, 42, 47, 
  49, 50, 51, 55, 57, 58, 59, 60 ],
[ 1, 2, 3, 4, 5, 6, 9, 10, 13, 14, 20, 22, 23, 26, 28, 29, 39, 40, 41, 42, 
  45, 47, 51, 53, 54, 55, 58, 64 ],
[ 1, 2, 3, 4, 5, 6, 9, 11, 12, 13, 14, 17, 19, 20, 23, 28, 32, 35, 38, 40, 
  44, 50, 53, 56, 59, 62, 63, 64 ],
[ 1, 2, 3, 4, 5, 6, 9, 11, 12, 13, 14, 18, 20, 23, 27, 29, 32, 34, 38, 40, 
  45, 50, 54, 56, 57, 58, 63, 64 ],
[ 1, 2, 3, 4, 5, 6, 9, 11, 12, 13, 14, 18, 20, 23, 29, 32, 34, 38, 40, 43, 
  45, 49, 54, 56, 57, 59, 62, 63 ],
[ 1, 2, 3, 4, 5, 6, 9, 11, 13, 14, 17, 19, 20, 23, 28, 29, 31, 35, 38, 40, 
  44, 51, 52, 53, 56, 59, 63, 64 ],
[ 1, 2, 3, 4, 5, 6, 9, 11, 13, 14, 17, 19, 20, 23, 29, 31, 34, 35, 38, 40, 
  44, 49, 52, 55, 56, 59, 62, 64 ],
[ 1, 2, 3, 4, 5, 6, 9, 11, 13, 14, 18, 19, 20, 23, 27, 29, 31, 35, 38, 41, 
  44, 50, 52, 53, 56, 59, 63, 64 ],
[ 1, 2, 3, 4, 5, 6, 9, 11, 13, 14, 19, 20, 23, 27, 29, 31, 34, 35, 38, 39, 
  44, 50, 52, 55, 56, 57, 59, 64 ],
[ 1, 2, 3, 4, 5, 6, 9, 11, 14, 18, 19, 20, 23, 29, 31, 34, 38, 41, 44, 49, 
  52, 53, 55, 56, 59, 62, 63, 64 ],
[ 1, 2, 3, 4, 5, 6, 9, 11, 14, 19, 20, 23, 28, 29, 31, 34, 38, 39, 44, 51, 
  52, 53, 55, 56, 57, 59, 63, 64 ],
[ 1, 2, 3, 4, 5, 6, 9, 12, 13, 14, 17, 19, 20, 23, 28, 30, 34, 35, 38, 40, 
  44, 50, 52, 55, 56, 59, 62, 64 ],
[ 1, 2, 3, 4, 5, 6, 9, 12, 13, 14, 18, 20, 23, 27, 29, 30, 34, 38, 40, 44, 
  45, 50, 52, 54, 56, 57, 60, 63 ],
[ 1, 2, 3, 4, 5, 6, 9, 12, 13, 14, 18, 20, 23, 28, 29, 30, 34, 38, 40, 43, 
  45, 51, 52, 54, 56, 57, 59, 63 ]
];

