## Group: [64, 174]
## Difference Sets: 13
## Time:  0:01:03.874

return [
[ 1, 4, 5, 6, 8, 11, 15, 16, 18, 20, 25, 26, 27, 28, 30, 32, 34, 35, 36, 37, 
  40, 48, 50, 51, 52, 53, 54, 57 ],
[ 1, 4, 5, 6, 8, 11, 13, 15, 16, 18, 20, 25, 26, 27, 28, 30, 32, 33, 36, 37, 
  40, 48, 50, 51, 52, 55, 57, 63 ],
[ 1, 4, 5, 6, 8, 11, 12, 15, 18, 20, 25, 26, 28, 29, 30, 31, 33, 34, 36, 38, 
  40, 48, 49, 50, 54, 55, 56, 57 ],
[ 1, 4, 5, 6, 8, 10, 11, 15, 16, 18, 20, 25, 26, 28, 31, 32, 34, 35, 36, 37, 
  40, 48, 49, 51, 53, 54, 57, 62 ],
[ 1, 3, 6, 7, 11, 13, 14, 15, 18, 19, 20, 21, 22, 25, 26, 27, 28, 30, 32, 34, 
  36, 50, 51, 52, 54, 58, 59, 63 ],
[ 1, 3, 6, 7, 11, 12, 13, 14, 15, 18, 22, 24, 25, 28, 29, 30, 31, 34, 36, 39, 
  41, 47, 48, 49, 50, 54, 57, 63 ],
[ 1, 3, 6, 7, 11, 12, 13, 14, 15, 17, 18, 22, 25, 28, 29, 30, 31, 34, 36, 40, 
  41, 46, 48, 49, 50, 54, 61, 63 ],
[ 1, 2, 6, 7, 9, 10, 11, 15, 18, 19, 20, 21, 22, 25, 26, 28, 30, 33, 34, 36, 
  38, 50, 54, 55, 56, 58, 59, 62 ],
[ 1, 2, 6, 7, 9, 10, 11, 14, 15, 18, 19, 20, 21, 22, 25, 26, 28, 30, 34, 37, 
  38, 50, 53, 55, 58, 59, 62, 63 ],
[ 1, 2, 4, 5, 6, 11, 12, 15, 18, 20, 25, 26, 28, 29, 30, 31, 32, 33, 34, 36, 
  38, 40, 54, 55, 56, 57, 58, 59 ],
[ 1, 2, 4, 5, 6, 11, 12, 15, 16, 18, 20, 25, 27, 28, 32, 34, 35, 36, 37, 40, 
  46, 48, 50, 51, 53, 54, 57, 61 ],
[ 1, 2, 4, 5, 6, 11, 12, 15, 16, 18, 20, 24, 25, 28, 32, 34, 35, 36, 37, 40, 
  47, 48, 49, 51, 53, 54, 57, 62 ],
[ 1, 2, 4, 5, 6, 11, 12, 14, 15, 18, 20, 25, 26, 28, 29, 30, 31, 32, 34, 37, 
  38, 40, 53, 55, 57, 58, 59, 63 ]
];

