## Group: [64, 10]
## Difference Sets: 300
## Time:  0:09:59.950

return [
[ 1, 2, 3, 4, 5, 6, 7, 8, 9, 10, 11, 13, 14, 16, 22, 28, 30, 35, 37, 41, 42, 
  43, 48, 50, 53, 62, 63, 64 ],
[ 1, 2, 3, 4, 5, 6, 7, 8, 9, 10, 11, 13, 16, 22, 28, 30, 33, 35, 36, 41, 42, 
  43, 48, 50, 54, 56, 62, 64 ],
[ 1, 2, 3, 4, 5, 6, 7, 8, 9, 10, 12, 13, 14, 15, 22, 29, 31, 34, 36, 41, 42, 
  43, 48, 49, 54, 62, 63, 64 ],
[ 1, 2, 3, 4, 5, 6, 7, 8, 9, 10, 12, 14, 15, 22, 29, 31, 33, 35, 36, 41, 42, 
  43, 48, 49, 53, 55, 62, 64 ],
[ 1, 2, 3, 4, 5, 6, 7, 8, 9, 10, 12, 15, 18, 20, 22, 23, 24, 27, 29, 33, 47, 
  48, 52, 53, 58, 60, 62, 64 ],
[ 1, 2, 3, 4, 5, 6, 7, 8, 9, 10, 12, 15, 18, 20, 22, 23, 24, 29, 31, 33, 43, 
  48, 49, 53, 60, 61, 62, 64 ],
[ 1, 2, 3, 4, 5, 6, 7, 8, 9, 10, 12, 15, 18, 20, 22, 23, 24, 29, 33, 47, 48, 
  49, 50, 52, 53, 58, 60, 64 ],
[ 1, 2, 3, 4, 5, 6, 7, 8, 9, 10, 12, 15, 18, 20, 22, 23, 27, 29, 33, 43, 46, 
  48, 52, 53, 59, 60, 61, 62 ],
[ 1, 2, 3, 4, 5, 6, 7, 8, 9, 10, 12, 15, 18, 20, 22, 23, 29, 31, 33, 46, 47, 
  48, 49, 53, 58, 59, 60, 62 ],
[ 1, 2, 3, 4, 5, 6, 7, 8, 9, 10, 12, 15, 18, 20, 22, 24, 27, 29, 33, 44, 45, 
  47, 48, 52, 53, 58, 62, 64 ],
[ 1, 2, 3, 4, 5, 6, 7, 8, 9, 10, 12, 15, 18, 20, 22, 24, 29, 31, 33, 44, 45, 
  48, 49, 53, 58, 59, 61, 62 ],
[ 1, 2, 3, 4, 5, 6, 7, 8, 9, 10, 12, 15, 18, 20, 22, 24, 29, 33, 44, 45, 47, 
  48, 49, 50, 52, 53, 58, 64 ],
[ 1, 2, 3, 4, 5, 6, 7, 8, 9, 10, 12, 15, 18, 20, 22, 29, 31, 33, 43, 44, 45, 
  46, 47, 48, 49, 53, 62, 64 ],
[ 1, 2, 3, 4, 5, 6, 7, 8, 9, 10, 12, 15, 18, 20, 22, 29, 33, 43, 44, 45, 46, 
  48, 49, 50, 52, 53, 59, 61 ],
[ 1, 2, 3, 4, 5, 6, 7, 8, 9, 10, 13, 14, 15, 19, 21, 22, 25, 27, 29, 32, 34, 
  43, 50, 52, 53, 54, 56, 58 ],
[ 1, 2, 3, 4, 5, 6, 7, 8, 9, 10, 13, 14, 16, 18, 20, 22, 26, 30, 32, 37, 43, 
  50, 51, 53, 54, 55, 59, 62 ],
[ 1, 2, 3, 4, 5, 6, 7, 8, 9, 10, 13, 14, 16, 18, 20, 22, 26, 30, 32, 37, 50, 
  51, 53, 54, 55, 58, 62, 64 ],
[ 1, 2, 3, 4, 5, 6, 7, 8, 9, 10, 13, 14, 18, 20, 22, 26, 30, 32, 35, 38, 43, 
  50, 51, 53, 56, 59, 62, 63 ],
[ 1, 2, 3, 4, 5, 6, 7, 8, 9, 10, 13, 14, 18, 20, 22, 26, 30, 32, 35, 38, 50, 
  51, 53, 56, 58, 62, 63, 64 ],
[ 1, 2, 3, 4, 5, 6, 7, 8, 9, 10, 13, 14, 19, 21, 22, 25, 27, 29, 32, 33, 36, 
  38, 43, 50, 52, 53, 55, 58 ],
[ 1, 2, 3, 4, 5, 6, 7, 8, 9, 10, 13, 14, 19, 21, 22, 25, 27, 29, 32, 36, 38, 
  50, 52, 54, 55, 59, 63, 64 ],
[ 1, 2, 3, 4, 5, 6, 7, 8, 9, 10, 14, 15, 19, 21, 22, 25, 27, 29, 32, 35, 50, 
  52, 53, 54, 55, 56, 59, 64 ],
[ 1, 2, 3, 4, 5, 6, 7, 8, 9, 10, 15, 18, 20, 22, 23, 24, 26, 27, 32, 33, 45, 
  47, 51, 52, 53, 58, 62, 64 ],
[ 1, 2, 3, 4, 5, 6, 7, 8, 9, 10, 15, 18, 20, 22, 23, 24, 26, 31, 32, 33, 43, 
  45, 49, 51, 53, 61, 62, 64 ],
[ 1, 2, 3, 4, 5, 6, 7, 8, 9, 10, 15, 18, 20, 22, 23, 24, 26, 31, 32, 33, 45, 
  49, 51, 53, 58, 59, 61, 62 ],
[ 1, 2, 3, 4, 5, 6, 7, 8, 9, 10, 15, 18, 20, 22, 23, 26, 27, 32, 33, 43, 45, 
  46, 51, 52, 53, 59, 61, 62 ],
[ 1, 2, 3, 4, 5, 6, 7, 8, 9, 10, 15, 18, 20, 22, 23, 26, 31, 32, 33, 45, 46, 
  47, 49, 51, 53, 58, 59, 62 ],
[ 1, 2, 3, 4, 5, 6, 7, 8, 9, 10, 15, 18, 20, 22, 24, 26, 27, 31, 32, 33, 43, 
  44, 50, 51, 53, 60, 61, 64 ],
[ 1, 2, 3, 4, 5, 6, 7, 8, 9, 10, 15, 18, 20, 22, 24, 26, 27, 31, 32, 33, 44, 
  50, 51, 53, 58, 59, 60, 61 ],
[ 1, 2, 3, 4, 5, 6, 7, 8, 9, 10, 15, 18, 20, 22, 24, 26, 27, 32, 33, 43, 44, 
  47, 51, 52, 53, 59, 60, 62 ],
[ 1, 2, 3, 4, 5, 6, 7, 8, 9, 10, 15, 18, 20, 22, 26, 27, 31, 32, 33, 44, 46, 
  47, 50, 51, 53, 58, 59, 60 ],
[ 1, 2, 3, 4, 5, 6, 7, 8, 9, 10, 15, 18, 20, 22, 26, 27, 32, 33, 44, 46, 51, 
  52, 53, 58, 60, 61, 62, 64 ],
[ 1, 2, 3, 4, 5, 6, 7, 8, 9, 11, 13, 14, 16, 22, 27, 28, 31, 35, 37, 41, 42, 
  43, 48, 49, 52, 53, 63, 64 ],
[ 1, 2, 3, 4, 5, 6, 7, 8, 9, 11, 13, 16, 22, 27, 28, 31, 33, 35, 36, 41, 42, 
  43, 48, 49, 52, 54, 56, 64 ],
[ 1, 2, 3, 4, 5, 6, 7, 8, 9, 12, 13, 14, 15, 19, 21, 22, 25, 30, 34, 43, 49, 
  50, 51, 52, 53, 54, 56, 58 ],
[ 1, 2, 3, 4, 5, 6, 7, 8, 9, 12, 13, 14, 15, 22, 27, 29, 30, 34, 36, 41, 42, 
  43, 48, 50, 52, 54, 63, 64 ],
[ 1, 2, 3, 4, 5, 6, 7, 8, 9, 12, 13, 14, 19, 21, 22, 25, 30, 33, 36, 38, 43, 
  49, 50, 51, 52, 53, 55, 58 ],
[ 1, 2, 3, 4, 5, 6, 7, 8, 9, 12, 13, 14, 19, 21, 22, 25, 30, 36, 38, 49, 50, 
  51, 52, 54, 55, 59, 63, 64 ],
[ 1, 2, 3, 4, 5, 6, 7, 8, 9, 12, 14, 15, 19, 21, 22, 25, 30, 35, 49, 50, 51, 
  52, 53, 54, 55, 56, 59, 64 ],
[ 1, 2, 3, 4, 5, 6, 7, 8, 9, 12, 14, 15, 22, 27, 29, 30, 33, 35, 36, 41, 42, 
  43, 48, 50, 52, 53, 55, 64 ],
[ 1, 2, 3, 4, 5, 6, 7, 8, 9, 12, 15, 18, 20, 22, 23, 24, 27, 29, 30, 33, 43, 
  48, 50, 52, 53, 60, 61, 64 ],
[ 1, 2, 3, 4, 5, 6, 7, 8, 9, 12, 15, 18, 20, 22, 23, 27, 29, 30, 33, 46, 47, 
  48, 50, 52, 53, 58, 59, 60 ],
[ 1, 2, 3, 4, 5, 6, 7, 8, 9, 12, 15, 18, 20, 22, 24, 27, 29, 30, 33, 44, 45, 
  48, 50, 52, 53, 58, 59, 61 ],
[ 1, 2, 3, 4, 5, 6, 7, 8, 9, 12, 15, 18, 20, 22, 27, 29, 30, 33, 43, 44, 45, 
  46, 47, 48, 50, 52, 53, 64 ],
[ 1, 2, 3, 4, 5, 6, 7, 8, 9, 15, 18, 20, 22, 23, 24, 26, 30, 31, 32, 33, 45, 
  47, 49, 50, 51, 53, 58, 64 ],
[ 1, 2, 3, 4, 5, 6, 7, 8, 9, 15, 18, 20, 22, 23, 26, 30, 31, 32, 33, 43, 45, 
  46, 49, 50, 51, 53, 59, 61 ],
[ 1, 2, 3, 4, 5, 6, 7, 8, 9, 15, 18, 20, 22, 24, 26, 30, 31, 32, 33, 43, 44, 
  47, 49, 50, 51, 53, 59, 60 ],
[ 1, 2, 3, 4, 5, 6, 7, 8, 9, 15, 18, 20, 22, 26, 30, 31, 32, 33, 44, 46, 49, 
  50, 51, 53, 58, 60, 61, 64 ],
[ 1, 2, 3, 4, 5, 6, 7, 8, 10, 11, 13, 14, 16, 18, 20, 22, 26, 27, 29, 33, 37, 
  43, 51, 52, 55, 59, 62, 63 ],
[ 1, 2, 3, 4, 5, 6, 7, 8, 10, 11, 13, 14, 16, 18, 20, 22, 26, 27, 29, 33, 37, 
  51, 52, 55, 58, 62, 63, 64 ],
[ 1, 2, 3, 4, 5, 6, 7, 8, 10, 11, 13, 14, 16, 18, 20, 22, 26, 29, 37, 43, 49, 
  50, 51, 52, 53, 54, 55, 59 ],
[ 1, 2, 3, 4, 5, 6, 7, 8, 10, 11, 13, 14, 16, 18, 20, 22, 26, 29, 37, 49, 50, 
  51, 52, 53, 54, 55, 58, 64 ],
[ 1, 2, 3, 4, 5, 6, 7, 8, 10, 11, 13, 14, 16, 22, 27, 29, 30, 35, 37, 41, 42, 
  43, 48, 49, 51, 53, 63, 64 ],
[ 1, 2, 3, 4, 5, 6, 7, 8, 10, 11, 13, 16, 22, 27, 29, 30, 33, 35, 36, 41, 42, 
  43, 48, 49, 51, 54, 56, 64 ],
[ 1, 2, 3, 4, 5, 6, 7, 8, 10, 12, 15, 18, 20, 22, 23, 24, 27, 28, 31, 33, 43, 
  48, 50, 51, 53, 60, 61, 64 ],
[ 1, 2, 3, 4, 5, 6, 7, 8, 10, 12, 15, 18, 20, 22, 23, 24, 27, 28, 33, 43, 47, 
  48, 51, 52, 53, 59, 60, 62 ],
[ 1, 2, 3, 4, 5, 6, 7, 8, 10, 12, 15, 18, 20, 22, 23, 24, 28, 33, 43, 47, 48, 
  49, 50, 51, 52, 53, 59, 60 ],
[ 1, 2, 3, 4, 5, 6, 7, 8, 10, 12, 15, 18, 20, 22, 23, 27, 28, 31, 33, 46, 47, 
  48, 50, 51, 53, 58, 59, 60 ],
[ 1, 2, 3, 4, 5, 6, 7, 8, 10, 12, 15, 18, 20, 22, 23, 27, 28, 33, 46, 48, 51, 
  52, 53, 58, 60, 61, 62, 64 ],
[ 1, 2, 3, 4, 5, 6, 7, 8, 10, 12, 15, 18, 20, 22, 24, 27, 28, 31, 33, 44, 45, 
  48, 50, 51, 53, 58, 59, 61 ],
[ 1, 2, 3, 4, 5, 6, 7, 8, 10, 12, 15, 18, 20, 22, 24, 27, 28, 33, 43, 44, 45, 
  47, 48, 51, 52, 53, 59, 62 ],
[ 1, 2, 3, 4, 5, 6, 7, 8, 10, 12, 15, 18, 20, 22, 24, 28, 33, 43, 44, 45, 47, 
  48, 49, 50, 51, 52, 53, 59 ],
[ 1, 2, 3, 4, 5, 6, 7, 8, 10, 12, 15, 18, 20, 22, 27, 28, 31, 33, 43, 44, 45, 
  46, 47, 48, 50, 51, 53, 64 ],
[ 1, 2, 3, 4, 5, 6, 7, 8, 10, 12, 15, 18, 20, 22, 28, 33, 44, 45, 46, 48, 49, 
  50, 51, 52, 53, 58, 61, 64 ],
[ 1, 2, 3, 4, 5, 6, 7, 8, 10, 15, 18, 20, 22, 23, 24, 26, 28, 29, 31, 32, 33, 
  43, 45, 49, 53, 61, 62, 64 ],
[ 1, 2, 3, 4, 5, 6, 7, 8, 10, 15, 18, 20, 22, 23, 24, 26, 28, 29, 31, 32, 33, 
  45, 49, 53, 58, 59, 61, 62 ],
[ 1, 2, 3, 4, 5, 6, 7, 8, 10, 15, 18, 20, 22, 23, 24, 26, 28, 29, 32, 33, 45, 
  47, 49, 50, 52, 53, 58, 64 ],
[ 1, 2, 3, 4, 5, 6, 7, 8, 10, 15, 18, 20, 22, 23, 26, 28, 29, 31, 32, 33, 43, 
  45, 46, 47, 49, 53, 62, 64 ],
[ 1, 2, 3, 4, 5, 6, 7, 8, 10, 15, 18, 20, 22, 23, 26, 28, 29, 32, 33, 43, 45, 
  46, 49, 50, 52, 53, 59, 61 ],
[ 1, 2, 3, 4, 5, 6, 7, 8, 10, 15, 18, 20, 22, 24, 26, 27, 28, 29, 31, 32, 33, 
  43, 44, 50, 53, 60, 61, 64 ],
[ 1, 2, 3, 4, 5, 6, 7, 8, 10, 15, 18, 20, 22, 24, 26, 27, 28, 29, 31, 32, 33, 
  44, 50, 53, 58, 59, 60, 61 ],
[ 1, 2, 3, 4, 5, 6, 7, 8, 10, 15, 18, 20, 22, 24, 26, 28, 29, 32, 33, 43, 44, 
  47, 49, 50, 52, 53, 59, 60 ],
[ 1, 2, 3, 4, 5, 6, 7, 8, 10, 15, 18, 20, 22, 26, 27, 28, 29, 31, 32, 33, 43, 
  44, 46, 47, 50, 53, 60, 64 ],
[ 1, 2, 3, 4, 5, 6, 7, 8, 10, 15, 18, 20, 22, 26, 28, 29, 32, 33, 44, 46, 49, 
  50, 52, 53, 58, 60, 61, 64 ],
[ 1, 2, 3, 4, 5, 6, 7, 8, 11, 13, 14, 15, 19, 21, 22, 23, 24, 26, 33, 34, 47, 
  50, 56, 58, 59, 60, 62, 63 ],
[ 1, 2, 3, 4, 5, 6, 7, 8, 11, 13, 14, 15, 19, 21, 22, 23, 24, 26, 34, 47, 50, 
  53, 54, 56, 58, 59, 60, 62 ],
[ 1, 2, 3, 4, 5, 6, 7, 8, 11, 13, 14, 15, 19, 21, 22, 23, 26, 33, 34, 46, 50, 
  56, 58, 59, 60, 61, 62, 63 ],
[ 1, 2, 3, 4, 5, 6, 7, 8, 11, 13, 14, 15, 19, 21, 22, 23, 26, 34, 46, 50, 53, 
  54, 56, 58, 59, 60, 61, 62 ],
[ 1, 2, 3, 4, 5, 6, 7, 8, 11, 13, 14, 16, 22, 23, 24, 27, 35, 37, 41, 42, 43, 
  44, 46, 48, 49, 53, 63, 64 ],
[ 1, 2, 3, 4, 5, 6, 7, 8, 11, 13, 14, 16, 22, 23, 25, 27, 35, 37, 41, 42, 46, 
  47, 49, 53, 59, 60, 63, 64 ],
[ 1, 2, 3, 4, 5, 6, 7, 8, 11, 13, 14, 16, 22, 23, 25, 35, 37, 41, 42, 43, 46, 
  47, 50, 53, 58, 60, 62, 63 ],
[ 1, 2, 3, 4, 5, 6, 7, 8, 11, 13, 14, 16, 22, 23, 35, 37, 41, 42, 43, 44, 47, 
  48, 50, 53, 61, 62, 63, 64 ],
[ 1, 2, 3, 4, 5, 6, 7, 8, 11, 13, 14, 16, 22, 29, 31, 35, 37, 41, 42, 43, 48, 
  50, 51, 52, 53, 62, 63, 64 ],
[ 1, 2, 3, 4, 5, 6, 7, 8, 11, 13, 14, 19, 21, 22, 23, 24, 26, 27, 33, 36, 38, 
  43, 47, 49, 53, 55, 60, 64 ],
[ 1, 2, 3, 4, 5, 6, 7, 8, 11, 13, 14, 19, 21, 22, 23, 24, 26, 27, 36, 38, 43, 
  47, 49, 54, 55, 60, 63, 64 ],
[ 1, 2, 3, 4, 5, 6, 7, 8, 11, 13, 14, 19, 21, 22, 23, 26, 27, 33, 36, 38, 43, 
  46, 49, 53, 55, 60, 61, 64 ],
[ 1, 2, 3, 4, 5, 6, 7, 8, 11, 13, 14, 19, 21, 22, 23, 26, 27, 36, 38, 43, 46, 
  49, 54, 55, 60, 61, 63, 64 ],
[ 1, 2, 3, 4, 5, 6, 7, 8, 11, 13, 16, 22, 23, 24, 27, 33, 35, 36, 41, 42, 43, 
  44, 46, 48, 49, 54, 56, 64 ],
[ 1, 2, 3, 4, 5, 6, 7, 8, 11, 13, 16, 22, 23, 25, 27, 33, 35, 36, 41, 42, 46, 
  47, 49, 54, 56, 59, 60, 64 ],
[ 1, 2, 3, 4, 5, 6, 7, 8, 11, 13, 16, 22, 23, 25, 33, 35, 36, 41, 42, 43, 46, 
  47, 50, 54, 56, 58, 60, 62 ],
[ 1, 2, 3, 4, 5, 6, 7, 8, 11, 13, 16, 22, 23, 33, 35, 36, 41, 42, 43, 44, 47, 
  48, 50, 54, 56, 61, 62, 64 ],
[ 1, 2, 3, 4, 5, 6, 7, 8, 11, 13, 16, 22, 29, 31, 33, 35, 36, 41, 42, 43, 48, 
  50, 51, 52, 54, 56, 62, 64 ],
[ 1, 2, 3, 4, 5, 6, 7, 8, 12, 13, 14, 16, 18, 20, 22, 23, 24, 37, 43, 46, 48, 
  49, 53, 54, 55, 58, 60, 62 ],
[ 1, 2, 3, 4, 5, 6, 7, 8, 12, 13, 14, 16, 18, 20, 22, 23, 24, 37, 46, 48, 49, 
  53, 54, 55, 59, 60, 62, 64 ],
[ 1, 2, 3, 4, 5, 6, 7, 8, 12, 13, 14, 16, 18, 20, 22, 24, 37, 43, 44, 45, 46, 
  48, 49, 53, 54, 55, 58, 62 ],
[ 1, 2, 3, 4, 5, 6, 7, 8, 12, 13, 14, 16, 18, 20, 22, 24, 37, 44, 45, 46, 48, 
  49, 53, 54, 55, 59, 62, 64 ],
[ 1, 2, 3, 4, 5, 6, 7, 8, 12, 13, 16, 18, 20, 22, 23, 24, 36, 43, 46, 48, 49, 
  53, 54, 55, 56, 58, 60, 62 ],
[ 1, 2, 3, 4, 5, 6, 7, 8, 12, 13, 16, 18, 20, 22, 23, 24, 36, 46, 48, 49, 53, 
  54, 55, 56, 59, 60, 62, 64 ],
[ 1, 2, 3, 4, 5, 6, 7, 8, 12, 13, 16, 18, 20, 22, 24, 36, 43, 44, 45, 46, 48, 
  49, 53, 54, 55, 56, 58, 62 ],
[ 1, 2, 3, 4, 5, 6, 7, 8, 12, 13, 16, 18, 20, 22, 24, 36, 44, 45, 46, 48, 49, 
  53, 54, 55, 56, 59, 62, 64 ],
[ 1, 2, 3, 4, 5, 6, 7, 8, 12, 15, 18, 20, 22, 23, 24, 28, 30, 33, 43, 48, 49, 
  51, 52, 53, 60, 61, 62, 64 ],
[ 1, 2, 3, 4, 5, 6, 7, 8, 12, 15, 18, 20, 22, 23, 28, 30, 33, 46, 47, 48, 49, 
  51, 52, 53, 58, 59, 60, 62 ],
[ 1, 2, 3, 4, 5, 6, 7, 8, 12, 15, 18, 20, 22, 24, 28, 30, 33, 44, 45, 48, 49, 
  51, 52, 53, 58, 59, 61, 62 ],
[ 1, 2, 3, 4, 5, 6, 7, 8, 12, 15, 18, 20, 22, 28, 30, 33, 43, 44, 45, 46, 47, 
  48, 49, 51, 52, 53, 62, 64 ],
[ 1, 2, 3, 4, 5, 6, 7, 8, 13, 14, 15, 18, 20, 22, 23, 24, 26, 27, 32, 33, 45, 
  47, 53, 55, 56, 58, 62, 64 ],
[ 1, 2, 3, 4, 5, 6, 7, 8, 13, 14, 15, 18, 20, 22, 23, 26, 27, 32, 33, 43, 45, 
  46, 53, 55, 56, 59, 61, 62 ],
[ 1, 2, 3, 4, 5, 6, 7, 8, 13, 14, 15, 18, 20, 22, 24, 26, 27, 32, 33, 43, 44, 
  47, 53, 55, 56, 59, 60, 62 ],
[ 1, 2, 3, 4, 5, 6, 7, 8, 13, 14, 15, 18, 20, 22, 26, 27, 32, 33, 44, 46, 53, 
  55, 56, 58, 60, 61, 62, 64 ],
[ 1, 2, 3, 4, 5, 6, 7, 8, 13, 15, 18, 20, 22, 23, 24, 26, 32, 33, 36, 37, 45, 
  47, 49, 50, 53, 55, 58, 64 ],
[ 1, 2, 3, 4, 5, 6, 7, 8, 13, 15, 18, 20, 22, 23, 26, 32, 33, 36, 37, 43, 45, 
  46, 49, 50, 53, 55, 59, 61 ],
[ 1, 2, 3, 4, 5, 6, 7, 8, 13, 15, 18, 20, 22, 24, 26, 32, 33, 36, 37, 43, 44, 
  47, 49, 50, 53, 55, 59, 60 ],
[ 1, 2, 3, 4, 5, 6, 7, 8, 13, 15, 18, 20, 22, 26, 32, 33, 36, 37, 44, 46, 49, 
  50, 53, 55, 58, 60, 61, 64 ],
[ 1, 2, 3, 4, 5, 6, 7, 8, 15, 18, 20, 22, 23, 24, 26, 27, 28, 29, 30, 31, 32, 
  33, 45, 47, 53, 58, 62, 64 ],
[ 1, 2, 3, 4, 5, 6, 7, 8, 15, 18, 20, 22, 23, 26, 27, 28, 29, 30, 31, 32, 33, 
  43, 45, 46, 53, 59, 61, 62 ],
[ 1, 2, 3, 4, 5, 6, 7, 8, 15, 18, 20, 22, 24, 26, 27, 28, 29, 30, 31, 32, 33, 
  43, 44, 47, 53, 59, 60, 62 ],
[ 1, 2, 3, 4, 5, 6, 7, 8, 15, 18, 20, 22, 26, 27, 28, 29, 30, 31, 32, 33, 44, 
  46, 53, 58, 60, 61, 62, 64 ],
[ 1, 2, 3, 4, 5, 6, 7, 9, 10, 11, 13, 14, 16, 22, 23, 28, 30, 35, 37, 41, 42, 
  46, 47, 50, 53, 60, 62, 63 ],
[ 1, 2, 3, 4, 5, 6, 7, 9, 10, 11, 13, 16, 22, 23, 28, 30, 33, 35, 36, 41, 42, 
  46, 47, 50, 54, 56, 60, 62 ],
[ 1, 2, 3, 4, 5, 6, 7, 9, 10, 12, 13, 14, 15, 22, 23, 29, 31, 34, 36, 41, 42, 
  46, 47, 49, 54, 60, 62, 63 ],
[ 1, 2, 3, 4, 5, 6, 7, 9, 10, 12, 14, 15, 22, 23, 29, 31, 33, 35, 36, 41, 42, 
  46, 47, 49, 53, 55, 60, 62 ],
[ 1, 2, 3, 4, 5, 6, 7, 9, 11, 13, 14, 16, 22, 23, 27, 28, 31, 35, 37, 41, 42, 
  46, 47, 49, 52, 53, 60, 63 ],
[ 1, 2, 3, 4, 5, 6, 7, 9, 11, 13, 16, 22, 23, 27, 28, 31, 33, 35, 36, 41, 42, 
  46, 47, 49, 52, 54, 56, 60 ],
[ 1, 2, 3, 4, 5, 6, 7, 9, 12, 13, 14, 15, 22, 23, 27, 29, 30, 34, 36, 41, 42, 
  46, 47, 50, 52, 54, 60, 63 ],
[ 1, 2, 3, 4, 5, 6, 7, 9, 12, 14, 15, 22, 23, 27, 29, 30, 33, 35, 36, 41, 42, 
  46, 47, 50, 52, 53, 55, 60 ],
[ 1, 2, 3, 4, 5, 6, 7, 10, 11, 13, 14, 16, 22, 23, 27, 29, 30, 35, 37, 41, 
  42, 46, 47, 49, 51, 53, 60, 63 ],
[ 1, 2, 3, 4, 5, 6, 7, 10, 11, 13, 16, 22, 23, 27, 29, 30, 33, 35, 36, 41, 
  42, 46, 47, 49, 51, 54, 56, 60 ],
[ 1, 2, 3, 4, 5, 6, 7, 11, 13, 14, 16, 22, 23, 29, 31, 35, 37, 41, 42, 46, 
  47, 50, 51, 52, 53, 60, 62, 63 ],
[ 1, 2, 3, 4, 5, 6, 7, 11, 13, 16, 22, 23, 29, 31, 33, 35, 36, 41, 42, 46, 
  47, 50, 51, 52, 54, 56, 60, 62 ],
[ 1, 2, 3, 4, 5, 6, 8, 9, 10, 11, 13, 14, 16, 18, 20, 21, 23, 29, 31, 37, 42, 
  48, 50, 53, 54, 55, 60, 62 ],
[ 1, 2, 3, 4, 5, 6, 8, 9, 10, 11, 13, 14, 16, 18, 20, 21, 29, 31, 37, 42, 44, 
  45, 48, 50, 53, 54, 55, 62 ],
[ 1, 2, 3, 4, 5, 6, 8, 9, 10, 11, 13, 16, 18, 20, 21, 23, 29, 31, 36, 42, 48, 
  50, 53, 54, 55, 56, 60, 62 ],
[ 1, 2, 3, 4, 5, 6, 8, 9, 10, 11, 13, 16, 18, 20, 21, 29, 31, 36, 42, 44, 45, 
  48, 50, 53, 54, 55, 56, 62 ],
[ 1, 2, 3, 4, 5, 6, 8, 9, 10, 11, 13, 19, 21, 23, 24, 26, 28, 30, 31, 38, 40, 
  43, 47, 52, 55, 57, 60, 64 ],
[ 1, 2, 3, 4, 5, 6, 8, 9, 10, 11, 13, 19, 21, 23, 26, 28, 30, 31, 38, 40, 43, 
  46, 52, 55, 57, 60, 61, 64 ],
[ 1, 2, 3, 4, 5, 6, 8, 9, 10, 11, 19, 21, 23, 24, 26, 28, 30, 31, 34, 35, 38, 
  40, 43, 47, 52, 57, 60, 64 ],
[ 1, 2, 3, 4, 5, 6, 8, 9, 10, 11, 19, 21, 23, 26, 28, 30, 31, 34, 35, 38, 40, 
  43, 46, 52, 57, 60, 61, 64 ],
[ 1, 2, 3, 4, 5, 6, 8, 9, 10, 12, 13, 14, 17, 18, 25, 26, 29, 31, 33, 36, 38, 
  42, 48, 49, 53, 55, 57, 62 ],
[ 1, 2, 3, 4, 5, 6, 8, 9, 10, 12, 13, 14, 17, 18, 25, 26, 29, 31, 36, 38, 42, 
  48, 49, 54, 55, 57, 62, 63 ],
[ 1, 2, 3, 4, 5, 6, 8, 9, 10, 12, 13, 14, 17, 18, 26, 29, 30, 31, 33, 36, 38, 
  42, 44, 52, 53, 55, 57, 60 ],
[ 1, 2, 3, 4, 5, 6, 8, 9, 10, 12, 13, 14, 17, 18, 26, 29, 30, 31, 36, 38, 42, 
  44, 52, 54, 55, 57, 60, 63 ],
[ 1, 2, 3, 4, 5, 6, 8, 9, 10, 12, 13, 14, 18, 20, 25, 26, 29, 31, 33, 38, 40, 
  48, 49, 55, 56, 57, 62, 63 ],
[ 1, 2, 3, 4, 5, 6, 8, 9, 10, 12, 13, 14, 18, 20, 26, 29, 30, 31, 33, 38, 40, 
  44, 52, 55, 56, 57, 60, 63 ],
[ 1, 2, 3, 4, 5, 6, 8, 9, 10, 12, 13, 14, 18, 25, 26, 29, 31, 33, 36, 38, 39, 
  40, 42, 48, 49, 53, 55, 62 ],
[ 1, 2, 3, 4, 5, 6, 8, 9, 10, 12, 13, 14, 18, 26, 29, 30, 31, 33, 36, 38, 39, 
  40, 42, 44, 52, 53, 55, 60 ],
[ 1, 2, 3, 4, 5, 6, 8, 9, 10, 12, 13, 14, 18, 26, 29, 30, 31, 36, 38, 39, 40, 
  42, 44, 52, 54, 55, 60, 63 ],
[ 1, 2, 3, 4, 5, 6, 8, 9, 10, 12, 13, 17, 18, 26, 29, 30, 31, 33, 37, 38, 42, 
  44, 52, 53, 55, 56, 57, 60 ],
[ 1, 2, 3, 4, 5, 6, 8, 9, 10, 12, 13, 18, 20, 25, 26, 29, 31, 36, 37, 38, 40, 
  48, 49, 53, 54, 55, 57, 62 ],
[ 1, 2, 3, 4, 5, 6, 8, 9, 10, 12, 13, 18, 20, 26, 29, 30, 31, 36, 37, 38, 40, 
  44, 52, 53, 54, 55, 57, 60 ],
[ 1, 2, 3, 4, 5, 6, 8, 9, 10, 12, 13, 18, 26, 29, 30, 31, 37, 38, 39, 40, 42, 
  44, 52, 54, 55, 56, 60, 63 ],
[ 1, 2, 3, 4, 5, 6, 8, 9, 10, 12, 14, 17, 18, 25, 26, 29, 31, 33, 34, 35, 36, 
  38, 42, 48, 49, 53, 57, 62 ],
[ 1, 2, 3, 4, 5, 6, 8, 9, 10, 12, 14, 17, 18, 25, 26, 29, 31, 34, 35, 36, 38, 
  42, 48, 49, 54, 57, 62, 63 ],
[ 1, 2, 3, 4, 5, 6, 8, 9, 10, 12, 14, 17, 18, 26, 29, 30, 31, 33, 34, 35, 36, 
  38, 42, 44, 52, 53, 57, 60 ],
[ 1, 2, 3, 4, 5, 6, 8, 9, 10, 12, 14, 17, 18, 26, 29, 30, 31, 34, 35, 36, 38, 
  42, 44, 52, 54, 57, 60, 63 ],
[ 1, 2, 3, 4, 5, 6, 8, 9, 10, 12, 14, 18, 20, 25, 26, 29, 31, 34, 35, 38, 40, 
  48, 49, 53, 54, 56, 57, 62 ],
[ 1, 2, 3, 4, 5, 6, 8, 9, 10, 12, 14, 18, 20, 26, 29, 30, 31, 34, 35, 38, 40, 
  44, 52, 53, 54, 56, 57, 60 ],
[ 1, 2, 3, 4, 5, 6, 8, 9, 10, 12, 14, 18, 25, 26, 29, 31, 33, 34, 35, 36, 38, 
  39, 40, 42, 48, 49, 53, 62 ],
[ 1, 2, 3, 4, 5, 6, 8, 9, 10, 12, 14, 18, 25, 26, 29, 31, 34, 35, 36, 38, 39, 
  40, 42, 48, 49, 54, 62, 63 ],
[ 1, 2, 3, 4, 5, 6, 8, 9, 10, 12, 14, 18, 26, 29, 30, 31, 34, 35, 36, 38, 39, 
  40, 42, 44, 52, 54, 60, 63 ],
[ 1, 2, 3, 4, 5, 6, 8, 9, 10, 12, 15, 16, 18, 20, 23, 24, 27, 29, 38, 40, 47, 
  48, 52, 57, 58, 60, 62, 64 ],
[ 1, 2, 3, 4, 5, 6, 8, 9, 10, 12, 15, 16, 18, 20, 23, 24, 29, 31, 38, 40, 43, 
  48, 49, 57, 60, 61, 62, 64 ],
[ 1, 2, 3, 4, 5, 6, 8, 9, 10, 12, 15, 16, 18, 20, 23, 24, 29, 38, 40, 47, 48, 
  49, 50, 52, 57, 58, 60, 64 ],
[ 1, 2, 3, 4, 5, 6, 8, 9, 10, 12, 15, 16, 18, 20, 23, 29, 31, 38, 40, 46, 47, 
  48, 49, 57, 58, 59, 60, 62 ],
[ 1, 2, 3, 4, 5, 6, 8, 9, 10, 12, 15, 16, 18, 20, 24, 27, 29, 38, 40, 44, 45, 
  47, 48, 52, 57, 58, 62, 64 ],
[ 1, 2, 3, 4, 5, 6, 8, 9, 10, 12, 15, 16, 18, 20, 24, 29, 31, 38, 40, 44, 45, 
  48, 49, 57, 58, 59, 61, 62 ],
[ 1, 2, 3, 4, 5, 6, 8, 9, 10, 12, 15, 16, 18, 20, 24, 29, 38, 40, 44, 45, 47, 
  48, 49, 50, 52, 57, 58, 64 ],
[ 1, 2, 3, 4, 5, 6, 8, 9, 10, 12, 15, 16, 18, 20, 29, 31, 38, 40, 43, 44, 45, 
  46, 47, 48, 49, 57, 62, 64 ],
[ 1, 2, 3, 4, 5, 6, 8, 9, 10, 12, 18, 20, 25, 26, 29, 31, 33, 34, 35, 36, 37, 
  38, 40, 48, 49, 57, 62, 63 ],
[ 1, 2, 3, 4, 5, 6, 8, 9, 10, 12, 18, 20, 26, 29, 30, 31, 33, 34, 35, 36, 37, 
  38, 40, 44, 52, 57, 60, 63 ],
[ 1, 2, 3, 4, 5, 6, 8, 9, 10, 13, 14, 16, 18, 21, 25, 26, 27, 32, 33, 35, 36, 
  39, 48, 51, 52, 53, 57, 62 ],
[ 1, 2, 3, 4, 5, 6, 8, 9, 10, 13, 14, 16, 18, 21, 25, 26, 27, 32, 35, 36, 39, 
  48, 51, 52, 54, 57, 62, 63 ],
[ 1, 2, 3, 4, 5, 6, 8, 9, 10, 13, 16, 18, 20, 25, 26, 27, 32, 33, 35, 36, 40, 
  48, 51, 52, 54, 56, 57, 62 ],
[ 1, 2, 3, 4, 5, 6, 8, 9, 10, 13, 17, 19, 21, 23, 24, 25, 27, 29, 32, 38, 39, 
  44, 46, 47, 50, 52, 55, 61 ],
[ 1, 2, 3, 4, 5, 6, 8, 9, 10, 13, 17, 19, 21, 23, 25, 27, 29, 32, 38, 39, 43, 
  44, 50, 52, 55, 58, 59, 64 ],
[ 1, 2, 3, 4, 5, 6, 8, 9, 10, 13, 17, 19, 21, 24, 25, 27, 29, 32, 38, 39, 45, 
  46, 47, 50, 52, 55, 60, 61 ],
[ 1, 2, 3, 4, 5, 6, 8, 9, 10, 13, 17, 19, 21, 25, 27, 29, 32, 38, 39, 43, 45, 
  50, 52, 55, 58, 59, 60, 64 ],
[ 1, 2, 3, 4, 5, 6, 8, 9, 10, 14, 16, 17, 18, 21, 25, 26, 27, 32, 33, 34, 36, 
  40, 48, 51, 52, 53, 55, 62 ],
[ 1, 2, 3, 4, 5, 6, 8, 9, 10, 14, 16, 17, 18, 21, 25, 26, 27, 32, 34, 36, 40, 
  48, 51, 52, 54, 55, 62, 63 ],
[ 1, 2, 3, 4, 5, 6, 8, 9, 10, 15, 16, 18, 20, 23, 24, 26, 27, 32, 38, 40, 45, 
  47, 51, 52, 57, 58, 62, 64 ],
[ 1, 2, 3, 4, 5, 6, 8, 9, 10, 15, 16, 18, 20, 23, 26, 27, 32, 38, 40, 43, 45, 
  46, 51, 52, 57, 59, 61, 62 ],
[ 1, 2, 3, 4, 5, 6, 8, 9, 10, 16, 18, 20, 25, 26, 27, 32, 34, 36, 40, 48, 51, 
  52, 53, 55, 56, 57, 62, 63 ],
[ 1, 2, 3, 4, 5, 6, 8, 9, 11, 13, 14, 19, 21, 23, 24, 26, 28, 36, 37, 38, 40, 
  43, 47, 55, 56, 57, 60, 64 ],
[ 1, 2, 3, 4, 5, 6, 8, 9, 11, 13, 14, 19, 21, 23, 26, 28, 36, 37, 38, 40, 43, 
  46, 55, 56, 57, 60, 61, 64 ],
[ 1, 2, 3, 4, 5, 6, 8, 9, 11, 13, 19, 21, 23, 24, 26, 28, 33, 38, 40, 43, 47, 
  53, 54, 55, 57, 60, 63, 64 ],
[ 1, 2, 3, 4, 5, 6, 8, 9, 11, 13, 19, 21, 23, 26, 28, 33, 38, 40, 43, 46, 53, 
  54, 55, 57, 60, 61, 63, 64 ],
[ 1, 2, 3, 4, 5, 6, 8, 9, 12, 13, 14, 17, 18, 24, 25, 26, 29, 33, 36, 38, 42, 
  47, 48, 53, 55, 57, 58, 64 ],
[ 1, 2, 3, 4, 5, 6, 8, 9, 12, 13, 14, 17, 18, 24, 25, 26, 29, 36, 38, 42, 47, 
  48, 54, 55, 57, 58, 63, 64 ],
[ 1, 2, 3, 4, 5, 6, 8, 9, 12, 13, 14, 17, 18, 25, 26, 29, 33, 36, 38, 42, 43, 
  46, 48, 53, 55, 57, 59, 61 ],
[ 1, 2, 3, 4, 5, 6, 8, 9, 12, 13, 14, 17, 18, 26, 29, 33, 36, 38, 42, 43, 44, 
  53, 55, 57, 58, 59, 60, 64 ],
[ 1, 2, 3, 4, 5, 6, 8, 9, 12, 13, 14, 18, 20, 24, 25, 26, 29, 33, 38, 40, 47, 
  48, 55, 56, 57, 58, 63, 64 ],
[ 1, 2, 3, 4, 5, 6, 8, 9, 12, 13, 14, 18, 20, 24, 26, 29, 33, 38, 40, 44, 46, 
  47, 55, 56, 57, 60, 61, 63 ],
[ 1, 2, 3, 4, 5, 6, 8, 9, 12, 13, 14, 18, 24, 25, 26, 29, 33, 36, 38, 39, 40, 
  42, 47, 48, 53, 55, 58, 64 ],
[ 1, 2, 3, 4, 5, 6, 8, 9, 12, 13, 18, 20, 24, 25, 26, 29, 36, 37, 38, 40, 47, 
  48, 53, 54, 55, 57, 58, 64 ],
[ 1, 2, 3, 4, 5, 6, 8, 9, 12, 13, 18, 20, 24, 26, 29, 36, 37, 38, 40, 44, 46, 
  47, 53, 54, 55, 57, 60, 61 ],
[ 1, 2, 3, 4, 5, 6, 8, 9, 12, 13, 18, 20, 26, 27, 29, 36, 37, 38, 40, 44, 49, 
  50, 53, 54, 55, 57, 60, 62 ],
[ 1, 2, 3, 4, 5, 6, 8, 9, 12, 14, 17, 18, 24, 25, 26, 29, 33, 34, 35, 36, 38, 
  42, 47, 48, 53, 57, 58, 64 ],
[ 1, 2, 3, 4, 5, 6, 8, 9, 12, 14, 17, 18, 24, 25, 26, 29, 34, 35, 36, 38, 42, 
  47, 48, 54, 57, 58, 63, 64 ],
[ 1, 2, 3, 4, 5, 6, 8, 9, 12, 14, 17, 18, 25, 26, 29, 34, 35, 36, 38, 42, 43, 
  46, 48, 54, 57, 59, 61, 63 ],
[ 1, 2, 3, 4, 5, 6, 8, 9, 12, 14, 17, 18, 26, 27, 29, 33, 34, 35, 36, 38, 42, 
  44, 49, 50, 53, 57, 60, 62 ],
[ 1, 2, 3, 4, 5, 6, 8, 9, 12, 14, 18, 20, 24, 25, 26, 29, 34, 35, 38, 40, 47, 
  48, 53, 54, 56, 57, 58, 64 ],
[ 1, 2, 3, 4, 5, 6, 8, 9, 12, 14, 18, 20, 24, 26, 29, 34, 35, 38, 40, 44, 46, 
  47, 53, 54, 56, 57, 60, 61 ],
[ 1, 2, 3, 4, 5, 6, 8, 9, 12, 14, 18, 20, 26, 27, 29, 34, 35, 38, 40, 44, 49, 
  50, 53, 54, 56, 57, 60, 62 ],
[ 1, 2, 3, 4, 5, 6, 8, 9, 12, 14, 18, 24, 25, 26, 29, 33, 34, 35, 36, 38, 39, 
  40, 42, 47, 48, 53, 58, 64 ],
[ 1, 2, 3, 4, 5, 6, 8, 9, 12, 14, 18, 24, 25, 26, 29, 34, 35, 36, 38, 39, 40, 
  42, 47, 48, 54, 58, 63, 64 ],
[ 1, 2, 3, 4, 5, 6, 8, 9, 12, 14, 18, 24, 26, 29, 34, 35, 36, 38, 39, 40, 42, 
  44, 46, 47, 54, 60, 61, 63 ],
[ 1, 2, 3, 4, 5, 6, 8, 9, 12, 14, 18, 25, 26, 29, 33, 34, 35, 36, 38, 39, 40, 
  42, 43, 46, 48, 53, 59, 61 ],
[ 1, 2, 3, 4, 5, 6, 8, 9, 12, 15, 16, 18, 20, 23, 24, 27, 29, 30, 38, 40, 43, 
  48, 50, 52, 57, 60, 61, 64 ],
[ 1, 2, 3, 4, 5, 6, 8, 9, 12, 15, 16, 18, 20, 24, 27, 29, 30, 38, 40, 44, 45, 
  48, 50, 52, 57, 58, 59, 61 ],
[ 1, 2, 3, 4, 5, 6, 8, 9, 12, 18, 20, 24, 25, 26, 29, 33, 34, 35, 36, 37, 38, 
  40, 47, 48, 57, 58, 63, 64 ],
[ 1, 2, 3, 4, 5, 6, 8, 9, 12, 18, 20, 24, 26, 29, 33, 34, 35, 36, 37, 38, 40, 
  44, 46, 47, 57, 60, 61, 63 ],
[ 1, 2, 3, 4, 5, 6, 8, 9, 12, 18, 20, 26, 27, 29, 33, 34, 35, 36, 37, 38, 40, 
  44, 49, 50, 57, 60, 62, 63 ],
[ 1, 2, 3, 4, 5, 6, 8, 9, 13, 14, 16, 18, 20, 24, 25, 26, 32, 35, 37, 40, 43, 
  48, 51, 53, 57, 61, 63, 64 ],
[ 1, 2, 3, 4, 5, 6, 8, 9, 13, 14, 16, 18, 20, 24, 25, 26, 32, 35, 37, 40, 48, 
  51, 53, 57, 58, 59, 61, 63 ],
[ 1, 2, 3, 4, 5, 6, 8, 9, 13, 14, 16, 18, 21, 24, 25, 26, 32, 33, 35, 36, 39, 
  43, 48, 51, 53, 57, 61, 64 ],
[ 1, 2, 3, 4, 5, 6, 8, 9, 13, 14, 16, 18, 21, 24, 25, 26, 32, 33, 35, 36, 39, 
  48, 51, 53, 57, 58, 59, 61 ],
[ 1, 2, 3, 4, 5, 6, 8, 9, 13, 14, 16, 18, 21, 24, 25, 26, 32, 35, 36, 39, 43, 
  48, 51, 54, 57, 61, 63, 64 ],
[ 1, 2, 3, 4, 5, 6, 8, 9, 13, 14, 16, 18, 21, 24, 25, 26, 32, 35, 36, 39, 48, 
  51, 54, 57, 58, 59, 61, 63 ],
[ 1, 2, 3, 4, 5, 6, 8, 9, 13, 14, 16, 18, 21, 25, 26, 32, 33, 35, 36, 39, 43, 
  46, 47, 48, 51, 53, 57, 64 ],
[ 1, 2, 3, 4, 5, 6, 8, 9, 13, 14, 16, 18, 21, 25, 26, 32, 33, 35, 36, 39, 46, 
  47, 48, 51, 53, 57, 58, 59 ],
[ 1, 2, 3, 4, 5, 6, 8, 9, 13, 14, 16, 18, 21, 25, 26, 32, 35, 36, 39, 43, 46, 
  47, 48, 51, 54, 57, 63, 64 ],
[ 1, 2, 3, 4, 5, 6, 8, 9, 13, 14, 16, 18, 21, 25, 26, 32, 35, 36, 39, 46, 47, 
  48, 51, 54, 57, 58, 59, 63 ],
[ 1, 2, 3, 4, 5, 6, 8, 9, 13, 16, 18, 20, 24, 25, 26, 32, 33, 35, 36, 40, 43, 
  48, 51, 54, 56, 57, 61, 64 ],
[ 1, 2, 3, 4, 5, 6, 8, 9, 13, 16, 18, 20, 24, 25, 26, 32, 33, 35, 36, 40, 48, 
  51, 54, 56, 57, 58, 59, 61 ],
[ 1, 2, 3, 4, 5, 6, 8, 9, 14, 16, 17, 18, 21, 24, 25, 26, 32, 33, 34, 36, 40, 
  43, 48, 51, 53, 55, 61, 64 ],
[ 1, 2, 3, 4, 5, 6, 8, 9, 14, 16, 17, 18, 21, 24, 25, 26, 32, 33, 34, 36, 40, 
  48, 51, 53, 55, 58, 59, 61 ],
[ 1, 2, 3, 4, 5, 6, 8, 9, 14, 16, 17, 18, 21, 24, 25, 26, 32, 34, 36, 40, 43, 
  48, 51, 54, 55, 61, 63, 64 ],
[ 1, 2, 3, 4, 5, 6, 8, 9, 14, 16, 17, 18, 21, 24, 25, 26, 32, 34, 36, 40, 48, 
  51, 54, 55, 58, 59, 61, 63 ],
[ 1, 2, 3, 4, 5, 6, 8, 9, 14, 16, 17, 18, 21, 25, 26, 32, 33, 34, 36, 40, 43, 
  46, 47, 48, 51, 53, 55, 64 ],
[ 1, 2, 3, 4, 5, 6, 8, 9, 14, 16, 17, 18, 21, 25, 26, 32, 33, 34, 36, 40, 46, 
  47, 48, 51, 53, 55, 58, 59 ],
[ 1, 2, 3, 4, 5, 6, 8, 9, 14, 16, 17, 18, 21, 25, 26, 32, 34, 36, 40, 43, 46, 
  47, 48, 51, 54, 55, 63, 64 ],
[ 1, 2, 3, 4, 5, 6, 8, 9, 14, 16, 17, 18, 21, 25, 26, 32, 34, 36, 40, 46, 47, 
  48, 51, 54, 55, 58, 59, 63 ],
[ 1, 2, 3, 4, 5, 6, 8, 9, 14, 16, 18, 20, 24, 25, 26, 32, 33, 34, 37, 40, 43, 
  48, 51, 54, 55, 57, 61, 64 ],
[ 1, 2, 3, 4, 5, 6, 8, 9, 14, 16, 18, 20, 24, 25, 26, 32, 33, 34, 37, 40, 48, 
  51, 54, 55, 57, 58, 59, 61 ],
[ 1, 2, 3, 4, 5, 6, 8, 9, 15, 16, 18, 20, 23, 24, 26, 30, 31, 32, 38, 40, 45, 
  47, 49, 50, 51, 57, 58, 64 ],
[ 1, 2, 3, 4, 5, 6, 8, 9, 15, 16, 18, 20, 23, 26, 30, 31, 32, 38, 40, 43, 45, 
  46, 49, 50, 51, 57, 59, 61 ],
[ 1, 2, 3, 4, 5, 6, 8, 9, 16, 18, 20, 24, 25, 26, 32, 34, 36, 40, 43, 48, 51, 
  53, 55, 56, 57, 61, 63, 64 ],
[ 1, 2, 3, 4, 5, 6, 8, 9, 16, 18, 20, 24, 25, 26, 32, 34, 36, 40, 48, 51, 53, 
  55, 56, 57, 58, 59, 61, 63 ],
[ 1, 2, 3, 4, 5, 6, 8, 10, 11, 12, 13, 14, 16, 18, 20, 23, 27, 32, 35, 37, 
  40, 48, 52, 53, 57, 60, 62, 63 ],
[ 1, 2, 3, 4, 5, 6, 8, 10, 11, 12, 13, 14, 16, 18, 20, 23, 32, 35, 37, 40, 
  48, 49, 50, 52, 53, 57, 60, 63 ],
[ 1, 2, 3, 4, 5, 6, 8, 10, 11, 12, 13, 14, 17, 18, 26, 27, 31, 32, 36, 38, 
  42, 44, 50, 54, 55, 57, 60, 63 ],
[ 1, 2, 3, 4, 5, 6, 8, 10, 11, 12, 13, 14, 18, 20, 23, 26, 31, 32, 33, 38, 
  40, 45, 49, 55, 56, 57, 62, 63 ],
[ 1, 2, 3, 4, 5, 6, 8, 10, 11, 12, 13, 16, 18, 20, 23, 27, 32, 33, 35, 36, 
  40, 48, 52, 54, 56, 57, 60, 62 ],
[ 1, 2, 3, 4, 5, 6, 8, 10, 11, 12, 13, 16, 18, 20, 23, 32, 33, 35, 36, 40, 
  48, 49, 50, 52, 54, 56, 57, 60 ],
[ 1, 2, 3, 4, 5, 6, 8, 10, 11, 12, 13, 18, 20, 23, 26, 31, 32, 36, 37, 38, 
  40, 45, 49, 53, 54, 55, 57, 62 ],
[ 1, 2, 3, 4, 5, 6, 8, 10, 11, 12, 14, 17, 18, 26, 27, 31, 32, 34, 35, 36, 
  38, 42, 44, 50, 54, 57, 60, 63 ],
[ 1, 2, 3, 4, 5, 6, 8, 10, 11, 12, 14, 18, 20, 23, 26, 31, 32, 34, 35, 38, 
  40, 45, 49, 53, 54, 56, 57, 62 ],
[ 1, 2, 3, 4, 5, 6, 8, 10, 11, 12, 14, 18, 23, 26, 31, 32, 33, 34, 35, 36, 
  38, 39, 40, 42, 45, 49, 53, 62 ],
[ 1, 2, 3, 4, 5, 6, 8, 10, 11, 12, 18, 20, 23, 26, 31, 32, 33, 34, 35, 36, 
  37, 38, 40, 45, 49, 57, 62, 63 ],
[ 1, 2, 3, 4, 5, 6, 8, 10, 12, 13, 14, 17, 18, 25, 26, 27, 28, 31, 33, 36, 
  38, 42, 48, 50, 51, 53, 55, 57 ],
[ 1, 2, 3, 4, 5, 6, 8, 10, 12, 13, 14, 17, 18, 25, 26, 27, 28, 31, 36, 38, 
  42, 48, 50, 51, 54, 55, 57, 63 ],
[ 1, 2, 3, 4, 5, 6, 8, 10, 12, 13, 14, 18, 25, 26, 27, 28, 31, 33, 36, 38, 
  39, 40, 42, 48, 50, 51, 53, 55 ],
[ 1, 2, 3, 4, 5, 6, 8, 10, 15, 16, 18, 20, 23, 24, 26, 28, 29, 32, 38, 40, 
  45, 47, 49, 50, 52, 57, 58, 64 ],
[ 1, 2, 3, 4, 5, 6, 8, 10, 15, 16, 18, 20, 23, 26, 28, 29, 32, 38, 40, 43, 
  45, 46, 49, 50, 52, 57, 59, 61 ],
[ 1, 2, 3, 4, 5, 6, 8, 11, 12, 13, 14, 16, 18, 20, 23, 24, 32, 35, 37, 40, 
  43, 48, 53, 57, 60, 61, 63, 64 ],
[ 1, 2, 3, 4, 5, 6, 8, 11, 12, 13, 14, 18, 20, 23, 24, 26, 32, 33, 38, 40, 
  45, 47, 55, 56, 57, 58, 63, 64 ],
[ 1, 2, 3, 4, 5, 6, 8, 11, 12, 13, 16, 18, 20, 23, 24, 32, 33, 35, 36, 40, 
  43, 48, 54, 56, 57, 60, 61, 64 ],
[ 1, 2, 3, 4, 5, 6, 8, 11, 12, 13, 18, 20, 23, 24, 26, 32, 36, 37, 38, 40, 
  45, 47, 53, 54, 55, 57, 58, 64 ],
[ 1, 2, 3, 4, 5, 6, 8, 11, 12, 14, 18, 20, 23, 24, 26, 32, 34, 35, 38, 40, 
  45, 47, 53, 54, 56, 57, 58, 64 ],
[ 1, 2, 3, 4, 5, 6, 8, 11, 12, 18, 20, 23, 24, 26, 32, 33, 34, 35, 36, 37, 
  38, 40, 45, 47, 57, 58, 63, 64 ],
[ 1, 2, 3, 4, 5, 6, 8, 12, 13, 14, 17, 18, 24, 25, 26, 28, 36, 38, 42, 43, 
  47, 48, 51, 54, 55, 57, 59, 63 ],
[ 1, 2, 3, 4, 5, 6, 9, 10, 12, 13, 14, 18, 20, 24, 29, 30, 31, 33, 38, 40, 
  47, 52, 55, 56, 57, 58, 63, 64 ],
[ 1, 2, 3, 4, 5, 6, 9, 10, 12, 13, 14, 18, 20, 24, 29, 31, 33, 38, 40, 46, 
  47, 49, 55, 56, 57, 61, 62, 63 ],
[ 1, 2, 3, 4, 5, 6, 9, 10, 12, 14, 18, 20, 24, 29, 30, 31, 34, 35, 38, 40, 
  47, 52, 53, 54, 56, 57, 58, 64 ],
[ 1, 2, 3, 4, 5, 6, 9, 10, 12, 14, 18, 20, 24, 29, 31, 34, 35, 38, 40, 46, 
  47, 49, 53, 54, 56, 57, 61, 62 ],
[ 1, 2, 3, 4, 5, 6, 9, 10, 12, 18, 20, 24, 29, 30, 31, 33, 34, 35, 36, 37, 
  38, 40, 47, 52, 57, 58, 63, 64 ],
[ 1, 2, 3, 4, 5, 6, 9, 10, 13, 14, 16, 18, 20, 24, 30, 31, 32, 35, 37, 40, 
  43, 51, 52, 53, 57, 61, 63, 64 ],
[ 1, 2, 3, 4, 5, 6, 9, 10, 13, 14, 16, 18, 20, 24, 30, 31, 32, 35, 37, 40, 
  51, 52, 53, 57, 58, 59, 61, 63 ],
[ 1, 2, 3, 4, 5, 6, 9, 10, 13, 16, 18, 20, 24, 30, 31, 32, 33, 35, 36, 40, 
  43, 51, 52, 54, 56, 57, 61, 64 ],
[ 1, 2, 3, 4, 5, 6, 9, 10, 13, 16, 18, 20, 24, 30, 31, 32, 33, 35, 36, 40, 
  51, 52, 54, 56, 57, 58, 59, 61 ],
[ 1, 2, 3, 4, 5, 6, 9, 12, 13, 18, 20, 24, 27, 29, 36, 37, 38, 40, 47, 49, 
  50, 53, 54, 55, 57, 58, 62, 64 ],
[ 1, 2, 3, 4, 5, 6, 9, 12, 14, 18, 20, 24, 27, 29, 34, 35, 38, 40, 47, 49, 
  50, 53, 54, 56, 57, 58, 62, 64 ],
[ 1, 2, 3, 4, 5, 6, 9, 13, 14, 16, 18, 20, 24, 27, 32, 35, 37, 40, 43, 49, 
  50, 51, 53, 57, 61, 62, 63, 64 ],
[ 1, 2, 3, 4, 5, 6, 9, 13, 14, 16, 18, 20, 24, 27, 32, 35, 37, 40, 49, 50, 
  51, 53, 57, 58, 59, 61, 62, 63 ],
[ 1, 2, 3, 4, 5, 6, 9, 13, 16, 18, 20, 24, 27, 32, 33, 35, 36, 40, 43, 49, 
  50, 51, 54, 56, 57, 61, 62, 64 ],
[ 1, 2, 3, 4, 5, 6, 9, 13, 16, 18, 20, 24, 27, 32, 33, 35, 36, 40, 49, 50, 
  51, 54, 56, 57, 58, 59, 61, 62 ],
[ 1, 2, 3, 4, 5, 6, 10, 11, 12, 13, 14, 18, 20, 24, 27, 31, 32, 33, 38, 40, 
  47, 50, 55, 56, 57, 58, 63, 64 ],
[ 1, 2, 3, 4, 5, 6, 10, 11, 12, 14, 18, 20, 24, 27, 31, 32, 34, 35, 38, 40, 
  47, 50, 53, 54, 56, 57, 58, 64 ],
[ 1, 2, 3, 4, 5, 7, 8, 9, 10, 15, 16, 19, 21, 23, 24, 25, 27, 32, 38, 39, 44, 
  46, 51, 52, 57, 59, 62, 64 ],
[ 1, 2, 3, 4, 5, 7, 8, 9, 10, 15, 16, 19, 21, 24, 25, 27, 32, 38, 39, 43, 45, 
  46, 51, 52, 57, 58, 60, 62 ],
[ 1, 2, 3, 4, 5, 7, 8, 9, 10, 15, 16, 19, 21, 25, 27, 32, 38, 39, 45, 47, 51, 
  52, 57, 59, 60, 61, 62, 64 ],
[ 1, 2, 3, 4, 5, 7, 8, 9, 10, 16, 19, 20, 21, 23, 24, 25, 27, 32, 34, 42, 44, 
  46, 51, 52, 55, 59, 62, 64 ],
[ 1, 2, 3, 4, 5, 7, 8, 9, 10, 16, 19, 20, 21, 25, 27, 32, 34, 42, 45, 47, 51, 
  52, 55, 59, 60, 61, 62, 64 ],
[ 1, 2, 3, 4, 5, 7, 8, 9, 11, 13, 19, 21, 24, 25, 26, 28, 36, 37, 38, 39, 43, 
  46, 48, 53, 54, 55, 57, 58 ],
[ 1, 2, 3, 4, 5, 7, 8, 9, 11, 13, 19, 21, 24, 25, 26, 28, 36, 37, 38, 39, 46, 
  48, 53, 54, 55, 57, 59, 64 ],
[ 1, 2, 3, 4, 5, 7, 8, 9, 11, 19, 21, 24, 25, 26, 28, 33, 34, 35, 36, 37, 38, 
  39, 43, 46, 48, 57, 58, 63 ],
[ 1, 2, 3, 4, 5, 7, 8, 9, 11, 19, 21, 24, 25, 26, 28, 33, 34, 35, 36, 37, 38, 
  39, 46, 48, 57, 59, 63, 64 ],
[ 1, 2, 3, 4, 5, 7, 8, 9, 13, 14, 15, 19, 21, 24, 25, 26, 32, 34, 36, 39, 43, 
  48, 51, 54, 57, 61, 63, 64 ],
[ 1, 2, 3, 4, 5, 7, 8, 9, 13, 14, 15, 19, 21, 24, 25, 26, 32, 34, 36, 39, 48, 
  51, 54, 57, 58, 59, 61, 63 ],
[ 1, 2, 3, 4, 5, 7, 8, 9, 15, 16, 19, 21, 23, 24, 25, 30, 31, 32, 38, 39, 44, 
  46, 49, 50, 51, 57, 59, 64 ],
[ 1, 2, 3, 4, 5, 7, 8, 9, 15, 16, 19, 21, 24, 25, 30, 31, 32, 38, 39, 43, 45, 
  46, 49, 50, 51, 57, 58, 60 ],
[ 1, 2, 3, 4, 5, 7, 8, 10, 11, 12, 13, 15, 19, 21, 23, 27, 32, 33, 34, 37, 
  39, 48, 52, 53, 56, 57, 60, 62 ],
[ 1, 2, 3, 4, 5, 7, 8, 10, 11, 12, 13, 15, 19, 21, 23, 32, 33, 34, 37, 39, 
  48, 49, 50, 52, 53, 56, 57, 60 ],
[ 1, 2, 3, 4, 5, 7, 8, 10, 11, 12, 14, 15, 19, 21, 23, 27, 32, 33, 35, 36, 
  39, 48, 52, 53, 55, 57, 60, 62 ],
[ 1, 2, 3, 4, 5, 7, 8, 10, 11, 12, 14, 15, 19, 21, 23, 32, 33, 35, 36, 39, 
  48, 49, 50, 52, 53, 55, 57, 60 ],
[ 1, 2, 3, 4, 5, 7, 8, 10, 11, 12, 14, 19, 21, 23, 25, 27, 30, 32, 34, 35, 
  38, 39, 44, 49, 53, 54, 56, 57 ],
[ 1, 2, 3, 4, 5, 7, 8, 10, 11, 12, 14, 19, 21, 23, 25, 30, 32, 34, 35, 38, 
  39, 44, 50, 53, 54, 56, 57, 62 ],
[ 1, 2, 3, 4, 5, 7, 8, 10, 15, 16, 19, 21, 23, 24, 25, 28, 29, 32, 38, 39, 
  44, 46, 49, 50, 52, 57, 59, 64 ],
[ 1, 2, 3, 4, 5, 7, 8, 11, 16, 19, 20, 21, 24, 29, 31, 34, 42, 44, 45, 48, 
  50, 51, 52, 55, 58, 59, 61, 62 ],
[ 1, 2, 3, 4, 5, 8, 9, 12, 13, 14, 15, 17, 22, 24, 25, 26, 29, 34, 36, 41, 
  42, 47, 48, 54, 57, 58, 63, 64 ],
[ 1, 2, 3, 4, 5, 9, 10, 12, 13, 14, 15, 17, 22, 24, 29, 30, 31, 34, 36, 41, 
  42, 47, 52, 54, 57, 58, 63, 64 ],
[ 1, 2, 3, 4, 5, 9, 10, 12, 15, 17, 22, 24, 29, 30, 31, 35, 37, 41, 42, 47, 
  52, 54, 55, 56, 57, 58, 63, 64 ]
];

