## Group: [64, 184]
## Difference Sets: 444
## Time:  0:04:39.570

return [
[ 1, 4, 7, 9, 10, 15, 17, 18, 19, 21, 23, 24, 25, 27, 29, 32, 33, 36, 37, 38, 
  39, 41, 42, 43, 44, 45, 51, 63 ],
[ 1, 4, 7, 9, 10, 15, 17, 18, 19, 21, 22, 23, 24, 25, 27, 29, 32, 33, 36, 37, 
  39, 43, 44, 45, 51, 55, 56, 57 ],
[ 1, 4, 7, 9, 10, 15, 17, 18, 19, 20, 21, 23, 24, 25, 27, 29, 32, 33, 37, 38, 
  41, 43, 44, 45, 51, 53, 56, 57 ],
[ 1, 4, 7, 9, 10, 14, 17, 18, 19, 22, 23, 24, 25, 27, 29, 32, 34, 36, 37, 38, 
  39, 40, 42, 43, 44, 45, 51, 63 ],
[ 1, 4, 7, 9, 10, 14, 17, 18, 19, 21, 22, 23, 24, 25, 27, 29, 32, 34, 36, 38, 
  39, 43, 44, 45, 51, 54, 56, 57 ],
[ 1, 4, 7, 9, 10, 14, 15, 17, 18, 19, 22, 23, 24, 25, 27, 29, 32, 37, 39, 40, 
  42, 43, 44, 45, 51, 53, 55, 56 ],
[ 1, 4, 7, 9, 10, 14, 15, 17, 18, 19, 21, 23, 24, 25, 27, 29, 32, 38, 39, 41, 
  42, 43, 44, 45, 51, 53, 54, 56 ],
[ 1, 4, 7, 9, 10, 14, 15, 17, 18, 19, 20, 21, 23, 24, 25, 27, 29, 32, 36, 38, 
  41, 43, 44, 45, 51, 54, 57, 63 ],
[ 1, 4, 7, 9, 10, 11, 15, 17, 18, 19, 21, 23, 24, 27, 28, 29, 33, 36, 37, 38, 
  39, 41, 42, 43, 45, 48, 60, 63 ],
[ 1, 4, 7, 9, 10, 11, 15, 17, 18, 19, 21, 22, 23, 24, 27, 28, 29, 33, 36, 37, 
  39, 43, 45, 48, 55, 56, 57, 60 ],
[ 1, 4, 7, 9, 10, 11, 15, 17, 18, 19, 20, 21, 23, 24, 27, 28, 29, 33, 37, 38, 
  41, 43, 45, 48, 53, 56, 57, 60 ],
[ 1, 4, 7, 9, 10, 11, 14, 17, 18, 19, 22, 23, 24, 27, 28, 29, 34, 36, 37, 38, 
  39, 40, 42, 43, 45, 48, 60, 63 ],
[ 1, 4, 7, 9, 10, 11, 14, 17, 18, 19, 21, 22, 23, 24, 27, 28, 29, 34, 36, 38, 
  39, 43, 45, 48, 54, 56, 57, 60 ],
[ 1, 4, 7, 9, 10, 11, 14, 15, 17, 18, 19, 22, 23, 24, 27, 28, 29, 37, 39, 40, 
  42, 43, 45, 48, 53, 55, 56, 60 ],
[ 1, 4, 7, 9, 10, 11, 14, 15, 17, 18, 19, 21, 23, 24, 27, 28, 29, 38, 39, 41, 
  42, 43, 45, 48, 53, 54, 56, 60 ],
[ 1, 4, 7, 9, 10, 11, 14, 15, 17, 18, 19, 20, 21, 23, 24, 27, 28, 29, 36, 38, 
  41, 43, 45, 48, 54, 57, 60, 63 ],
[ 1, 4, 6, 7, 9, 12, 15, 17, 18, 19, 20, 23, 24, 25, 26, 27, 28, 32, 33, 34, 
  39, 40, 47, 50, 54, 56, 60, 63 ],
[ 1, 4, 6, 7, 9, 12, 15, 17, 18, 19, 20, 23, 24, 25, 26, 27, 28, 31, 33, 34, 
  39, 40, 48, 51, 54, 56, 59, 63 ],
[ 1, 4, 6, 7, 9, 12, 14, 15, 17, 18, 19, 20, 23, 25, 26, 27, 28, 32, 34, 37, 
  39, 40, 43, 50, 56, 59, 60, 63 ],
[ 1, 4, 6, 7, 9, 12, 14, 15, 17, 18, 19, 20, 23, 24, 26, 27, 28, 31, 34, 37, 
  39, 40, 44, 51, 56, 59, 60, 63 ],
[ 1, 4, 6, 7, 9, 11, 12, 15, 17, 18, 19, 20, 23, 24, 26, 27, 33, 34, 39, 40, 
  44, 47, 48, 50, 51, 54, 56, 63 ],
[ 1, 4, 6, 7, 9, 11, 12, 14, 15, 17, 18, 19, 20, 23, 26, 27, 34, 37, 39, 40, 
  43, 44, 48, 50, 51, 56, 59, 63 ],
[ 1, 4, 6, 7, 9, 10, 12, 15, 17, 18, 19, 20, 23, 25, 26, 28, 33, 34, 39, 40, 
  43, 47, 48, 50, 51, 54, 56, 63 ],
[ 1, 4, 6, 7, 9, 10, 12, 14, 15, 17, 18, 19, 20, 23, 26, 28, 34, 37, 39, 40, 
  43, 44, 47, 50, 51, 56, 60, 63 ],
[ 1, 4, 5, 8, 9, 11, 12, 13, 17, 18, 19, 21, 22, 23, 27, 28, 33, 37, 39, 41, 
  44, 46, 48, 50, 54, 55, 56, 61 ],
[ 1, 4, 5, 8, 9, 11, 12, 13, 17, 18, 19, 21, 22, 23, 25, 27, 28, 33, 37, 39, 
  41, 46, 50, 54, 55, 56, 60, 61 ],
[ 1, 4, 5, 8, 9, 10, 11, 12, 13, 17, 18, 19, 21, 22, 23, 28, 31, 33, 37, 39, 
  41, 44, 48, 54, 55, 56, 58, 64 ],
[ 1, 4, 5, 8, 9, 10, 11, 12, 13, 17, 18, 19, 21, 22, 23, 25, 28, 31, 33, 37, 
  39, 41, 54, 55, 56, 58, 60, 64 ],
[ 1, 4, 5, 7, 9, 12, 14, 17, 18, 19, 23, 24, 25, 26, 27, 28, 32, 33, 34, 36, 
  41, 42, 47, 50, 53, 55, 57, 60 ],
[ 1, 4, 5, 7, 9, 12, 14, 17, 18, 19, 23, 24, 25, 26, 27, 28, 31, 33, 34, 36, 
  41, 42, 48, 51, 53, 55, 57, 59 ],
[ 1, 4, 5, 7, 9, 12, 14, 17, 18, 19, 20, 23, 24, 25, 26, 27, 28, 32, 33, 34, 
  39, 41, 47, 50, 55, 56, 60, 63 ],
[ 1, 4, 5, 7, 9, 12, 14, 17, 18, 19, 20, 23, 24, 25, 26, 27, 28, 31, 33, 34, 
  39, 41, 48, 51, 55, 56, 59, 63 ],
[ 1, 4, 5, 7, 9, 12, 14, 15, 17, 18, 19, 23, 25, 26, 27, 28, 32, 33, 36, 38, 
  41, 42, 43, 50, 53, 57, 59, 60 ],
[ 1, 4, 5, 7, 9, 12, 14, 15, 17, 18, 19, 23, 24, 26, 27, 28, 31, 33, 36, 38, 
  41, 42, 44, 51, 53, 57, 59, 60 ],
[ 1, 4, 5, 7, 9, 12, 14, 15, 17, 18, 19, 20, 23, 25, 26, 27, 28, 32, 33, 38, 
  39, 41, 43, 50, 56, 59, 60, 63 ],
[ 1, 4, 5, 7, 9, 12, 14, 15, 17, 18, 19, 20, 23, 24, 26, 27, 28, 31, 33, 38, 
  39, 41, 44, 51, 56, 59, 60, 63 ],
[ 1, 4, 5, 7, 9, 12, 13, 14, 17, 19, 23, 25, 26, 27, 28, 30, 32, 33, 34, 35, 
  36, 42, 50, 52, 53, 55, 57, 60 ],
[ 1, 4, 5, 7, 9, 12, 13, 14, 17, 19, 20, 23, 25, 26, 27, 28, 30, 32, 33, 34, 
  35, 39, 50, 52, 55, 56, 60, 63 ],
[ 1, 4, 5, 7, 9, 12, 13, 14, 17, 18, 19, 23, 25, 26, 27, 28, 32, 33, 35, 36, 
  41, 42, 46, 50, 53, 57, 60, 61 ],
[ 1, 4, 5, 7, 9, 12, 13, 14, 17, 18, 19, 20, 23, 25, 26, 27, 28, 32, 33, 35, 
  39, 41, 46, 50, 56, 60, 61, 63 ],
[ 1, 4, 5, 7, 9, 12, 13, 14, 15, 17, 19, 23, 25, 26, 27, 28, 32, 33, 35, 36, 
  38, 42, 49, 50, 53, 57, 60, 62 ],
[ 1, 4, 5, 7, 9, 12, 13, 14, 15, 17, 19, 20, 23, 25, 26, 27, 28, 32, 33, 35, 
  38, 39, 49, 50, 56, 60, 62, 63 ],
[ 1, 4, 5, 7, 9, 11, 12, 13, 14, 17, 18, 19, 23, 26, 27, 33, 35, 36, 41, 42, 
  44, 46, 48, 50, 51, 53, 57, 61 ],
[ 1, 4, 5, 7, 9, 11, 12, 13, 14, 17, 18, 19, 20, 23, 26, 27, 33, 35, 39, 41, 
  44, 46, 48, 50, 51, 56, 61, 63 ],
[ 1, 4, 5, 7, 9, 10, 12, 14, 17, 18, 19, 23, 25, 26, 28, 33, 34, 36, 41, 42, 
  43, 47, 48, 50, 51, 53, 55, 57 ],
[ 1, 4, 5, 7, 9, 10, 12, 14, 17, 18, 19, 20, 23, 25, 26, 28, 33, 34, 39, 41, 
  43, 47, 48, 50, 51, 55, 56, 63 ],
[ 1, 4, 5, 7, 9, 10, 12, 14, 15, 17, 18, 19, 23, 26, 28, 33, 36, 38, 41, 42, 
  43, 44, 47, 50, 51, 53, 57, 60 ],
[ 1, 4, 5, 7, 9, 10, 12, 14, 15, 17, 18, 19, 20, 23, 26, 28, 33, 38, 39, 41, 
  43, 44, 47, 50, 51, 56, 60, 63 ],
[ 1, 4, 5, 7, 8, 9, 11, 12, 13, 17, 18, 22, 23, 27, 28, 33, 37, 38, 39, 40, 
  41, 44, 46, 48, 50, 54, 61, 63 ],
[ 1, 4, 5, 7, 8, 9, 11, 12, 13, 17, 18, 22, 23, 25, 27, 28, 33, 37, 38, 39, 
  40, 41, 46, 50, 54, 60, 61, 63 ],
[ 1, 4, 5, 7, 8, 9, 10, 11, 12, 13, 17, 18, 22, 23, 28, 31, 33, 37, 38, 39, 
  40, 41, 44, 48, 54, 58, 63, 64 ],
[ 1, 4, 5, 7, 8, 9, 10, 11, 12, 13, 17, 18, 22, 23, 25, 28, 31, 33, 37, 38, 
  39, 40, 41, 54, 58, 60, 63, 64 ],
[ 1, 4, 5, 6, 8, 9, 11, 12, 13, 17, 18, 19, 21, 23, 27, 28, 33, 34, 36, 37, 
  41, 44, 46, 48, 50, 54, 57, 61 ],
[ 1, 4, 5, 6, 8, 9, 11, 12, 13, 17, 18, 19, 21, 23, 25, 27, 28, 33, 34, 36, 
  37, 41, 46, 50, 54, 57, 60, 61 ],
[ 1, 4, 5, 6, 8, 9, 11, 12, 13, 15, 17, 18, 19, 21, 22, 23, 27, 28, 33, 37, 
  42, 44, 48, 50, 53, 54, 58, 64 ],
[ 1, 4, 5, 6, 8, 9, 11, 12, 13, 15, 17, 18, 19, 21, 22, 23, 25, 27, 28, 33, 
  37, 42, 50, 53, 54, 58, 60, 64 ],
[ 1, 4, 5, 6, 8, 9, 10, 11, 12, 13, 17, 18, 19, 21, 23, 28, 31, 33, 34, 36, 
  37, 41, 44, 48, 54, 57, 58, 64 ],
[ 1, 4, 5, 6, 8, 9, 10, 11, 12, 13, 17, 18, 19, 21, 23, 25, 28, 31, 33, 34, 
  36, 37, 41, 54, 57, 58, 60, 64 ],
[ 1, 4, 5, 6, 8, 9, 10, 11, 12, 13, 15, 17, 18, 19, 21, 22, 23, 28, 31, 33, 
  37, 42, 44, 46, 48, 53, 54, 61 ],
[ 1, 4, 5, 6, 8, 9, 10, 11, 12, 13, 15, 17, 18, 19, 21, 22, 23, 25, 28, 31, 
  33, 37, 42, 46, 53, 54, 60, 61 ],
[ 1, 4, 5, 6, 7, 9, 12, 14, 17, 18, 19, 23, 25, 26, 27, 28, 32, 33, 36, 38, 
  39, 43, 50, 55, 56, 57, 59, 60 ],
[ 1, 4, 5, 6, 7, 9, 12, 14, 17, 18, 19, 23, 24, 26, 27, 28, 31, 33, 36, 38, 
  39, 44, 51, 55, 56, 57, 59, 60 ],
[ 1, 4, 5, 6, 7, 9, 12, 14, 17, 18, 19, 23, 24, 25, 26, 27, 28, 32, 33, 38, 
  39, 47, 50, 53, 55, 57, 60, 63 ],
[ 1, 4, 5, 6, 7, 9, 12, 14, 17, 18, 19, 23, 24, 25, 26, 27, 28, 31, 33, 38, 
  39, 48, 51, 53, 55, 57, 59, 63 ],
[ 1, 4, 5, 6, 7, 9, 11, 12, 14, 17, 18, 19, 23, 26, 27, 33, 36, 38, 39, 43, 
  44, 48, 50, 51, 55, 56, 57, 59 ],
[ 1, 4, 5, 6, 7, 9, 11, 12, 14, 17, 18, 19, 23, 24, 26, 27, 33, 38, 39, 44, 
  47, 48, 50, 51, 53, 55, 57, 63 ],
[ 1, 4, 5, 6, 7, 9, 10, 12, 14, 17, 18, 19, 23, 26, 28, 33, 36, 38, 39, 43, 
  44, 47, 50, 51, 55, 56, 57, 60 ],
[ 1, 4, 5, 6, 7, 9, 10, 12, 14, 17, 18, 19, 23, 25, 26, 28, 33, 38, 39, 43, 
  47, 48, 50, 51, 53, 55, 57, 63 ],
[ 1, 3, 4, 9, 10, 13, 15, 17, 18, 21, 22, 23, 25, 27, 28, 29, 31, 33, 36, 37, 
  42, 45, 48, 50, 51, 53, 55, 57 ],
[ 1, 3, 4, 9, 10, 13, 15, 17, 18, 20, 21, 22, 23, 25, 27, 28, 29, 31, 33, 37, 
  39, 45, 48, 50, 51, 55, 56, 63 ],
[ 1, 3, 4, 9, 10, 12, 13, 15, 17, 18, 23, 25, 26, 27, 28, 31, 32, 33, 36, 38, 
  40, 41, 42, 50, 53, 54, 57, 60 ],
[ 1, 3, 4, 9, 10, 12, 13, 15, 17, 18, 20, 23, 25, 26, 27, 28, 31, 32, 33, 38, 
  39, 40, 41, 50, 54, 56, 60, 63 ],
[ 1, 3, 4, 9, 10, 11, 13, 15, 17, 18, 21, 22, 23, 27, 29, 31, 32, 33, 36, 37, 
  42, 44, 45, 50, 53, 55, 57, 60 ],
[ 1, 3, 4, 9, 10, 11, 13, 15, 17, 18, 20, 21, 22, 23, 27, 29, 31, 32, 33, 37, 
  39, 44, 45, 50, 55, 56, 60, 63 ],
[ 1, 3, 4, 9, 10, 11, 12, 13, 15, 17, 18, 23, 26, 27, 31, 33, 36, 38, 40, 41, 
  42, 44, 48, 50, 51, 53, 54, 57 ],
[ 1, 3, 4, 9, 10, 11, 12, 13, 15, 17, 18, 20, 23, 26, 27, 31, 33, 38, 39, 40, 
  41, 44, 48, 50, 51, 54, 56, 63 ],
[ 1, 3, 4, 8, 9, 13, 15, 17, 18, 20, 21, 22, 23, 26, 27, 28, 29, 30, 33, 37, 
  39, 45, 50, 51, 52, 55, 56, 63 ],
[ 1, 3, 4, 8, 9, 13, 14, 18, 21, 22, 23, 26, 27, 28, 29, 30, 33, 34, 36, 38, 
  39, 40, 42, 45, 50, 51, 52, 63 ],
[ 1, 3, 4, 8, 9, 13, 14, 18, 20, 21, 22, 23, 26, 27, 28, 29, 30, 33, 34, 38, 
  40, 45, 50, 51, 52, 53, 56, 57 ],
[ 1, 3, 4, 8, 9, 11, 13, 15, 17, 18, 20, 21, 22, 23, 26, 27, 29, 32, 33, 37, 
  39, 45, 49, 50, 55, 56, 62, 63 ],
[ 1, 3, 4, 8, 9, 11, 13, 14, 18, 21, 22, 23, 26, 27, 29, 32, 33, 34, 36, 38, 
  39, 40, 42, 45, 49, 50, 62, 63 ],
[ 1, 3, 4, 8, 9, 11, 13, 14, 18, 20, 21, 22, 23, 26, 27, 29, 32, 33, 34, 38, 
  40, 45, 49, 50, 53, 56, 57, 62 ],
[ 1, 3, 4, 8, 9, 10, 13, 15, 17, 18, 20, 21, 22, 23, 26, 28, 29, 31, 33, 37, 
  39, 45, 49, 51, 55, 56, 62, 63 ],
[ 1, 3, 4, 8, 9, 10, 11, 13, 15, 17, 18, 20, 21, 22, 23, 26, 29, 30, 31, 32, 
  33, 37, 39, 45, 52, 55, 56, 63 ],
[ 1, 3, 4, 8, 9, 10, 11, 13, 14, 18, 21, 22, 23, 26, 29, 30, 31, 32, 33, 34, 
  36, 38, 39, 40, 42, 45, 52, 63 ],
[ 1, 3, 4, 8, 9, 10, 11, 13, 14, 18, 20, 21, 22, 23, 26, 29, 30, 31, 32, 33, 
  34, 38, 40, 45, 52, 53, 56, 57 ],
[ 1, 3, 4, 6, 9, 10, 13, 17, 21, 23, 25, 27, 28, 29, 31, 33, 34, 36, 37, 38, 
  41, 42, 45, 48, 50, 51, 53, 57 ],
[ 1, 3, 4, 6, 9, 10, 13, 17, 18, 21, 23, 25, 27, 28, 29, 31, 33, 36, 37, 38, 
  39, 42, 45, 48, 50, 51, 55, 63 ],
[ 1, 3, 4, 6, 9, 10, 13, 17, 18, 20, 21, 23, 25, 27, 28, 29, 31, 33, 37, 38, 
  45, 48, 50, 51, 53, 55, 56, 57 ],
[ 1, 3, 4, 6, 9, 10, 12, 13, 17, 18, 23, 25, 26, 27, 28, 31, 32, 33, 36, 38, 
  39, 40, 50, 54, 55, 56, 57, 60 ],
[ 1, 3, 4, 6, 9, 10, 12, 13, 14, 17, 18, 23, 25, 26, 27, 28, 31, 32, 37, 38, 
  39, 40, 50, 53, 55, 57, 60, 63 ],
[ 1, 3, 4, 6, 9, 10, 11, 13, 17, 21, 23, 27, 29, 31, 32, 33, 34, 36, 37, 38, 
  41, 42, 44, 45, 50, 53, 57, 60 ],
[ 1, 3, 4, 6, 9, 10, 11, 13, 17, 18, 21, 23, 27, 29, 31, 32, 33, 36, 37, 38, 
  39, 42, 44, 45, 50, 55, 60, 63 ],
[ 1, 3, 4, 6, 9, 10, 11, 13, 17, 18, 20, 21, 23, 27, 29, 31, 32, 33, 37, 38, 
  44, 45, 50, 53, 55, 56, 57, 60 ],
[ 1, 3, 4, 6, 9, 10, 11, 12, 13, 17, 18, 23, 26, 27, 31, 33, 36, 38, 39, 40, 
  44, 48, 50, 51, 54, 55, 56, 57 ],
[ 1, 3, 4, 6, 9, 10, 11, 12, 13, 14, 17, 18, 23, 26, 27, 31, 37, 38, 39, 40, 
  44, 48, 50, 51, 53, 55, 57, 63 ],
[ 1, 3, 4, 6, 8, 9, 13, 17, 20, 21, 23, 26, 27, 28, 29, 30, 33, 34, 37, 38, 
  39, 41, 45, 50, 51, 52, 56, 63 ],
[ 1, 3, 4, 6, 8, 9, 13, 17, 18, 21, 23, 26, 27, 28, 29, 30, 33, 36, 37, 38, 
  39, 42, 45, 50, 51, 52, 55, 63 ],
[ 1, 3, 4, 6, 8, 9, 13, 17, 18, 20, 21, 23, 26, 27, 28, 29, 30, 33, 37, 38, 
  45, 50, 51, 52, 53, 55, 56, 57 ],
[ 1, 3, 4, 6, 8, 9, 11, 13, 17, 20, 21, 23, 26, 27, 29, 32, 33, 34, 37, 38, 
  39, 41, 45, 49, 50, 56, 62, 63 ],
[ 1, 3, 4, 6, 8, 9, 11, 13, 17, 18, 21, 23, 26, 27, 29, 32, 33, 36, 37, 38, 
  39, 42, 45, 49, 50, 55, 62, 63 ],
[ 1, 3, 4, 6, 8, 9, 11, 13, 17, 18, 20, 21, 23, 26, 27, 29, 32, 33, 37, 38, 
  45, 49, 50, 53, 55, 56, 57, 62 ],
[ 1, 3, 4, 6, 8, 9, 10, 11, 13, 17, 20, 21, 23, 26, 29, 30, 31, 32, 33, 34, 
  37, 38, 39, 41, 45, 52, 56, 63 ],
[ 1, 3, 4, 6, 8, 9, 10, 11, 13, 17, 18, 21, 23, 26, 29, 30, 31, 32, 33, 36, 
  37, 38, 39, 42, 45, 52, 55, 63 ],
[ 1, 3, 4, 6, 8, 9, 10, 11, 13, 17, 18, 20, 21, 23, 26, 29, 30, 31, 32, 33, 
  37, 38, 45, 52, 53, 55, 56, 57 ],
[ 1, 3, 4, 5, 9, 10, 13, 17, 18, 22, 23, 25, 27, 28, 29, 31, 34, 36, 37, 38, 
  39, 42, 45, 48, 50, 51, 54, 63 ],
[ 1, 3, 4, 5, 9, 10, 13, 17, 18, 20, 22, 23, 25, 27, 28, 29, 31, 34, 37, 38, 
  45, 48, 50, 51, 53, 54, 56, 57 ],
[ 1, 3, 4, 5, 9, 10, 13, 15, 17, 18, 20, 22, 23, 25, 27, 28, 29, 31, 36, 37, 
  45, 48, 50, 51, 54, 55, 57, 63 ],
[ 1, 3, 4, 5, 9, 10, 12, 13, 17, 18, 23, 25, 26, 27, 28, 31, 32, 34, 36, 37, 
  39, 41, 50, 54, 55, 56, 57, 60 ],
[ 1, 3, 4, 5, 9, 10, 12, 13, 15, 17, 18, 23, 25, 26, 27, 28, 31, 32, 37, 38, 
  39, 41, 50, 53, 54, 57, 60, 63 ],
[ 1, 3, 4, 5, 9, 10, 11, 13, 17, 18, 22, 23, 27, 29, 31, 32, 34, 36, 37, 38, 
  39, 42, 44, 45, 50, 54, 60, 63 ],
[ 1, 3, 4, 5, 9, 10, 11, 13, 17, 18, 20, 22, 23, 27, 29, 31, 32, 34, 37, 38, 
  44, 45, 50, 53, 54, 56, 57, 60 ],
[ 1, 3, 4, 5, 9, 10, 11, 13, 15, 17, 18, 20, 22, 23, 27, 29, 31, 32, 36, 37, 
  44, 45, 50, 54, 55, 57, 60, 63 ],
[ 1, 3, 4, 5, 9, 10, 11, 12, 13, 17, 18, 23, 26, 27, 31, 34, 36, 37, 39, 41, 
  44, 48, 50, 51, 54, 55, 56, 57 ],
[ 1, 3, 4, 5, 9, 10, 11, 12, 13, 15, 17, 18, 23, 26, 27, 31, 37, 38, 39, 41, 
  44, 48, 50, 51, 53, 54, 57, 63 ],
[ 1, 3, 4, 5, 8, 9, 13, 17, 18, 20, 22, 23, 26, 27, 28, 29, 30, 34, 37, 38, 
  45, 50, 51, 52, 53, 54, 56, 57 ],
[ 1, 3, 4, 5, 8, 9, 12, 13, 17, 19, 22, 23, 27, 28, 32, 35, 36, 37, 38, 40, 
  42, 48, 49, 50, 53, 60, 62, 63 ],
[ 1, 3, 4, 5, 8, 9, 12, 13, 17, 19, 21, 23, 27, 28, 30, 32, 35, 36, 41, 42, 
  48, 50, 52, 53, 54, 55, 60, 63 ],
[ 1, 3, 4, 5, 8, 9, 12, 13, 17, 18, 19, 23, 25, 27, 28, 30, 32, 34, 35, 36, 
  37, 39, 40, 44, 50, 52, 56, 63 ],
[ 1, 3, 4, 5, 8, 9, 11, 13, 17, 18, 20, 22, 23, 26, 27, 29, 32, 34, 37, 38, 
  45, 49, 50, 53, 54, 56, 57, 62 ],
[ 1, 3, 4, 5, 8, 9, 11, 12, 13, 17, 19, 23, 27, 30, 35, 36, 37, 40, 41, 48, 
  50, 51, 52, 53, 55, 56, 57, 60 ],
[ 1, 3, 4, 5, 8, 9, 11, 12, 13, 17, 19, 21, 22, 23, 27, 35, 36, 38, 48, 49, 
  50, 51, 53, 54, 56, 57, 60, 62 ],
[ 1, 3, 4, 5, 8, 9, 11, 12, 13, 17, 18, 19, 20, 21, 23, 25, 27, 30, 34, 35, 
  44, 50, 51, 52, 53, 54, 56, 63 ],
[ 1, 3, 4, 5, 8, 9, 10, 12, 13, 17, 19, 22, 23, 28, 30, 31, 32, 35, 36, 37, 
  38, 40, 42, 48, 52, 53, 60, 63 ],
[ 1, 3, 4, 5, 8, 9, 10, 12, 13, 17, 19, 21, 23, 28, 31, 32, 35, 36, 41, 42, 
  48, 49, 53, 54, 55, 60, 62, 63 ],
[ 1, 3, 4, 5, 8, 9, 10, 12, 13, 17, 18, 19, 23, 25, 28, 31, 32, 34, 35, 36, 
  37, 39, 40, 44, 49, 56, 62, 63 ],
[ 1, 3, 4, 5, 8, 9, 10, 11, 13, 17, 18, 20, 22, 23, 26, 29, 30, 31, 32, 34, 
  37, 38, 45, 52, 53, 54, 56, 57 ],
[ 1, 3, 4, 5, 8, 9, 10, 11, 12, 13, 17, 19, 23, 31, 35, 36, 37, 40, 41, 48, 
  49, 51, 53, 55, 56, 57, 60, 62 ],
[ 1, 3, 4, 5, 8, 9, 10, 11, 12, 13, 17, 19, 21, 22, 23, 30, 31, 35, 36, 38, 
  48, 51, 52, 53, 54, 56, 57, 60 ],
[ 1, 3, 4, 5, 8, 9, 10, 11, 12, 13, 17, 18, 19, 20, 21, 23, 25, 31, 34, 35, 
  44, 49, 51, 53, 54, 56, 62, 63 ],
[ 1, 3, 4, 5, 7, 8, 9, 12, 13, 16, 17, 18, 20, 23, 25, 27, 28, 32, 34, 37, 
  40, 44, 49, 50, 53, 56, 62, 63 ],
[ 1, 3, 4, 5, 7, 8, 9, 11, 12, 13, 16, 17, 18, 21, 23, 25, 27, 34, 36, 39, 
  44, 49, 50, 51, 54, 56, 62, 63 ],
[ 1, 3, 4, 5, 7, 8, 9, 10, 12, 13, 16, 17, 18, 20, 23, 25, 28, 30, 31, 32, 
  34, 37, 40, 44, 52, 53, 56, 63 ],
[ 1, 3, 4, 5, 7, 8, 9, 10, 11, 12, 13, 16, 17, 18, 21, 23, 25, 30, 31, 34, 
  36, 39, 44, 51, 52, 54, 56, 63 ],
[ 1, 2, 9, 10, 11, 12, 13, 16, 17, 18, 19, 22, 24, 27, 28, 29, 33, 34, 36, 
  38, 39, 40, 43, 48, 54, 56, 57, 60 ],
[ 1, 2, 9, 10, 11, 12, 13, 16, 17, 18, 19, 21, 24, 27, 28, 29, 33, 34, 36, 
  37, 39, 41, 43, 48, 55, 56, 57, 60 ],
[ 1, 2, 9, 10, 11, 12, 13, 16, 17, 18, 19, 20, 21, 24, 27, 28, 29, 33, 34, 
  37, 41, 42, 43, 48, 53, 55, 60, 63 ],
[ 1, 2, 9, 10, 11, 12, 13, 15, 16, 17, 18, 19, 24, 27, 28, 29, 33, 38, 39, 
  40, 41, 42, 43, 48, 53, 54, 56, 60 ],
[ 1, 2, 9, 10, 11, 12, 13, 15, 16, 17, 18, 19, 21, 24, 27, 28, 29, 33, 37, 
  38, 39, 41, 43, 48, 53, 57, 60, 63 ],
[ 1, 2, 9, 10, 11, 12, 13, 15, 16, 17, 18, 19, 20, 24, 27, 28, 29, 33, 36, 
  38, 40, 41, 43, 48, 54, 57, 60, 63 ],
[ 1, 2, 9, 10, 11, 12, 13, 15, 16, 17, 18, 19, 20, 21, 24, 27, 28, 29, 33, 
  36, 37, 38, 41, 42, 43, 48, 56, 60 ],
[ 1, 2, 9, 10, 11, 12, 13, 14, 16, 17, 18, 19, 24, 27, 28, 29, 34, 37, 39, 
  40, 41, 42, 43, 48, 53, 55, 56, 60 ],
[ 1, 2, 9, 10, 11, 12, 13, 14, 16, 17, 18, 19, 22, 24, 27, 28, 29, 34, 37, 
  38, 39, 40, 43, 48, 53, 57, 60, 63 ],
[ 1, 2, 9, 10, 11, 12, 13, 14, 16, 17, 18, 19, 20, 24, 27, 28, 29, 34, 36, 
  37, 40, 41, 43, 48, 55, 57, 60, 63 ],
[ 1, 2, 7, 9, 10, 11, 12, 13, 17, 18, 21, 24, 27, 28, 29, 33, 34, 35, 36, 37, 
  39, 41, 42, 43, 48, 55, 60, 63 ],
[ 1, 2, 7, 9, 10, 11, 12, 13, 17, 18, 20, 22, 24, 27, 28, 29, 33, 34, 35, 38, 
  40, 43, 48, 53, 54, 56, 57, 60 ],
[ 1, 2, 7, 9, 10, 11, 12, 13, 17, 18, 20, 21, 24, 27, 28, 29, 33, 34, 35, 37, 
  41, 43, 48, 53, 55, 56, 57, 60 ],
[ 1, 2, 7, 9, 10, 11, 12, 13, 15, 17, 18, 20, 22, 24, 27, 28, 29, 33, 35, 36, 
  40, 43, 48, 54, 55, 57, 60, 63 ],
[ 1, 2, 7, 9, 10, 11, 12, 13, 15, 17, 18, 20, 21, 22, 24, 27, 28, 29, 33, 35, 
  36, 37, 42, 43, 48, 55, 56, 60 ],
[ 1, 2, 7, 9, 10, 11, 12, 13, 14, 17, 18, 21, 24, 27, 28, 29, 34, 35, 39, 41, 
  42, 43, 48, 53, 54, 55, 56, 60 ],
[ 1, 2, 7, 9, 10, 11, 12, 13, 14, 17, 18, 20, 21, 24, 27, 28, 29, 34, 35, 36, 
  41, 43, 48, 54, 55, 57, 60, 63 ],
[ 1, 2, 7, 9, 10, 11, 12, 13, 14, 17, 18, 20, 21, 22, 24, 27, 28, 29, 34, 35, 
  36, 38, 42, 43, 48, 54, 56, 60 ],
[ 1, 2, 6, 9, 10, 11, 12, 13, 16, 17, 19, 22, 24, 27, 28, 29, 33, 34, 39, 40, 
  42, 43, 48, 53, 54, 55, 56, 60 ],
[ 1, 2, 6, 9, 10, 11, 12, 13, 15, 16, 17, 19, 24, 27, 28, 29, 33, 36, 39, 40, 
  41, 43, 48, 54, 55, 56, 57, 60 ],
[ 1, 2, 6, 9, 10, 11, 12, 13, 14, 15, 16, 17, 19, 24, 27, 28, 29, 37, 39, 40, 
  41, 43, 48, 53, 55, 57, 60, 63 ],
[ 1, 2, 6, 9, 10, 11, 12, 13, 14, 15, 16, 17, 19, 22, 24, 27, 28, 29, 37, 38, 
  39, 40, 42, 43, 48, 53, 56, 60 ],
[ 1, 2, 5, 9, 12, 13, 14, 16, 17, 18, 19, 20, 22, 25, 27, 28, 29, 33, 34, 38, 
  39, 43, 48, 50, 51, 56, 59, 63 ],
[ 1, 2, 5, 9, 12, 13, 14, 16, 17, 18, 19, 20, 22, 24, 27, 28, 29, 33, 34, 38, 
  39, 44, 47, 50, 51, 56, 60, 63 ],
[ 1, 2, 5, 9, 12, 13, 14, 16, 17, 18, 19, 20, 22, 23, 27, 28, 29, 33, 34, 38, 
  39, 45, 46, 50, 51, 56, 61, 63 ],
[ 1, 2, 5, 9, 11, 12, 13, 14, 16, 17, 18, 19, 20, 22, 27, 29, 32, 33, 34, 38, 
  39, 43, 44, 50, 56, 59, 60, 63 ],
[ 1, 2, 5, 9, 11, 12, 13, 14, 16, 17, 18, 19, 20, 22, 24, 25, 27, 29, 32, 33, 
  34, 38, 39, 47, 48, 50, 56, 63 ],
[ 1, 2, 5, 9, 11, 12, 13, 14, 16, 17, 18, 19, 20, 22, 23, 27, 29, 32, 33, 34, 
  38, 39, 45, 50, 56, 58, 63, 64 ],
[ 1, 2, 5, 9, 10, 12, 13, 14, 16, 17, 18, 19, 20, 22, 23, 28, 29, 31, 33, 34, 
  38, 39, 45, 51, 56, 58, 63, 64 ],
[ 1, 2, 5, 9, 10, 11, 12, 13, 14, 16, 18, 19, 20, 24, 27, 28, 29, 34, 40, 41, 
  42, 43, 48, 53, 54, 55, 60, 63 ],
[ 1, 2, 5, 9, 10, 11, 12, 13, 14, 16, 17, 18, 19, 20, 22, 23, 29, 31, 32, 33, 
  34, 38, 39, 45, 46, 56, 61, 63 ],
[ 1, 2, 5, 9, 10, 11, 12, 13, 14, 15, 16, 18, 19, 20, 24, 27, 28, 29, 36, 38, 
  40, 41, 42, 43, 48, 54, 56, 60 ],
[ 1, 2, 5, 6, 9, 12, 13, 14, 15, 16, 17, 19, 20, 25, 27, 28, 29, 33, 39, 41, 
  43, 48, 50, 51, 55, 56, 59, 63 ],
[ 1, 2, 5, 6, 9, 12, 13, 14, 15, 16, 17, 19, 20, 24, 27, 28, 29, 33, 39, 41, 
  44, 47, 50, 51, 55, 56, 60, 63 ],
[ 1, 2, 5, 6, 9, 12, 13, 14, 15, 16, 17, 19, 20, 23, 27, 28, 29, 33, 39, 41, 
  45, 46, 50, 51, 55, 56, 61, 63 ],
[ 1, 2, 5, 6, 9, 11, 12, 13, 14, 15, 16, 17, 19, 20, 27, 29, 32, 33, 39, 41, 
  43, 44, 50, 55, 56, 59, 60, 63 ],
[ 1, 2, 5, 6, 9, 11, 12, 13, 14, 15, 16, 17, 19, 20, 24, 25, 27, 29, 32, 33, 
  39, 41, 47, 48, 50, 55, 56, 63 ],
[ 1, 2, 5, 6, 9, 11, 12, 13, 14, 15, 16, 17, 19, 20, 23, 27, 29, 32, 33, 39, 
  41, 45, 50, 55, 56, 58, 63, 64 ],
[ 1, 2, 5, 6, 9, 10, 12, 13, 14, 15, 16, 17, 19, 20, 23, 28, 29, 31, 33, 39, 
  41, 45, 51, 55, 56, 58, 63, 64 ],
[ 1, 2, 5, 6, 9, 10, 11, 12, 13, 14, 15, 16, 17, 19, 20, 23, 29, 31, 32, 33, 
  39, 41, 45, 46, 55, 56, 61, 63 ],
[ 1, 2, 4, 9, 13, 17, 18, 19, 20, 21, 22, 23, 24, 26, 27, 32, 33, 36, 40, 41, 
  44, 47, 48, 50, 51, 55, 56, 63 ],
[ 1, 2, 4, 9, 13, 14, 17, 18, 19, 20, 21, 22, 23, 26, 27, 32, 33, 37, 40, 41, 
  44, 46, 48, 50, 51, 55, 61, 63 ],
[ 1, 2, 4, 9, 10, 13, 17, 18, 19, 20, 21, 22, 23, 26, 31, 32, 33, 36, 40, 41, 
  43, 44, 48, 51, 55, 56, 59, 63 ],
[ 1, 2, 4, 7, 9, 13, 14, 17, 18, 21, 22, 23, 26, 27, 32, 36, 38, 39, 40, 41, 
  43, 44, 48, 50, 51, 56, 59, 63 ],
[ 1, 2, 4, 7, 9, 13, 14, 17, 18, 21, 22, 23, 26, 27, 32, 33, 38, 39, 40, 41, 
  44, 46, 48, 50, 51, 54, 61, 63 ],
[ 1, 2, 4, 7, 9, 13, 14, 17, 18, 21, 22, 23, 26, 27, 28, 32, 36, 38, 40, 41, 
  43, 48, 50, 53, 56, 57, 59, 60 ],
[ 1, 2, 4, 7, 9, 13, 14, 17, 18, 21, 22, 23, 25, 26, 27, 28, 32, 36, 38, 40, 
  41, 43, 44, 50, 53, 56, 57, 59 ],
[ 1, 2, 4, 7, 9, 13, 14, 17, 18, 19, 20, 21, 23, 25, 27, 29, 32, 33, 35, 41, 
  46, 47, 48, 56, 57, 60, 62, 63 ],
[ 1, 2, 4, 7, 9, 13, 14, 15, 17, 19, 20, 21, 23, 27, 28, 29, 32, 33, 35, 38, 
  46, 47, 51, 56, 57, 60, 62, 63 ],
[ 1, 2, 4, 7, 9, 12, 13, 14, 17, 19, 20, 21, 23, 27, 28, 32, 33, 34, 35, 46, 
  48, 51, 52, 55, 56, 57, 59, 63 ],
[ 1, 2, 4, 7, 9, 12, 13, 14, 17, 18, 19, 20, 21, 23, 27, 32, 33, 35, 41, 44, 
  46, 48, 52, 56, 57, 59, 60, 63 ],
[ 1, 2, 4, 7, 9, 11, 13, 14, 17, 19, 21, 23, 27, 29, 32, 33, 34, 35, 39, 42, 
  47, 48, 51, 52, 55, 56, 58, 63 ],
[ 1, 2, 4, 7, 9, 11, 13, 14, 17, 19, 21, 23, 25, 27, 28, 29, 32, 33, 34, 35, 
  42, 47, 52, 53, 55, 56, 57, 58 ],
[ 1, 2, 4, 7, 9, 11, 13, 14, 17, 19, 21, 23, 25, 27, 28, 29, 32, 33, 34, 35, 
  36, 42, 47, 52, 55, 57, 58, 63 ],
[ 1, 2, 4, 7, 9, 11, 13, 14, 17, 19, 20, 21, 23, 25, 27, 28, 29, 32, 33, 34, 
  35, 39, 47, 52, 53, 55, 56, 58 ],
[ 1, 2, 4, 7, 9, 11, 13, 14, 17, 19, 20, 21, 23, 25, 27, 28, 29, 32, 33, 34, 
  35, 36, 39, 47, 52, 55, 58, 63 ],
[ 1, 2, 4, 7, 9, 11, 13, 14, 17, 19, 20, 21, 23, 25, 27, 28, 29, 30, 32, 33, 
  34, 35, 36, 47, 53, 55, 57, 64 ],
[ 1, 2, 4, 7, 9, 11, 13, 14, 17, 18, 21, 22, 23, 26, 27, 36, 38, 40, 41, 43, 
  48, 50, 51, 53, 56, 57, 59, 60 ],
[ 1, 2, 4, 7, 9, 11, 13, 14, 17, 18, 21, 22, 23, 25, 26, 27, 36, 38, 40, 41, 
  43, 44, 50, 51, 53, 56, 57, 59 ],
[ 1, 2, 4, 7, 9, 11, 13, 14, 17, 18, 19, 21, 23, 25, 27, 29, 33, 35, 41, 42, 
  44, 46, 47, 48, 53, 56, 57, 62 ],
[ 1, 2, 4, 7, 9, 11, 13, 14, 17, 18, 19, 21, 23, 25, 27, 29, 33, 35, 36, 41, 
  42, 44, 46, 47, 48, 57, 62, 63 ],
[ 1, 2, 4, 7, 9, 11, 13, 14, 17, 18, 19, 21, 23, 25, 27, 29, 33, 35, 36, 39, 
  41, 42, 44, 47, 48, 49, 53, 61 ],
[ 1, 2, 4, 7, 9, 11, 13, 14, 17, 18, 19, 20, 21, 23, 25, 27, 29, 33, 35, 39, 
  41, 44, 46, 47, 48, 53, 56, 62 ],
[ 1, 2, 4, 7, 9, 11, 13, 14, 17, 18, 19, 20, 21, 23, 25, 27, 29, 33, 35, 36, 
  39, 41, 44, 46, 47, 48, 62, 63 ],
[ 1, 2, 4, 7, 9, 11, 13, 14, 15, 17, 19, 21, 23, 27, 28, 29, 33, 35, 38, 42, 
  44, 46, 47, 51, 53, 56, 57, 62 ],
[ 1, 2, 4, 7, 9, 11, 13, 14, 15, 17, 19, 21, 23, 27, 28, 29, 33, 35, 36, 38, 
  42, 44, 46, 47, 51, 57, 62, 63 ],
[ 1, 2, 4, 7, 9, 11, 13, 14, 15, 17, 19, 21, 23, 27, 28, 29, 33, 35, 36, 38, 
  39, 42, 44, 47, 49, 51, 53, 61 ],
[ 1, 2, 4, 7, 9, 11, 13, 14, 15, 17, 19, 20, 21, 23, 27, 28, 29, 33, 35, 38, 
  39, 44, 46, 47, 51, 53, 56, 62 ],
[ 1, 2, 4, 7, 9, 11, 13, 14, 15, 17, 19, 20, 21, 23, 27, 28, 29, 33, 35, 36, 
  38, 39, 44, 46, 47, 51, 62, 63 ],
[ 1, 2, 4, 7, 9, 11, 12, 13, 14, 17, 19, 21, 23, 25, 27, 28, 30, 33, 34, 35, 
  36, 39, 42, 51, 53, 55, 59, 61 ],
[ 1, 2, 4, 7, 9, 11, 12, 13, 14, 17, 18, 19, 21, 23, 25, 27, 30, 33, 35, 36, 
  39, 41, 42, 44, 53, 59, 60, 61 ],
[ 1, 2, 4, 7, 9, 11, 12, 13, 14, 15, 17, 19, 21, 23, 27, 32, 33, 35, 38, 39, 
  42, 51, 56, 58, 59, 60, 62, 63 ],
[ 1, 2, 4, 7, 9, 11, 12, 13, 14, 15, 17, 19, 20, 21, 23, 27, 28, 32, 33, 35, 
  36, 38, 44, 49, 53, 57, 59, 64 ],
[ 1, 2, 4, 7, 9, 10, 13, 14, 17, 18, 21, 22, 23, 26, 31, 32, 33, 38, 39, 40, 
  41, 44, 48, 51, 54, 58, 63, 64 ],
[ 1, 2, 4, 7, 9, 10, 13, 14, 17, 18, 21, 22, 23, 24, 26, 31, 32, 36, 38, 39, 
  40, 41, 44, 47, 48, 51, 56, 63 ],
[ 1, 2, 4, 7, 9, 10, 13, 14, 17, 18, 21, 22, 23, 24, 26, 28, 31, 32, 36, 38, 
  40, 41, 47, 48, 53, 56, 57, 60 ],
[ 1, 2, 4, 7, 9, 10, 13, 14, 17, 18, 21, 22, 23, 24, 25, 26, 28, 31, 32, 36, 
  38, 40, 41, 44, 47, 53, 56, 57 ],
[ 1, 2, 4, 7, 9, 10, 13, 14, 17, 18, 19, 21, 23, 25, 29, 32, 33, 35, 39, 41, 
  42, 48, 52, 56, 58, 59, 60, 63 ],
[ 1, 2, 4, 7, 9, 10, 13, 14, 15, 17, 19, 21, 23, 28, 29, 32, 33, 35, 38, 39, 
  42, 51, 52, 56, 58, 59, 60, 63 ],
[ 1, 2, 4, 7, 9, 10, 12, 13, 14, 17, 19, 21, 23, 28, 32, 33, 34, 35, 39, 42, 
  47, 48, 51, 55, 56, 58, 62, 63 ],
[ 1, 2, 4, 7, 9, 10, 12, 13, 14, 17, 18, 19, 21, 23, 32, 33, 35, 39, 41, 42, 
  44, 47, 48, 56, 58, 60, 62, 63 ],
[ 1, 2, 4, 7, 9, 10, 11, 13, 14, 17, 19, 21, 23, 25, 28, 29, 32, 33, 34, 35, 
  36, 39, 42, 49, 53, 55, 59, 61 ],
[ 1, 2, 4, 7, 9, 10, 11, 13, 14, 17, 19, 20, 21, 23, 29, 32, 33, 34, 35, 46, 
  48, 51, 55, 56, 57, 59, 62, 63 ],
[ 1, 2, 4, 7, 9, 10, 11, 13, 14, 17, 18, 21, 22, 23, 24, 26, 31, 36, 38, 40, 
  41, 47, 48, 51, 53, 56, 57, 60 ],
[ 1, 2, 4, 7, 9, 10, 11, 13, 14, 17, 18, 21, 22, 23, 24, 25, 26, 31, 36, 38, 
  40, 41, 44, 47, 51, 53, 56, 57 ],
[ 1, 2, 4, 7, 9, 10, 11, 13, 14, 17, 18, 19, 20, 21, 23, 25, 29, 30, 33, 35, 
  36, 41, 44, 48, 53, 57, 59, 64 ],
[ 1, 2, 4, 7, 9, 10, 11, 13, 14, 15, 17, 19, 20, 21, 23, 28, 29, 30, 33, 35, 
  36, 38, 44, 51, 53, 57, 59, 64 ],
[ 1, 2, 4, 7, 9, 10, 11, 12, 13, 14, 17, 19, 21, 23, 25, 28, 33, 34, 35, 42, 
  47, 51, 53, 55, 56, 57, 58, 62 ],
[ 1, 2, 4, 7, 9, 10, 11, 12, 13, 14, 17, 19, 21, 23, 25, 28, 33, 34, 35, 36, 
  42, 47, 51, 55, 57, 58, 62, 63 ],
[ 1, 2, 4, 7, 9, 10, 11, 12, 13, 14, 17, 19, 20, 21, 23, 25, 28, 33, 34, 35, 
  39, 47, 51, 53, 55, 56, 58, 62 ],
[ 1, 2, 4, 7, 9, 10, 11, 12, 13, 14, 17, 19, 20, 21, 23, 25, 28, 33, 34, 35, 
  36, 47, 49, 51, 53, 55, 57, 64 ],
[ 1, 2, 4, 7, 9, 10, 11, 12, 13, 14, 17, 19, 20, 21, 23, 25, 28, 33, 34, 35, 
  36, 39, 47, 51, 55, 58, 62, 63 ],
[ 1, 2, 4, 7, 9, 10, 11, 12, 13, 14, 17, 18, 19, 21, 23, 25, 33, 35, 41, 42, 
  44, 47, 53, 56, 57, 58, 60, 62 ],
[ 1, 2, 4, 7, 9, 10, 11, 12, 13, 14, 17, 18, 19, 21, 23, 25, 33, 35, 36, 41, 
  42, 44, 47, 57, 58, 60, 62, 63 ],
[ 1, 2, 4, 7, 9, 10, 11, 12, 13, 14, 17, 18, 19, 20, 21, 23, 25, 33, 35, 39, 
  41, 44, 47, 53, 56, 58, 60, 62 ],
[ 1, 2, 4, 7, 9, 10, 11, 12, 13, 14, 17, 18, 19, 20, 21, 23, 25, 33, 35, 36, 
  41, 44, 47, 49, 53, 57, 60, 64 ],
[ 1, 2, 4, 7, 9, 10, 11, 12, 13, 14, 17, 18, 19, 20, 21, 23, 25, 33, 35, 36, 
  39, 41, 44, 47, 58, 60, 62, 63 ],
[ 1, 2, 4, 7, 9, 10, 11, 12, 13, 14, 15, 17, 19, 21, 23, 28, 32, 33, 35, 38, 
  42, 44, 46, 47, 52, 53, 56, 57 ],
[ 1, 2, 4, 7, 9, 10, 11, 12, 13, 14, 15, 17, 19, 21, 23, 28, 32, 33, 35, 36, 
  38, 42, 44, 46, 47, 52, 57, 63 ],
[ 1, 2, 4, 7, 9, 10, 11, 12, 13, 14, 15, 17, 19, 21, 23, 28, 30, 32, 33, 35, 
  36, 38, 39, 42, 44, 47, 53, 61 ],
[ 1, 2, 4, 7, 9, 10, 11, 12, 13, 14, 15, 17, 19, 20, 21, 23, 32, 33, 35, 38, 
  46, 47, 51, 52, 56, 57, 60, 63 ],
[ 1, 2, 4, 7, 9, 10, 11, 12, 13, 14, 15, 17, 19, 20, 21, 23, 28, 32, 33, 35, 
  38, 39, 44, 46, 47, 52, 53, 56 ],
[ 1, 2, 4, 7, 9, 10, 11, 12, 13, 14, 15, 17, 19, 20, 21, 23, 28, 32, 33, 35, 
  36, 38, 39, 44, 46, 47, 52, 63 ],
[ 1, 2, 4, 7, 8, 9, 14, 17, 18, 19, 21, 23, 26, 29, 31, 33, 34, 36, 39, 41, 
  42, 43, 48, 49, 51, 53, 55, 61 ],
[ 1, 2, 4, 7, 8, 9, 14, 17, 18, 19, 21, 23, 26, 27, 29, 33, 34, 39, 41, 42, 
  47, 48, 51, 52, 55, 56, 58, 63 ],
[ 1, 2, 4, 7, 8, 9, 14, 17, 18, 19, 21, 23, 26, 27, 29, 32, 33, 34, 41, 42, 
  47, 49, 53, 55, 56, 57, 60, 61 ],
[ 1, 2, 4, 7, 8, 9, 14, 17, 18, 19, 21, 23, 26, 27, 29, 32, 33, 34, 36, 41, 
  42, 47, 49, 55, 57, 60, 61, 63 ],
[ 1, 2, 4, 7, 8, 9, 14, 17, 18, 19, 21, 23, 26, 27, 29, 30, 33, 34, 41, 42, 
  47, 48, 51, 53, 55, 56, 57, 64 ],
[ 1, 2, 4, 7, 8, 9, 14, 17, 18, 19, 21, 23, 26, 27, 29, 30, 33, 34, 36, 41, 
  42, 47, 48, 51, 55, 57, 63, 64 ],
[ 1, 2, 4, 7, 8, 9, 14, 17, 18, 19, 21, 23, 25, 26, 27, 28, 29, 33, 34, 41, 
  42, 47, 52, 53, 55, 56, 57, 58 ],
[ 1, 2, 4, 7, 8, 9, 14, 17, 18, 19, 21, 23, 25, 26, 27, 28, 29, 33, 34, 36, 
  41, 42, 47, 52, 55, 57, 58, 63 ],
[ 1, 2, 4, 7, 8, 9, 14, 17, 18, 19, 21, 23, 24, 26, 29, 32, 33, 34, 36, 39, 
  41, 42, 49, 50, 53, 55, 60, 61 ],
[ 1, 2, 4, 7, 8, 9, 14, 17, 18, 19, 21, 23, 24, 25, 26, 28, 29, 33, 34, 39, 
  41, 42, 50, 52, 55, 56, 58, 63 ],
[ 1, 2, 4, 7, 8, 9, 14, 17, 18, 19, 20, 21, 23, 26, 29, 30, 31, 32, 33, 34, 
  36, 41, 43, 53, 55, 57, 60, 64 ],
[ 1, 2, 4, 7, 8, 9, 14, 17, 18, 19, 20, 21, 23, 26, 27, 29, 32, 33, 34, 41, 
  46, 47, 55, 56, 57, 60, 62, 63 ],
[ 1, 2, 4, 7, 8, 9, 14, 17, 18, 19, 20, 21, 23, 26, 27, 29, 32, 33, 34, 39, 
  41, 47, 49, 53, 55, 56, 60, 61 ],
[ 1, 2, 4, 7, 8, 9, 14, 17, 18, 19, 20, 21, 23, 26, 27, 29, 32, 33, 34, 36, 
  39, 41, 47, 49, 55, 60, 61, 63 ],
[ 1, 2, 4, 7, 8, 9, 14, 17, 18, 19, 20, 21, 23, 26, 27, 29, 30, 33, 34, 39, 
  41, 47, 48, 51, 53, 55, 56, 64 ],
[ 1, 2, 4, 7, 8, 9, 14, 17, 18, 19, 20, 21, 23, 26, 27, 29, 30, 33, 34, 36, 
  39, 41, 47, 48, 51, 55, 63, 64 ],
[ 1, 2, 4, 7, 8, 9, 14, 17, 18, 19, 20, 21, 23, 25, 26, 28, 29, 31, 33, 34, 
  41, 43, 46, 55, 56, 57, 62, 63 ],
[ 1, 2, 4, 7, 8, 9, 14, 17, 18, 19, 20, 21, 23, 25, 26, 27, 28, 29, 33, 34, 
  39, 41, 47, 52, 53, 55, 56, 58 ],
[ 1, 2, 4, 7, 8, 9, 14, 17, 18, 19, 20, 21, 23, 25, 26, 27, 28, 29, 33, 34, 
  36, 39, 41, 47, 52, 55, 58, 63 ],
[ 1, 2, 4, 7, 8, 9, 14, 17, 18, 19, 20, 21, 23, 25, 26, 27, 28, 29, 30, 33, 
  34, 36, 41, 47, 53, 55, 57, 64 ],
[ 1, 2, 4, 7, 8, 9, 14, 17, 18, 19, 20, 21, 23, 24, 26, 29, 30, 33, 34, 36, 
  41, 48, 50, 51, 53, 55, 57, 64 ],
[ 1, 2, 4, 7, 8, 9, 12, 14, 17, 18, 19, 21, 23, 27, 33, 34, 39, 41, 42, 45, 
  46, 47, 48, 51, 55, 56, 62, 63 ],
[ 1, 2, 4, 7, 8, 9, 12, 14, 17, 18, 19, 21, 23, 24, 25, 28, 33, 34, 39, 41, 
  42, 45, 46, 50, 55, 56, 62, 63 ],
[ 1, 2, 4, 7, 8, 9, 12, 14, 17, 18, 19, 20, 21, 23, 27, 32, 33, 34, 41, 45, 
  47, 52, 55, 56, 57, 58, 60, 63 ],
[ 1, 2, 4, 7, 8, 9, 12, 14, 17, 18, 19, 20, 21, 23, 25, 28, 31, 33, 34, 41, 
  43, 45, 52, 55, 56, 57, 58, 63 ],
[ 1, 2, 4, 7, 8, 9, 12, 14, 17, 18, 19, 20, 21, 23, 25, 27, 28, 33, 34, 36, 
  41, 45, 47, 49, 53, 55, 57, 61 ],
[ 1, 2, 4, 7, 8, 9, 11, 14, 17, 18, 19, 21, 23, 26, 27, 29, 33, 34, 41, 42, 
  44, 46, 47, 53, 55, 56, 57, 62 ],
[ 1, 2, 4, 7, 8, 9, 11, 14, 17, 18, 19, 21, 23, 26, 27, 29, 33, 34, 36, 41, 
  42, 44, 46, 47, 55, 57, 62, 63 ],
[ 1, 2, 4, 7, 8, 9, 11, 14, 17, 18, 19, 21, 23, 26, 27, 29, 33, 34, 36, 39, 
  41, 42, 44, 47, 49, 53, 55, 61 ],
[ 1, 2, 4, 7, 8, 9, 11, 14, 17, 18, 19, 20, 21, 23, 26, 27, 29, 33, 34, 39, 
  41, 44, 46, 47, 53, 55, 56, 62 ],
[ 1, 2, 4, 7, 8, 9, 11, 14, 17, 18, 19, 20, 21, 23, 26, 27, 29, 33, 34, 36, 
  39, 41, 44, 46, 47, 55, 62, 63 ],
[ 1, 2, 4, 7, 8, 9, 11, 12, 14, 17, 18, 19, 21, 23, 27, 30, 33, 34, 36, 39, 
  41, 42, 44, 45, 47, 53, 55, 64 ],
[ 1, 2, 4, 6, 9, 13, 17, 19, 21, 22, 23, 24, 25, 26, 27, 32, 33, 38, 39, 40, 
  41, 47, 50, 51, 53, 56, 60, 63 ],
[ 1, 2, 4, 6, 9, 13, 14, 17, 19, 21, 22, 23, 25, 26, 27, 32, 33, 37, 38, 39, 
  40, 41, 50, 51, 56, 58, 60, 64 ],
[ 1, 2, 4, 6, 9, 11, 13, 17, 18, 19, 21, 23, 24, 25, 26, 27, 28, 33, 34, 36, 
  40, 41, 42, 47, 50, 53, 56, 60 ],
[ 1, 2, 4, 6, 9, 11, 13, 15, 17, 18, 19, 21, 22, 23, 24, 26, 27, 28, 33, 36, 
  40, 44, 47, 48, 50, 53, 57, 63 ],
[ 1, 2, 4, 6, 9, 11, 13, 14, 17, 18, 19, 21, 23, 25, 26, 27, 28, 33, 34, 37, 
  40, 41, 42, 46, 50, 53, 60, 61 ],
[ 1, 2, 4, 6, 9, 11, 13, 14, 15, 17, 18, 19, 21, 22, 23, 26, 27, 28, 33, 36, 
  37, 40, 44, 48, 50, 57, 58, 64 ],
[ 1, 2, 4, 6, 9, 10, 13, 17, 19, 21, 22, 23, 25, 26, 31, 32, 33, 38, 39, 40, 
  41, 43, 51, 53, 56, 59, 60, 63 ],
[ 1, 2, 4, 6, 9, 10, 11, 13, 17, 18, 19, 21, 23, 25, 26, 28, 31, 33, 34, 36, 
  40, 41, 42, 43, 53, 56, 59, 60 ],
[ 1, 2, 4, 6, 9, 10, 11, 13, 15, 17, 18, 19, 21, 22, 23, 26, 28, 31, 33, 36, 
  40, 43, 44, 48, 53, 57, 59, 63 ],
[ 1, 2, 4, 6, 7, 9, 13, 14, 17, 21, 22, 23, 26, 27, 28, 32, 36, 40, 41, 42, 
  43, 48, 50, 53, 55, 59, 60, 63 ],
[ 1, 2, 4, 6, 7, 9, 13, 14, 17, 21, 22, 23, 25, 26, 27, 28, 32, 36, 40, 41, 
  42, 43, 44, 50, 53, 55, 59, 63 ],
[ 1, 2, 4, 6, 7, 9, 13, 14, 17, 20, 21, 22, 23, 25, 26, 27, 32, 40, 41, 43, 
  50, 51, 53, 55, 56, 59, 60, 63 ],
[ 1, 2, 4, 6, 7, 9, 13, 14, 17, 20, 21, 22, 23, 25, 26, 27, 32, 33, 40, 41, 
  50, 51, 54, 55, 56, 58, 60, 64 ],
[ 1, 2, 4, 6, 7, 9, 13, 14, 17, 19, 21, 22, 23, 27, 29, 33, 35, 39, 42, 44, 
  47, 48, 51, 52, 56, 58, 60, 63 ],
[ 1, 2, 4, 6, 7, 9, 13, 14, 17, 19, 21, 22, 23, 25, 27, 28, 29, 33, 35, 42, 
  44, 47, 52, 53, 56, 57, 58, 60 ],
[ 1, 2, 4, 6, 7, 9, 13, 14, 17, 19, 21, 22, 23, 25, 27, 28, 29, 33, 35, 36, 
  42, 44, 47, 52, 57, 58, 60, 63 ],
[ 1, 2, 4, 6, 7, 9, 13, 14, 17, 19, 20, 21, 22, 23, 25, 27, 28, 29, 33, 35, 
  39, 44, 47, 52, 53, 56, 58, 60 ],
[ 1, 2, 4, 6, 7, 9, 13, 14, 17, 19, 20, 21, 22, 23, 25, 27, 28, 29, 33, 35, 
  36, 39, 44, 47, 52, 58, 60, 63 ],
[ 1, 2, 4, 6, 7, 9, 13, 14, 17, 19, 20, 21, 22, 23, 25, 27, 28, 29, 30, 33, 
  35, 36, 44, 47, 53, 57, 60, 64 ],
[ 1, 2, 4, 6, 7, 9, 13, 14, 17, 18, 20, 21, 22, 23, 26, 27, 28, 32, 34, 40, 
  43, 48, 50, 53, 56, 59, 60, 63 ],
[ 1, 2, 4, 6, 7, 9, 13, 14, 17, 18, 20, 21, 22, 23, 25, 26, 27, 28, 32, 34, 
  40, 43, 44, 50, 53, 56, 59, 63 ],
[ 1, 2, 4, 6, 7, 9, 12, 13, 14, 17, 19, 21, 22, 23, 25, 27, 33, 35, 39, 42, 
  48, 51, 56, 58, 59, 60, 62, 63 ],
[ 1, 2, 4, 6, 7, 9, 12, 13, 14, 17, 19, 20, 21, 22, 23, 25, 27, 28, 33, 35, 
  36, 44, 48, 49, 53, 57, 59, 64 ],
[ 1, 2, 4, 6, 7, 9, 11, 13, 14, 17, 21, 22, 23, 26, 27, 36, 40, 41, 42, 43, 
  48, 50, 51, 53, 55, 59, 60, 63 ],
[ 1, 2, 4, 6, 7, 9, 11, 13, 14, 17, 18, 21, 22, 23, 26, 27, 28, 34, 36, 40, 
  42, 43, 44, 48, 50, 53, 59, 63 ],
[ 1, 2, 4, 6, 7, 9, 11, 13, 14, 17, 18, 21, 22, 23, 26, 27, 28, 33, 34, 36, 
  40, 42, 44, 48, 50, 54, 58, 64 ],
[ 1, 2, 4, 6, 7, 9, 11, 13, 14, 17, 18, 20, 21, 22, 23, 26, 27, 34, 40, 43, 
  48, 50, 51, 53, 56, 59, 60, 63 ],
[ 1, 2, 4, 6, 7, 9, 11, 13, 14, 15, 17, 18, 21, 23, 25, 26, 27, 28, 33, 40, 
  41, 46, 50, 53, 54, 57, 60, 61 ],
[ 1, 2, 4, 6, 7, 9, 10, 13, 14, 17, 21, 22, 23, 24, 26, 28, 31, 32, 36, 40, 
  41, 42, 47, 48, 53, 55, 60, 63 ],
[ 1, 2, 4, 6, 7, 9, 10, 13, 14, 17, 21, 22, 23, 24, 25, 26, 28, 31, 32, 36, 
  40, 41, 42, 44, 47, 53, 55, 63 ],
[ 1, 2, 4, 6, 7, 9, 10, 13, 14, 17, 20, 21, 22, 23, 25, 26, 31, 32, 33, 40, 
  41, 46, 51, 54, 55, 56, 60, 61 ],
[ 1, 2, 4, 6, 7, 9, 10, 13, 14, 17, 20, 21, 22, 23, 24, 25, 26, 31, 32, 40, 
  41, 47, 51, 53, 55, 56, 60, 63 ],
[ 1, 2, 4, 6, 7, 9, 10, 13, 14, 17, 19, 21, 22, 23, 25, 28, 29, 33, 35, 36, 
  39, 42, 44, 49, 53, 59, 60, 61 ],
[ 1, 2, 4, 6, 7, 9, 10, 13, 14, 17, 19, 20, 21, 22, 23, 29, 33, 35, 44, 46, 
  48, 51, 56, 57, 59, 60, 62, 63 ],
[ 1, 2, 4, 6, 7, 9, 10, 13, 14, 17, 18, 20, 21, 22, 23, 24, 26, 28, 31, 32, 
  34, 40, 47, 48, 53, 56, 60, 63 ],
[ 1, 2, 4, 6, 7, 9, 10, 13, 14, 17, 18, 20, 21, 22, 23, 24, 25, 26, 28, 31, 
  32, 34, 40, 44, 47, 53, 56, 63 ],
[ 1, 2, 4, 6, 7, 9, 10, 12, 13, 14, 17, 19, 21, 22, 23, 25, 28, 33, 35, 42, 
  44, 46, 47, 48, 52, 53, 56, 57 ],
[ 1, 2, 4, 6, 7, 9, 10, 12, 13, 14, 17, 19, 21, 22, 23, 25, 28, 33, 35, 36, 
  42, 44, 46, 47, 48, 52, 57, 63 ],
[ 1, 2, 4, 6, 7, 9, 10, 12, 13, 14, 17, 19, 21, 22, 23, 25, 28, 30, 33, 35, 
  36, 39, 42, 44, 47, 48, 53, 61 ],
[ 1, 2, 4, 6, 7, 9, 10, 12, 13, 14, 17, 19, 20, 21, 22, 23, 25, 33, 35, 46, 
  47, 48, 51, 52, 56, 57, 60, 63 ],
[ 1, 2, 4, 6, 7, 9, 10, 12, 13, 14, 17, 19, 20, 21, 22, 23, 25, 28, 33, 35, 
  39, 44, 46, 47, 48, 52, 53, 56 ],
[ 1, 2, 4, 6, 7, 9, 10, 12, 13, 14, 17, 19, 20, 21, 22, 23, 25, 28, 33, 35, 
  36, 39, 44, 46, 47, 48, 52, 63 ],
[ 1, 2, 4, 6, 7, 9, 10, 11, 13, 14, 17, 21, 22, 23, 24, 26, 31, 36, 40, 41, 
  42, 47, 48, 51, 53, 55, 60, 63 ],
[ 1, 2, 4, 6, 7, 9, 10, 11, 13, 14, 17, 18, 21, 22, 23, 26, 28, 31, 33, 34, 
  36, 40, 42, 44, 46, 48, 54, 61 ],
[ 1, 2, 4, 6, 7, 9, 10, 11, 13, 14, 17, 18, 21, 22, 23, 24, 26, 28, 31, 34, 
  36, 40, 42, 44, 47, 48, 53, 63 ],
[ 1, 2, 4, 6, 7, 9, 10, 11, 13, 14, 17, 18, 20, 21, 22, 23, 24, 26, 31, 34, 
  40, 47, 48, 51, 53, 56, 60, 63 ],
[ 1, 2, 4, 6, 7, 9, 10, 11, 13, 14, 15, 17, 18, 21, 23, 25, 26, 28, 31, 33, 
  40, 41, 53, 54, 57, 58, 60, 64 ],
[ 1, 2, 4, 6, 7, 8, 9, 14, 17, 19, 21, 22, 23, 29, 32, 33, 34, 36, 39, 42, 
  43, 45, 48, 49, 50, 53, 55, 64 ],
[ 1, 2, 4, 6, 7, 8, 9, 14, 17, 19, 21, 22, 23, 28, 29, 33, 34, 39, 42, 43, 
  44, 45, 46, 50, 52, 55, 56, 63 ],
[ 1, 2, 4, 6, 7, 8, 9, 14, 17, 19, 21, 22, 23, 27, 29, 33, 34, 39, 42, 45, 
  46, 51, 52, 55, 56, 59, 60, 63 ],
[ 1, 2, 4, 6, 7, 8, 9, 14, 17, 19, 21, 22, 23, 27, 29, 32, 33, 34, 42, 45, 
  48, 49, 53, 55, 56, 57, 59, 64 ],
[ 1, 2, 4, 6, 7, 8, 9, 14, 17, 19, 21, 22, 23, 27, 29, 32, 33, 34, 36, 42, 
  45, 48, 49, 55, 57, 59, 63, 64 ],
[ 1, 2, 4, 6, 7, 8, 9, 14, 17, 19, 21, 22, 23, 27, 29, 30, 33, 34, 42, 45, 
  51, 53, 55, 56, 57, 59, 60, 61 ],
[ 1, 2, 4, 6, 7, 8, 9, 14, 17, 19, 21, 22, 23, 27, 29, 30, 33, 34, 36, 42, 
  45, 51, 55, 57, 59, 60, 61, 63 ],
[ 1, 2, 4, 6, 7, 8, 9, 14, 17, 19, 21, 22, 23, 27, 28, 29, 33, 34, 42, 44, 
  45, 46, 52, 53, 55, 56, 57, 59 ],
[ 1, 2, 4, 6, 7, 8, 9, 14, 17, 19, 21, 22, 23, 27, 28, 29, 33, 34, 36, 42, 
  44, 45, 46, 52, 55, 57, 59, 63 ],
[ 1, 2, 4, 6, 7, 8, 9, 14, 17, 19, 21, 22, 23, 24, 29, 31, 33, 34, 36, 39, 
  42, 45, 49, 51, 53, 55, 60, 64 ],
[ 1, 2, 4, 6, 7, 8, 9, 14, 17, 19, 20, 21, 22, 23, 29, 30, 33, 34, 36, 43, 
  45, 50, 51, 53, 55, 57, 60, 61 ],
[ 1, 2, 4, 6, 7, 8, 9, 14, 17, 19, 20, 21, 22, 23, 27, 29, 32, 33, 34, 45, 
  48, 55, 56, 57, 58, 59, 62, 63 ],
[ 1, 2, 4, 6, 7, 8, 9, 14, 17, 19, 20, 21, 22, 23, 27, 29, 32, 33, 34, 39, 
  45, 48, 49, 53, 55, 56, 59, 64 ],
[ 1, 2, 4, 6, 7, 8, 9, 14, 17, 19, 20, 21, 22, 23, 27, 29, 32, 33, 34, 36, 
  39, 45, 48, 49, 55, 59, 63, 64 ],
[ 1, 2, 4, 6, 7, 8, 9, 14, 17, 19, 20, 21, 22, 23, 27, 29, 30, 33, 34, 39, 
  45, 51, 53, 55, 56, 59, 60, 61 ],
[ 1, 2, 4, 6, 7, 8, 9, 14, 17, 19, 20, 21, 22, 23, 27, 29, 30, 33, 34, 36, 
  39, 45, 51, 55, 59, 60, 61, 63 ],
[ 1, 2, 4, 6, 7, 8, 9, 14, 17, 19, 20, 21, 22, 23, 27, 28, 29, 33, 34, 39, 
  44, 45, 46, 52, 53, 55, 56, 59 ],
[ 1, 2, 4, 6, 7, 8, 9, 14, 17, 19, 20, 21, 22, 23, 27, 28, 29, 33, 34, 36, 
  39, 44, 45, 46, 52, 55, 59, 63 ],
[ 1, 2, 4, 6, 7, 8, 9, 14, 17, 19, 20, 21, 22, 23, 27, 28, 29, 30, 33, 34, 
  36, 44, 45, 53, 55, 57, 59, 61 ],
[ 1, 2, 4, 6, 7, 8, 9, 14, 17, 19, 20, 21, 22, 23, 24, 29, 30, 31, 32, 33, 
  34, 36, 45, 48, 53, 55, 57, 61 ],
[ 1, 2, 4, 6, 7, 8, 9, 14, 17, 19, 20, 21, 22, 23, 24, 28, 29, 31, 33, 34, 
  44, 45, 55, 56, 57, 58, 62, 63 ],
[ 1, 2, 4, 6, 7, 8, 9, 12, 14, 17, 19, 21, 22, 23, 26, 28, 33, 34, 39, 42, 
  43, 44, 50, 55, 56, 58, 62, 63 ],
[ 1, 2, 4, 6, 7, 8, 9, 12, 14, 17, 19, 21, 22, 23, 26, 27, 33, 34, 39, 42, 
  51, 55, 56, 58, 59, 60, 62, 63 ],
[ 1, 2, 4, 6, 7, 8, 9, 12, 14, 17, 19, 20, 21, 22, 23, 26, 27, 32, 33, 34, 
  46, 48, 52, 55, 56, 57, 59, 63 ],
[ 1, 2, 4, 6, 7, 8, 9, 12, 14, 17, 19, 20, 21, 22, 23, 26, 27, 28, 33, 34, 
  36, 44, 49, 53, 55, 57, 59, 64 ],
[ 1, 2, 4, 6, 7, 8, 9, 12, 14, 17, 19, 20, 21, 22, 23, 24, 26, 28, 31, 33, 
  34, 44, 46, 52, 55, 56, 57, 63 ],
[ 1, 2, 4, 6, 7, 8, 9, 11, 14, 17, 19, 21, 22, 23, 25, 27, 29, 33, 34, 42, 
  45, 53, 55, 56, 57, 58, 59, 62 ],
[ 1, 2, 4, 6, 7, 8, 9, 11, 14, 17, 19, 21, 22, 23, 25, 27, 29, 33, 34, 36, 
  42, 45, 55, 57, 58, 59, 62, 63 ],
[ 1, 2, 4, 6, 7, 8, 9, 11, 14, 17, 19, 21, 22, 23, 25, 27, 29, 33, 34, 36, 
  39, 42, 45, 49, 53, 55, 59, 64 ],
[ 1, 2, 4, 6, 7, 8, 9, 11, 14, 17, 19, 20, 21, 22, 23, 25, 27, 29, 33, 34, 
  39, 45, 53, 55, 56, 58, 59, 62 ],
[ 1, 2, 4, 6, 7, 8, 9, 11, 14, 17, 19, 20, 21, 22, 23, 25, 27, 29, 33, 34, 
  36, 39, 45, 55, 58, 59, 62, 63 ],
[ 1, 2, 4, 6, 7, 8, 9, 11, 12, 14, 17, 19, 21, 22, 23, 25, 26, 27, 30, 33, 
  34, 36, 39, 42, 53, 55, 59, 61 ],
[ 1, 2, 4, 5, 9, 11, 13, 17, 18, 19, 21, 22, 23, 24, 26, 27, 28, 36, 37, 41, 
  44, 47, 48, 50, 53, 55, 57, 63 ],
[ 1, 2, 4, 5, 9, 11, 13, 14, 17, 18, 19, 22, 23, 25, 26, 27, 28, 37, 40, 41, 
  42, 46, 50, 53, 54, 55, 60, 61 ],
[ 1, 2, 4, 5, 9, 10, 11, 13, 17, 18, 19, 21, 22, 23, 26, 28, 31, 36, 37, 41, 
  43, 44, 48, 53, 55, 57, 59, 63 ],
[ 1, 2, 4, 5, 7, 9, 11, 13, 17, 18, 22, 23, 25, 26, 27, 28, 36, 37, 38, 40, 
  41, 43, 50, 53, 56, 57, 59, 60 ],
[ 1, 2, 4, 5, 7, 9, 11, 13, 14, 17, 18, 21, 22, 23, 26, 27, 28, 36, 37, 38, 
  41, 42, 44, 46, 48, 50, 54, 61 ],
[ 1, 2, 4, 5, 7, 9, 10, 11, 13, 17, 18, 22, 23, 24, 25, 26, 28, 31, 36, 37, 
  38, 40, 41, 47, 53, 56, 57, 60 ],
[ 1, 2, 4, 5, 7, 9, 10, 11, 13, 14, 17, 18, 21, 22, 23, 26, 28, 31, 36, 37, 
  38, 41, 42, 44, 48, 54, 58, 64 ],
[ 1, 2, 4, 5, 6, 9, 13, 17, 18, 19, 21, 23, 24, 25, 26, 27, 32, 34, 37, 39, 
  41, 47, 50, 51, 53, 56, 60, 63 ],
[ 1, 2, 4, 5, 6, 9, 13, 14, 17, 18, 19, 20, 23, 26, 27, 32, 34, 37, 40, 41, 
  44, 46, 48, 50, 51, 54, 61, 63 ],
[ 1, 2, 4, 5, 6, 9, 10, 13, 17, 18, 19, 21, 23, 25, 26, 31, 32, 34, 37, 39, 
  41, 43, 51, 53, 56, 59, 60, 63 ],
[ 1, 2, 3, 4, 9, 12, 13, 15, 17, 18, 21, 22, 25, 27, 28, 29, 33, 36, 37, 42, 
  43, 48, 50, 51, 53, 55, 57, 59 ],
[ 1, 2, 3, 4, 9, 12, 13, 15, 17, 18, 21, 22, 24, 27, 28, 29, 33, 36, 37, 42, 
  44, 47, 50, 51, 53, 55, 57, 60 ],
[ 1, 2, 3, 4, 9, 12, 13, 15, 17, 18, 21, 22, 23, 27, 28, 29, 33, 36, 37, 42, 
  45, 46, 50, 51, 53, 55, 57, 61 ],
[ 1, 2, 3, 4, 9, 12, 13, 15, 17, 18, 20, 21, 22, 25, 27, 28, 29, 33, 37, 39, 
  43, 48, 50, 51, 55, 56, 59, 63 ],
[ 1, 2, 3, 4, 9, 12, 13, 15, 17, 18, 20, 21, 22, 24, 27, 28, 29, 33, 37, 39, 
  44, 47, 50, 51, 55, 56, 60, 63 ],
[ 1, 2, 3, 4, 9, 12, 13, 15, 17, 18, 20, 21, 22, 23, 27, 29, 30, 33, 37, 39, 
  44, 45, 50, 52, 55, 56, 60, 63 ],
[ 1, 2, 3, 4, 9, 12, 13, 15, 17, 18, 20, 21, 22, 23, 27, 28, 29, 33, 37, 39, 
  45, 46, 50, 51, 55, 56, 61, 63 ],
[ 1, 2, 3, 4, 9, 12, 13, 15, 17, 18, 20, 21, 22, 23, 25, 27, 29, 33, 37, 39, 
  45, 48, 49, 50, 55, 56, 62, 63 ],
[ 1, 2, 3, 4, 9, 12, 13, 14, 18, 21, 22, 25, 27, 28, 29, 33, 34, 36, 38, 39, 
  40, 42, 43, 48, 50, 51, 59, 63 ],
[ 1, 2, 3, 4, 9, 12, 13, 14, 18, 21, 22, 24, 27, 28, 29, 33, 34, 36, 38, 39, 
  40, 42, 44, 47, 50, 51, 60, 63 ],
[ 1, 2, 3, 4, 9, 12, 13, 14, 18, 21, 22, 23, 27, 29, 30, 33, 34, 36, 38, 39, 
  40, 42, 44, 45, 50, 52, 60, 63 ],
[ 1, 2, 3, 4, 9, 12, 13, 14, 18, 21, 22, 23, 27, 28, 29, 33, 34, 36, 38, 39, 
  40, 42, 45, 46, 50, 51, 61, 63 ],
[ 1, 2, 3, 4, 9, 12, 13, 14, 18, 21, 22, 23, 25, 27, 29, 33, 34, 36, 38, 39, 
  40, 42, 45, 48, 49, 50, 62, 63 ],
[ 1, 2, 3, 4, 9, 12, 13, 14, 18, 20, 21, 22, 25, 27, 28, 29, 33, 34, 38, 40, 
  43, 48, 50, 51, 53, 56, 57, 59 ],
[ 1, 2, 3, 4, 9, 12, 13, 14, 18, 20, 21, 22, 24, 27, 28, 29, 33, 34, 38, 40, 
  44, 47, 50, 51, 53, 56, 57, 60 ],
[ 1, 2, 3, 4, 9, 12, 13, 14, 18, 20, 21, 22, 23, 27, 29, 30, 33, 34, 38, 40, 
  44, 45, 50, 52, 53, 56, 57, 60 ],
[ 1, 2, 3, 4, 9, 12, 13, 14, 18, 20, 21, 22, 23, 27, 28, 29, 33, 34, 38, 40, 
  45, 46, 50, 51, 53, 56, 57, 61 ],
[ 1, 2, 3, 4, 9, 12, 13, 14, 18, 20, 21, 22, 23, 25, 27, 29, 33, 34, 38, 40, 
  45, 48, 49, 50, 53, 56, 57, 62 ],
[ 1, 2, 3, 4, 9, 12, 13, 14, 17, 18, 21, 22, 23, 27, 28, 29, 34, 36, 38, 42, 
  45, 46, 50, 51, 53, 54, 57, 61 ],
[ 1, 2, 3, 4, 9, 12, 13, 14, 17, 18, 20, 21, 22, 23, 27, 29, 30, 34, 38, 39, 
  44, 45, 50, 52, 54, 56, 60, 63 ],
[ 1, 2, 3, 4, 9, 12, 13, 14, 17, 18, 20, 21, 22, 23, 27, 28, 29, 34, 38, 39, 
  45, 46, 50, 51, 54, 56, 61, 63 ],
[ 1, 2, 3, 4, 9, 12, 13, 14, 17, 18, 20, 21, 22, 23, 25, 27, 29, 34, 38, 39, 
  45, 48, 49, 50, 54, 56, 62, 63 ],
[ 1, 2, 3, 4, 9, 12, 13, 14, 15, 18, 21, 22, 23, 27, 28, 29, 33, 39, 40, 42, 
  45, 46, 50, 51, 53, 55, 56, 61 ],
[ 1, 2, 3, 4, 9, 12, 13, 14, 15, 18, 21, 22, 23, 25, 27, 29, 33, 39, 40, 42, 
  45, 48, 49, 50, 53, 55, 56, 62 ],
[ 1, 2, 3, 4, 9, 12, 13, 14, 15, 18, 20, 21, 22, 23, 27, 28, 29, 33, 36, 40, 
  45, 46, 50, 51, 55, 57, 61, 63 ],
[ 1, 2, 3, 4, 9, 12, 13, 14, 15, 18, 20, 21, 22, 23, 25, 27, 29, 33, 36, 40, 
  45, 48, 49, 50, 55, 57, 62, 63 ],
[ 1, 2, 3, 4, 9, 11, 12, 13, 15, 17, 18, 21, 22, 27, 29, 32, 33, 36, 37, 42, 
  43, 44, 50, 53, 55, 57, 59, 60 ],
[ 1, 2, 3, 4, 9, 11, 12, 13, 15, 17, 18, 21, 22, 24, 25, 27, 29, 32, 33, 36, 
  37, 42, 47, 48, 50, 53, 55, 57 ],
[ 1, 2, 3, 4, 9, 11, 12, 13, 15, 17, 18, 21, 22, 23, 27, 29, 32, 33, 36, 37, 
  42, 45, 50, 53, 55, 57, 58, 64 ],
[ 1, 2, 3, 4, 9, 11, 12, 13, 15, 17, 18, 20, 21, 22, 27, 29, 32, 33, 37, 39, 
  43, 44, 50, 55, 56, 59, 60, 63 ],
[ 1, 2, 3, 4, 9, 11, 12, 13, 15, 17, 18, 20, 21, 22, 24, 25, 27, 29, 32, 33, 
  37, 39, 47, 48, 50, 55, 56, 63 ],
[ 1, 2, 3, 4, 9, 11, 12, 13, 15, 17, 18, 20, 21, 22, 23, 27, 29, 32, 33, 37, 
  39, 45, 50, 55, 56, 58, 63, 64 ],
[ 1, 2, 3, 4, 9, 11, 12, 13, 14, 18, 21, 22, 27, 29, 32, 33, 34, 36, 38, 39, 
  40, 42, 43, 44, 50, 59, 60, 63 ],
[ 1, 2, 3, 4, 9, 11, 12, 13, 14, 18, 21, 22, 24, 25, 27, 29, 32, 33, 34, 36, 
  38, 39, 40, 42, 47, 48, 50, 63 ],
[ 1, 2, 3, 4, 9, 11, 12, 13, 14, 18, 21, 22, 23, 27, 29, 32, 33, 34, 36, 38, 
  39, 40, 42, 45, 50, 58, 63, 64 ],
[ 1, 2, 3, 4, 9, 11, 12, 13, 14, 18, 20, 21, 22, 27, 29, 32, 33, 34, 38, 40, 
  43, 44, 50, 53, 56, 57, 59, 60 ],
[ 1, 2, 3, 4, 9, 11, 12, 13, 14, 18, 20, 21, 22, 24, 25, 27, 29, 32, 33, 34, 
  38, 40, 47, 48, 50, 53, 56, 57 ],
[ 1, 2, 3, 4, 9, 11, 12, 13, 14, 18, 20, 21, 22, 23, 27, 29, 32, 33, 34, 38, 
  40, 45, 50, 53, 56, 57, 58, 64 ],
[ 1, 2, 3, 4, 9, 11, 12, 13, 14, 17, 18, 21, 22, 23, 27, 29, 32, 34, 36, 38, 
  42, 45, 50, 53, 54, 57, 58, 64 ],
[ 1, 2, 3, 4, 9, 11, 12, 13, 14, 17, 18, 20, 21, 22, 23, 27, 29, 32, 34, 38, 
  39, 45, 50, 54, 56, 58, 63, 64 ],
[ 1, 2, 3, 4, 9, 11, 12, 13, 14, 15, 18, 21, 22, 23, 27, 29, 32, 33, 39, 40, 
  42, 45, 50, 53, 55, 56, 58, 64 ],
[ 1, 2, 3, 4, 9, 11, 12, 13, 14, 15, 18, 20, 21, 22, 23, 27, 29, 32, 33, 36, 
  40, 45, 50, 55, 57, 58, 63, 64 ],
[ 1, 2, 3, 4, 7, 9, 13, 17, 21, 23, 26, 27, 28, 32, 33, 35, 36, 38, 40, 41, 
  42, 48, 49, 50, 53, 56, 60, 62 ],
[ 1, 2, 3, 4, 7, 9, 13, 17, 21, 23, 25, 26, 27, 28, 32, 33, 35, 36, 38, 40, 
  41, 42, 44, 49, 50, 53, 56, 62 ],
[ 1, 2, 3, 4, 7, 9, 13, 17, 21, 22, 23, 26, 27, 28, 30, 32, 33, 35, 36, 40, 
  48, 50, 52, 53, 55, 57, 60, 63 ],
[ 1, 2, 3, 4, 7, 9, 13, 17, 21, 22, 23, 25, 26, 27, 28, 30, 32, 33, 35, 36, 
  40, 44, 50, 52, 53, 55, 57, 63 ],
[ 1, 2, 3, 4, 7, 9, 13, 15, 17, 18, 20, 21, 23, 26, 27, 28, 32, 33, 35, 36, 
  40, 48, 49, 50, 56, 60, 62, 63 ],
[ 1, 2, 3, 4, 7, 9, 13, 15, 17, 18, 20, 21, 23, 25, 26, 27, 28, 32, 33, 35, 
  36, 40, 44, 49, 50, 56, 62, 63 ],
[ 1, 2, 3, 4, 7, 9, 13, 14, 16, 17, 21, 23, 26, 27, 28, 32, 36, 40, 41, 42, 
  48, 49, 50, 53, 55, 60, 62, 63 ],
[ 1, 2, 3, 4, 7, 9, 13, 14, 16, 17, 21, 23, 25, 26, 27, 28, 32, 36, 40, 41, 
  42, 44, 49, 50, 53, 55, 62, 63 ],
[ 1, 2, 3, 4, 7, 9, 13, 14, 16, 17, 21, 22, 23, 26, 27, 28, 30, 32, 36, 38, 
  40, 48, 50, 52, 53, 56, 57, 60 ],
[ 1, 2, 3, 4, 7, 9, 13, 14, 16, 17, 21, 22, 23, 25, 26, 27, 28, 30, 32, 36, 
  38, 40, 44, 50, 52, 53, 56, 57 ],
[ 1, 2, 3, 4, 7, 9, 13, 14, 16, 17, 18, 20, 21, 23, 26, 27, 28, 32, 34, 40, 
  48, 49, 50, 53, 56, 60, 62, 63 ],
[ 1, 2, 3, 4, 7, 9, 13, 14, 16, 17, 18, 20, 21, 23, 25, 26, 27, 28, 32, 34, 
  40, 44, 49, 50, 53, 56, 62, 63 ],
[ 1, 2, 3, 4, 7, 9, 11, 13, 17, 21, 22, 23, 26, 27, 30, 33, 35, 36, 40, 48, 
  50, 51, 52, 53, 55, 57, 60, 63 ],
[ 1, 2, 3, 4, 7, 9, 11, 13, 17, 21, 22, 23, 25, 26, 27, 30, 33, 35, 36, 40, 
  44, 50, 51, 52, 53, 55, 57, 63 ],
[ 1, 2, 3, 4, 7, 9, 11, 13, 14, 16, 17, 21, 22, 23, 26, 27, 30, 36, 38, 40, 
  48, 50, 51, 52, 53, 56, 57, 60 ],
[ 1, 2, 3, 4, 7, 9, 11, 13, 14, 16, 17, 21, 22, 23, 25, 26, 27, 30, 36, 38, 
  40, 44, 50, 51, 52, 53, 56, 57 ],
[ 1, 2, 3, 4, 6, 9, 12, 13, 17, 21, 25, 27, 28, 29, 33, 34, 36, 37, 38, 41, 
  42, 43, 48, 50, 51, 53, 57, 59 ],
[ 1, 2, 3, 4, 6, 9, 12, 13, 17, 21, 24, 27, 28, 29, 33, 34, 36, 37, 38, 41, 
  42, 44, 47, 50, 51, 53, 57, 60 ],
[ 1, 2, 3, 4, 6, 9, 12, 13, 17, 21, 23, 27, 28, 29, 33, 34, 36, 37, 38, 41, 
  42, 45, 46, 50, 51, 53, 57, 61 ],
[ 1, 2, 3, 4, 6, 9, 12, 13, 17, 20, 21, 23, 27, 29, 30, 33, 34, 37, 38, 39, 
  41, 44, 45, 50, 52, 56, 60, 63 ],
[ 1, 2, 3, 4, 6, 9, 12, 13, 17, 20, 21, 23, 25, 27, 29, 33, 34, 37, 38, 39, 
  41, 45, 48, 49, 50, 56, 62, 63 ],
[ 1, 2, 3, 4, 6, 9, 12, 13, 17, 18, 21, 23, 27, 29, 30, 33, 36, 37, 38, 39, 
  42, 44, 45, 50, 52, 55, 60, 63 ],
[ 1, 2, 3, 4, 6, 9, 12, 13, 17, 18, 21, 23, 25, 27, 29, 33, 36, 37, 38, 39, 
  42, 45, 48, 49, 50, 55, 62, 63 ],
[ 1, 2, 3, 4, 6, 9, 12, 13, 17, 18, 20, 21, 23, 27, 29, 30, 33, 37, 38, 44, 
  45, 50, 52, 53, 55, 56, 57, 60 ],
[ 1, 2, 3, 4, 6, 9, 12, 13, 17, 18, 20, 21, 23, 25, 27, 29, 33, 37, 38, 45, 
  48, 49, 50, 53, 55, 56, 57, 62 ],
[ 1, 2, 3, 4, 6, 9, 12, 13, 14, 17, 18, 21, 23, 25, 27, 29, 38, 39, 42, 45, 
  48, 49, 50, 53, 54, 55, 56, 62 ],
[ 1, 2, 3, 4, 6, 9, 12, 13, 14, 17, 18, 20, 21, 23, 25, 27, 29, 36, 38, 45, 
  48, 49, 50, 54, 55, 57, 62, 63 ],
[ 1, 2, 3, 4, 6, 9, 12, 13, 14, 15, 17, 21, 23, 27, 28, 29, 36, 41, 42, 45, 
  46, 50, 51, 53, 54, 55, 57, 61 ],
[ 1, 2, 3, 4, 6, 9, 12, 13, 14, 15, 17, 20, 21, 23, 25, 27, 29, 39, 41, 45, 
  48, 49, 50, 54, 55, 56, 62, 63 ],
[ 1, 2, 3, 4, 6, 9, 11, 12, 13, 17, 21, 27, 29, 32, 33, 34, 36, 37, 38, 41, 
  42, 43, 44, 50, 53, 57, 59, 60 ],
[ 1, 2, 3, 4, 6, 9, 11, 12, 13, 17, 21, 24, 25, 27, 29, 32, 33, 34, 36, 37, 
  38, 41, 42, 47, 48, 50, 53, 57 ],
[ 1, 2, 3, 4, 6, 9, 11, 12, 13, 17, 21, 23, 27, 29, 32, 33, 34, 36, 37, 38, 
  41, 42, 45, 50, 53, 57, 58, 64 ],
[ 1, 2, 3, 4, 6, 9, 11, 12, 13, 14, 15, 17, 21, 23, 27, 29, 32, 36, 41, 42, 
  45, 50, 53, 54, 55, 57, 58, 64 ],
[ 1, 2, 3, 4, 5, 9, 12, 13, 17, 18, 20, 22, 25, 27, 28, 29, 34, 37, 38, 43, 
  48, 50, 51, 53, 54, 56, 57, 59 ],
[ 1, 2, 3, 4, 5, 9, 12, 13, 17, 18, 20, 22, 24, 27, 28, 29, 34, 37, 38, 44, 
  47, 50, 51, 53, 54, 56, 57, 60 ],
[ 1, 2, 3, 4, 5, 9, 12, 13, 17, 18, 20, 22, 23, 27, 29, 30, 34, 37, 38, 44, 
  45, 50, 52, 53, 54, 56, 57, 60 ],
[ 1, 2, 3, 4, 5, 9, 12, 13, 17, 18, 20, 22, 23, 27, 28, 29, 34, 37, 38, 45, 
  46, 50, 51, 53, 54, 56, 57, 61 ],
[ 1, 2, 3, 4, 5, 9, 12, 13, 17, 18, 20, 22, 23, 25, 27, 29, 34, 37, 38, 45, 
  48, 49, 50, 53, 54, 56, 57, 62 ],
[ 1, 2, 3, 4, 5, 9, 12, 13, 15, 17, 18, 20, 22, 23, 27, 28, 29, 36, 37, 45, 
  46, 50, 51, 54, 55, 57, 61, 63 ],
[ 1, 2, 3, 4, 5, 9, 12, 13, 15, 17, 18, 20, 22, 23, 25, 27, 29, 36, 37, 45, 
  48, 49, 50, 54, 55, 57, 62, 63 ],
[ 1, 2, 3, 4, 5, 9, 11, 12, 13, 17, 18, 20, 22, 27, 29, 32, 34, 37, 38, 43, 
  44, 50, 53, 54, 56, 57, 59, 60 ],
[ 1, 2, 3, 4, 5, 9, 11, 12, 13, 17, 18, 20, 22, 24, 25, 27, 29, 32, 34, 37, 
  38, 47, 48, 50, 53, 54, 56, 57 ],
[ 1, 2, 3, 4, 5, 9, 11, 12, 13, 17, 18, 20, 22, 23, 27, 29, 32, 34, 37, 38, 
  45, 50, 53, 54, 56, 57, 58, 64 ],
[ 1, 2, 3, 4, 5, 9, 11, 12, 13, 15, 17, 18, 20, 22, 23, 27, 29, 32, 36, 37, 
  45, 50, 54, 55, 57, 58, 63, 64 ]
];

