## Group: [64, 262]
## Difference Sets: 148
## Time: 23:27:59.273

return [
[ 1, 4, 5, 6, 8, 11, 15, 16, 18, 20, 25, 26, 27, 28, 30, 32, 33, 34, 35, 36, 
  37, 40, 48, 50, 51, 52, 57, 63 ],
[ 1, 4, 5, 6, 8, 11, 15, 16, 18, 20, 25, 26, 27, 28, 30, 31, 32, 33, 34, 35, 
  36, 40, 48, 51, 54, 56, 57, 62 ],
[ 1, 4, 5, 6, 8, 11, 15, 16, 18, 20, 25, 26, 27, 28, 29, 30, 31, 32, 33, 34, 
  36, 40, 48, 50, 55, 56, 57, 63 ],
[ 1, 4, 5, 6, 8, 11, 13, 14, 15, 16, 18, 20, 25, 26, 27, 28, 30, 32, 33, 40, 
  48, 50, 51, 52, 55, 56, 57, 63 ],
[ 1, 4, 5, 6, 7, 8, 11, 15, 16, 18, 20, 22, 25, 27, 28, 30, 32, 33, 34, 35, 
  36, 37, 50, 51, 52, 59, 63, 64 ],
[ 1, 4, 5, 6, 7, 8, 11, 15, 16, 18, 20, 22, 25, 27, 28, 30, 31, 32, 33, 34, 
  35, 36, 51, 54, 56, 59, 62, 64 ],
[ 1, 4, 5, 6, 7, 8, 11, 15, 16, 18, 20, 22, 25, 27, 28, 29, 30, 31, 32, 33, 
  34, 36, 50, 55, 56, 59, 63, 64 ],
[ 1, 4, 5, 6, 7, 8, 11, 14, 15, 18, 20, 22, 25, 28, 29, 30, 31, 32, 33, 34, 
  35, 38, 49, 54, 56, 59, 62, 64 ],
[ 1, 4, 5, 6, 7, 8, 11, 14, 15, 18, 20, 22, 25, 27, 28, 29, 30, 31, 32, 34, 
  35, 38, 50, 53, 56, 59, 63, 64 ],
[ 1, 4, 5, 6, 7, 8, 11, 14, 15, 16, 18, 20, 22, 25, 28, 29, 30, 31, 32, 33, 
  34, 37, 49, 55, 59, 62, 63, 64 ],
[ 1, 4, 5, 6, 7, 8, 11, 14, 15, 16, 18, 20, 22, 25, 27, 28, 30, 32, 34, 35, 
  50, 51, 52, 53, 54, 56, 59, 64 ],
[ 1, 2, 6, 7, 11, 14, 15, 17, 18, 20, 22, 23, 25, 26, 28, 29, 30, 31, 33, 36, 
  38, 39, 41, 42, 43, 44, 54, 64 ],
[ 1, 2, 6, 7, 11, 14, 15, 17, 18, 20, 21, 22, 23, 25, 26, 28, 29, 30, 36, 38, 
  39, 41, 43, 44, 52, 53, 54, 59 ],
[ 1, 2, 6, 7, 11, 14, 15, 17, 18, 20, 21, 22, 23, 25, 26, 28, 29, 30, 33, 36, 
  38, 39, 41, 43, 44, 52, 59, 63 ],
[ 1, 2, 6, 7, 11, 14, 15, 17, 18, 19, 20, 22, 23, 25, 26, 28, 30, 31, 36, 38, 
  39, 42, 43, 44, 51, 53, 54, 59 ],
[ 1, 2, 6, 7, 11, 14, 15, 17, 18, 19, 20, 22, 23, 25, 26, 28, 30, 31, 33, 36, 
  38, 39, 42, 43, 44, 51, 59, 63 ],
[ 1, 2, 6, 7, 11, 14, 15, 17, 18, 19, 20, 21, 22, 23, 25, 26, 28, 30, 33, 36, 
  38, 39, 43, 44, 51, 52, 54, 64 ],
[ 1, 2, 6, 7, 11, 14, 15, 16, 17, 18, 20, 21, 22, 23, 25, 26, 28, 30, 31, 36, 
  39, 41, 43, 44, 51, 53, 59, 63 ],
[ 1, 2, 6, 7, 11, 13, 14, 15, 18, 20, 21, 22, 25, 26, 28, 29, 30, 34, 36, 38, 
  41, 43, 50, 52, 53, 54, 59, 62 ],
[ 1, 2, 6, 7, 11, 13, 14, 15, 18, 20, 21, 22, 25, 26, 28, 29, 30, 33, 34, 36, 
  38, 41, 43, 50, 52, 59, 62, 63 ],
[ 1, 2, 6, 7, 10, 11, 14, 15, 17, 18, 19, 20, 22, 23, 25, 28, 29, 31, 36, 38, 
  39, 42, 43, 44, 48, 53, 54, 64 ],
[ 1, 2, 6, 7, 10, 11, 14, 15, 17, 18, 19, 20, 21, 22, 23, 25, 28, 29, 36, 38, 
  39, 43, 44, 48, 52, 53, 59, 63 ],
[ 1, 2, 6, 7, 10, 11, 14, 15, 16, 17, 18, 20, 22, 23, 25, 28, 29, 36, 39, 41, 
  42, 43, 44, 48, 52, 53, 54, 59 ],
[ 1, 2, 6, 7, 10, 11, 14, 15, 16, 17, 18, 19, 20, 22, 23, 25, 28, 33, 36, 39, 
  42, 43, 44, 48, 51, 52, 54, 64 ],
[ 1, 2, 6, 7, 10, 11, 13, 14, 15, 18, 20, 22, 25, 26, 28, 29, 33, 34, 36, 38, 
  41, 42, 50, 52, 54, 58, 59, 62 ],
[ 1, 2, 6, 7, 10, 11, 13, 14, 15, 18, 19, 20, 21, 22, 25, 28, 29, 34, 36, 38, 
  43, 48, 50, 52, 53, 59, 62, 63 ],
[ 1, 2, 6, 7, 10, 11, 13, 14, 15, 16, 18, 20, 22, 25, 28, 29, 34, 36, 41, 42, 
  43, 48, 50, 52, 53, 54, 59, 62 ],
[ 1, 2, 6, 7, 9, 10, 11, 14, 15, 18, 20, 22, 25, 26, 28, 30, 33, 34, 35, 38, 
  41, 42, 50, 54, 56, 58, 59, 62 ],
[ 1, 2, 6, 7, 9, 10, 11, 14, 15, 18, 19, 20, 21, 22, 25, 28, 30, 34, 35, 38, 
  43, 48, 50, 53, 56, 59, 62, 63 ],
[ 1, 2, 6, 7, 9, 10, 11, 14, 15, 17, 18, 20, 21, 22, 23, 25, 26, 31, 36, 38, 
  39, 41, 44, 51, 53, 54, 58, 64 ],
[ 1, 2, 6, 7, 9, 10, 11, 14, 15, 16, 18, 20, 22, 25, 28, 30, 34, 35, 41, 42, 
  43, 48, 50, 53, 54, 56, 59, 62 ],
[ 1, 2, 6, 7, 8, 11, 14, 15, 18, 19, 20, 21, 22, 25, 27, 28, 30, 33, 34, 35, 
  38, 49, 51, 52, 54, 56, 59, 64 ],
[ 1, 2, 6, 7, 8, 11, 14, 15, 16, 18, 19, 20, 21, 22, 25, 27, 28, 30, 33, 34, 
  37, 49, 51, 52, 55, 59, 63, 64 ],
[ 1, 2, 4, 6, 8, 11, 12, 15, 18, 20, 22, 25, 27, 30, 33, 34, 35, 36, 37, 38, 
  39, 41, 47, 50, 51, 54, 61, 62 ],
[ 1, 2, 4, 6, 8, 11, 12, 15, 16, 17, 18, 19, 20, 22, 25, 29, 30, 33, 34, 36, 
  47, 49, 50, 55, 56, 61, 62, 63 ],
[ 1, 2, 4, 6, 7, 11, 14, 15, 18, 20, 22, 23, 25, 26, 28, 30, 31, 36, 38, 39, 
  40, 42, 43, 44, 51, 53, 54, 59 ],
[ 1, 2, 4, 6, 7, 11, 14, 15, 18, 20, 22, 23, 25, 26, 28, 30, 31, 33, 36, 38, 
  39, 40, 42, 43, 44, 51, 59, 63 ],
[ 1, 2, 4, 6, 7, 11, 14, 15, 16, 18, 20, 22, 23, 25, 28, 30, 31, 33, 36, 39, 
  40, 42, 44, 48, 51, 54, 58, 59 ],
[ 1, 2, 4, 6, 7, 10, 11, 15, 18, 20, 22, 25, 26, 28, 30, 33, 36, 37, 38, 40, 
  42, 43, 44, 45, 51, 57, 59, 63 ],
[ 1, 2, 4, 6, 7, 10, 11, 15, 18, 20, 21, 22, 25, 28, 29, 30, 36, 37, 38, 40, 
  43, 44, 45, 48, 53, 57, 59, 63 ],
[ 1, 2, 4, 6, 7, 10, 11, 15, 18, 20, 21, 22, 25, 28, 29, 30, 33, 36, 37, 38, 
  40, 44, 45, 48, 54, 57, 58, 64 ],
[ 1, 2, 4, 6, 7, 10, 11, 15, 16, 18, 20, 22, 25, 28, 30, 33, 36, 37, 40, 42, 
  43, 44, 45, 48, 51, 54, 57, 64 ],
[ 1, 2, 4, 6, 7, 8, 11, 14, 15, 18, 20, 21, 22, 25, 28, 30, 33, 34, 35, 36, 
  38, 49, 50, 51, 52, 54, 58, 59 ],
[ 1, 2, 4, 6, 7, 8, 11, 14, 15, 18, 20, 21, 22, 25, 27, 28, 30, 33, 34, 35, 
  36, 38, 51, 52, 54, 58, 59, 62 ],
[ 1, 2, 4, 6, 7, 8, 11, 14, 15, 18, 20, 21, 22, 25, 27, 28, 29, 30, 34, 36, 
  38, 50, 52, 53, 54, 55, 58, 59 ],
[ 1, 2, 4, 6, 7, 8, 11, 14, 15, 18, 20, 21, 22, 25, 27, 28, 29, 30, 33, 34, 
  36, 38, 50, 52, 55, 58, 59, 63 ],
[ 1, 2, 4, 6, 7, 8, 11, 13, 15, 18, 20, 22, 25, 28, 30, 31, 33, 34, 36, 37, 
  38, 42, 43, 49, 50, 51, 59, 63 ],
[ 1, 2, 4, 6, 7, 8, 11, 13, 15, 18, 20, 22, 25, 27, 28, 30, 31, 34, 36, 37, 
  38, 42, 43, 51, 53, 54, 59, 62 ],
[ 1, 2, 4, 6, 7, 8, 11, 13, 15, 18, 20, 21, 22, 25, 28, 30, 33, 34, 36, 37, 
  38, 49, 50, 51, 52, 54, 58, 59 ],
[ 1, 2, 4, 6, 7, 8, 11, 13, 15, 18, 20, 21, 22, 25, 27, 28, 30, 33, 34, 36, 
  37, 38, 43, 51, 52, 54, 62, 64 ],
[ 1, 2, 4, 6, 7, 8, 11, 13, 15, 18, 20, 21, 22, 25, 27, 28, 30, 31, 34, 36, 
  38, 50, 51, 53, 54, 56, 58, 59 ],
[ 1, 2, 4, 6, 7, 8, 11, 13, 15, 18, 20, 21, 22, 25, 27, 28, 30, 31, 34, 36, 
  38, 43, 50, 51, 53, 54, 56, 64 ],
[ 1, 2, 4, 6, 7, 8, 11, 13, 15, 18, 20, 21, 22, 25, 27, 28, 30, 31, 33, 34, 
  36, 38, 50, 51, 56, 58, 59, 63 ],
[ 1, 2, 4, 6, 7, 8, 11, 13, 15, 18, 20, 21, 22, 25, 27, 28, 30, 31, 33, 34, 
  36, 38, 43, 50, 51, 56, 63, 64 ],
[ 1, 2, 4, 6, 7, 8, 11, 13, 15, 16, 18, 20, 22, 25, 27, 28, 29, 30, 34, 36, 
  37, 42, 43, 52, 53, 59, 62, 63 ],
[ 1, 2, 4, 6, 7, 8, 11, 13, 15, 16, 18, 20, 22, 25, 27, 28, 29, 30, 33, 34, 
  36, 37, 42, 52, 54, 58, 62, 64 ],
[ 1, 2, 4, 5, 6, 11, 12, 15, 18, 20, 22, 23, 24, 25, 30, 32, 33, 34, 35, 36, 
  38, 40, 41, 43, 47, 49, 57, 64 ],
[ 1, 2, 4, 5, 6, 11, 12, 15, 18, 19, 20, 22, 24, 25, 27, 30, 32, 34, 35, 36, 
  38, 40, 43, 44, 47, 53, 57, 64 ],
[ 1, 2, 4, 5, 6, 7, 11, 15, 18, 20, 22, 23, 25, 30, 32, 34, 36, 37, 38, 39, 
  41, 43, 45, 47, 50, 54, 62, 64 ],
[ 1, 2, 4, 5, 6, 7, 11, 15, 17, 18, 19, 20, 22, 23, 25, 30, 32, 34, 36, 37, 
  38, 47, 50, 54, 58, 60, 62, 64 ],
[ 1, 2, 4, 5, 6, 7, 11, 15, 16, 18, 20, 22, 23, 25, 30, 32, 34, 36, 39, 41, 
  43, 47, 50, 54, 56, 59, 60, 62 ],
[ 1, 2, 4, 5, 6, 7, 11, 15, 16, 17, 18, 19, 20, 22, 25, 30, 32, 34, 36, 43, 
  44, 47, 50, 54, 56, 60, 62, 64 ],
[ 1, 2, 4, 5, 6, 7, 11, 15, 16, 17, 18, 19, 20, 22, 25, 30, 32, 34, 36, 37, 
  43, 44, 50, 59, 60, 61, 62, 63 ],
[ 1, 2, 4, 5, 6, 7, 11, 15, 16, 17, 18, 19, 20, 22, 23, 25, 30, 32, 34, 36, 
  37, 45, 50, 58, 61, 62, 63, 64 ],
[ 1, 2, 4, 5, 6, 7, 11, 14, 15, 18, 20, 22, 23, 25, 26, 28, 30, 33, 34, 38, 
  41, 42, 43, 46, 50, 59, 62, 63 ],
[ 1, 2, 4, 5, 6, 7, 11, 14, 15, 18, 19, 20, 21, 22, 24, 25, 26, 28, 30, 34, 
  38, 44, 50, 53, 54, 58, 62, 64 ],
[ 1, 2, 4, 5, 6, 7, 11, 14, 15, 17, 18, 19, 20, 22, 25, 30, 32, 34, 37, 38, 
  44, 45, 50, 58, 59, 61, 62, 63 ],
[ 1, 2, 4, 5, 6, 7, 11, 14, 15, 17, 18, 19, 20, 22, 23, 25, 30, 32, 34, 37, 
  38, 43, 50, 60, 61, 62, 63, 64 ],
[ 1, 2, 3, 6, 7, 11, 15, 18, 20, 21, 22, 25, 27, 28, 30, 32, 34, 35, 36, 41, 
  43, 45, 47, 49, 50, 54, 56, 63 ],
[ 1, 2, 3, 6, 7, 11, 15, 18, 20, 21, 22, 25, 27, 28, 30, 32, 33, 34, 35, 37, 
  41, 45, 46, 49, 50, 54, 56, 64 ],
[ 1, 2, 3, 6, 7, 11, 15, 18, 19, 20, 22, 24, 25, 27, 28, 30, 32, 34, 37, 42, 
  45, 49, 50, 53, 54, 55, 56, 59 ],
[ 1, 2, 3, 6, 7, 11, 15, 18, 19, 20, 22, 24, 25, 27, 28, 30, 32, 33, 34, 37, 
  42, 45, 49, 50, 55, 56, 59, 63 ],
[ 1, 2, 3, 6, 7, 11, 15, 16, 18, 19, 20, 22, 23, 24, 27, 28, 30, 32, 34, 39, 
  40, 42, 45, 46, 56, 59, 63, 64 ],
[ 1, 2, 3, 6, 7, 11, 15, 16, 17, 18, 20, 21, 22, 24, 28, 30, 32, 34, 37, 40, 
  41, 44, 45, 46, 49, 59, 63, 64 ],
[ 1, 2, 3, 6, 7, 11, 14, 15, 18, 19, 20, 22, 25, 27, 28, 30, 32, 34, 42, 43, 
  45, 47, 49, 50, 54, 55, 56, 63 ],
[ 1, 2, 3, 6, 7, 11, 14, 15, 18, 19, 20, 22, 25, 27, 28, 30, 32, 34, 35, 37, 
  42, 43, 49, 50, 54, 60, 61, 63 ],
[ 1, 2, 3, 6, 7, 11, 13, 15, 18, 20, 21, 22, 25, 27, 28, 30, 32, 33, 37, 41, 
  45, 46, 49, 50, 54, 55, 56, 64 ],
[ 1, 2, 3, 6, 7, 11, 13, 14, 15, 18, 20, 21, 22, 25, 27, 28, 30, 32, 35, 41, 
  43, 49, 50, 54, 56, 60, 61, 63 ],
[ 1, 2, 3, 6, 7, 10, 11, 15, 18, 20, 22, 25, 28, 29, 30, 37, 39, 40, 41, 42, 
  43, 44, 45, 48, 53, 54, 56, 59 ],
[ 1, 2, 3, 6, 7, 10, 11, 15, 18, 20, 22, 25, 28, 29, 30, 33, 37, 39, 40, 41, 
  42, 43, 44, 45, 48, 56, 59, 63 ],
[ 1, 2, 3, 6, 7, 10, 11, 15, 18, 19, 20, 22, 28, 30, 32, 33, 36, 37, 38, 40, 
  43, 45, 46, 49, 54, 55, 60, 62 ],
[ 1, 2, 3, 6, 7, 10, 11, 15, 18, 19, 20, 22, 27, 28, 30, 32, 36, 37, 38, 40, 
  43, 45, 46, 50, 53, 55, 60, 63 ],
[ 1, 2, 3, 6, 7, 10, 11, 15, 18, 19, 20, 22, 24, 27, 28, 30, 32, 36, 38, 40, 
  45, 50, 53, 54, 55, 56, 58, 60 ],
[ 1, 2, 3, 6, 7, 10, 11, 15, 18, 19, 20, 22, 24, 27, 28, 30, 32, 34, 36, 38, 
  40, 44, 45, 50, 54, 56, 63, 64 ],
[ 1, 2, 3, 6, 7, 10, 11, 15, 18, 19, 20, 22, 23, 28, 30, 32, 33, 36, 37, 38, 
  40, 44, 49, 54, 55, 59, 61, 62 ],
[ 1, 2, 3, 6, 7, 10, 11, 15, 18, 19, 20, 22, 23, 27, 28, 30, 32, 34, 37, 38, 
  40, 46, 50, 53, 56, 59, 60, 63 ],
[ 1, 2, 3, 6, 7, 10, 11, 15, 16, 18, 20, 21, 22, 24, 27, 28, 32, 34, 39, 41, 
  44, 45, 46, 54, 56, 57, 59, 64 ],
[ 1, 2, 3, 6, 7, 10, 11, 15, 16, 18, 19, 20, 22, 28, 30, 32, 33, 35, 36, 40, 
  43, 45, 46, 49, 56, 60, 62, 63 ],
[ 1, 2, 3, 6, 7, 10, 11, 15, 16, 18, 19, 20, 22, 24, 28, 30, 32, 33, 34, 37, 
  44, 49, 50, 54, 56, 57, 60, 64 ],
[ 1, 2, 3, 6, 7, 10, 11, 15, 16, 18, 19, 20, 22, 24, 28, 30, 32, 33, 34, 37, 
  40, 44, 49, 56, 59, 60, 62, 63 ],
[ 1, 2, 3, 6, 7, 10, 11, 15, 16, 18, 19, 20, 22, 23, 28, 30, 32, 34, 36, 45, 
  46, 49, 50, 54, 56, 57, 59, 63 ],
[ 1, 2, 3, 6, 7, 10, 11, 15, 16, 18, 19, 20, 22, 23, 28, 30, 32, 33, 35, 36, 
  40, 44, 49, 56, 59, 61, 62, 63 ],
[ 1, 2, 3, 6, 7, 10, 11, 15, 16, 18, 19, 20, 22, 23, 28, 30, 32, 33, 34, 36, 
  39, 43, 45, 46, 50, 56, 62, 63 ],
[ 1, 2, 3, 6, 7, 10, 11, 15, 16, 18, 19, 20, 21, 22, 23, 24, 28, 32, 34, 39, 
  45, 46, 49, 56, 57, 59, 63, 64 ],
[ 1, 2, 3, 6, 7, 10, 11, 14, 15, 16, 18, 19, 20, 22, 28, 30, 32, 34, 37, 44, 
  46, 49, 50, 54, 57, 59, 60, 63 ],
[ 1, 2, 3, 6, 7, 10, 11, 14, 15, 16, 18, 19, 20, 22, 28, 30, 32, 33, 34, 37, 
  39, 43, 44, 46, 50, 60, 62, 63 ],
[ 1, 2, 3, 5, 6, 9, 11, 15, 18, 20, 22, 23, 25, 28, 29, 30, 32, 33, 34, 37, 
  38, 42, 47, 50, 53, 54, 57, 58 ],
[ 1, 2, 3, 5, 6, 9, 11, 15, 18, 20, 21, 22, 23, 25, 28, 29, 30, 32, 34, 36, 
  38, 40, 47, 50, 53, 54, 58, 63 ],
[ 1, 2, 3, 5, 6, 9, 11, 15, 18, 20, 21, 22, 23, 25, 28, 29, 30, 32, 33, 34, 
  38, 40, 47, 50, 53, 56, 58, 63 ],
[ 1, 2, 3, 5, 6, 9, 11, 15, 16, 18, 20, 22, 25, 28, 29, 30, 32, 33, 34, 42, 
  43, 44, 47, 50, 53, 54, 56, 57 ],
[ 1, 2, 3, 5, 6, 9, 11, 15, 16, 18, 20, 22, 25, 28, 29, 30, 32, 33, 34, 36, 
  42, 43, 44, 47, 50, 54, 57, 63 ],
[ 1, 2, 3, 5, 6, 9, 11, 15, 16, 18, 20, 22, 24, 25, 28, 29, 30, 32, 33, 34, 
  36, 42, 44, 50, 54, 57, 59, 63 ],
[ 1, 2, 3, 5, 6, 9, 11, 15, 16, 18, 20, 21, 22, 23, 25, 28, 30, 32, 33, 34, 
  40, 46, 51, 53, 54, 56, 59, 62 ],
[ 1, 2, 3, 5, 6, 9, 11, 15, 16, 18, 20, 21, 22, 23, 25, 28, 30, 32, 33, 34, 
  40, 43, 51, 53, 54, 56, 61, 62 ],
[ 1, 2, 3, 5, 6, 9, 11, 15, 16, 18, 20, 21, 22, 23, 25, 28, 30, 32, 33, 34, 
  36, 40, 43, 51, 54, 61, 62, 63 ],
[ 1, 2, 3, 5, 6, 9, 11, 15, 16, 18, 20, 21, 22, 23, 24, 25, 28, 30, 32, 33, 
  34, 37, 40, 51, 53, 62, 63, 64 ],
[ 1, 2, 3, 5, 6, 9, 11, 14, 15, 18, 20, 22, 23, 25, 28, 29, 30, 32, 33, 34, 
  38, 42, 47, 50, 54, 57, 58, 63 ],
[ 1, 2, 3, 5, 6, 9, 11, 13, 15, 18, 20, 22, 25, 28, 29, 30, 32, 33, 37, 38, 
  42, 43, 44, 47, 50, 53, 57, 63 ],
[ 1, 2, 3, 5, 6, 9, 11, 13, 15, 18, 20, 22, 24, 25, 28, 29, 30, 32, 33, 37, 
  38, 42, 44, 50, 53, 57, 59, 63 ],
[ 1, 2, 3, 5, 6, 9, 11, 13, 15, 18, 20, 21, 22, 23, 25, 28, 30, 32, 33, 36, 
  38, 40, 47, 51, 54, 58, 62, 63 ],
[ 1, 2, 3, 5, 6, 7, 11, 15, 18, 20, 22, 23, 25, 28, 29, 30, 33, 36, 37, 39, 
  40, 41, 44, 48, 52, 54, 58, 59 ],
[ 1, 2, 3, 5, 6, 7, 11, 15, 18, 20, 22, 23, 25, 28, 29, 30, 33, 36, 37, 39, 
  40, 41, 43, 44, 48, 52, 54, 64 ],
[ 1, 2, 3, 5, 6, 7, 11, 15, 17, 18, 19, 20, 22, 23, 25, 28, 30, 31, 36, 40, 
  44, 48, 51, 53, 54, 56, 58, 59 ],
[ 1, 2, 3, 5, 6, 7, 11, 15, 17, 18, 19, 20, 22, 23, 25, 28, 30, 31, 36, 40, 
  43, 44, 48, 51, 53, 54, 56, 64 ],
[ 1, 2, 3, 4, 6, 11, 15, 18, 19, 20, 21, 22, 24, 25, 28, 30, 32, 33, 35, 38, 
  39, 40, 47, 52, 53, 59, 60, 64 ],
[ 1, 2, 3, 4, 6, 11, 15, 16, 18, 19, 20, 22, 24, 25, 28, 30, 31, 32, 33, 34, 
  39, 40, 42, 44, 46, 54, 59, 64 ],
[ 1, 2, 3, 4, 6, 11, 15, 16, 17, 18, 20, 21, 22, 23, 24, 25, 28, 30, 32, 34, 
  40, 41, 46, 52, 53, 54, 59, 64 ],
[ 1, 2, 3, 4, 6, 11, 12, 15, 18, 20, 22, 24, 25, 28, 30, 31, 33, 35, 38, 39, 
  40, 41, 42, 43, 46, 53, 59, 60 ],
[ 1, 2, 3, 4, 6, 11, 12, 15, 18, 20, 22, 23, 24, 25, 28, 30, 31, 33, 34, 38, 
  39, 40, 41, 42, 46, 54, 59, 64 ],
[ 1, 2, 3, 4, 6, 11, 12, 15, 18, 20, 21, 22, 24, 25, 28, 30, 31, 33, 35, 38, 
  39, 41, 47, 53, 57, 59, 60, 64 ],
[ 1, 2, 3, 4, 6, 11, 12, 15, 17, 18, 20, 21, 22, 24, 25, 28, 30, 33, 38, 41, 
  43, 45, 46, 52, 53, 55, 57, 59 ],
[ 1, 2, 3, 4, 6, 11, 12, 15, 17, 18, 19, 20, 21, 22, 24, 25, 28, 30, 34, 38, 
  40, 44, 46, 52, 53, 54, 59, 64 ],
[ 1, 2, 3, 4, 6, 11, 12, 15, 16, 18, 20, 22, 24, 25, 28, 30, 31, 33, 39, 40, 
  41, 42, 47, 53, 55, 59, 60, 64 ],
[ 1, 2, 3, 4, 6, 11, 12, 15, 16, 18, 20, 21, 22, 24, 25, 28, 30, 31, 33, 39, 
  41, 43, 46, 53, 55, 57, 59, 60 ],
[ 1, 2, 3, 4, 6, 7, 11, 15, 18, 20, 22, 25, 28, 30, 31, 33, 36, 37, 39, 40, 
  42, 43, 44, 45, 48, 51, 54, 58 ],
[ 1, 2, 3, 4, 6, 7, 11, 15, 18, 20, 22, 24, 28, 30, 32, 34, 37, 38, 39, 40, 
  42, 43, 44, 45, 46, 50, 53, 59 ],
[ 1, 2, 3, 4, 6, 7, 11, 15, 18, 20, 22, 23, 28, 30, 32, 34, 37, 38, 39, 40, 
  42, 43, 44, 46, 47, 50, 53, 59 ],
[ 1, 2, 3, 4, 6, 7, 11, 15, 18, 20, 22, 23, 25, 26, 28, 29, 30, 36, 37, 39, 
  40, 42, 43, 44, 52, 53, 59, 63 ],
[ 1, 2, 3, 4, 6, 7, 11, 15, 18, 20, 22, 23, 25, 26, 28, 29, 30, 33, 36, 37, 
  39, 40, 42, 44, 52, 54, 58, 64 ],
[ 1, 2, 3, 4, 6, 7, 11, 15, 18, 20, 22, 23, 24, 28, 30, 32, 34, 37, 38, 39, 
  40, 42, 43, 46, 50, 53, 59, 60 ],
[ 1, 2, 3, 4, 6, 7, 11, 15, 18, 20, 22, 23, 24, 28, 30, 32, 34, 37, 38, 39, 
  40, 42, 43, 44, 50, 53, 59, 61 ],
[ 1, 2, 3, 4, 6, 7, 11, 15, 18, 20, 22, 23, 24, 28, 30, 32, 33, 34, 38, 39, 
  40, 42, 44, 47, 50, 56, 58, 59 ],
[ 1, 2, 3, 4, 6, 7, 11, 15, 18, 20, 22, 23, 24, 28, 30, 32, 33, 34, 38, 39, 
  40, 42, 43, 47, 50, 56, 58, 60 ],
[ 1, 2, 3, 4, 6, 7, 11, 15, 18, 20, 21, 22, 24, 28, 30, 32, 34, 37, 38, 39, 
  43, 44, 45, 47, 50, 53, 57, 58 ],
[ 1, 2, 3, 4, 6, 7, 11, 15, 18, 20, 21, 22, 24, 28, 30, 32, 34, 36, 38, 39, 
  43, 44, 45, 46, 50, 54, 57, 59 ],
[ 1, 2, 3, 4, 6, 7, 11, 15, 18, 20, 21, 22, 23, 28, 30, 32, 35, 36, 38, 39, 
  45, 47, 50, 53, 57, 58, 59, 61 ],
[ 1, 2, 3, 4, 6, 7, 11, 15, 18, 20, 21, 22, 23, 28, 30, 32, 35, 36, 38, 39, 
  43, 45, 46, 47, 50, 53, 57, 58 ],
[ 1, 2, 3, 4, 6, 7, 11, 15, 18, 20, 21, 22, 23, 24, 28, 30, 32, 35, 36, 38, 
  39, 45, 46, 50, 53, 57, 58, 59 ],
[ 1, 2, 3, 4, 6, 7, 11, 15, 18, 20, 21, 22, 23, 24, 28, 30, 32, 34, 37, 38, 
  39, 44, 47, 50, 53, 57, 58, 59 ],
[ 1, 2, 3, 4, 6, 7, 11, 15, 18, 20, 21, 22, 23, 24, 28, 30, 32, 34, 37, 38, 
  39, 43, 44, 47, 50, 53, 57, 64 ],
[ 1, 2, 3, 4, 6, 7, 11, 15, 17, 18, 20, 22, 23, 25, 28, 30, 31, 33, 36, 37, 
  42, 43, 44, 48, 51, 54, 57, 64 ],
[ 1, 2, 3, 4, 6, 7, 11, 15, 17, 18, 20, 22, 23, 25, 26, 28, 29, 30, 36, 37, 
  42, 43, 44, 52, 53, 57, 59, 63 ],
[ 1, 2, 3, 4, 6, 7, 11, 15, 17, 18, 20, 21, 22, 28, 30, 32, 35, 36, 38, 40, 
  43, 44, 46, 47, 50, 53, 58, 60 ],
[ 1, 2, 3, 4, 6, 7, 11, 15, 17, 18, 20, 21, 22, 24, 28, 30, 32, 35, 36, 38, 
  40, 43, 44, 50, 53, 58, 60, 61 ],
[ 1, 2, 3, 4, 6, 7, 11, 15, 16, 18, 20, 22, 28, 30, 32, 33, 35, 36, 39, 40, 
  42, 44, 45, 47, 50, 58, 61, 64 ],
[ 1, 2, 3, 4, 6, 7, 11, 15, 16, 18, 20, 22, 23, 24, 28, 30, 32, 36, 39, 40, 
  42, 43, 45, 46, 50, 53, 55, 64 ],
[ 1, 2, 3, 4, 6, 7, 11, 15, 16, 18, 20, 21, 22, 24, 28, 30, 32, 33, 34, 37, 
  39, 44, 46, 50, 57, 58, 59, 60 ],
[ 1, 2, 3, 4, 6, 7, 11, 15, 16, 17, 18, 20, 22, 23, 28, 30, 32, 34, 42, 43, 
  45, 46, 47, 50, 53, 56, 57, 58 ]
];

