## Group: [64, 264]
## Difference Sets: 121
## Time:  0:22:01.748

return [
[ 1, 3, 6, 7, 8, 11, 15, 17, 18, 20, 21, 22, 23, 25, 30, 31, 32, 34, 35, 36, 
  39, 41, 43, 50, 56, 59, 60, 62 ],
[ 1, 3, 6, 7, 8, 11, 15, 17, 18, 19, 20, 22, 25, 30, 31, 32, 34, 36, 37, 39, 
  42, 43, 44, 45, 50, 55, 59, 62 ],
[ 1, 3, 6, 7, 8, 11, 14, 15, 17, 18, 19, 20, 22, 25, 30, 31, 32, 34, 39, 42, 
  43, 44, 45, 50, 55, 56, 59, 62 ],
[ 1, 3, 6, 7, 8, 11, 12, 15, 17, 18, 20, 21, 22, 23, 25, 30, 34, 35, 36, 39, 
  41, 45, 50, 52, 56, 58, 59, 62 ],
[ 1, 3, 6, 7, 8, 11, 12, 14, 15, 17, 18, 20, 22, 25, 30, 31, 34, 37, 39, 41, 
  42, 43, 44, 45, 50, 55, 62, 64 ],
[ 1, 3, 5, 6, 7, 8, 11, 15, 18, 20, 22, 25, 27, 31, 32, 34, 35, 36, 39, 40, 
  41, 43, 44, 45, 52, 56, 59, 62 ],
[ 1, 3, 5, 6, 7, 8, 11, 15, 18, 20, 22, 23, 25, 31, 32, 34, 35, 36, 39, 40, 
  41, 43, 49, 50, 52, 56, 59, 60 ],
[ 1, 3, 5, 6, 7, 8, 11, 15, 18, 19, 20, 22, 23, 25, 28, 29, 31, 32, 36, 39, 
  43, 45, 52, 53, 54, 56, 57, 64 ],
[ 1, 3, 5, 6, 7, 8, 11, 15, 18, 19, 20, 22, 23, 25, 28, 29, 31, 32, 33, 36, 
  39, 45, 52, 56, 57, 58, 59, 63 ],
[ 1, 3, 5, 6, 7, 8, 11, 12, 15, 18, 20, 22, 25, 27, 31, 34, 35, 36, 37, 39, 
  41, 43, 44, 52, 57, 59, 60, 62 ],
[ 1, 3, 5, 6, 7, 8, 11, 12, 15, 18, 20, 22, 23, 25, 31, 34, 36, 37, 39, 40, 
  41, 43, 49, 52, 55, 59, 60, 62 ],
[ 1, 3, 5, 6, 7, 8, 11, 12, 15, 18, 20, 22, 23, 25, 28, 31, 36, 37, 39, 40, 
  41, 43, 51, 52, 53, 59, 60, 63 ],
[ 1, 3, 5, 6, 7, 8, 11, 12, 15, 18, 20, 22, 23, 25, 28, 31, 33, 36, 37, 39, 
  40, 41, 51, 52, 54, 58, 60, 64 ],
[ 1, 3, 5, 6, 7, 8, 11, 12, 15, 18, 20, 22, 23, 25, 27, 31, 34, 36, 37, 39, 
  40, 41, 50, 52, 55, 58, 60, 64 ],
[ 1, 3, 5, 6, 7, 8, 11, 12, 15, 18, 20, 22, 23, 25, 27, 31, 34, 35, 36, 37, 
  39, 41, 45, 52, 57, 58, 62, 64 ],
[ 1, 3, 4, 6, 7, 11, 14, 15, 18, 20, 21, 22, 23, 25, 30, 31, 32, 34, 35, 36, 
  40, 43, 48, 49, 57, 59, 60, 62 ],
[ 1, 3, 4, 6, 7, 11, 12, 14, 15, 18, 20, 22, 25, 27, 30, 31, 34, 36, 40, 42, 
  43, 44, 45, 48, 50, 55, 57, 64 ],
[ 1, 3, 4, 6, 7, 10, 11, 15, 18, 20, 22, 25, 26, 28, 29, 30, 32, 33, 36, 37, 
  39, 40, 42, 44, 54, 59, 60, 64 ],
[ 1, 3, 4, 6, 7, 10, 11, 15, 18, 20, 22, 23, 25, 26, 28, 29, 30, 32, 36, 37, 
  39, 40, 42, 45, 53, 59, 63, 64 ],
[ 1, 3, 4, 6, 7, 10, 11, 15, 18, 20, 21, 22, 25, 28, 29, 30, 32, 33, 36, 37, 
  39, 44, 45, 48, 54, 57, 59, 64 ],
[ 1, 3, 4, 6, 7, 10, 11, 15, 18, 20, 21, 22, 23, 25, 26, 28, 29, 30, 32, 33, 
  36, 39, 45, 56, 57, 59, 63, 64 ],
[ 1, 3, 4, 6, 7, 10, 11, 15, 17, 18, 20, 22, 25, 26, 28, 30, 32, 33, 36, 37, 
  40, 42, 44, 45, 51, 59, 63, 64 ],
[ 1, 3, 4, 6, 7, 10, 11, 14, 15, 18, 20, 22, 25, 27, 30, 32, 34, 35, 37, 39, 
  40, 42, 44, 45, 48, 59, 62, 64 ],
[ 1, 3, 4, 6, 7, 10, 11, 14, 15, 18, 20, 22, 23, 25, 30, 32, 34, 35, 37, 39, 
  40, 42, 48, 49, 50, 59, 60, 64 ],
[ 1, 3, 4, 6, 7, 10, 11, 14, 15, 18, 20, 21, 22, 25, 26, 28, 29, 30, 32, 33, 
  37, 39, 44, 57, 59, 60, 63, 64 ],
[ 1, 3, 4, 6, 7, 10, 11, 12, 15, 18, 20, 22, 23, 25, 28, 30, 33, 36, 37, 39, 
  40, 42, 48, 51, 54, 59, 60, 64 ],
[ 1, 3, 4, 6, 7, 10, 11, 12, 15, 18, 20, 22, 23, 25, 27, 30, 34, 36, 37, 39, 
  40, 42, 48, 50, 55, 59, 60, 64 ],
[ 1, 3, 4, 6, 7, 10, 11, 12, 14, 15, 18, 20, 22, 25, 28, 30, 33, 39, 40, 42, 
  44, 45, 48, 51, 54, 56, 59, 64 ],
[ 1, 3, 4, 6, 7, 10, 11, 12, 14, 15, 18, 20, 22, 25, 27, 30, 34, 39, 40, 42, 
  44, 45, 48, 50, 55, 56, 59, 64 ],
[ 1, 2, 6, 7, 11, 13, 14, 15, 18, 20, 21, 22, 25, 26, 28, 29, 30, 33, 34, 36, 
  38, 41, 43, 50, 52, 59, 62, 63 ],
[ 1, 2, 6, 7, 11, 13, 14, 15, 18, 19, 20, 21, 22, 25, 26, 28, 30, 33, 34, 36, 
  38, 43, 50, 51, 52, 54, 62, 64 ],
[ 1, 2, 6, 7, 10, 11, 13, 14, 15, 18, 20, 21, 22, 25, 26, 28, 29, 31, 33, 34, 
  36, 38, 41, 50, 58, 62, 63, 64 ],
[ 1, 2, 6, 7, 10, 11, 13, 14, 15, 18, 19, 20, 22, 25, 28, 29, 31, 34, 36, 38, 
  42, 43, 48, 50, 53, 54, 62, 64 ],
[ 1, 2, 6, 7, 10, 11, 13, 14, 15, 18, 19, 20, 22, 25, 28, 29, 31, 33, 34, 36, 
  38, 42, 48, 50, 58, 59, 62, 63 ],
[ 1, 2, 6, 7, 10, 11, 13, 14, 15, 18, 19, 20, 21, 22, 25, 26, 28, 31, 34, 36, 
  38, 43, 50, 51, 53, 62, 63, 64 ],
[ 1, 2, 6, 7, 10, 11, 13, 14, 15, 16, 18, 20, 22, 25, 28, 29, 34, 36, 41, 42, 
  43, 48, 50, 52, 53, 54, 59, 62 ],
[ 1, 2, 6, 7, 8, 11, 15, 17, 18, 20, 21, 22, 25, 28, 29, 30, 33, 36, 37, 38, 
  39, 41, 43, 44, 45, 52, 53, 59 ],
[ 1, 2, 6, 7, 8, 11, 15, 17, 18, 19, 20, 22, 25, 28, 30, 31, 33, 36, 37, 38, 
  39, 42, 43, 44, 45, 51, 53, 59 ],
[ 1, 2, 6, 7, 8, 11, 15, 17, 18, 19, 20, 22, 23, 25, 28, 30, 31, 33, 36, 37, 
  38, 39, 42, 43, 51, 53, 59, 60 ],
[ 1, 2, 6, 7, 8, 10, 11, 15, 17, 18, 20, 21, 22, 25, 28, 29, 31, 33, 36, 37, 
  38, 39, 41, 44, 45, 53, 58, 64 ],
[ 1, 2, 5, 6, 7, 11, 13, 15, 18, 19, 20, 22, 25, 27, 30, 31, 34, 36, 37, 38, 
  39, 43, 44, 45, 48, 50, 57, 58 ],
[ 1, 2, 5, 6, 7, 11, 13, 15, 18, 19, 20, 22, 24, 28, 30, 31, 34, 36, 37, 38, 
  39, 43, 44, 45, 47, 51, 57, 58 ],
[ 1, 2, 5, 6, 7, 11, 13, 15, 18, 19, 20, 22, 23, 25, 27, 30, 31, 34, 36, 37, 
  38, 39, 43, 48, 50, 57, 58, 60 ],
[ 1, 2, 5, 6, 7, 11, 13, 15, 18, 19, 20, 22, 23, 24, 28, 29, 30, 34, 36, 37, 
  38, 39, 43, 45, 52, 57, 58, 61 ],
[ 1, 2, 5, 6, 7, 11, 13, 15, 16, 18, 20, 22, 23, 28, 29, 30, 34, 36, 39, 40, 
  41, 43, 45, 46, 47, 52, 56, 58 ],
[ 1, 2, 4, 6, 7, 8, 11, 13, 15, 18, 20, 21, 22, 25, 28, 30, 33, 34, 36, 37, 
  38, 49, 50, 51, 52, 54, 58, 59 ],
[ 1, 2, 4, 6, 7, 8, 11, 13, 15, 18, 20, 21, 22, 25, 27, 28, 30, 33, 34, 36, 
  37, 38, 43, 51, 52, 54, 62, 64 ],
[ 1, 2, 3, 6, 11, 12, 13, 15, 18, 20, 22, 25, 27, 28, 30, 31, 34, 35, 36, 38, 
  39, 40, 43, 44, 47, 52, 54, 57 ],
[ 1, 2, 3, 6, 11, 12, 13, 15, 18, 20, 22, 24, 25, 27, 28, 30, 31, 33, 34, 35, 
  38, 39, 40, 44, 52, 56, 57, 59 ],
[ 1, 2, 3, 6, 11, 12, 13, 15, 16, 18, 20, 22, 23, 25, 27, 28, 30, 31, 34, 35, 
  36, 39, 40, 43, 52, 57, 61, 63 ],
[ 1, 2, 3, 6, 10, 11, 13, 15, 16, 18, 20, 22, 23, 24, 25, 27, 28, 31, 32, 34, 
  37, 39, 40, 52, 53, 55, 57, 64 ],
[ 1, 2, 3, 6, 10, 11, 13, 14, 15, 16, 18, 20, 22, 23, 25, 27, 28, 31, 32, 34, 
  39, 40, 47, 52, 55, 57, 58, 63 ],
[ 1, 2, 3, 6, 7, 11, 15, 17, 18, 20, 21, 22, 25, 28, 29, 30, 33, 36, 37, 39, 
  41, 43, 44, 45, 48, 52, 54, 58 ],
[ 1, 2, 3, 6, 7, 11, 15, 17, 18, 20, 21, 22, 24, 28, 29, 30, 34, 36, 37, 39, 
  41, 43, 44, 45, 47, 52, 55, 58 ],
[ 1, 2, 3, 6, 7, 11, 15, 17, 18, 20, 21, 22, 23, 28, 29, 30, 34, 35, 36, 39, 
  41, 43, 45, 46, 47, 52, 56, 58 ],
[ 1, 2, 3, 6, 7, 11, 15, 17, 18, 20, 21, 22, 23, 24, 28, 29, 30, 34, 35, 36, 
  39, 41, 43, 45, 52, 56, 58, 61 ],
[ 1, 2, 3, 6, 7, 11, 15, 17, 18, 19, 20, 22, 25, 28, 30, 31, 33, 36, 37, 39, 
  42, 43, 44, 45, 48, 51, 54, 58 ],
[ 1, 2, 3, 6, 7, 11, 15, 17, 18, 19, 20, 22, 25, 27, 30, 31, 34, 36, 37, 39, 
  42, 43, 44, 45, 48, 50, 55, 58 ],
[ 1, 2, 3, 6, 7, 11, 15, 17, 18, 19, 20, 22, 24, 28, 30, 31, 34, 36, 37, 39, 
  42, 43, 44, 45, 47, 51, 55, 58 ],
[ 1, 2, 3, 6, 7, 11, 15, 17, 18, 19, 20, 22, 23, 25, 28, 30, 31, 33, 36, 37, 
  39, 42, 43, 48, 51, 54, 58, 60 ],
[ 1, 2, 3, 6, 7, 11, 15, 17, 18, 19, 20, 22, 23, 25, 27, 30, 31, 34, 36, 37, 
  39, 42, 43, 48, 50, 55, 58, 60 ],
[ 1, 2, 3, 6, 7, 11, 15, 17, 18, 19, 20, 22, 23, 24, 28, 30, 31, 34, 36, 37, 
  39, 42, 43, 47, 51, 55, 58, 60 ],
[ 1, 2, 3, 6, 7, 11, 14, 15, 18, 20, 22, 25, 27, 28, 29, 30, 31, 34, 35, 41, 
  42, 43, 48, 49, 54, 56, 59, 63 ],
[ 1, 2, 3, 6, 7, 11, 14, 15, 17, 18, 19, 20, 22, 25, 27, 30, 31, 34, 39, 42, 
  43, 44, 45, 48, 50, 55, 56, 58 ],
[ 1, 2, 3, 6, 7, 11, 14, 15, 17, 18, 19, 20, 22, 23, 25, 27, 30, 31, 34, 39, 
  42, 43, 48, 50, 55, 56, 58, 60 ],
[ 1, 2, 3, 6, 7, 10, 11, 15, 18, 20, 22, 25, 27, 28, 29, 34, 35, 36, 37, 41, 
  42, 43, 48, 49, 52, 54, 59, 63 ],
[ 1, 2, 3, 6, 7, 10, 11, 15, 17, 18, 20, 21, 22, 25, 28, 29, 31, 36, 37, 39, 
  41, 43, 44, 45, 48, 53, 58, 63 ],
[ 1, 2, 3, 6, 7, 10, 11, 15, 17, 18, 19, 20, 22, 25, 28, 33, 36, 37, 39, 42, 
  43, 44, 45, 48, 51, 52, 54, 58 ],
[ 1, 2, 3, 6, 7, 10, 11, 15, 17, 18, 19, 20, 22, 23, 25, 28, 33, 36, 37, 39, 
  42, 43, 48, 51, 52, 54, 58, 60 ],
[ 1, 2, 3, 5, 6, 11, 13, 15, 18, 20, 21, 22, 25, 29, 31, 32, 36, 38, 39, 40, 
  44, 45, 50, 57, 59, 60, 61, 63 ],
[ 1, 2, 3, 5, 6, 11, 13, 15, 17, 18, 20, 22, 23, 25, 31, 32, 36, 38, 40, 42, 
  45, 47, 51, 57, 59, 60, 62, 63 ],
[ 1, 2, 3, 5, 6, 11, 13, 15, 16, 18, 20, 21, 22, 25, 32, 36, 39, 40, 44, 45, 
  50, 51, 52, 54, 57, 59, 60, 61 ],
[ 1, 2, 3, 5, 6, 11, 13, 15, 16, 18, 20, 21, 22, 25, 31, 32, 36, 39, 40, 44, 
  45, 47, 51, 54, 57, 60, 62, 64 ],
[ 1, 2, 3, 5, 6, 11, 13, 15, 16, 18, 20, 21, 22, 23, 25, 29, 32, 36, 39, 40, 
  45, 52, 54, 57, 60, 61, 62, 64 ],
[ 1, 2, 3, 5, 6, 11, 13, 15, 16, 18, 20, 21, 22, 23, 25, 27, 28, 32, 36, 39, 
  40, 43, 44, 52, 54, 57, 60, 61 ],
[ 1, 2, 3, 5, 6, 11, 13, 15, 16, 18, 20, 21, 22, 23, 24, 25, 27, 28, 32, 37, 
  39, 40, 44, 52, 53, 57, 60, 64 ],
[ 1, 2, 3, 5, 6, 11, 13, 15, 16, 17, 18, 20, 22, 25, 31, 32, 36, 40, 42, 44, 
  45, 51, 54, 57, 59, 60, 61, 62 ],
[ 1, 2, 3, 5, 6, 11, 13, 15, 16, 17, 18, 20, 22, 23, 25, 28, 31, 32, 36, 40, 
  42, 43, 44, 49, 54, 57, 60, 61 ],
[ 1, 2, 3, 5, 6, 11, 12, 15, 17, 18, 20, 22, 23, 25, 27, 28, 31, 34, 36, 38, 
  40, 42, 44, 45, 54, 57, 58, 61 ],
[ 1, 2, 3, 4, 6, 11, 15, 16, 18, 20, 22, 25, 29, 30, 31, 32, 33, 34, 36, 41, 
  47, 50, 52, 54, 57, 59, 60, 63 ],
[ 1, 2, 3, 4, 6, 11, 14, 15, 18, 20, 22, 25, 29, 30, 31, 32, 33, 34, 38, 41, 
  45, 47, 50, 52, 54, 57, 63, 64 ],
[ 1, 2, 3, 4, 6, 11, 13, 15, 18, 19, 20, 22, 24, 25, 28, 30, 31, 32, 33, 37, 
  38, 40, 44, 49, 52, 53, 59, 63 ],
[ 1, 2, 3, 4, 6, 11, 13, 15, 16, 18, 20, 22, 25, 27, 28, 30, 31, 32, 33, 37, 
  40, 41, 44, 46, 52, 53, 59, 63 ],
[ 1, 2, 3, 4, 6, 11, 13, 15, 16, 18, 20, 22, 25, 27, 28, 30, 31, 32, 33, 36, 
  40, 41, 44, 47, 52, 54, 58, 63 ],
[ 1, 2, 3, 4, 6, 11, 12, 15, 18, 19, 20, 22, 25, 30, 31, 34, 36, 38, 40, 47, 
  50, 51, 52, 53, 54, 59, 60, 63 ],
[ 1, 2, 3, 4, 6, 11, 12, 15, 18, 19, 20, 22, 25, 29, 30, 31, 34, 36, 38, 40, 
  45, 47, 52, 53, 54, 62, 63, 64 ],
[ 1, 2, 3, 4, 6, 11, 12, 15, 18, 19, 20, 22, 24, 25, 27, 28, 30, 31, 33, 34, 
  38, 40, 44, 52, 53, 56, 59, 63 ],
[ 1, 2, 3, 4, 6, 11, 12, 13, 15, 18, 20, 22, 25, 27, 28, 30, 31, 33, 36, 38, 
  41, 43, 44, 47, 52, 54, 57, 63 ],
[ 1, 2, 3, 4, 6, 11, 12, 13, 15, 18, 20, 22, 24, 25, 27, 28, 30, 31, 33, 38, 
  41, 44, 52, 53, 54, 56, 57, 59 ],
[ 1, 2, 3, 4, 6, 11, 12, 13, 15, 16, 18, 19, 20, 22, 24, 25, 28, 30, 31, 33, 
  37, 44, 49, 52, 53, 57, 63, 64 ],
[ 1, 2, 3, 4, 6, 10, 11, 15, 18, 20, 22, 25, 29, 30, 31, 32, 33, 35, 38, 39, 
  41, 44, 47, 53, 54, 56, 59, 62 ],
[ 1, 2, 3, 4, 6, 10, 11, 15, 18, 19, 20, 22, 25, 27, 30, 31, 32, 33, 34, 38, 
  40, 45, 47, 51, 53, 56, 63, 64 ],
[ 1, 2, 3, 4, 6, 10, 11, 15, 16, 18, 20, 22, 25, 29, 30, 31, 32, 33, 37, 39, 
  41, 44, 47, 53, 55, 59, 62, 63 ],
[ 1, 2, 3, 4, 6, 10, 11, 15, 16, 18, 20, 22, 25, 29, 30, 31, 32, 33, 34, 37, 
  41, 47, 49, 53, 57, 59, 60, 63 ],
[ 1, 2, 3, 4, 5, 6, 11, 15, 18, 20, 22, 25, 29, 31, 32, 34, 37, 38, 39, 41, 
  42, 43, 45, 46, 49, 54, 59, 64 ],
[ 1, 2, 3, 4, 5, 6, 11, 15, 18, 20, 22, 25, 29, 30, 32, 35, 37, 38, 39, 41, 
  42, 43, 44, 47, 50, 53, 59, 64 ],
[ 1, 2, 3, 4, 5, 6, 11, 15, 18, 20, 22, 25, 29, 30, 32, 34, 37, 38, 40, 41, 
  42, 43, 45, 47, 49, 53, 59, 64 ],
[ 1, 2, 3, 4, 5, 6, 11, 15, 18, 20, 22, 24, 25, 29, 32, 35, 37, 38, 40, 41, 
  42, 44, 52, 54, 58, 59, 62, 64 ],
[ 1, 2, 3, 4, 5, 6, 11, 15, 18, 20, 22, 24, 25, 27, 29, 32, 34, 37, 38, 39, 
  41, 42, 45, 52, 54, 58, 59, 64 ],
[ 1, 2, 3, 4, 5, 6, 11, 15, 18, 20, 21, 22, 25, 29, 30, 32, 33, 34, 38, 41, 
  43, 45, 47, 49, 56, 57, 59, 64 ],
[ 1, 2, 3, 4, 5, 6, 11, 15, 18, 20, 21, 22, 25, 27, 29, 31, 32, 34, 38, 39, 
  41, 45, 46, 54, 56, 58, 59, 64 ],
[ 1, 2, 3, 4, 5, 6, 11, 15, 18, 20, 21, 22, 25, 27, 29, 30, 32, 34, 38, 40, 
  41, 45, 47, 53, 56, 58, 59, 64 ],
[ 1, 2, 3, 4, 5, 6, 11, 15, 18, 19, 20, 22, 25, 30, 32, 33, 35, 37, 38, 39, 
  42, 44, 47, 50, 51, 58, 59, 64 ],
[ 1, 2, 3, 4, 5, 6, 11, 15, 18, 19, 20, 22, 25, 30, 32, 33, 34, 37, 38, 40, 
  42, 45, 47, 49, 51, 58, 59, 64 ],
[ 1, 2, 3, 4, 5, 6, 11, 15, 18, 19, 20, 21, 22, 25, 29, 30, 32, 38, 39, 43, 
  44, 47, 50, 53, 55, 56, 59, 64 ],
[ 1, 2, 3, 4, 5, 6, 11, 15, 18, 19, 20, 21, 22, 25, 29, 30, 32, 33, 37, 38, 
  39, 44, 50, 55, 58, 59, 61, 64 ],
[ 1, 2, 3, 4, 5, 6, 11, 15, 16, 18, 20, 22, 25, 29, 31, 32, 40, 41, 42, 43, 
  44, 46, 50, 55, 56, 59, 63, 64 ],
[ 1, 2, 3, 4, 5, 6, 11, 15, 16, 18, 20, 22, 25, 29, 30, 32, 33, 39, 41, 42, 
  43, 44, 47, 50, 55, 56, 59, 64 ],
[ 1, 2, 3, 4, 5, 6, 11, 15, 16, 18, 20, 22, 25, 27, 30, 32, 33, 34, 37, 40, 
  41, 42, 45, 51, 58, 59, 61, 64 ],
[ 1, 2, 3, 4, 5, 6, 11, 15, 16, 18, 20, 22, 25, 27, 29, 30, 32, 33, 34, 41, 
  42, 43, 47, 56, 57, 59, 60, 64 ],
[ 1, 2, 3, 4, 5, 6, 11, 15, 16, 18, 20, 22, 24, 25, 31, 32, 35, 37, 40, 41, 
  42, 44, 51, 58, 59, 62, 63, 64 ],
[ 1, 2, 3, 4, 5, 6, 11, 15, 16, 18, 20, 22, 24, 25, 27, 31, 32, 34, 37, 39, 
  41, 42, 45, 51, 58, 59, 63, 64 ],
[ 1, 2, 3, 4, 5, 6, 11, 15, 16, 18, 20, 22, 23, 25, 29, 31, 32, 35, 41, 42, 
  43, 46, 56, 57, 59, 62, 63, 64 ],
[ 1, 2, 3, 4, 5, 6, 11, 15, 16, 18, 20, 21, 22, 25, 29, 30, 32, 33, 37, 39, 
  41, 44, 47, 55, 58, 59, 62, 64 ],
[ 1, 2, 3, 4, 5, 6, 11, 15, 16, 18, 20, 21, 22, 25, 29, 30, 32, 33, 34, 37, 
  41, 47, 49, 57, 58, 59, 60, 64 ],
[ 1, 2, 3, 4, 5, 6, 11, 15, 16, 18, 20, 21, 22, 24, 25, 29, 32, 34, 37, 39, 
  41, 49, 52, 54, 58, 59, 60, 64 ],
[ 1, 2, 3, 4, 5, 6, 11, 15, 16, 18, 19, 20, 21, 22, 25, 30, 32, 37, 39, 43, 
  44, 47, 51, 53, 55, 59, 62, 64 ],
[ 1, 2, 3, 4, 5, 6, 11, 13, 15, 18, 19, 20, 22, 24, 25, 27, 28, 32, 33, 37, 
  38, 42, 44, 52, 57, 58, 59, 64 ],
[ 1, 2, 3, 4, 5, 6, 11, 13, 15, 18, 19, 20, 21, 22, 25, 28, 31, 32, 36, 38, 
  40, 43, 44, 49, 58, 59, 61, 63 ],
[ 1, 2, 3, 4, 5, 6, 11, 13, 15, 16, 18, 19, 20, 22, 23, 25, 28, 31, 32, 36, 
  42, 43, 49, 54, 57, 58, 61, 64 ],
[ 1, 2, 3, 4, 5, 6, 11, 13, 15, 16, 18, 19, 20, 22, 23, 25, 28, 31, 32, 33, 
  42, 46, 49, 56, 57, 58, 59, 64 ]
];

