## Group: [64, 245]
## Difference Sets: 325
## Time:  0:31:04.765

return [
[ 1, 5, 6, 7, 12, 16, 19, 21, 22, 23, 24, 27, 30, 31, 32, 36, 37, 38, 39, 40, 
  41, 44, 47, 50, 53, 58, 59, 63 ],
[ 1, 5, 6, 7, 11, 12, 15, 16, 18, 19, 21, 22, 24, 27, 31, 37, 40, 43, 44, 45, 
  47, 50, 52, 53, 56, 57, 58, 63 ],
[ 1, 5, 6, 7, 11, 12, 14, 15, 16, 18, 19, 21, 22, 24, 27, 31, 36, 40, 44, 45, 
  47, 50, 52, 53, 57, 59, 63, 64 ],
[ 1, 5, 6, 7, 8, 11, 12, 13, 16, 19, 21, 22, 26, 28, 29, 31, 35, 36, 37, 38, 
  41, 49, 52, 53, 54, 59, 62, 64 ],
[ 1, 5, 6, 7, 8, 11, 12, 13, 16, 19, 21, 22, 26, 28, 29, 31, 33, 35, 36, 37, 
  38, 41, 49, 52, 59, 62, 63, 64 ],
[ 1, 5, 6, 7, 8, 11, 12, 13, 16, 19, 21, 22, 26, 27, 28, 29, 31, 35, 36, 37, 
  38, 41, 50, 52, 53, 54, 59, 64 ],
[ 1, 5, 6, 7, 8, 11, 12, 13, 16, 19, 21, 22, 26, 27, 28, 29, 31, 33, 35, 36, 
  37, 38, 41, 50, 52, 59, 63, 64 ],
[ 1, 5, 6, 7, 8, 11, 12, 13, 14, 16, 19, 21, 22, 26, 28, 29, 31, 35, 38, 41, 
  49, 52, 53, 54, 56, 59, 62, 64 ],
[ 1, 5, 6, 7, 8, 11, 12, 13, 14, 16, 19, 21, 22, 26, 28, 29, 31, 33, 35, 38, 
  41, 49, 52, 56, 59, 62, 63, 64 ],
[ 1, 5, 6, 7, 8, 11, 12, 13, 14, 16, 19, 21, 22, 26, 27, 28, 29, 31, 35, 38, 
  41, 50, 52, 53, 54, 56, 59, 64 ],
[ 1, 5, 6, 7, 8, 11, 12, 13, 14, 16, 19, 21, 22, 26, 27, 28, 29, 31, 33, 35, 
  38, 41, 50, 52, 56, 59, 63, 64 ],
[ 1, 4, 6, 7, 8, 10, 12, 16, 19, 20, 21, 22, 26, 29, 31, 32, 33, 35, 36, 37, 
  38, 49, 50, 51, 54, 55, 58, 59 ],
[ 1, 4, 6, 7, 8, 10, 12, 16, 19, 20, 21, 22, 26, 29, 31, 32, 33, 35, 36, 37, 
  38, 43, 49, 50, 51, 54, 55, 64 ],
[ 1, 4, 6, 7, 8, 10, 12, 16, 19, 20, 21, 22, 26, 27, 29, 31, 32, 33, 35, 36, 
  37, 38, 51, 54, 55, 58, 59, 62 ],
[ 1, 4, 6, 7, 8, 10, 12, 16, 19, 20, 21, 22, 26, 27, 29, 31, 32, 33, 35, 36, 
  37, 38, 43, 51, 54, 55, 62, 64 ],
[ 1, 4, 6, 7, 8, 10, 12, 15, 16, 19, 21, 22, 26, 28, 29, 31, 32, 33, 35, 36, 
  37, 42, 49, 50, 54, 55, 59, 64 ],
[ 1, 4, 6, 7, 8, 10, 12, 15, 16, 19, 21, 22, 26, 27, 28, 29, 31, 32, 33, 35, 
  36, 37, 42, 54, 55, 59, 62, 64 ],
[ 1, 4, 6, 7, 8, 10, 12, 13, 15, 16, 19, 21, 22, 26, 28, 29, 31, 32, 33, 34, 
  36, 37, 42, 43, 49, 50, 54, 58 ],
[ 1, 4, 6, 7, 8, 10, 12, 13, 15, 16, 19, 21, 22, 26, 27, 28, 29, 31, 32, 33, 
  34, 36, 37, 42, 43, 54, 58, 62 ],
[ 1, 4, 6, 7, 8, 10, 11, 12, 16, 19, 21, 22, 26, 29, 31, 33, 34, 35, 36, 37, 
  38, 42, 43, 49, 50, 51, 54, 58 ],
[ 1, 4, 6, 7, 8, 10, 11, 12, 13, 16, 19, 21, 22, 26, 27, 29, 31, 33, 36, 37, 
  38, 42, 43, 51, 54, 55, 58, 62 ],
[ 1, 4, 5, 6, 7, 8, 12, 16, 19, 21, 22, 26, 29, 30, 31, 32, 35, 36, 37, 38, 
  43, 49, 50, 51, 53, 54, 55, 59 ],
[ 1, 4, 5, 6, 7, 8, 12, 16, 19, 21, 22, 26, 29, 30, 31, 32, 33, 35, 36, 37, 
  38, 43, 49, 50, 51, 55, 59, 63 ],
[ 1, 4, 5, 6, 7, 8, 12, 16, 19, 21, 22, 26, 27, 29, 30, 31, 32, 35, 36, 37, 
  38, 43, 51, 53, 54, 55, 59, 62 ],
[ 1, 4, 5, 6, 7, 8, 12, 16, 19, 21, 22, 26, 27, 29, 30, 31, 32, 33, 35, 36, 
  37, 38, 43, 51, 55, 59, 62, 63 ],
[ 1, 4, 5, 6, 7, 8, 12, 15, 16, 19, 21, 22, 26, 29, 30, 31, 32, 33, 34, 35, 
  37, 43, 49, 50, 51, 53, 56, 59 ],
[ 1, 4, 5, 6, 7, 8, 12, 15, 16, 19, 21, 22, 26, 27, 29, 31, 32, 34, 35, 36, 
  37, 43, 49, 51, 52, 53, 54, 59 ],
[ 1, 4, 5, 6, 7, 8, 12, 15, 16, 19, 21, 22, 26, 27, 29, 30, 31, 32, 33, 34, 
  35, 37, 43, 51, 53, 56, 59, 62 ],
[ 1, 4, 5, 6, 7, 8, 12, 14, 16, 19, 21, 22, 26, 28, 29, 30, 31, 32, 34, 35, 
  38, 43, 50, 54, 56, 59, 62, 63 ],
[ 1, 4, 5, 6, 7, 8, 12, 14, 16, 19, 21, 22, 26, 28, 29, 30, 31, 32, 33, 34, 
  35, 38, 43, 50, 53, 56, 59, 62 ],
[ 1, 4, 5, 6, 7, 8, 12, 14, 16, 19, 21, 22, 26, 27, 28, 29, 30, 31, 32, 34, 
  35, 38, 43, 49, 54, 56, 59, 63 ],
[ 1, 4, 5, 6, 7, 8, 12, 14, 16, 19, 21, 22, 26, 27, 28, 29, 30, 31, 32, 33, 
  34, 35, 38, 43, 49, 53, 56, 59 ],
[ 1, 4, 5, 6, 7, 8, 12, 14, 15, 16, 19, 21, 22, 26, 29, 30, 31, 32, 34, 35, 
  36, 43, 49, 50, 51, 54, 59, 63 ],
[ 1, 4, 5, 6, 7, 8, 12, 14, 15, 16, 19, 21, 22, 26, 27, 29, 31, 32, 33, 34, 
  35, 43, 49, 51, 52, 56, 59, 63 ],
[ 1, 4, 5, 6, 7, 8, 12, 14, 15, 16, 19, 21, 22, 26, 27, 29, 30, 31, 32, 34, 
  35, 36, 43, 51, 54, 59, 62, 63 ],
[ 1, 4, 5, 6, 7, 8, 11, 12, 16, 19, 21, 22, 26, 28, 29, 30, 31, 33, 35, 37, 
  38, 43, 49, 50, 53, 55, 56, 59 ],
[ 1, 4, 5, 6, 7, 8, 11, 12, 16, 19, 21, 22, 26, 27, 28, 29, 31, 35, 36, 37, 
  38, 43, 49, 52, 53, 54, 55, 59 ],
[ 1, 4, 5, 6, 7, 8, 11, 12, 16, 19, 21, 22, 26, 27, 28, 29, 31, 33, 35, 36, 
  37, 38, 43, 49, 52, 55, 59, 63 ],
[ 1, 4, 5, 6, 7, 8, 11, 12, 15, 16, 19, 21, 22, 26, 29, 31, 33, 35, 37, 43, 
  49, 50, 51, 52, 55, 56, 59, 63 ],
[ 1, 4, 5, 6, 7, 8, 11, 12, 15, 16, 19, 21, 22, 26, 28, 29, 31, 34, 35, 37, 
  43, 50, 52, 54, 56, 59, 62, 63 ],
[ 1, 4, 5, 6, 7, 8, 11, 12, 15, 16, 19, 21, 22, 26, 27, 29, 31, 35, 37, 43, 
  51, 52, 53, 54, 55, 56, 59, 62 ],
[ 1, 4, 5, 6, 7, 8, 11, 12, 15, 16, 19, 21, 22, 26, 27, 28, 29, 31, 33, 34, 
  35, 37, 43, 49, 52, 53, 56, 59 ],
[ 1, 4, 5, 6, 7, 8, 11, 12, 14, 16, 19, 21, 22, 26, 28, 29, 30, 31, 35, 36, 
  38, 43, 49, 50, 54, 55, 59, 63 ],
[ 1, 4, 5, 6, 7, 8, 11, 12, 14, 16, 19, 21, 22, 26, 27, 28, 29, 31, 35, 38, 
  43, 49, 52, 53, 54, 55, 56, 59 ],
[ 1, 4, 5, 6, 7, 8, 11, 12, 14, 16, 19, 21, 22, 26, 27, 28, 29, 31, 33, 35, 
  38, 43, 49, 52, 55, 56, 59, 63 ],
[ 1, 4, 5, 6, 7, 8, 11, 12, 14, 15, 16, 19, 21, 22, 26, 29, 31, 33, 35, 36, 
  43, 49, 50, 51, 52, 55, 59, 63 ],
[ 1, 4, 5, 6, 7, 8, 11, 12, 14, 15, 16, 19, 21, 22, 26, 27, 29, 31, 35, 36, 
  43, 51, 52, 53, 54, 55, 59, 62 ],
[ 1, 4, 5, 6, 7, 8, 11, 12, 13, 15, 16, 19, 21, 22, 26, 28, 29, 31, 37, 43, 
  50, 52, 54, 55, 56, 59, 62, 63 ],
[ 1, 4, 5, 6, 7, 8, 11, 12, 13, 15, 16, 19, 21, 22, 26, 27, 28, 29, 31, 33, 
  37, 43, 49, 52, 53, 55, 56, 59 ],
[ 1, 3, 6, 7, 12, 13, 14, 16, 18, 19, 20, 21, 22, 25, 26, 27, 29, 31, 32, 35, 
  37, 49, 51, 52, 53, 58, 59, 63 ],
[ 1, 3, 6, 7, 10, 12, 13, 14, 16, 18, 19, 20, 21, 22, 25, 26, 29, 30, 32, 35, 
  37, 50, 51, 53, 58, 59, 62, 63 ],
[ 1, 3, 6, 7, 8, 12, 14, 16, 19, 21, 22, 26, 28, 29, 30, 31, 32, 33, 34, 35, 
  41, 42, 50, 54, 56, 58, 62, 64 ],
[ 1, 3, 6, 7, 8, 12, 14, 16, 19, 21, 22, 26, 28, 29, 30, 31, 32, 33, 34, 35, 
  41, 42, 43, 50, 54, 56, 59, 62 ],
[ 1, 3, 6, 7, 8, 11, 12, 16, 19, 21, 22, 26, 28, 29, 30, 31, 33, 35, 37, 41, 
  42, 49, 50, 54, 55, 56, 58, 64 ],
[ 1, 3, 6, 7, 8, 11, 12, 16, 19, 21, 22, 26, 28, 29, 30, 31, 33, 35, 37, 41, 
  42, 43, 49, 50, 54, 55, 56, 59 ],
[ 1, 3, 6, 7, 8, 11, 12, 14, 16, 19, 21, 22, 26, 28, 29, 30, 31, 33, 35, 36, 
  41, 42, 49, 50, 54, 55, 58, 64 ],
[ 1, 3, 6, 7, 8, 11, 12, 14, 16, 19, 21, 22, 26, 28, 29, 30, 31, 33, 35, 36, 
  41, 42, 43, 49, 50, 54, 55, 59 ],
[ 1, 3, 6, 7, 8, 10, 12, 16, 19, 21, 22, 26, 28, 29, 32, 33, 34, 35, 36, 37, 
  41, 42, 50, 52, 54, 58, 62, 64 ],
[ 1, 3, 6, 7, 8, 10, 12, 16, 19, 21, 22, 26, 28, 29, 32, 33, 34, 35, 36, 37, 
  41, 42, 43, 50, 52, 54, 59, 62 ],
[ 1, 3, 6, 7, 8, 10, 11, 12, 16, 19, 21, 22, 26, 29, 30, 33, 34, 35, 36, 37, 
  41, 42, 49, 50, 51, 54, 58, 64 ],
[ 1, 3, 6, 7, 8, 10, 11, 12, 16, 19, 21, 22, 26, 29, 30, 33, 34, 35, 36, 37, 
  41, 42, 43, 49, 50, 51, 54, 59 ],
[ 1, 3, 6, 7, 8, 10, 11, 12, 16, 19, 21, 22, 26, 27, 28, 29, 33, 35, 37, 41, 
  42, 52, 54, 55, 56, 58, 62, 64 ],
[ 1, 3, 6, 7, 8, 10, 11, 12, 16, 19, 21, 22, 26, 27, 28, 29, 33, 35, 37, 41, 
  42, 43, 52, 54, 55, 56, 59, 62 ],
[ 1, 3, 6, 7, 8, 10, 11, 12, 14, 16, 19, 21, 22, 26, 27, 29, 30, 33, 34, 35, 
  41, 42, 51, 54, 56, 58, 62, 64 ],
[ 1, 3, 6, 7, 8, 10, 11, 12, 14, 16, 19, 21, 22, 26, 27, 29, 30, 33, 34, 35, 
  41, 42, 43, 51, 54, 56, 59, 62 ],
[ 1, 3, 6, 7, 8, 10, 11, 12, 14, 16, 19, 21, 22, 26, 27, 28, 29, 33, 35, 36, 
  41, 42, 52, 54, 55, 58, 62, 64 ],
[ 1, 3, 6, 7, 8, 10, 11, 12, 14, 16, 19, 21, 22, 26, 27, 28, 29, 33, 35, 36, 
  41, 42, 43, 52, 54, 55, 59, 62 ],
[ 1, 3, 5, 6, 7, 8, 12, 16, 18, 19, 21, 22, 26, 29, 30, 32, 33, 34, 35, 37, 
  49, 50, 51, 52, 53, 56, 58, 59 ],
[ 1, 3, 5, 6, 7, 8, 12, 16, 18, 19, 21, 22, 26, 27, 29, 30, 32, 33, 34, 35, 
  37, 43, 51, 52, 53, 56, 62, 64 ],
[ 1, 3, 5, 6, 7, 8, 11, 12, 16, 19, 21, 22, 26, 28, 29, 30, 35, 36, 37, 41, 
  50, 52, 53, 54, 55, 59, 62, 64 ],
[ 1, 3, 5, 6, 7, 8, 11, 12, 16, 19, 21, 22, 26, 28, 29, 30, 33, 35, 36, 37, 
  41, 50, 52, 55, 59, 62, 63, 64 ],
[ 1, 3, 5, 6, 7, 8, 11, 12, 16, 19, 21, 22, 26, 27, 28, 29, 30, 35, 36, 37, 
  41, 43, 49, 52, 53, 54, 55, 58 ],
[ 1, 3, 5, 6, 7, 8, 11, 12, 16, 19, 21, 22, 26, 27, 28, 29, 30, 33, 35, 36, 
  37, 41, 43, 49, 52, 55, 58, 63 ],
[ 1, 3, 4, 6, 7, 12, 14, 16, 19, 21, 22, 30, 31, 32, 37, 39, 40, 42, 43, 45, 
  47, 49, 50, 53, 54, 59, 60, 61 ],
[ 1, 3, 4, 6, 7, 12, 14, 16, 19, 21, 22, 24, 30, 31, 32, 33, 37, 39, 40, 42, 
  43, 45, 46, 49, 50, 59, 60, 63 ],
[ 1, 3, 4, 6, 7, 12, 14, 16, 19, 20, 21, 22, 30, 31, 32, 37, 39, 40, 43, 45, 
  46, 47, 50, 54, 59, 60, 62, 63 ],
[ 1, 3, 4, 6, 7, 12, 14, 16, 19, 20, 21, 22, 30, 31, 32, 33, 37, 39, 40, 43, 
  45, 46, 47, 50, 53, 59, 60, 62 ],
[ 1, 3, 4, 6, 7, 12, 14, 16, 19, 20, 21, 22, 24, 30, 31, 32, 37, 39, 40, 43, 
  45, 50, 54, 59, 60, 61, 62, 63 ],
[ 1, 3, 4, 6, 7, 10, 12, 16, 19, 21, 22, 26, 28, 29, 31, 32, 34, 35, 37, 42, 
  48, 49, 50, 53, 54, 56, 58, 64 ],
[ 1, 3, 4, 6, 7, 10, 12, 16, 19, 21, 22, 26, 28, 29, 31, 32, 34, 35, 37, 42, 
  43, 48, 49, 50, 53, 54, 56, 59 ],
[ 1, 3, 4, 6, 7, 10, 12, 16, 19, 21, 22, 26, 28, 29, 31, 32, 33, 34, 35, 37, 
  42, 48, 49, 50, 56, 58, 63, 64 ],
[ 1, 3, 4, 6, 7, 10, 12, 16, 19, 21, 22, 26, 28, 29, 31, 32, 33, 34, 35, 37, 
  42, 43, 48, 49, 50, 56, 59, 63 ],
[ 1, 3, 4, 6, 7, 10, 12, 16, 19, 21, 22, 26, 27, 28, 29, 31, 32, 34, 35, 37, 
  42, 48, 53, 54, 56, 58, 62, 64 ],
[ 1, 3, 4, 6, 7, 10, 12, 16, 19, 21, 22, 26, 27, 28, 29, 31, 32, 34, 35, 37, 
  42, 43, 48, 53, 54, 56, 59, 62 ],
[ 1, 3, 4, 6, 7, 10, 12, 16, 19, 21, 22, 26, 27, 28, 29, 31, 32, 33, 34, 35, 
  37, 42, 48, 56, 58, 62, 63, 64 ],
[ 1, 3, 4, 6, 7, 10, 12, 16, 19, 21, 22, 26, 27, 28, 29, 31, 32, 33, 34, 35, 
  37, 42, 43, 48, 56, 59, 62, 63 ],
[ 1, 3, 4, 6, 7, 10, 12, 16, 19, 20, 21, 22, 25, 26, 29, 31, 32, 33, 34, 35, 
  37, 49, 50, 51, 53, 56, 58, 64 ],
[ 1, 3, 4, 6, 7, 10, 12, 16, 19, 20, 21, 22, 25, 26, 29, 31, 32, 33, 34, 35, 
  37, 43, 49, 50, 51, 53, 56, 59 ],
[ 1, 3, 4, 6, 7, 10, 12, 14, 16, 19, 20, 21, 22, 25, 26, 29, 31, 32, 34, 35, 
  36, 49, 50, 51, 54, 58, 63, 64 ],
[ 1, 3, 4, 6, 7, 10, 12, 14, 16, 19, 20, 21, 22, 25, 26, 29, 31, 32, 34, 35, 
  36, 43, 49, 50, 51, 54, 59, 63 ],
[ 1, 3, 4, 6, 7, 10, 11, 12, 16, 19, 21, 22, 26, 29, 31, 34, 35, 36, 37, 42, 
  48, 49, 50, 51, 54, 58, 63, 64 ],
[ 1, 3, 4, 6, 7, 10, 11, 12, 16, 19, 21, 22, 26, 29, 31, 34, 35, 36, 37, 42, 
  43, 48, 49, 50, 51, 54, 59, 63 ],
[ 1, 3, 4, 6, 7, 10, 11, 12, 14, 16, 19, 21, 22, 26, 27, 29, 31, 34, 35, 42, 
  48, 51, 54, 56, 58, 62, 63, 64 ],
[ 1, 3, 4, 6, 7, 10, 11, 12, 14, 16, 19, 21, 22, 26, 27, 29, 31, 34, 35, 42, 
  43, 48, 51, 54, 56, 59, 62, 63 ],
[ 1, 3, 4, 5, 6, 7, 12, 16, 19, 21, 22, 30, 31, 32, 33, 37, 40, 45, 46, 47, 
  49, 50, 54, 56, 57, 58, 59, 60 ],
[ 1, 3, 4, 5, 6, 7, 12, 16, 19, 21, 22, 30, 31, 32, 33, 36, 37, 39, 40, 45, 
  47, 50, 54, 58, 59, 60, 61, 62 ],
[ 1, 3, 4, 5, 6, 7, 12, 16, 19, 21, 22, 27, 31, 32, 33, 36, 37, 39, 40, 43, 
  45, 46, 47, 52, 54, 58, 60, 62 ],
[ 1, 3, 4, 5, 6, 7, 12, 16, 19, 21, 22, 27, 30, 31, 32, 33, 36, 37, 39, 40, 
  45, 47, 49, 54, 58, 59, 60, 61 ],
[ 1, 3, 4, 5, 6, 7, 12, 16, 19, 21, 22, 23, 30, 31, 32, 33, 36, 37, 39, 40, 
  44, 47, 50, 54, 58, 59, 61, 62 ],
[ 1, 3, 4, 5, 6, 7, 12, 16, 19, 21, 22, 23, 27, 30, 31, 32, 33, 36, 37, 39, 
  40, 44, 47, 49, 54, 58, 59, 61 ],
[ 1, 3, 4, 5, 6, 7, 12, 14, 16, 19, 21, 22, 26, 28, 29, 30, 31, 32, 33, 34, 
  35, 48, 50, 54, 56, 59, 62, 64 ],
[ 1, 3, 4, 5, 6, 7, 12, 14, 16, 19, 21, 22, 26, 28, 29, 30, 31, 32, 33, 34, 
  35, 43, 48, 50, 54, 56, 58, 62 ],
[ 1, 3, 4, 5, 6, 7, 12, 14, 16, 19, 21, 22, 26, 27, 28, 29, 30, 31, 32, 33, 
  34, 35, 48, 49, 54, 56, 59, 64 ],
[ 1, 3, 4, 5, 6, 7, 12, 14, 16, 19, 21, 22, 26, 27, 28, 29, 30, 31, 32, 33, 
  34, 35, 43, 48, 49, 54, 56, 58 ],
[ 1, 3, 4, 5, 6, 7, 11, 12, 16, 19, 21, 22, 26, 29, 31, 33, 34, 35, 36, 37, 
  48, 49, 50, 51, 52, 54, 59, 64 ],
[ 1, 3, 4, 5, 6, 7, 11, 12, 16, 19, 21, 22, 26, 29, 31, 33, 34, 35, 36, 37, 
  43, 48, 49, 50, 51, 52, 54, 58 ],
[ 1, 3, 4, 5, 6, 7, 11, 12, 16, 19, 21, 22, 26, 28, 29, 30, 31, 33, 35, 37, 
  48, 49, 50, 54, 55, 56, 59, 64 ],
[ 1, 3, 4, 5, 6, 7, 11, 12, 14, 16, 19, 21, 22, 26, 28, 29, 30, 31, 33, 35, 
  36, 43, 48, 49, 50, 54, 55, 58 ],
[ 1, 3, 4, 5, 6, 7, 11, 12, 14, 16, 19, 21, 22, 26, 27, 29, 31, 33, 34, 35, 
  48, 51, 52, 54, 56, 59, 62, 64 ],
[ 1, 3, 4, 5, 6, 7, 11, 12, 14, 16, 19, 21, 22, 26, 27, 29, 31, 33, 34, 35, 
  43, 48, 51, 52, 54, 56, 58, 62 ],
[ 1, 2, 6, 7, 12, 14, 16, 19, 20, 21, 22, 23, 30, 31, 37, 38, 39, 40, 41, 43, 
  45, 46, 47, 50, 54, 59, 62, 63 ],
[ 1, 2, 6, 7, 12, 14, 16, 19, 20, 21, 22, 23, 30, 31, 33, 37, 38, 39, 40, 41, 
  43, 45, 46, 47, 50, 53, 59, 62 ],
[ 1, 2, 6, 7, 12, 14, 16, 19, 20, 21, 22, 23, 24, 30, 31, 33, 37, 38, 39, 40, 
  41, 43, 45, 50, 53, 59, 61, 62 ],
[ 1, 2, 6, 7, 12, 13, 14, 16, 18, 19, 21, 22, 25, 26, 29, 30, 31, 33, 35, 37, 
  38, 42, 43, 49, 51, 58, 62, 63 ],
[ 1, 2, 6, 7, 12, 13, 14, 16, 18, 19, 21, 22, 25, 26, 27, 29, 30, 31, 33, 35, 
  37, 38, 42, 43, 50, 51, 58, 63 ],
[ 1, 2, 6, 7, 12, 13, 14, 15, 16, 19, 20, 21, 22, 26, 28, 29, 31, 33, 35, 37, 
  41, 43, 48, 49, 52, 53, 62, 64 ],
[ 1, 2, 6, 7, 12, 13, 14, 15, 16, 19, 20, 21, 22, 26, 27, 28, 29, 31, 33, 35, 
  37, 41, 43, 48, 50, 52, 53, 64 ],
[ 1, 2, 6, 7, 10, 12, 16, 17, 19, 20, 21, 22, 23, 31, 36, 37, 38, 40, 41, 45, 
  46, 47, 50, 54, 58, 59, 62, 63 ],
[ 1, 2, 6, 7, 10, 12, 16, 17, 19, 20, 21, 22, 23, 31, 33, 36, 37, 38, 40, 41, 
  43, 45, 46, 47, 50, 53, 62, 64 ],
[ 1, 2, 6, 7, 10, 12, 13, 15, 16, 19, 20, 21, 22, 26, 28, 29, 31, 33, 35, 37, 
  41, 43, 48, 50, 54, 56, 62, 64 ],
[ 1, 2, 6, 7, 9, 12, 13, 14, 16, 18, 19, 21, 22, 25, 26, 28, 30, 31, 33, 35, 
  37, 38, 42, 49, 59, 62, 63, 64 ],
[ 1, 2, 6, 7, 9, 12, 13, 14, 16, 18, 19, 21, 22, 25, 26, 27, 28, 30, 31, 33, 
  35, 37, 38, 42, 50, 59, 63, 64 ],
[ 1, 2, 6, 7, 9, 12, 13, 14, 15, 16, 19, 20, 21, 22, 26, 31, 33, 35, 37, 41, 
  48, 49, 51, 52, 53, 58, 59, 62 ],
[ 1, 2, 6, 7, 9, 12, 13, 14, 15, 16, 19, 20, 21, 22, 26, 27, 31, 33, 35, 37, 
  41, 48, 50, 51, 52, 53, 58, 59 ],
[ 1, 2, 6, 7, 9, 10, 12, 16, 18, 19, 20, 21, 22, 25, 26, 29, 31, 33, 35, 37, 
  38, 49, 53, 55, 56, 58, 59, 62 ],
[ 1, 2, 6, 7, 9, 10, 12, 14, 16, 18, 19, 20, 21, 22, 25, 26, 29, 31, 35, 36, 
  38, 49, 54, 55, 58, 59, 62, 63 ],
[ 1, 2, 6, 7, 9, 10, 12, 13, 15, 16, 19, 20, 21, 22, 26, 31, 33, 35, 37, 41, 
  48, 50, 51, 54, 56, 58, 59, 62 ],
[ 1, 2, 6, 7, 8, 12, 15, 16, 19, 21, 22, 26, 27, 28, 29, 30, 31, 35, 37, 41, 
  42, 50, 53, 54, 55, 56, 58, 64 ],
[ 1, 2, 6, 7, 8, 12, 14, 16, 19, 21, 22, 26, 27, 28, 29, 30, 31, 34, 35, 38, 
  41, 42, 50, 54, 56, 58, 63, 64 ],
[ 1, 2, 6, 7, 8, 12, 14, 16, 19, 21, 22, 26, 27, 28, 29, 30, 31, 33, 34, 35, 
  38, 41, 42, 50, 53, 56, 58, 64 ],
[ 1, 2, 6, 7, 8, 12, 14, 15, 16, 19, 21, 22, 26, 27, 28, 29, 30, 31, 35, 36, 
  41, 42, 50, 53, 54, 55, 58, 64 ],
[ 1, 2, 6, 7, 8, 10, 12, 16, 19, 21, 22, 26, 27, 28, 29, 34, 35, 36, 37, 38, 
  41, 42, 50, 52, 54, 58, 63, 64 ],
[ 1, 2, 6, 7, 8, 10, 12, 16, 19, 21, 22, 26, 27, 28, 29, 33, 34, 35, 36, 37, 
  38, 41, 42, 50, 52, 53, 58, 64 ],
[ 1, 2, 6, 7, 8, 10, 12, 15, 16, 19, 21, 22, 26, 27, 29, 30, 34, 35, 36, 37, 
  41, 42, 50, 51, 53, 54, 58, 64 ],
[ 1, 2, 6, 7, 8, 10, 12, 15, 16, 19, 21, 22, 26, 27, 28, 29, 33, 35, 37, 41, 
  42, 50, 52, 55, 56, 58, 63, 64 ],
[ 1, 2, 6, 7, 8, 10, 12, 14, 15, 16, 19, 21, 22, 26, 27, 29, 30, 33, 34, 35, 
  41, 42, 50, 51, 56, 58, 63, 64 ],
[ 1, 2, 6, 7, 8, 10, 12, 14, 15, 16, 19, 21, 22, 26, 27, 28, 29, 33, 35, 36, 
  41, 42, 50, 52, 55, 58, 63, 64 ],
[ 1, 2, 5, 6, 7, 12, 16, 19, 21, 22, 23, 30, 31, 36, 37, 38, 39, 40, 41, 45, 
  47, 50, 53, 58, 59, 61, 62, 63 ],
[ 1, 2, 5, 6, 7, 12, 16, 19, 21, 22, 23, 27, 31, 36, 37, 38, 39, 40, 41, 45, 
  46, 47, 52, 53, 59, 62, 63, 64 ],
[ 1, 2, 5, 6, 7, 12, 16, 19, 21, 22, 23, 27, 30, 31, 36, 37, 38, 39, 40, 41, 
  45, 47, 49, 53, 58, 59, 61, 63 ],
[ 1, 2, 5, 6, 7, 12, 16, 17, 19, 21, 22, 23, 31, 36, 37, 38, 41, 45, 46, 47, 
  49, 50, 52, 53, 57, 59, 63, 64 ],
[ 1, 2, 5, 6, 7, 12, 16, 17, 19, 21, 22, 23, 30, 31, 36, 37, 38, 41, 43, 45, 
  47, 50, 53, 57, 61, 62, 63, 64 ],
[ 1, 2, 5, 6, 7, 12, 16, 17, 19, 21, 22, 23, 27, 30, 31, 36, 37, 38, 41, 43, 
  45, 47, 49, 53, 57, 61, 63, 64 ],
[ 1, 2, 5, 6, 7, 12, 13, 15, 16, 19, 21, 22, 26, 28, 29, 31, 33, 35, 36, 37, 
  41, 48, 49, 50, 52, 53, 58, 64 ],
[ 1, 2, 5, 6, 7, 12, 13, 15, 16, 19, 21, 22, 26, 28, 29, 31, 33, 35, 36, 37, 
  41, 43, 48, 49, 50, 52, 53, 59 ],
[ 1, 2, 5, 6, 7, 12, 13, 15, 16, 19, 21, 22, 26, 28, 29, 30, 31, 35, 37, 41, 
  48, 50, 53, 54, 56, 58, 62, 64 ],
[ 1, 2, 5, 6, 7, 12, 13, 15, 16, 19, 21, 22, 26, 28, 29, 30, 31, 35, 37, 41, 
  43, 48, 50, 53, 54, 56, 59, 62 ],
[ 1, 2, 5, 6, 7, 12, 13, 15, 16, 19, 21, 22, 26, 27, 28, 29, 31, 33, 35, 36, 
  37, 41, 48, 52, 53, 58, 62, 64 ],
[ 1, 2, 5, 6, 7, 12, 13, 15, 16, 19, 21, 22, 26, 27, 28, 29, 31, 33, 35, 36, 
  37, 41, 43, 48, 52, 53, 59, 62 ],
[ 1, 2, 5, 6, 7, 9, 12, 13, 15, 16, 19, 21, 22, 26, 31, 33, 35, 36, 37, 41, 
  48, 49, 50, 51, 52, 53, 58, 64 ],
[ 1, 2, 5, 6, 7, 9, 12, 13, 15, 16, 19, 21, 22, 26, 31, 33, 35, 36, 37, 41, 
  43, 48, 49, 50, 51, 52, 53, 59 ],
[ 1, 2, 5, 6, 7, 9, 12, 13, 15, 16, 19, 21, 22, 26, 30, 31, 33, 35, 37, 41, 
  48, 50, 51, 56, 58, 62, 63, 64 ],
[ 1, 2, 5, 6, 7, 9, 12, 13, 15, 16, 19, 21, 22, 26, 30, 31, 33, 35, 37, 41, 
  43, 48, 50, 51, 56, 59, 62, 63 ],
[ 1, 2, 5, 6, 7, 9, 12, 13, 15, 16, 19, 21, 22, 26, 27, 31, 33, 35, 36, 37, 
  41, 48, 51, 52, 53, 58, 62, 64 ],
[ 1, 2, 5, 6, 7, 9, 12, 13, 15, 16, 19, 21, 22, 26, 27, 31, 33, 35, 36, 37, 
  41, 43, 48, 51, 52, 53, 59, 62 ],
[ 1, 2, 5, 6, 7, 9, 12, 13, 15, 16, 18, 19, 21, 22, 25, 26, 31, 35, 37, 50, 
  51, 52, 54, 56, 58, 62, 63, 64 ],
[ 1, 2, 5, 6, 7, 9, 12, 13, 15, 16, 18, 19, 21, 22, 25, 26, 31, 35, 37, 43, 
  50, 51, 52, 54, 56, 59, 62, 63 ],
[ 1, 2, 5, 6, 7, 9, 12, 13, 15, 16, 18, 19, 21, 22, 25, 26, 27, 31, 33, 35, 
  37, 49, 51, 52, 53, 56, 58, 64 ],
[ 1, 2, 5, 6, 7, 9, 12, 13, 15, 16, 18, 19, 21, 22, 25, 26, 27, 31, 33, 35, 
  37, 43, 49, 51, 52, 53, 56, 59 ],
[ 1, 2, 5, 6, 7, 8, 12, 14, 16, 19, 21, 22, 26, 28, 29, 31, 34, 35, 37, 38, 
  41, 49, 50, 52, 53, 54, 59, 64 ],
[ 1, 2, 5, 6, 7, 8, 12, 14, 16, 19, 21, 22, 26, 28, 29, 31, 33, 34, 35, 37, 
  38, 41, 49, 50, 52, 59, 63, 64 ],
[ 1, 2, 5, 6, 7, 8, 12, 14, 16, 19, 21, 22, 26, 27, 28, 29, 31, 34, 35, 37, 
  38, 41, 52, 53, 54, 59, 62, 64 ],
[ 1, 2, 5, 6, 7, 8, 12, 14, 16, 19, 21, 22, 26, 27, 28, 29, 31, 33, 34, 35, 
  37, 38, 41, 52, 59, 62, 63, 64 ],
[ 1, 2, 5, 6, 7, 8, 12, 14, 16, 18, 19, 21, 22, 26, 27, 28, 29, 31, 35, 37, 
  38, 49, 52, 53, 54, 55, 58, 59 ],
[ 1, 2, 5, 6, 7, 8, 12, 14, 16, 18, 19, 21, 22, 26, 27, 28, 29, 31, 35, 37, 
  38, 43, 49, 52, 53, 54, 55, 64 ],
[ 1, 2, 5, 6, 7, 8, 12, 14, 16, 18, 19, 21, 22, 26, 27, 28, 29, 31, 33, 35, 
  37, 38, 49, 52, 55, 58, 59, 63 ],
[ 1, 2, 5, 6, 7, 8, 12, 14, 16, 18, 19, 21, 22, 26, 27, 28, 29, 31, 33, 35, 
  37, 38, 43, 49, 52, 55, 63, 64 ],
[ 1, 2, 5, 6, 7, 8, 12, 14, 15, 16, 19, 21, 22, 26, 28, 29, 30, 31, 35, 37, 
  41, 50, 53, 54, 55, 59, 62, 64 ],
[ 1, 2, 5, 6, 7, 8, 12, 14, 15, 16, 19, 21, 22, 26, 27, 28, 29, 30, 31, 35, 
  37, 41, 43, 49, 53, 54, 55, 58 ],
[ 1, 2, 4, 6, 7, 12, 14, 16, 19, 21, 22, 30, 31, 37, 38, 39, 40, 42, 45, 46, 
  47, 50, 53, 54, 58, 60, 62, 64 ],
[ 1, 2, 4, 6, 7, 12, 14, 16, 19, 21, 22, 30, 31, 37, 38, 39, 40, 42, 43, 45, 
  46, 47, 50, 53, 54, 59, 60, 62 ],
[ 1, 2, 4, 6, 7, 12, 14, 16, 19, 21, 22, 30, 31, 33, 37, 38, 39, 40, 42, 45, 
  46, 47, 50, 58, 60, 62, 63, 64 ],
[ 1, 2, 4, 6, 7, 12, 14, 16, 19, 21, 22, 30, 31, 33, 37, 38, 39, 40, 42, 43, 
  45, 46, 47, 50, 59, 60, 62, 63 ],
[ 1, 2, 4, 6, 7, 12, 14, 16, 19, 21, 22, 23, 27, 30, 31, 37, 38, 39, 40, 42, 
  44, 46, 47, 49, 53, 54, 58, 64 ],
[ 1, 2, 4, 6, 7, 12, 14, 16, 19, 21, 22, 23, 27, 30, 31, 37, 38, 39, 40, 42, 
  43, 44, 46, 47, 49, 53, 54, 59 ],
[ 1, 2, 4, 6, 7, 12, 14, 16, 19, 21, 22, 23, 27, 30, 31, 33, 37, 38, 39, 40, 
  42, 44, 46, 47, 49, 58, 63, 64 ],
[ 1, 2, 4, 6, 7, 12, 14, 16, 19, 21, 22, 23, 27, 30, 31, 33, 37, 38, 39, 40, 
  42, 43, 44, 46, 47, 49, 59, 63 ],
[ 1, 2, 4, 6, 7, 12, 14, 15, 16, 19, 21, 22, 26, 29, 30, 31, 34, 35, 37, 42, 
  48, 49, 50, 51, 54, 58, 63, 64 ],
[ 1, 2, 4, 6, 7, 12, 14, 15, 16, 19, 21, 22, 26, 29, 30, 31, 34, 35, 37, 42, 
  43, 48, 49, 50, 51, 54, 59, 63 ],
[ 1, 2, 4, 6, 7, 12, 14, 15, 16, 19, 21, 22, 26, 27, 29, 30, 31, 34, 35, 37, 
  42, 48, 51, 54, 58, 62, 63, 64 ],
[ 1, 2, 4, 6, 7, 12, 14, 15, 16, 19, 21, 22, 26, 27, 29, 30, 31, 34, 35, 37, 
  42, 43, 48, 51, 54, 59, 62, 63 ],
[ 1, 2, 4, 6, 7, 10, 12, 16, 19, 21, 22, 31, 36, 37, 38, 39, 42, 45, 46, 47, 
  50, 53, 54, 57, 58, 59, 60, 62 ],
[ 1, 2, 4, 6, 7, 10, 12, 16, 19, 21, 22, 31, 36, 37, 38, 39, 42, 43, 45, 46, 
  47, 50, 53, 54, 57, 60, 62, 64 ],
[ 1, 2, 4, 6, 7, 10, 12, 16, 19, 21, 22, 31, 33, 36, 37, 38, 39, 42, 45, 46, 
  47, 50, 57, 58, 59, 60, 62, 63 ],
[ 1, 2, 4, 6, 7, 10, 12, 16, 19, 21, 22, 31, 33, 36, 37, 38, 39, 42, 43, 45, 
  46, 47, 50, 57, 60, 62, 63, 64 ],
[ 1, 2, 4, 6, 7, 10, 12, 16, 19, 20, 21, 22, 31, 36, 37, 38, 39, 43, 45, 47, 
  49, 50, 54, 57, 60, 61, 63, 64 ],
[ 1, 2, 4, 6, 7, 10, 12, 16, 19, 20, 21, 22, 27, 31, 36, 37, 38, 39, 45, 47, 
  54, 57, 58, 59, 60, 61, 62, 63 ],
[ 1, 2, 4, 6, 7, 10, 12, 16, 17, 19, 21, 22, 31, 36, 37, 38, 40, 42, 45, 46, 
  47, 50, 53, 54, 58, 59, 60, 62 ],
[ 1, 2, 4, 6, 7, 10, 12, 16, 17, 19, 21, 22, 31, 33, 36, 37, 38, 40, 42, 43, 
  45, 46, 47, 50, 60, 62, 63, 64 ],
[ 1, 2, 4, 6, 7, 10, 12, 14, 15, 16, 19, 21, 22, 26, 29, 34, 35, 37, 42, 48, 
  49, 50, 51, 52, 54, 58, 63, 64 ],
[ 1, 2, 4, 6, 7, 10, 12, 14, 15, 16, 19, 21, 22, 26, 29, 34, 35, 37, 42, 43, 
  48, 49, 50, 51, 52, 54, 59, 63 ],
[ 1, 2, 4, 6, 7, 10, 12, 14, 15, 16, 19, 21, 22, 26, 27, 29, 34, 35, 37, 42, 
  48, 51, 52, 54, 58, 62, 63, 64 ],
[ 1, 2, 4, 6, 7, 10, 12, 14, 15, 16, 19, 21, 22, 26, 27, 29, 34, 35, 37, 42, 
  43, 48, 51, 52, 54, 59, 62, 63 ],
[ 1, 2, 4, 6, 7, 8, 12, 13, 16, 19, 21, 22, 26, 29, 30, 31, 35, 36, 37, 38, 
  42, 43, 49, 50, 51, 53, 54, 58 ],
[ 1, 2, 4, 6, 7, 8, 12, 13, 16, 19, 21, 22, 26, 29, 30, 31, 33, 35, 36, 37, 
  38, 42, 43, 49, 50, 51, 58, 63 ],
[ 1, 2, 4, 6, 7, 8, 12, 13, 16, 19, 21, 22, 26, 27, 29, 30, 31, 35, 36, 37, 
  38, 42, 43, 51, 53, 54, 58, 62 ],
[ 1, 2, 4, 6, 7, 8, 12, 13, 16, 19, 21, 22, 26, 27, 29, 30, 31, 33, 35, 36, 
  37, 38, 42, 43, 51, 58, 62, 63 ],
[ 1, 2, 4, 6, 7, 8, 12, 13, 15, 16, 19, 20, 21, 22, 26, 28, 29, 31, 35, 37, 
  43, 50, 52, 54, 56, 62, 63, 64 ],
[ 1, 2, 4, 6, 7, 8, 12, 13, 15, 16, 19, 20, 21, 22, 26, 27, 28, 29, 31, 33, 
  35, 37, 43, 49, 52, 53, 56, 64 ],
[ 1, 2, 4, 5, 6, 7, 12, 16, 19, 21, 22, 30, 31, 36, 37, 38, 39, 40, 45, 47, 
  49, 54, 58, 59, 60, 61, 62, 63 ],
[ 1, 2, 4, 5, 6, 7, 12, 16, 19, 21, 22, 27, 30, 31, 36, 37, 38, 39, 40, 45, 
  47, 50, 54, 58, 59, 60, 61, 63 ],
[ 1, 2, 4, 5, 6, 7, 12, 16, 19, 21, 22, 23, 30, 31, 33, 36, 37, 38, 39, 40, 
  44, 47, 49, 53, 58, 59, 61, 62 ],
[ 1, 2, 4, 5, 6, 7, 12, 16, 19, 21, 22, 23, 27, 30, 31, 33, 36, 37, 38, 39, 
  40, 44, 47, 50, 53, 58, 59, 61 ],
[ 1, 2, 4, 5, 6, 7, 12, 15, 16, 19, 21, 22, 26, 29, 31, 34, 35, 36, 37, 48, 
  49, 51, 52, 53, 54, 59, 62, 64 ],
[ 1, 2, 4, 5, 6, 7, 12, 15, 16, 19, 21, 22, 26, 29, 31, 34, 35, 36, 37, 43, 
  48, 49, 51, 52, 53, 54, 58, 62 ],
[ 1, 2, 4, 5, 6, 7, 12, 15, 16, 19, 21, 22, 26, 28, 29, 30, 31, 35, 37, 48, 
  49, 53, 54, 55, 56, 59, 62, 64 ],
[ 1, 2, 4, 5, 6, 7, 12, 15, 16, 19, 21, 22, 26, 27, 29, 31, 34, 35, 36, 37, 
  48, 50, 51, 52, 53, 54, 59, 64 ],
[ 1, 2, 4, 5, 6, 7, 12, 15, 16, 19, 21, 22, 26, 27, 29, 31, 34, 35, 36, 37, 
  43, 48, 50, 51, 52, 53, 54, 58 ],
[ 1, 2, 4, 5, 6, 7, 12, 15, 16, 19, 21, 22, 26, 27, 28, 29, 30, 31, 35, 37, 
  48, 50, 53, 54, 55, 56, 59, 64 ],
[ 1, 2, 4, 5, 6, 7, 12, 14, 16, 19, 21, 22, 26, 28, 29, 30, 31, 34, 35, 38, 
  43, 48, 49, 54, 56, 58, 62, 63 ],
[ 1, 2, 4, 5, 6, 7, 12, 14, 16, 19, 21, 22, 26, 28, 29, 30, 31, 33, 34, 35, 
  38, 48, 49, 53, 56, 59, 62, 64 ],
[ 1, 2, 4, 5, 6, 7, 12, 14, 16, 19, 21, 22, 26, 27, 28, 29, 30, 31, 34, 35, 
  38, 43, 48, 50, 54, 56, 58, 63 ],
[ 1, 2, 4, 5, 6, 7, 12, 14, 16, 19, 21, 22, 26, 27, 28, 29, 30, 31, 33, 34, 
  35, 38, 48, 50, 53, 56, 59, 64 ],
[ 1, 2, 4, 5, 6, 7, 12, 14, 15, 16, 19, 21, 22, 26, 29, 31, 33, 34, 35, 48, 
  49, 51, 52, 56, 59, 62, 63, 64 ],
[ 1, 2, 4, 5, 6, 7, 12, 14, 15, 16, 19, 21, 22, 26, 29, 31, 33, 34, 35, 43, 
  48, 49, 51, 52, 56, 58, 62, 63 ],
[ 1, 2, 4, 5, 6, 7, 12, 14, 15, 16, 19, 21, 22, 26, 28, 29, 30, 31, 35, 36, 
  43, 48, 49, 53, 54, 55, 58, 62 ],
[ 1, 2, 4, 5, 6, 7, 12, 14, 15, 16, 19, 21, 22, 26, 27, 29, 31, 33, 34, 35, 
  48, 50, 51, 52, 56, 59, 63, 64 ],
[ 1, 2, 4, 5, 6, 7, 12, 14, 15, 16, 19, 21, 22, 26, 27, 29, 31, 33, 34, 35, 
  43, 48, 50, 51, 52, 56, 58, 63 ],
[ 1, 2, 4, 5, 6, 7, 12, 14, 15, 16, 19, 21, 22, 26, 27, 28, 29, 30, 31, 35, 
  36, 43, 48, 50, 53, 54, 55, 58 ],
[ 1, 2, 3, 6, 7, 10, 12, 16, 18, 19, 21, 22, 26, 29, 31, 34, 35, 36, 42, 48, 
  49, 50, 51, 54, 56, 58, 59, 63 ],
[ 1, 2, 3, 6, 7, 10, 12, 16, 18, 19, 21, 22, 26, 27, 29, 31, 34, 35, 36, 42, 
  43, 48, 51, 54, 56, 62, 63, 64 ],
[ 1, 2, 3, 5, 7, 12, 16, 19, 21, 22, 26, 28, 29, 30, 32, 33, 35, 37, 38, 39, 
  42, 46, 51, 53, 60, 62, 63, 64 ],
[ 1, 2, 3, 5, 7, 12, 16, 19, 21, 22, 26, 28, 29, 30, 32, 33, 35, 36, 38, 39, 
  42, 43, 47, 51, 54, 60, 62, 63 ],
[ 1, 2, 3, 5, 7, 12, 16, 19, 20, 21, 22, 26, 27, 28, 29, 31, 32, 33, 35, 38, 
  46, 51, 53, 54, 56, 57, 60, 64 ],
[ 1, 2, 3, 5, 7, 12, 16, 19, 20, 21, 22, 26, 27, 28, 29, 31, 32, 33, 35, 36, 
  38, 51, 54, 57, 58, 60, 61, 63 ],
[ 1, 2, 3, 5, 7, 12, 16, 19, 20, 21, 22, 24, 26, 27, 29, 31, 32, 33, 34, 35, 
  37, 38, 49, 55, 57, 59, 60, 62 ],
[ 1, 2, 3, 5, 7, 12, 14, 16, 19, 20, 21, 22, 26, 28, 29, 31, 32, 33, 35, 38, 
  40, 47, 49, 51, 54, 58, 60, 63 ],
[ 1, 2, 3, 5, 7, 12, 14, 16, 19, 20, 21, 22, 26, 27, 29, 31, 32, 34, 35, 38, 
  43, 47, 49, 54, 55, 57, 60, 62 ],
[ 1, 2, 3, 5, 7, 12, 13, 16, 19, 21, 22, 26, 28, 29, 30, 32, 33, 36, 38, 42, 
  43, 44, 47, 49, 51, 54, 57, 63 ],
[ 1, 2, 3, 5, 7, 12, 13, 16, 19, 20, 21, 22, 26, 27, 29, 31, 32, 35, 36, 38, 
  43, 45, 49, 54, 55, 57, 61, 62 ],
[ 1, 2, 3, 5, 7, 12, 13, 16, 19, 20, 21, 22, 26, 27, 29, 31, 32, 33, 35, 38, 
  45, 46, 49, 55, 56, 57, 59, 62 ],
[ 1, 2, 3, 5, 7, 12, 13, 16, 19, 20, 21, 22, 26, 27, 28, 29, 31, 32, 33, 36, 
  38, 44, 51, 53, 54, 57, 61, 64 ],
[ 1, 2, 3, 5, 7, 12, 13, 16, 19, 20, 21, 22, 23, 26, 29, 31, 32, 33, 34, 35, 
  38, 39, 46, 49, 50, 56, 59, 62 ],
[ 1, 2, 3, 5, 7, 12, 13, 16, 19, 20, 21, 22, 23, 26, 27, 29, 31, 32, 33, 34, 
  35, 36, 38, 49, 57, 59, 61, 62 ],
[ 1, 2, 3, 5, 7, 12, 13, 16, 17, 19, 21, 22, 26, 28, 29, 30, 32, 33, 37, 38, 
  42, 43, 44, 46, 50, 51, 54, 63 ],
[ 1, 2, 3, 5, 7, 12, 13, 16, 17, 19, 20, 21, 22, 24, 26, 28, 29, 31, 32, 33, 
  37, 38, 44, 51, 53, 54, 62, 64 ],
[ 1, 2, 3, 5, 7, 12, 13, 15, 16, 19, 21, 22, 26, 28, 29, 32, 33, 37, 40, 42, 
  43, 46, 50, 51, 52, 54, 60, 63 ],
[ 1, 2, 3, 5, 7, 12, 13, 15, 16, 19, 21, 22, 26, 28, 29, 32, 33, 37, 39, 42, 
  46, 49, 51, 52, 53, 60, 63, 64 ],
[ 1, 2, 3, 5, 7, 12, 13, 15, 16, 19, 21, 22, 26, 28, 29, 32, 33, 36, 39, 42, 
  43, 47, 49, 51, 52, 54, 60, 63 ],
[ 1, 2, 3, 5, 7, 12, 13, 15, 16, 19, 21, 22, 26, 28, 29, 30, 32, 33, 37, 39, 
  42, 51, 53, 58, 60, 61, 62, 63 ],
[ 1, 2, 3, 5, 7, 12, 13, 15, 16, 19, 21, 22, 26, 27, 28, 29, 31, 32, 33, 36, 
  39, 42, 51, 54, 58, 60, 61, 63 ],
[ 1, 2, 3, 5, 7, 12, 13, 15, 16, 19, 21, 22, 26, 27, 28, 29, 30, 32, 33, 37, 
  40, 42, 51, 54, 59, 60, 61, 63 ],
[ 1, 2, 3, 5, 7, 12, 13, 15, 16, 19, 21, 22, 24, 26, 28, 29, 32, 40, 42, 50, 
  51, 52, 53, 54, 56, 58, 60, 63 ],
[ 1, 2, 3, 5, 7, 12, 13, 15, 16, 19, 21, 22, 24, 26, 28, 29, 32, 33, 39, 42, 
  49, 51, 52, 53, 54, 56, 59, 60 ],
[ 1, 2, 3, 5, 7, 12, 13, 15, 16, 19, 21, 22, 24, 26, 27, 29, 31, 32, 33, 34, 
  37, 39, 42, 49, 55, 59, 60, 62 ],
[ 1, 2, 3, 5, 7, 12, 13, 15, 16, 19, 20, 21, 22, 26, 27, 28, 29, 32, 33, 40, 
  47, 51, 52, 53, 56, 58, 60, 63 ],
[ 1, 2, 3, 5, 7, 12, 13, 15, 16, 19, 20, 21, 22, 26, 27, 28, 29, 31, 32, 33, 
  51, 53, 54, 56, 57, 58, 60, 61 ],
[ 1, 2, 3, 5, 7, 12, 13, 15, 16, 19, 20, 21, 22, 23, 26, 27, 29, 31, 32, 33, 
  35, 36, 43, 46, 49, 55, 57, 62 ],
[ 1, 2, 3, 5, 7, 12, 13, 15, 16, 17, 19, 21, 22, 24, 26, 28, 29, 31, 32, 33, 
  37, 42, 49, 51, 53, 54, 60, 64 ],
[ 1, 2, 3, 5, 7, 12, 13, 14, 16, 19, 20, 21, 22, 26, 27, 29, 31, 32, 33, 34, 
  38, 44, 47, 49, 55, 57, 59, 62 ],
[ 1, 2, 3, 5, 7, 12, 13, 14, 15, 16, 17, 19, 20, 21, 22, 24, 26, 28, 29, 31, 
  32, 33, 51, 53, 54, 58, 60, 62 ],
[ 1, 2, 3, 5, 7, 11, 12, 16, 19, 21, 22, 24, 26, 28, 29, 30, 33, 35, 36, 38, 
  39, 42, 43, 44, 49, 51, 54, 63 ],
[ 1, 2, 3, 5, 7, 11, 12, 16, 19, 20, 21, 22, 26, 28, 29, 33, 35, 37, 38, 44, 
  51, 52, 53, 57, 61, 62, 63, 64 ],
[ 1, 2, 3, 5, 7, 11, 12, 16, 19, 20, 21, 22, 26, 28, 29, 33, 35, 37, 38, 40, 
  44, 50, 51, 52, 53, 54, 59, 61 ],
[ 1, 2, 3, 5, 7, 11, 12, 16, 17, 19, 20, 21, 22, 26, 28, 29, 30, 33, 35, 37, 
  38, 44, 46, 50, 51, 54, 59, 63 ],
[ 1, 2, 3, 5, 7, 11, 12, 14, 16, 19, 21, 22, 26, 28, 29, 31, 33, 35, 38, 40, 
  42, 44, 47, 49, 51, 53, 54, 58 ],
[ 1, 2, 3, 5, 7, 11, 12, 13, 16, 19, 21, 22, 26, 29, 31, 34, 35, 38, 39, 42, 
  45, 46, 49, 50, 54, 56, 59, 62 ],
[ 1, 2, 3, 5, 7, 11, 12, 13, 16, 19, 21, 22, 26, 29, 31, 33, 34, 35, 36, 38, 
  39, 42, 43, 45, 49, 50, 61, 62 ],
[ 1, 2, 3, 5, 7, 11, 12, 13, 16, 19, 21, 22, 26, 28, 29, 31, 33, 36, 38, 39, 
  42, 50, 51, 53, 54, 58, 60, 61 ],
[ 1, 2, 3, 5, 7, 11, 12, 13, 16, 19, 21, 22, 23, 26, 27, 29, 31, 33, 35, 36, 
  38, 42, 43, 49, 55, 57, 61, 62 ],
[ 1, 2, 3, 5, 7, 11, 12, 13, 16, 19, 20, 21, 22, 26, 29, 31, 33, 34, 35, 36, 
  38, 45, 46, 49, 50, 57, 59, 62 ],
[ 1, 2, 3, 5, 7, 11, 12, 13, 16, 19, 20, 21, 22, 26, 28, 29, 38, 40, 47, 50, 
  51, 52, 53, 54, 56, 58, 60, 63 ],
[ 1, 2, 3, 5, 7, 11, 12, 13, 16, 19, 20, 21, 22, 26, 28, 29, 37, 38, 51, 52, 
  53, 54, 57, 58, 60, 61, 62, 63 ],
[ 1, 2, 3, 5, 7, 11, 12, 13, 16, 19, 20, 21, 22, 26, 27, 28, 29, 30, 33, 37, 
  38, 40, 46, 51, 54, 59, 60, 63 ],
[ 1, 2, 3, 5, 7, 11, 12, 13, 15, 16, 19, 20, 21, 22, 26, 29, 31, 33, 35, 36, 
  43, 45, 49, 50, 55, 57, 61, 62 ],
[ 1, 2, 3, 5, 7, 11, 12, 13, 15, 16, 19, 20, 21, 22, 24, 26, 29, 31, 33, 34, 
  37, 43, 44, 49, 50, 55, 57, 62 ],
[ 1, 2, 3, 5, 7, 11, 12, 13, 14, 16, 19, 21, 22, 26, 29, 31, 33, 34, 38, 39, 
  42, 43, 47, 49, 50, 55, 60, 62 ],
[ 1, 2, 3, 5, 7, 9, 12, 16, 19, 21, 22, 26, 28, 29, 32, 33, 34, 37, 38, 39, 
  42, 50, 52, 54, 58, 60, 61, 63 ],
[ 1, 2, 3, 5, 7, 9, 12, 16, 19, 21, 22, 26, 28, 29, 31, 32, 33, 34, 37, 38, 
  39, 42, 43, 47, 54, 60, 62, 63 ],
[ 1, 2, 3, 5, 7, 9, 12, 16, 19, 21, 22, 23, 25, 28, 29, 31, 32, 33, 34, 36, 
  38, 39, 42, 43, 47, 53, 62, 63 ],
[ 1, 2, 3, 5, 7, 9, 12, 16, 19, 20, 21, 22, 27, 28, 29, 30, 32, 33, 34, 37, 
  38, 43, 45, 47, 48, 54, 57, 63 ],
[ 1, 2, 3, 5, 7, 9, 12, 16, 19, 20, 21, 22, 26, 29, 31, 32, 33, 35, 38, 45, 
  46, 49, 51, 53, 54, 56, 57, 59 ],
[ 1, 2, 3, 5, 7, 9, 12, 16, 19, 20, 21, 22, 23, 25, 28, 29, 31, 32, 34, 38, 
  43, 47, 53, 54, 56, 57, 62, 63 ],
[ 1, 2, 3, 5, 7, 9, 12, 15, 16, 19, 21, 22, 26, 28, 29, 32, 33, 37, 39, 42, 
  46, 50, 52, 54, 55, 60, 63, 64 ],
[ 1, 2, 3, 5, 7, 9, 12, 15, 16, 19, 21, 22, 26, 27, 29, 32, 33, 34, 37, 39, 
  42, 46, 51, 52, 53, 54, 60, 64 ],
[ 1, 2, 3, 4, 6, 7, 12, 16, 19, 21, 22, 30, 31, 33, 36, 37, 39, 40, 42, 44, 
  47, 50, 53, 58, 59, 60, 61, 62 ],
[ 1, 2, 3, 4, 6, 7, 12, 16, 19, 21, 22, 24, 27, 30, 31, 33, 36, 37, 39, 40, 
  42, 44, 46, 49, 53, 58, 59, 60 ],
[ 1, 2, 3, 4, 5, 7, 12, 16, 19, 21, 22, 26, 29, 30, 32, 33, 37, 38, 39, 41, 
  42, 46, 50, 55, 58, 59, 60, 64 ],
[ 1, 2, 3, 4, 5, 7, 12, 16, 19, 20, 21, 22, 26, 27, 31, 32, 35, 36, 38, 41, 
  43, 51, 54, 57, 58, 60, 61, 64 ],
[ 1, 2, 3, 4, 5, 7, 12, 16, 19, 20, 21, 22, 24, 26, 31, 32, 33, 35, 37, 38, 
  40, 41, 49, 51, 58, 59, 60, 64 ],
[ 1, 2, 3, 4, 5, 7, 12, 16, 18, 19, 21, 22, 26, 31, 32, 33, 35, 37, 38, 40, 
  42, 44, 47, 49, 51, 58, 59, 64 ],
[ 1, 2, 3, 4, 5, 7, 12, 16, 18, 19, 21, 22, 26, 29, 31, 32, 33, 37, 38, 42, 
  43, 44, 47, 49, 55, 57, 59, 64 ],
[ 1, 2, 3, 4, 5, 7, 12, 16, 18, 19, 21, 22, 26, 27, 31, 32, 35, 36, 38, 42, 
  43, 44, 46, 51, 54, 57, 58, 64 ],
[ 1, 2, 3, 4, 5, 7, 12, 16, 18, 19, 21, 22, 26, 27, 29, 32, 34, 37, 38, 42, 
  43, 52, 54, 57, 58, 60, 61, 64 ],
[ 1, 2, 3, 4, 5, 7, 12, 16, 18, 19, 21, 22, 23, 26, 27, 29, 32, 35, 37, 38, 
  42, 43, 52, 53, 57, 59, 61, 64 ],
[ 1, 2, 3, 4, 5, 7, 12, 16, 18, 19, 20, 21, 22, 26, 29, 30, 32, 33, 37, 38, 
  39, 44, 50, 55, 58, 59, 61, 64 ],
[ 1, 2, 3, 4, 5, 7, 12, 16, 18, 19, 20, 21, 22, 26, 27, 29, 30, 32, 33, 34, 
  37, 38, 57, 58, 59, 60, 61, 64 ],
[ 1, 2, 3, 4, 5, 7, 12, 16, 18, 19, 20, 21, 22, 26, 27, 28, 31, 32, 35, 38, 
  43, 46, 54, 56, 57, 58, 60, 64 ],
[ 1, 2, 3, 4, 5, 7, 12, 15, 16, 19, 21, 22, 26, 29, 32, 34, 37, 41, 42, 43, 
  46, 50, 52, 54, 57, 58, 60, 64 ],
[ 1, 2, 3, 4, 5, 7, 12, 15, 16, 19, 21, 22, 26, 29, 32, 33, 37, 41, 42, 44, 
  46, 50, 52, 55, 57, 58, 59, 64 ],
[ 1, 2, 3, 4, 5, 7, 12, 15, 16, 19, 21, 22, 26, 29, 30, 32, 37, 39, 41, 42, 
  44, 50, 54, 55, 58, 59, 61, 64 ],
[ 1, 2, 3, 4, 5, 7, 12, 15, 16, 19, 21, 22, 26, 27, 29, 32, 33, 34, 37, 39, 
  41, 42, 46, 52, 58, 59, 60, 64 ],
[ 1, 2, 3, 4, 5, 7, 12, 15, 16, 19, 21, 22, 26, 27, 29, 30, 32, 34, 37, 41, 
  42, 54, 57, 58, 59, 60, 61, 64 ],
[ 1, 2, 3, 4, 5, 7, 12, 15, 16, 19, 21, 22, 24, 26, 31, 32, 33, 35, 37, 40, 
  41, 42, 44, 51, 58, 59, 62, 64 ],
[ 1, 2, 3, 4, 5, 7, 12, 15, 16, 19, 21, 22, 24, 26, 29, 31, 32, 34, 37, 41, 
  42, 43, 54, 57, 58, 59, 60, 62 ],
[ 1, 2, 3, 4, 5, 7, 12, 15, 16, 19, 21, 22, 23, 26, 29, 32, 35, 37, 41, 42, 
  43, 46, 50, 52, 53, 57, 59, 64 ],
[ 1, 2, 3, 4, 5, 7, 12, 15, 16, 19, 20, 21, 22, 26, 28, 31, 32, 35, 41, 43, 
  50, 54, 56, 57, 58, 60, 61, 64 ],
[ 1, 2, 3, 4, 5, 7, 12, 15, 16, 19, 20, 21, 22, 26, 28, 31, 32, 35, 37, 40, 
  41, 43, 47, 54, 58, 60, 62, 64 ],
[ 1, 2, 3, 4, 5, 7, 12, 15, 16, 19, 20, 21, 22, 26, 27, 28, 31, 32, 35, 36, 
  39, 41, 43, 46, 54, 58, 60, 64 ],
[ 1, 2, 3, 4, 5, 7, 12, 15, 16, 18, 19, 21, 22, 26, 27, 29, 30, 32, 33, 37, 
  39, 42, 55, 58, 59, 60, 61, 64 ],
[ 1, 2, 3, 4, 5, 7, 12, 15, 16, 18, 19, 21, 22, 24, 26, 29, 31, 32, 37, 42, 
  43, 49, 54, 55, 57, 59, 60, 64 ],
[ 1, 2, 3, 4, 5, 7, 12, 15, 16, 18, 19, 20, 21, 22, 26, 31, 32, 35, 36, 43, 
  46, 50, 51, 54, 57, 58, 60, 64 ],
[ 1, 2, 3, 4, 5, 7, 12, 15, 16, 17, 19, 21, 22, 24, 26, 28, 31, 32, 35, 37, 
  41, 42, 54, 58, 59, 60, 62, 64 ],
[ 1, 2, 3, 4, 5, 7, 12, 14, 16, 19, 20, 21, 22, 26, 31, 32, 35, 38, 40, 41, 
  43, 47, 49, 51, 54, 58, 60, 64 ],
[ 1, 2, 3, 4, 5, 7, 12, 14, 16, 17, 18, 19, 20, 21, 22, 26, 28, 31, 32, 35, 
  38, 43, 47, 54, 58, 60, 62, 64 ],
[ 1, 2, 3, 4, 5, 7, 12, 14, 15, 16, 19, 20, 21, 22, 24, 26, 31, 32, 33, 35, 
  40, 41, 43, 44, 49, 51, 58, 64 ],
[ 1, 2, 3, 4, 5, 7, 12, 14, 15, 16, 19, 20, 21, 22, 24, 26, 29, 31, 32, 34, 
  41, 43, 49, 54, 57, 59, 60, 64 ],
[ 1, 2, 3, 4, 5, 7, 12, 14, 15, 16, 19, 20, 21, 22, 24, 26, 29, 31, 32, 33, 
  34, 39, 41, 43, 58, 59, 60, 62 ],
[ 1, 2, 3, 4, 5, 7, 12, 14, 15, 16, 19, 20, 21, 22, 24, 26, 28, 31, 32, 33, 
  35, 40, 41, 58, 59, 60, 62, 64 ],
[ 1, 2, 3, 4, 5, 7, 12, 14, 15, 16, 18, 19, 20, 21, 22, 24, 26, 29, 31, 32, 
  43, 54, 55, 57, 58, 59, 60, 62 ],
[ 1, 2, 3, 4, 5, 7, 12, 14, 15, 16, 17, 19, 20, 21, 22, 24, 26, 28, 31, 32, 
  35, 41, 43, 49, 54, 58, 60, 64 ],
[ 1, 2, 3, 4, 5, 7, 12, 13, 16, 19, 21, 22, 23, 26, 29, 30, 32, 37, 38, 39, 
  41, 42, 43, 46, 50, 58, 59, 63 ],
[ 1, 2, 3, 4, 5, 7, 12, 13, 16, 19, 20, 21, 22, 23, 26, 29, 31, 32, 33, 38, 
  39, 41, 43, 46, 56, 59, 62, 64 ],
[ 1, 2, 3, 4, 5, 7, 12, 13, 16, 18, 19, 20, 21, 22, 26, 27, 29, 30, 32, 37, 
  38, 43, 45, 53, 57, 59, 61, 64 ],
[ 1, 2, 3, 4, 5, 7, 12, 13, 15, 16, 19, 21, 22, 26, 29, 32, 37, 41, 42, 43, 
  45, 46, 50, 52, 57, 58, 59, 63 ],
[ 1, 2, 3, 4, 5, 7, 12, 13, 15, 16, 19, 21, 22, 26, 29, 31, 32, 36, 39, 41, 
  42, 43, 45, 49, 54, 58, 59, 61 ],
[ 1, 2, 3, 4, 5, 7, 12, 13, 15, 16, 19, 21, 22, 26, 29, 30, 32, 37, 39, 41, 
  42, 43, 45, 50, 53, 58, 59, 61 ],
[ 1, 2, 3, 4, 5, 7, 12, 13, 15, 16, 19, 20, 21, 22, 26, 29, 31, 32, 36, 41, 
  43, 45, 46, 49, 54, 57, 59, 64 ],
[ 1, 2, 3, 4, 5, 7, 12, 13, 15, 16, 19, 20, 21, 22, 26, 29, 31, 32, 33, 36, 
  39, 41, 43, 45, 46, 58, 59, 62 ],
[ 1, 2, 3, 4, 5, 7, 12, 13, 15, 16, 19, 20, 21, 22, 26, 29, 30, 32, 37, 41, 
  43, 45, 46, 50, 53, 57, 59, 64 ],
[ 1, 2, 3, 4, 5, 7, 12, 13, 15, 16, 18, 19, 21, 22, 23, 26, 29, 32, 37, 39, 
  42, 43, 46, 50, 52, 59, 63, 64 ],
[ 1, 2, 3, 4, 5, 7, 12, 13, 15, 16, 18, 19, 21, 22, 23, 26, 29, 31, 32, 36, 
  42, 43, 49, 54, 57, 59, 61, 64 ],
[ 1, 2, 3, 4, 5, 7, 12, 13, 15, 16, 18, 19, 21, 22, 23, 26, 29, 30, 32, 37, 
  42, 43, 50, 53, 57, 59, 61, 64 ],
[ 1, 2, 3, 4, 5, 7, 12, 13, 15, 16, 18, 19, 21, 22, 23, 26, 27, 29, 30, 32, 
  37, 39, 42, 43, 58, 59, 61, 63 ],
[ 1, 2, 3, 4, 5, 7, 12, 13, 15, 16, 18, 19, 20, 21, 22, 23, 26, 29, 31, 32, 
  33, 36, 43, 46, 57, 59, 62, 64 ]
];

