## Group: [64, 242]
## Difference Sets: 218
## Time:  0:18:19.744

return [
[ 1, 2, 3, 4, 5, 6, 7, 8, 9, 10, 11, 12, 13, 14, 15, 16, 17, 29, 37, 39, 45, 
  47, 51, 56, 57, 58, 62, 63 ],
[ 1, 2, 3, 4, 5, 6, 7, 8, 9, 10, 11, 12, 13, 14, 16, 17, 24, 31, 34, 35, 38, 
  39, 45, 52, 57, 62, 63, 64 ],
[ 1, 2, 3, 4, 5, 6, 7, 8, 9, 10, 11, 12, 13, 14, 16, 18, 19, 20, 21, 38, 45, 
  47, 53, 57, 58, 59, 62, 64 ],
[ 1, 2, 3, 4, 5, 6, 7, 8, 9, 10, 11, 12, 13, 14, 16, 18, 19, 20, 38, 40, 42, 
  43, 45, 53, 59, 61, 62, 64 ],
[ 1, 2, 3, 4, 5, 6, 7, 8, 9, 10, 11, 12, 13, 14, 16, 18, 19, 21, 24, 38, 39, 
  42, 43, 45, 53, 58, 62, 64 ],
[ 1, 2, 3, 4, 5, 6, 7, 8, 9, 10, 11, 12, 13, 14, 16, 18, 19, 24, 31, 38, 39, 
  45, 52, 53, 54, 62, 63, 64 ],
[ 1, 2, 3, 4, 5, 6, 7, 8, 9, 10, 11, 12, 13, 14, 16, 19, 23, 30, 31, 33, 38, 
  39, 41, 47, 53, 58, 62, 63 ],
[ 1, 2, 3, 4, 5, 6, 7, 8, 9, 10, 11, 12, 13, 14, 16, 19, 23, 30, 31, 38, 41, 
  47, 49, 53, 54, 57, 63, 64 ],
[ 1, 2, 3, 4, 5, 6, 7, 8, 9, 10, 11, 12, 13, 14, 16, 20, 21, 28, 29, 33, 38, 
  45, 47, 53, 57, 62, 63, 64 ],
[ 1, 2, 3, 4, 5, 6, 7, 8, 9, 10, 11, 12, 13, 14, 16, 23, 29, 30, 31, 38, 43, 
  47, 49, 51, 53, 57, 58, 64 ],
[ 1, 2, 3, 4, 5, 6, 7, 8, 9, 10, 11, 12, 13, 14, 16, 23, 30, 31, 38, 45, 47, 
  49, 50, 53, 57, 60, 62, 64 ],
[ 1, 2, 3, 4, 5, 6, 7, 8, 9, 10, 11, 12, 13, 14, 16, 28, 30, 31, 38, 43, 47, 
  50, 51, 53, 57, 59, 60, 64 ],
[ 1, 2, 3, 4, 5, 6, 7, 8, 9, 10, 11, 12, 13, 14, 17, 20, 26, 34, 35, 40, 42, 
  43, 45, 48, 57, 61, 62, 63 ],
[ 1, 2, 3, 4, 5, 6, 7, 8, 9, 10, 11, 12, 13, 14, 17, 20, 29, 34, 35, 37, 42, 
  43, 45, 51, 56, 61, 62, 63 ],
[ 1, 2, 3, 4, 5, 6, 7, 8, 9, 10, 11, 12, 13, 14, 18, 19, 20, 21, 26, 45, 47, 
  48, 53, 54, 57, 58, 62, 63 ],
[ 1, 2, 3, 4, 5, 6, 7, 8, 9, 10, 11, 12, 13, 14, 18, 19, 21, 24, 35, 39, 42, 
  45, 47, 53, 55, 61, 62, 64 ],
[ 1, 2, 3, 4, 5, 6, 7, 8, 9, 10, 11, 12, 13, 14, 18, 19, 24, 31, 35, 37, 39, 
  45, 52, 53, 55, 56, 62, 64 ],
[ 1, 2, 3, 4, 5, 6, 7, 8, 9, 10, 11, 12, 13, 14, 19, 23, 30, 31, 35, 37, 41, 
  47, 49, 53, 55, 56, 57, 64 ],
[ 1, 2, 3, 4, 5, 6, 7, 8, 9, 10, 11, 12, 13, 14, 20, 21, 26, 28, 29, 43, 45, 
  47, 48, 57, 58, 62, 63, 64 ],
[ 1, 2, 3, 4, 5, 6, 7, 8, 9, 10, 11, 12, 13, 14, 21, 28, 29, 35, 36, 37, 42, 
  45, 47, 49, 55, 57, 58, 63 ],
[ 1, 2, 3, 4, 5, 6, 7, 8, 9, 10, 11, 12, 13, 14, 23, 26, 30, 31, 39, 40, 45, 
  47, 48, 57, 58, 60, 62, 63 ],
[ 1, 2, 3, 4, 5, 6, 7, 8, 9, 10, 11, 12, 13, 14, 23, 29, 30, 31, 37, 39, 45, 
  47, 51, 56, 58, 60, 62, 63 ],
[ 1, 2, 3, 4, 5, 6, 7, 8, 9, 10, 11, 12, 13, 14, 23, 29, 30, 31, 37, 45, 47, 
  49, 51, 53, 56, 57, 60, 64 ],
[ 1, 2, 3, 4, 5, 6, 7, 8, 9, 10, 11, 12, 13, 14, 25, 26, 27, 29, 37, 45, 47, 
  49, 51, 53, 56, 57, 62, 64 ],
[ 1, 2, 3, 4, 5, 6, 7, 8, 9, 10, 11, 12, 13, 14, 26, 28, 30, 31, 43, 47, 48, 
  50, 51, 53, 54, 57, 60, 63 ],
[ 1, 2, 3, 4, 5, 6, 7, 8, 9, 10, 11, 12, 13, 14, 26, 34, 35, 36, 37, 45, 47, 
  48, 53, 54, 57, 58, 62, 63 ],
[ 1, 2, 3, 4, 5, 6, 7, 8, 9, 10, 11, 12, 13, 15, 29, 30, 31, 38, 39, 43, 47, 
  51, 56, 58, 59, 60, 62, 63 ],
[ 1, 2, 3, 4, 5, 6, 7, 8, 9, 10, 11, 12, 13, 16, 20, 21, 28, 33, 36, 38, 40, 
  51, 53, 59, 60, 61, 62, 63 ],
[ 1, 2, 3, 4, 5, 6, 7, 8, 9, 10, 11, 12, 13, 16, 20, 21, 34, 36, 38, 49, 50, 
  53, 55, 57, 60, 61, 62, 64 ],
[ 1, 2, 3, 4, 5, 6, 7, 8, 9, 10, 11, 12, 13, 16, 21, 27, 34, 35, 37, 38, 42, 
  45, 47, 49, 53, 57, 58, 62 ],
[ 1, 2, 3, 4, 5, 6, 7, 8, 9, 10, 11, 12, 13, 16, 28, 29, 30, 33, 36, 38, 45, 
  47, 50, 52, 57, 58, 59, 64 ],
[ 1, 2, 3, 4, 5, 6, 7, 8, 9, 10, 11, 12, 13, 17, 29, 34, 35, 37, 39, 45, 47, 
  51, 53, 54, 57, 58, 62, 63 ],
[ 1, 2, 3, 4, 5, 6, 7, 8, 9, 10, 11, 12, 13, 20, 21, 25, 26, 29, 37, 45, 47, 
  49, 51, 53, 57, 58, 59, 64 ],
[ 1, 2, 3, 4, 5, 6, 7, 8, 9, 10, 11, 12, 13, 20, 21, 25, 29, 37, 39, 43, 48, 
  51, 58, 59, 60, 61, 62, 63 ],
[ 1, 2, 3, 4, 5, 6, 7, 8, 9, 10, 11, 12, 13, 20, 21, 25, 29, 37, 43, 48, 49, 
  51, 53, 57, 59, 60, 61, 64 ],
[ 1, 2, 3, 4, 5, 6, 7, 8, 9, 10, 11, 12, 13, 20, 21, 26, 28, 36, 40, 43, 48, 
  51, 58, 59, 60, 61, 62, 63 ],
[ 1, 2, 3, 4, 5, 6, 7, 8, 9, 10, 11, 12, 13, 20, 21, 29, 34, 36, 37, 39, 51, 
  55, 56, 58, 60, 61, 62, 63 ],
[ 1, 2, 3, 4, 5, 6, 7, 8, 9, 10, 11, 12, 13, 25, 26, 27, 29, 30, 33, 45, 47, 
  51, 52, 53, 54, 56, 57, 64 ],
[ 1, 2, 3, 4, 5, 6, 7, 8, 9, 10, 11, 12, 13, 26, 27, 30, 34, 35, 36, 45, 47, 
  48, 50, 52, 54, 57, 58, 62 ],
[ 1, 2, 3, 4, 5, 6, 7, 8, 9, 10, 11, 12, 13, 26, 28, 29, 30, 33, 36, 45, 47, 
  48, 50, 52, 54, 57, 58, 63 ],
[ 1, 2, 3, 4, 5, 6, 7, 8, 9, 10, 11, 12, 13, 27, 29, 34, 35, 37, 45, 47, 49, 
  51, 53, 57, 58, 59, 62, 64 ],
[ 1, 2, 3, 4, 5, 6, 7, 8, 9, 10, 11, 12, 14, 16, 17, 18, 21, 24, 33, 34, 38, 
  41, 42, 43, 45, 58, 62, 64 ],
[ 1, 2, 3, 4, 5, 6, 7, 8, 9, 10, 11, 12, 14, 16, 17, 18, 24, 31, 33, 34, 38, 
  41, 45, 52, 54, 62, 63, 64 ],
[ 1, 2, 3, 4, 5, 6, 7, 8, 9, 10, 11, 12, 14, 16, 17, 18, 24, 33, 34, 38, 40, 
  41, 45, 47, 57, 61, 62, 64 ],
[ 1, 2, 3, 4, 5, 6, 7, 8, 9, 10, 11, 12, 14, 16, 17, 19, 20, 33, 34, 38, 41, 
  42, 43, 44, 58, 61, 62, 64 ],
[ 1, 2, 3, 4, 5, 6, 7, 8, 9, 10, 11, 12, 14, 16, 17, 20, 29, 33, 35, 38, 42, 
  43, 45, 51, 53, 61, 62, 63 ],
[ 1, 2, 3, 4, 5, 6, 7, 8, 9, 10, 11, 12, 14, 16, 17, 20, 33, 34, 38, 40, 42, 
  44, 45, 57, 60, 61, 62, 64 ],
[ 1, 2, 3, 4, 5, 6, 7, 8, 9, 10, 11, 12, 14, 16, 17, 29, 35, 36, 37, 38, 39, 
  45, 47, 51, 53, 57, 58, 62 ],
[ 1, 2, 3, 4, 5, 6, 7, 8, 9, 10, 11, 12, 14, 16, 33, 34, 36, 38, 44, 45, 53, 
  56, 57, 60, 61, 62, 63, 64 ],
[ 1, 2, 3, 4, 5, 6, 7, 8, 9, 10, 11, 12, 14, 17, 18, 21, 24, 33, 34, 35, 41, 
  42, 45, 47, 55, 61, 62, 64 ],
[ 1, 2, 3, 4, 5, 6, 7, 8, 9, 10, 11, 12, 14, 17, 18, 24, 31, 33, 34, 35, 37, 
  41, 45, 52, 55, 56, 62, 64 ],
[ 1, 2, 3, 4, 5, 6, 7, 8, 9, 10, 11, 12, 14, 21, 25, 26, 28, 29, 35, 42, 43, 
  45, 47, 49, 57, 58, 63, 64 ],
[ 1, 2, 3, 4, 5, 6, 7, 8, 9, 10, 11, 12, 14, 21, 25, 27, 35, 42, 43, 44, 45, 
  48, 49, 57, 60, 61, 62, 63 ],
[ 1, 2, 3, 4, 5, 6, 7, 8, 9, 10, 11, 12, 14, 21, 25, 28, 29, 35, 42, 43, 48, 
  49, 57, 58, 59, 60, 61, 63 ],
[ 1, 2, 3, 4, 5, 6, 7, 8, 9, 10, 11, 12, 14, 21, 27, 35, 36, 37, 42, 45, 47, 
  49, 53, 54, 57, 58, 62, 63 ],
[ 1, 2, 3, 4, 5, 6, 7, 8, 9, 10, 11, 12, 14, 26, 28, 30, 33, 34, 43, 45, 48, 
  51, 52, 54, 57, 61, 62, 63 ],
[ 1, 2, 3, 4, 5, 6, 7, 8, 9, 10, 11, 12, 15, 16, 17, 20, 29, 33, 34, 37, 42, 
  51, 54, 58, 60, 61, 62, 63 ],
[ 1, 2, 3, 4, 5, 6, 7, 8, 9, 10, 11, 12, 15, 17, 29, 34, 36, 37, 38, 39, 45, 
  47, 51, 54, 56, 57, 58, 62 ],
[ 1, 2, 3, 4, 5, 6, 7, 8, 9, 10, 11, 12, 16, 17, 18, 21, 34, 37, 38, 41, 42, 
  45, 47, 54, 58, 59, 62, 64 ],
[ 1, 2, 3, 4, 5, 6, 7, 8, 9, 10, 11, 12, 16, 17, 19, 20, 34, 37, 38, 41, 42, 
  44, 46, 54, 58, 59, 62, 64 ],
[ 1, 2, 3, 4, 5, 6, 7, 8, 9, 10, 11, 12, 16, 17, 28, 35, 36, 37, 38, 40, 44, 
  46, 51, 53, 56, 57, 59, 62 ],
[ 1, 2, 3, 4, 5, 6, 7, 8, 9, 10, 11, 12, 16, 18, 19, 30, 31, 33, 34, 36, 38, 
  53, 57, 60, 61, 62, 63, 64 ],
[ 1, 2, 3, 4, 5, 6, 7, 8, 9, 10, 11, 12, 16, 18, 27, 31, 33, 34, 36, 38, 41, 
  45, 46, 52, 53, 54, 57, 58 ],
[ 1, 2, 3, 4, 5, 6, 7, 8, 9, 10, 11, 12, 16, 18, 27, 31, 33, 34, 38, 41, 45, 
  52, 54, 56, 57, 61, 63, 64 ],
[ 1, 2, 3, 4, 5, 6, 7, 8, 9, 10, 11, 12, 16, 18, 30, 33, 35, 37, 38, 41, 44, 
  46, 52, 53, 54, 57, 59, 62 ],
[ 1, 2, 3, 4, 5, 6, 7, 8, 9, 10, 11, 12, 16, 19, 27, 30, 34, 36, 38, 41, 44, 
  47, 52, 53, 54, 57, 59, 63 ],
[ 1, 2, 3, 4, 5, 6, 7, 8, 9, 10, 11, 12, 16, 29, 30, 31, 38, 43, 46, 49, 51, 
  53, 55, 56, 57, 58, 60, 64 ],
[ 1, 2, 3, 4, 5, 6, 7, 8, 9, 10, 11, 12, 17, 19, 20, 34, 35, 37, 41, 42, 44, 
  46, 47, 54, 55, 58, 61, 62 ],
[ 1, 2, 3, 4, 5, 6, 7, 8, 9, 10, 11, 12, 17, 20, 29, 34, 37, 42, 44, 45, 46, 
  47, 51, 54, 58, 60, 61, 62 ],
[ 1, 2, 3, 4, 5, 6, 7, 8, 9, 10, 11, 12, 17, 21, 28, 35, 36, 42, 44, 45, 46, 
  47, 51, 53, 59, 60, 61, 62 ],
[ 1, 2, 3, 4, 5, 6, 7, 8, 9, 10, 11, 12, 17, 28, 31, 35, 36, 37, 44, 45, 46, 
  51, 52, 53, 56, 59, 60, 62 ],
[ 1, 2, 3, 4, 5, 6, 7, 8, 9, 10, 11, 13, 14, 16, 20, 22, 29, 33, 34, 37, 41, 
  43, 48, 49, 52, 58, 62, 63 ],
[ 1, 2, 3, 4, 5, 6, 7, 8, 9, 10, 11, 13, 14, 16, 22, 28, 30, 35, 37, 41, 42, 
  48, 50, 53, 58, 59, 62, 63 ],
[ 1, 2, 3, 4, 5, 6, 7, 8, 9, 10, 11, 13, 14, 18, 20, 22, 26, 29, 31, 38, 50, 
  53, 54, 55, 56, 58, 62, 64 ],
[ 1, 2, 3, 4, 5, 6, 7, 8, 9, 10, 11, 13, 14, 18, 21, 22, 26, 27, 35, 36, 38, 
  43, 50, 51, 52, 53, 54, 58 ],
[ 1, 2, 3, 4, 5, 6, 7, 8, 9, 10, 11, 13, 14, 18, 21, 22, 26, 27, 35, 36, 38, 
  50, 51, 52, 53, 54, 59, 64 ],
[ 1, 2, 3, 4, 5, 6, 7, 8, 9, 10, 11, 13, 14, 18, 21, 22, 26, 35, 36, 38, 43, 
  49, 51, 52, 53, 54, 58, 62 ],
[ 1, 2, 3, 4, 5, 6, 7, 8, 9, 10, 11, 13, 14, 18, 21, 22, 26, 35, 36, 38, 49, 
  51, 52, 53, 54, 59, 62, 64 ],
[ 1, 2, 3, 4, 5, 6, 7, 8, 9, 10, 11, 13, 14, 26, 32, 34, 36, 37, 40, 45, 48, 
  53, 54, 55, 58, 61, 62, 63 ],
[ 1, 2, 3, 4, 5, 6, 7, 8, 9, 10, 11, 13, 15, 16, 17, 29, 30, 32, 43, 50, 51, 
  52, 56, 58, 59, 60, 61, 63 ],
[ 1, 2, 3, 4, 5, 6, 7, 8, 9, 10, 11, 13, 15, 17, 29, 32, 33, 36, 37, 38, 40, 
  45, 49, 51, 56, 57, 61, 64 ],
[ 1, 2, 3, 4, 5, 6, 7, 8, 9, 10, 11, 13, 15, 17, 29, 32, 36, 37, 38, 39, 40, 
  45, 51, 54, 56, 58, 61, 62 ],
[ 1, 2, 3, 4, 5, 6, 7, 8, 9, 10, 11, 13, 15, 17, 29, 32, 36, 37, 38, 39, 43, 
  45, 50, 51, 56, 57, 61, 63 ],
[ 1, 2, 3, 4, 5, 6, 7, 8, 9, 10, 11, 13, 16, 17, 18, 24, 31, 32, 33, 36, 38, 
  41, 45, 50, 52, 54, 63, 64 ],
[ 1, 2, 3, 4, 5, 6, 7, 8, 9, 10, 11, 13, 16, 17, 19, 21, 22, 25, 30, 43, 47, 
  51, 53, 55, 57, 61, 63, 64 ],
[ 1, 2, 3, 4, 5, 6, 7, 8, 9, 10, 11, 13, 16, 17, 19, 30, 32, 33, 36, 38, 41, 
  43, 44, 50, 52, 53, 61, 63 ],
[ 1, 2, 3, 4, 5, 6, 7, 8, 9, 10, 11, 13, 16, 17, 21, 22, 24, 29, 33, 34, 39, 
  41, 46, 48, 52, 58, 63, 64 ],
[ 1, 2, 3, 4, 5, 6, 7, 8, 9, 10, 11, 13, 16, 19, 21, 22, 25, 30, 39, 40, 47, 
  51, 53, 55, 58, 59, 61, 63 ],
[ 1, 2, 3, 4, 5, 6, 7, 8, 9, 10, 11, 13, 16, 19, 27, 30, 32, 36, 38, 40, 41, 
  44, 52, 53, 54, 59, 61, 63 ],
[ 1, 2, 3, 4, 5, 6, 7, 8, 9, 10, 11, 13, 16, 19, 30, 32, 33, 36, 38, 39, 41, 
  44, 52, 53, 54, 58, 61, 62 ],
[ 1, 2, 3, 4, 5, 6, 7, 8, 9, 10, 11, 13, 16, 19, 30, 32, 33, 36, 38, 41, 44, 
  49, 52, 54, 57, 61, 63, 64 ],
[ 1, 2, 3, 4, 5, 6, 7, 8, 9, 10, 11, 13, 16, 20, 24, 32, 33, 35, 37, 38, 42, 
  44, 49, 50, 55, 57, 62, 64 ],
[ 1, 2, 3, 4, 5, 6, 7, 8, 9, 10, 11, 13, 16, 21, 22, 29, 33, 34, 40, 41, 47, 
  48, 52, 57, 58, 61, 63, 64 ],
[ 1, 2, 3, 4, 5, 6, 7, 8, 9, 10, 11, 13, 16, 22, 28, 30, 33, 35, 36, 41, 42, 
  48, 50, 54, 56, 58, 59, 62 ],
[ 1, 2, 3, 4, 5, 6, 7, 8, 9, 10, 11, 13, 17, 19, 20, 24, 32, 35, 37, 41, 42, 
  43, 44, 47, 50, 55, 61, 63 ],
[ 1, 2, 3, 4, 5, 6, 7, 8, 9, 10, 11, 13, 17, 19, 22, 24, 26, 31, 34, 38, 39, 
  42, 43, 46, 51, 53, 63, 64 ],
[ 1, 2, 3, 4, 5, 6, 7, 8, 9, 10, 11, 13, 17, 20, 22, 24, 31, 34, 38, 40, 41, 
  43, 47, 48, 51, 53, 58, 63 ],
[ 1, 2, 3, 4, 5, 6, 7, 8, 9, 10, 11, 13, 17, 20, 22, 31, 33, 34, 38, 40, 41, 
  43, 46, 48, 51, 54, 58, 61 ],
[ 1, 2, 3, 4, 5, 6, 7, 8, 9, 10, 11, 13, 17, 29, 30, 32, 36, 37, 43, 44, 45, 
  50, 51, 52, 56, 60, 61, 63 ],
[ 1, 2, 3, 4, 5, 6, 7, 8, 9, 10, 11, 13, 17, 29, 32, 34, 37, 39, 40, 45, 51, 
  53, 54, 55, 58, 61, 62, 63 ],
[ 1, 2, 3, 4, 5, 6, 7, 8, 9, 10, 11, 13, 18, 20, 22, 26, 29, 31, 33, 36, 37, 
  38, 50, 55, 58, 62, 63, 64 ],
[ 1, 2, 3, 4, 5, 6, 7, 8, 9, 10, 11, 13, 18, 21, 22, 26, 27, 35, 37, 38, 43, 
  50, 51, 52, 53, 54, 56, 58 ],
[ 1, 2, 3, 4, 5, 6, 7, 8, 9, 10, 11, 13, 18, 21, 22, 26, 35, 37, 38, 49, 51, 
  52, 53, 54, 56, 59, 62, 64 ],
[ 1, 2, 3, 4, 5, 6, 7, 8, 9, 10, 11, 13, 19, 20, 22, 25, 27, 35, 37, 38, 43, 
  50, 51, 52, 53, 54, 56, 59 ],
[ 1, 2, 3, 4, 5, 6, 7, 8, 9, 10, 11, 13, 19, 20, 22, 25, 35, 37, 38, 49, 51, 
  52, 53, 54, 56, 58, 62, 64 ],
[ 1, 2, 3, 4, 5, 6, 7, 8, 9, 10, 11, 13, 19, 22, 26, 31, 34, 38, 40, 42, 43, 
  47, 51, 53, 57, 61, 63, 64 ],
[ 1, 2, 3, 4, 5, 6, 7, 8, 9, 10, 11, 13, 20, 25, 26, 27, 29, 32, 37, 40, 42, 
  43, 47, 51, 53, 59, 60, 64 ],
[ 1, 2, 3, 4, 5, 6, 7, 8, 9, 10, 11, 13, 20, 25, 26, 29, 32, 37, 39, 42, 43, 
  47, 51, 54, 58, 60, 62, 64 ],
[ 1, 2, 3, 4, 5, 6, 7, 8, 9, 10, 11, 13, 20, 25, 29, 32, 33, 37, 42, 43, 45, 
  48, 49, 51, 57, 59, 61, 64 ],
[ 1, 2, 3, 4, 5, 6, 7, 8, 9, 10, 11, 14, 15, 16, 17, 29, 32, 34, 37, 39, 40, 
  45, 51, 56, 58, 61, 62, 63 ],
[ 1, 2, 3, 4, 5, 6, 7, 8, 9, 10, 11, 14, 15, 17, 18, 22, 26, 29, 31, 42, 45, 
  53, 54, 56, 57, 58, 60, 64 ],
[ 1, 2, 3, 4, 5, 6, 7, 8, 9, 10, 11, 14, 15, 17, 18, 22, 26, 29, 33, 37, 40, 
  42, 43, 45, 52, 60, 63, 64 ],
[ 1, 2, 3, 4, 5, 6, 7, 8, 9, 10, 11, 14, 15, 17, 18, 22, 26, 29, 37, 40, 42, 
  45, 52, 53, 54, 58, 59, 60 ],
[ 1, 2, 3, 4, 5, 6, 7, 8, 9, 10, 11, 14, 15, 18, 22, 26, 29, 31, 33, 39, 40, 
  42, 45, 56, 58, 60, 63, 64 ],
[ 1, 2, 3, 4, 5, 6, 7, 8, 9, 10, 11, 14, 16, 17, 18, 19, 31, 32, 34, 38, 45, 
  46, 52, 53, 54, 62, 63, 64 ],
[ 1, 2, 3, 4, 5, 6, 7, 8, 9, 10, 11, 14, 16, 17, 19, 21, 22, 23, 30, 44, 48, 
  51, 53, 56, 57, 59, 63, 64 ],
[ 1, 2, 3, 4, 5, 6, 7, 8, 9, 10, 11, 14, 16, 17, 19, 21, 22, 30, 43, 45, 48, 
  51, 53, 56, 57, 58, 60, 63 ],
[ 1, 2, 3, 4, 5, 6, 7, 8, 9, 10, 11, 14, 16, 17, 19, 23, 30, 31, 32, 33, 34, 
  38, 41, 53, 58, 61, 62, 63 ],
[ 1, 2, 3, 4, 5, 6, 7, 8, 9, 10, 11, 14, 16, 17, 21, 22, 23, 29, 33, 36, 39, 
  41, 44, 48, 52, 58, 63, 64 ],
[ 1, 2, 3, 4, 5, 6, 7, 8, 9, 10, 11, 14, 16, 17, 22, 23, 28, 31, 36, 40, 41, 
  42, 45, 48, 54, 58, 59, 63 ],
[ 1, 2, 3, 4, 5, 6, 7, 8, 9, 10, 11, 14, 16, 17, 28, 29, 31, 32, 34, 38, 45, 
  46, 52, 58, 59, 62, 63, 64 ],
[ 1, 2, 3, 4, 5, 6, 7, 8, 9, 10, 11, 14, 16, 17, 29, 32, 36, 37, 38, 40, 45, 
  49, 51, 55, 57, 61, 63, 64 ],
[ 1, 2, 3, 4, 5, 6, 7, 8, 9, 10, 11, 14, 16, 19, 21, 22, 23, 30, 39, 40, 44, 
  48, 51, 53, 56, 59, 63, 64 ],
[ 1, 2, 3, 4, 5, 6, 7, 8, 9, 10, 11, 14, 16, 20, 22, 29, 33, 35, 37, 41, 48, 
  49, 52, 55, 59, 62, 63, 64 ],
[ 1, 2, 3, 4, 5, 6, 7, 8, 9, 10, 11, 14, 16, 21, 22, 29, 33, 36, 40, 41, 45, 
  48, 52, 57, 58, 60, 63, 64 ],
[ 1, 2, 3, 4, 5, 6, 7, 8, 9, 10, 11, 14, 17, 19, 22, 23, 26, 31, 36, 38, 39, 
  42, 43, 44, 51, 53, 63, 64 ],
[ 1, 2, 3, 4, 5, 6, 7, 8, 9, 10, 11, 14, 17, 20, 22, 23, 31, 33, 37, 38, 40, 
  41, 43, 44, 48, 51, 53, 59 ],
[ 1, 2, 3, 4, 5, 6, 7, 8, 9, 10, 11, 14, 17, 20, 22, 23, 31, 37, 38, 40, 41, 
  43, 44, 48, 51, 54, 59, 63 ],
[ 1, 2, 3, 4, 5, 6, 7, 8, 9, 10, 11, 14, 17, 20, 22, 31, 33, 37, 38, 40, 41, 
  43, 45, 48, 51, 53, 59, 60 ],
[ 1, 2, 3, 4, 5, 6, 7, 8, 9, 10, 11, 14, 17, 20, 22, 31, 37, 38, 40, 41, 43, 
  45, 48, 51, 54, 59, 60, 63 ],
[ 1, 2, 3, 4, 5, 6, 7, 8, 9, 10, 11, 14, 17, 23, 26, 30, 31, 32, 34, 40, 45, 
  48, 57, 58, 60, 61, 62, 63 ],
[ 1, 2, 3, 4, 5, 6, 7, 8, 9, 10, 11, 14, 17, 23, 29, 30, 31, 32, 34, 37, 45, 
  51, 56, 58, 60, 61, 62, 63 ],
[ 1, 2, 3, 4, 5, 6, 7, 8, 9, 10, 11, 14, 19, 22, 26, 31, 36, 38, 40, 42, 43, 
  45, 51, 53, 57, 60, 63, 64 ],
[ 1, 2, 3, 4, 5, 6, 7, 8, 9, 10, 11, 15, 17, 18, 24, 31, 32, 33, 37, 38, 41, 
  45, 50, 52, 53, 55, 63, 64 ],
[ 1, 2, 3, 4, 5, 6, 7, 8, 9, 10, 11, 16, 17, 19, 31, 32, 33, 37, 38, 41, 45, 
  49, 52, 53, 55, 61, 63, 64 ],
[ 1, 2, 3, 4, 5, 6, 7, 8, 9, 10, 11, 19, 22, 24, 26, 31, 35, 38, 40, 42, 43, 
  46, 51, 53, 55, 57, 63, 64 ],
[ 1, 2, 3, 4, 5, 6, 7, 8, 9, 10, 11, 21, 22, 23, 24, 27, 30, 33, 38, 41, 44, 
  47, 48, 50, 51, 54, 59, 64 ],
[ 1, 2, 3, 4, 5, 6, 7, 8, 9, 10, 11, 21, 22, 23, 24, 30, 38, 41, 44, 47, 48, 
  49, 51, 53, 59, 62, 63, 64 ],
[ 1, 2, 3, 4, 5, 6, 7, 8, 9, 10, 12, 13, 14, 15, 22, 29, 31, 34, 36, 41, 42, 
  48, 49, 54, 58, 59, 62, 63 ],
[ 1, 2, 3, 4, 5, 6, 7, 8, 9, 10, 12, 13, 14, 18, 19, 20, 23, 32, 35, 40, 42, 
  43, 46, 47, 49, 53, 55, 61 ],
[ 1, 2, 3, 4, 5, 6, 7, 8, 9, 10, 12, 13, 14, 18, 19, 31, 32, 34, 35, 37, 45, 
  47, 52, 53, 56, 57, 62, 64 ],
[ 1, 2, 3, 4, 5, 6, 7, 8, 9, 10, 12, 13, 14, 18, 21, 22, 26, 27, 34, 37, 38, 
  49, 51, 52, 53, 54, 59, 64 ],
[ 1, 2, 3, 4, 5, 6, 7, 8, 9, 10, 12, 13, 14, 18, 21, 22, 26, 34, 37, 38, 43, 
  50, 51, 52, 53, 54, 58, 62 ],
[ 1, 2, 3, 4, 5, 6, 7, 8, 9, 10, 12, 13, 14, 20, 28, 29, 32, 33, 34, 37, 40, 
  42, 46, 49, 55, 56, 58, 60 ],
[ 1, 2, 3, 4, 5, 6, 7, 8, 9, 10, 12, 13, 15, 22, 29, 31, 33, 34, 37, 41, 42, 
  48, 49, 53, 56, 58, 59, 62 ],
[ 1, 2, 3, 4, 5, 6, 7, 8, 9, 10, 12, 13, 17, 19, 20, 24, 32, 33, 34, 37, 41, 
  42, 44, 46, 49, 55, 61, 64 ],
[ 1, 2, 3, 4, 5, 6, 7, 8, 9, 10, 12, 13, 17, 28, 31, 32, 36, 37, 43, 44, 45, 
  49, 51, 52, 56, 60, 61, 63 ],
[ 1, 2, 3, 4, 5, 6, 7, 8, 9, 10, 12, 13, 18, 19, 21, 32, 34, 39, 42, 46, 47, 
  49, 53, 55, 56, 60, 61, 64 ],
[ 1, 2, 3, 4, 5, 6, 7, 8, 9, 10, 12, 13, 18, 20, 24, 32, 33, 35, 36, 41, 42, 
  43, 44, 47, 49, 55, 57, 61 ],
[ 1, 2, 3, 4, 5, 6, 7, 8, 9, 10, 12, 14, 15, 17, 18, 21, 22, 23, 26, 30, 37, 
  43, 51, 53, 54, 57, 58, 60 ],
[ 1, 2, 3, 4, 5, 6, 7, 8, 9, 10, 12, 14, 15, 17, 18, 21, 22, 23, 30, 33, 43, 
  45, 48, 51, 54, 56, 57, 58 ],
[ 1, 2, 3, 4, 5, 6, 7, 8, 9, 10, 12, 14, 15, 17, 18, 21, 22, 26, 30, 33, 37, 
  43, 44, 45, 51, 57, 58, 63 ],
[ 1, 2, 3, 4, 5, 6, 7, 8, 9, 10, 12, 14, 15, 17, 18, 21, 22, 30, 43, 44, 48, 
  51, 53, 56, 57, 58, 60, 63 ],
[ 1, 2, 3, 4, 5, 6, 7, 8, 9, 10, 12, 14, 15, 18, 21, 22, 23, 30, 33, 39, 40, 
  43, 45, 48, 51, 54, 56, 58 ],
[ 1, 2, 3, 4, 5, 6, 7, 8, 9, 10, 12, 14, 15, 18, 21, 22, 30, 39, 40, 43, 44, 
  48, 51, 53, 56, 58, 60, 63 ],
[ 1, 2, 3, 4, 5, 6, 7, 8, 9, 10, 12, 14, 16, 17, 18, 22, 23, 25, 30, 33, 40, 
  42, 51, 53, 56, 58, 60, 64 ],
[ 1, 2, 3, 4, 5, 6, 7, 8, 9, 10, 12, 14, 16, 17, 19, 20, 22, 23, 25, 28, 33, 
  45, 52, 53, 56, 57, 58, 59 ],
[ 1, 2, 3, 4, 5, 6, 7, 8, 9, 10, 12, 14, 16, 17, 19, 22, 23, 25, 28, 33, 36, 
  39, 42, 43, 45, 52, 63, 64 ],
[ 1, 2, 3, 4, 5, 6, 7, 8, 9, 10, 12, 14, 16, 17, 19, 22, 23, 25, 28, 36, 39, 
  42, 45, 52, 53, 54, 58, 59 ],
[ 1, 2, 3, 4, 5, 6, 7, 8, 9, 10, 12, 14, 16, 18, 22, 23, 25, 30, 33, 39, 42, 
  43, 51, 53, 56, 57, 59, 60 ],
[ 1, 2, 3, 4, 5, 6, 7, 8, 9, 10, 12, 14, 16, 19, 20, 22, 23, 25, 28, 33, 39, 
  40, 43, 45, 52, 53, 56, 64 ],
[ 1, 2, 3, 4, 5, 6, 7, 8, 9, 10, 12, 14, 16, 19, 22, 23, 25, 28, 33, 36, 40, 
  42, 43, 45, 52, 57, 63, 64 ],
[ 1, 2, 3, 4, 5, 6, 7, 8, 9, 10, 12, 14, 16, 19, 22, 23, 25, 28, 36, 40, 42, 
  45, 52, 53, 54, 57, 58, 59 ],
[ 1, 2, 3, 4, 5, 6, 7, 8, 9, 10, 12, 14, 17, 19, 20, 22, 25, 28, 33, 37, 38, 
  43, 44, 45, 52, 53, 57, 59 ],
[ 1, 2, 3, 4, 5, 6, 7, 8, 9, 10, 12, 14, 17, 19, 20, 22, 25, 28, 33, 37, 38, 
  44, 45, 52, 53, 57, 58, 64 ],
[ 1, 2, 3, 4, 5, 6, 7, 8, 9, 10, 12, 14, 17, 19, 20, 22, 25, 37, 38, 39, 43, 
  45, 51, 52, 53, 54, 59, 60 ],
[ 1, 2, 3, 4, 5, 6, 7, 8, 9, 10, 12, 14, 17, 19, 20, 22, 25, 37, 38, 39, 45, 
  51, 52, 53, 54, 58, 60, 64 ],
[ 1, 2, 3, 4, 5, 6, 7, 8, 9, 10, 12, 14, 17, 21, 22, 23, 30, 33, 36, 38, 39, 
  41, 45, 48, 51, 54, 59, 64 ],
[ 1, 2, 3, 4, 5, 6, 7, 8, 9, 10, 12, 14, 17, 21, 22, 30, 36, 38, 39, 41, 44, 
  48, 51, 53, 59, 60, 63, 64 ],
[ 1, 2, 3, 4, 5, 6, 7, 8, 9, 10, 12, 14, 18, 21, 22, 23, 25, 29, 30, 33, 38, 
  39, 53, 56, 57, 58, 59, 60 ],
[ 1, 2, 3, 4, 5, 6, 7, 8, 9, 10, 12, 14, 18, 21, 22, 25, 29, 30, 33, 38, 39, 
  43, 44, 45, 53, 56, 57, 64 ],
[ 1, 2, 3, 4, 5, 6, 7, 8, 9, 10, 12, 16, 17, 22, 23, 28, 31, 36, 39, 41, 42, 
  44, 48, 54, 56, 58, 59, 63 ],
[ 1, 2, 3, 4, 5, 6, 7, 8, 9, 10, 12, 16, 17, 22, 28, 31, 33, 36, 39, 41, 42, 
  45, 48, 53, 56, 58, 59, 60 ],
[ 1, 2, 3, 4, 5, 6, 7, 8, 9, 10, 12, 17, 19, 20, 22, 25, 28, 33, 36, 38, 43, 
  44, 45, 52, 53, 56, 57, 59 ],
[ 1, 2, 3, 4, 5, 6, 7, 8, 9, 10, 12, 17, 19, 20, 22, 25, 28, 33, 36, 38, 44, 
  45, 52, 53, 56, 57, 58, 64 ],
[ 1, 2, 3, 4, 5, 6, 7, 8, 9, 10, 12, 17, 19, 20, 22, 25, 36, 38, 39, 43, 45, 
  51, 52, 53, 54, 56, 59, 60 ],
[ 1, 2, 3, 4, 5, 6, 7, 8, 9, 10, 12, 17, 19, 20, 22, 25, 36, 38, 39, 45, 51, 
  52, 53, 54, 56, 58, 60, 64 ],
[ 1, 2, 3, 4, 5, 6, 7, 8, 9, 10, 12, 19, 20, 21, 24, 32, 34, 35, 39, 41, 46, 
  49, 55, 56, 58, 60, 61, 63 ],
[ 1, 2, 3, 4, 5, 6, 7, 8, 9, 11, 14, 15, 17, 18, 21, 22, 24, 27, 33, 45, 47, 
  48, 50, 51, 54, 56, 57, 60 ],
[ 1, 2, 3, 4, 5, 6, 7, 8, 9, 11, 14, 15, 17, 18, 21, 22, 24, 45, 47, 48, 49, 
  51, 53, 56, 57, 60, 62, 63 ],
[ 1, 2, 3, 4, 5, 6, 7, 8, 9, 11, 14, 15, 17, 18, 22, 24, 26, 27, 29, 37, 40, 
  42, 45, 53, 54, 60, 61, 62 ],
[ 1, 2, 3, 4, 5, 6, 7, 8, 9, 11, 14, 15, 17, 18, 22, 24, 26, 29, 33, 37, 40, 
  42, 45, 49, 50, 60, 61, 63 ],
[ 1, 2, 3, 4, 5, 6, 7, 8, 9, 11, 14, 16, 17, 18, 22, 23, 24, 26, 27, 33, 40, 
  42, 46, 50, 51, 53, 56, 60 ],
[ 1, 2, 3, 4, 5, 6, 7, 8, 9, 11, 14, 16, 17, 18, 22, 23, 26, 27, 40, 42, 47, 
  50, 51, 54, 56, 60, 61, 63 ],
[ 1, 2, 3, 4, 5, 6, 7, 8, 9, 11, 14, 16, 17, 19, 20, 22, 23, 24, 27, 33, 44, 
  47, 48, 50, 51, 53, 56, 57 ],
[ 1, 2, 3, 4, 5, 6, 7, 8, 9, 11, 14, 16, 17, 19, 20, 22, 23, 24, 27, 44, 47, 
  48, 50, 51, 54, 56, 57, 63 ],
[ 1, 2, 3, 4, 5, 6, 7, 8, 9, 11, 14, 16, 17, 19, 20, 22, 23, 33, 44, 46, 48, 
  49, 51, 53, 56, 57, 61, 62 ],
[ 1, 2, 3, 4, 5, 6, 7, 8, 9, 11, 14, 16, 17, 19, 20, 22, 23, 44, 46, 48, 49, 
  51, 54, 56, 57, 61, 62, 63 ],
[ 1, 2, 3, 4, 5, 6, 7, 8, 9, 11, 14, 16, 17, 19, 20, 22, 24, 27, 33, 45, 47, 
  48, 50, 51, 53, 56, 57, 60 ],
[ 1, 2, 3, 4, 5, 6, 7, 8, 9, 11, 14, 16, 17, 19, 20, 22, 24, 27, 45, 47, 48, 
  50, 51, 54, 56, 57, 60, 63 ],
[ 1, 2, 3, 4, 5, 6, 7, 8, 9, 11, 14, 16, 17, 19, 20, 22, 33, 45, 46, 48, 49, 
  51, 53, 56, 57, 60, 61, 62 ],
[ 1, 2, 3, 4, 5, 6, 7, 8, 9, 11, 14, 16, 19, 20, 22, 23, 24, 27, 39, 40, 44, 
  47, 48, 50, 51, 54, 56, 63 ],
[ 1, 2, 3, 4, 5, 6, 7, 8, 9, 11, 14, 16, 19, 20, 22, 23, 39, 40, 44, 46, 48, 
  49, 51, 54, 56, 61, 62, 63 ],
[ 1, 2, 3, 4, 5, 6, 7, 8, 9, 11, 14, 16, 19, 20, 22, 33, 39, 40, 45, 46, 48, 
  49, 51, 53, 56, 60, 61, 62 ],
[ 1, 2, 3, 4, 5, 6, 7, 8, 9, 11, 14, 17, 19, 20, 22, 23, 24, 29, 33, 37, 38, 
  44, 47, 48, 49, 50, 53, 57 ],
[ 1, 2, 3, 4, 5, 6, 7, 8, 9, 11, 14, 17, 19, 20, 22, 24, 29, 33, 37, 38, 45, 
  47, 48, 49, 50, 53, 57, 60 ],
[ 1, 2, 3, 4, 5, 6, 7, 8, 9, 12, 14, 17, 18, 21, 22, 23, 28, 33, 36, 38, 45, 
  47, 48, 49, 50, 54, 57, 61 ],
[ 1, 2, 3, 4, 5, 6, 7, 8, 9, 12, 14, 17, 18, 21, 22, 28, 36, 38, 44, 47, 48, 
  49, 50, 53, 57, 60, 61, 63 ],
[ 1, 2, 3, 4, 5, 6, 7, 10, 11, 14, 15, 17, 18, 21, 22, 24, 27, 31, 33, 37, 
  43, 45, 47, 57, 60, 62, 63, 64 ],
[ 1, 2, 3, 4, 5, 6, 7, 10, 11, 14, 15, 17, 18, 21, 22, 24, 27, 31, 33, 37, 
  45, 47, 57, 58, 59, 60, 62, 63 ],
[ 1, 2, 3, 4, 5, 6, 7, 10, 11, 14, 15, 17, 18, 21, 22, 24, 27, 31, 37, 43, 
  45, 47, 53, 54, 57, 60, 62, 64 ],
[ 1, 2, 3, 4, 5, 6, 7, 10, 11, 14, 15, 17, 18, 21, 22, 24, 27, 31, 37, 45, 
  47, 53, 54, 57, 58, 59, 60, 62 ],
[ 1, 2, 3, 4, 5, 6, 7, 10, 11, 14, 15, 17, 18, 21, 22, 24, 27, 33, 45, 47, 
  50, 52, 54, 56, 57, 58, 59, 60 ],
[ 1, 2, 3, 4, 5, 6, 7, 10, 11, 14, 15, 17, 18, 21, 22, 27, 31, 33, 37, 43, 
  45, 46, 57, 60, 61, 62, 63, 64 ],
[ 1, 2, 3, 4, 5, 6, 7, 10, 11, 14, 15, 17, 18, 21, 22, 27, 31, 37, 45, 46, 
  53, 54, 57, 58, 59, 60, 61, 62 ],
[ 1, 2, 3, 4, 5, 6, 7, 10, 11, 14, 15, 17, 18, 21, 22, 27, 45, 46, 50, 52, 
  53, 56, 57, 58, 59, 60, 61, 63 ],
[ 1, 2, 3, 4, 5, 6, 7, 10, 11, 14, 15, 17, 18, 22, 24, 27, 31, 37, 40, 42, 
  43, 45, 53, 54, 59, 60, 61, 62 ],
[ 1, 2, 3, 4, 5, 6, 7, 10, 11, 14, 15, 17, 18, 22, 27, 31, 33, 37, 40, 42, 
  43, 45, 46, 47, 59, 60, 62, 63 ],
[ 1, 2, 3, 4, 5, 6, 7, 10, 11, 14, 16, 17, 19, 20, 22, 23, 24, 27, 33, 44, 
  47, 50, 52, 53, 56, 57, 58, 59 ],
[ 1, 2, 3, 4, 5, 6, 7, 10, 11, 14, 16, 17, 19, 20, 22, 23, 24, 27, 44, 47, 
  50, 52, 54, 56, 57, 58, 59, 63 ],
[ 1, 2, 3, 4, 5, 6, 7, 10, 11, 14, 16, 17, 19, 20, 22, 24, 27, 33, 45, 47, 
  50, 52, 53, 56, 57, 58, 59, 60 ],
[ 1, 2, 3, 4, 5, 6, 7, 10, 11, 14, 16, 17, 19, 20, 22, 24, 27, 45, 47, 50, 
  52, 54, 56, 57, 58, 59, 60, 63 ],
[ 1, 2, 3, 4, 5, 6, 7, 10, 11, 14, 16, 17, 19, 21, 22, 23, 24, 27, 30, 44, 
  53, 56, 57, 59, 61, 62, 63, 64 ],
[ 1, 2, 3, 4, 5, 6, 7, 10, 11, 14, 16, 17, 19, 21, 22, 23, 24, 27, 36, 39, 
  44, 52, 53, 58, 59, 61, 62, 63 ],
[ 1, 2, 3, 4, 5, 6, 7, 10, 11, 14, 16, 17, 19, 22, 23, 24, 27, 30, 42, 44, 
  47, 50, 53, 54, 56, 57, 59, 64 ],
[ 1, 2, 3, 4, 5, 6, 7, 10, 11, 14, 16, 17, 19, 22, 23, 24, 27, 36, 39, 42, 
  44, 47, 50, 52, 53, 54, 58, 59 ],
[ 1, 2, 3, 4, 5, 6, 7, 10, 12, 14, 16, 17, 19, 20, 22, 23, 24, 27, 45, 46, 
  49, 52, 54, 56, 57, 58, 59, 63 ],
[ 1, 2, 3, 4, 5, 6, 7, 10, 12, 14, 16, 17, 19, 20, 22, 23, 27, 33, 45, 47, 
  49, 52, 53, 56, 57, 58, 59, 61 ]
];

