## Group: [64, 200]
## Difference Sets: 711
## Time:  1:10:50.213

return [
[ 1, 2, 3, 4, 5, 6, 7, 8, 9, 10, 11, 12, 13, 14, 15, 17, 19, 27, 31, 38, 41, 
  52, 53, 54, 59, 60, 61, 63 ],
[ 1, 2, 3, 4, 5, 6, 7, 8, 9, 10, 11, 12, 13, 14, 15, 17, 19, 27, 37, 38, 41, 
  50, 53, 56, 59, 60, 61, 62 ],
[ 1, 2, 3, 4, 5, 6, 7, 8, 9, 10, 11, 12, 13, 14, 15, 17, 19, 31, 38, 39, 43, 
  51, 52, 54, 55, 59, 61, 63 ],
[ 1, 2, 3, 4, 5, 6, 7, 8, 9, 10, 11, 12, 13, 14, 15, 17, 19, 32, 35, 39, 43, 
  47, 52, 55, 56, 59, 62, 63 ],
[ 1, 2, 3, 4, 5, 6, 7, 8, 9, 10, 11, 12, 13, 14, 15, 17, 19, 32, 35, 39, 43, 
  50, 52, 55, 56, 59, 61, 63 ],
[ 1, 2, 3, 4, 5, 6, 7, 8, 9, 10, 11, 12, 13, 14, 15, 17, 19, 37, 38, 39, 43, 
  50, 51, 55, 56, 59, 61, 62 ],
[ 1, 2, 3, 4, 5, 6, 7, 8, 9, 10, 11, 12, 13, 14, 15, 17, 21, 26, 37, 39, 41, 
  42, 43, 51, 59, 60, 63, 64 ],
[ 1, 2, 3, 4, 5, 6, 7, 8, 9, 10, 11, 12, 13, 14, 15, 17, 21, 27, 29, 38, 42, 
  51, 53, 54, 59, 60, 61, 63 ],
[ 1, 2, 3, 4, 5, 6, 7, 8, 9, 10, 11, 12, 13, 14, 15, 17, 21, 27, 35, 38, 42, 
  50, 53, 55, 59, 60, 61, 62 ],
[ 1, 2, 3, 4, 5, 6, 7, 8, 9, 10, 11, 12, 13, 14, 15, 17, 26, 37, 39, 40, 41, 
  43, 47, 51, 57, 60, 61, 63 ],
[ 1, 2, 3, 4, 5, 6, 7, 8, 9, 10, 11, 12, 13, 14, 15, 17, 27, 29, 37, 38, 40, 
  51, 53, 56, 57, 59, 60, 61 ],
[ 1, 2, 3, 4, 5, 6, 7, 8, 9, 10, 11, 12, 13, 14, 15, 17, 27, 31, 35, 38, 40, 
  52, 53, 55, 57, 59, 60, 61 ],
[ 1, 2, 3, 4, 5, 6, 7, 8, 9, 10, 11, 12, 13, 14, 15, 17, 29, 37, 38, 39, 40, 
  43, 50, 51, 56, 60, 61, 63 ],
[ 1, 2, 3, 4, 5, 6, 7, 8, 9, 10, 11, 12, 13, 14, 15, 17, 31, 35, 38, 39, 40, 
  43, 50, 52, 55, 60, 61, 63 ],
[ 1, 2, 3, 4, 5, 6, 7, 8, 9, 10, 11, 12, 13, 14, 15, 17, 31, 35, 38, 39, 41, 
  43, 51, 52, 54, 59, 61, 63 ],
[ 1, 2, 3, 4, 5, 6, 7, 8, 9, 10, 11, 12, 13, 14, 15, 17, 32, 35, 37, 39, 41, 
  43, 47, 52, 55, 59, 62, 63 ],
[ 1, 2, 3, 4, 5, 6, 7, 8, 9, 10, 11, 12, 13, 14, 15, 17, 35, 37, 38, 39, 41, 
  43, 50, 51, 56, 59, 61, 62 ],
[ 1, 2, 3, 4, 5, 6, 7, 8, 9, 10, 11, 12, 13, 14, 15, 19, 21, 27, 38, 42, 43, 
  49, 51, 54, 55, 59, 61, 63 ],
[ 1, 2, 3, 4, 5, 6, 7, 8, 9, 10, 11, 12, 13, 14, 15, 19, 21, 33, 38, 42, 43, 
  50, 51, 53, 55, 59, 61, 62 ],
[ 1, 2, 3, 4, 5, 6, 7, 8, 9, 10, 11, 12, 13, 14, 15, 19, 27, 32, 43, 45, 47, 
  49, 52, 56, 59, 60, 62, 63 ],
[ 1, 2, 3, 4, 5, 6, 7, 8, 9, 10, 11, 12, 13, 14, 15, 19, 27, 32, 43, 45, 49, 
  50, 52, 56, 59, 60, 61, 63 ],
[ 1, 2, 3, 4, 5, 6, 7, 8, 9, 10, 11, 12, 13, 14, 15, 19, 27, 37, 38, 40, 41, 
  43, 49, 50, 56, 60, 61, 63 ],
[ 1, 2, 3, 4, 5, 6, 7, 8, 9, 10, 11, 12, 13, 14, 15, 19, 27, 37, 38, 40, 43, 
  49, 51, 55, 56, 57, 59, 61 ],
[ 1, 2, 3, 4, 5, 6, 7, 8, 9, 10, 11, 12, 13, 14, 15, 19, 31, 33, 38, 40, 41, 
  43, 50, 52, 53, 60, 61, 63 ],
[ 1, 2, 3, 4, 5, 6, 7, 8, 9, 10, 11, 12, 13, 14, 15, 19, 31, 33, 38, 40, 43, 
  51, 52, 53, 55, 57, 59, 61 ],
[ 1, 2, 3, 4, 5, 6, 7, 8, 9, 10, 11, 12, 13, 14, 15, 21, 26, 33, 37, 41, 42, 
  43, 50, 51, 53, 60, 62, 63 ],
[ 1, 2, 3, 4, 5, 6, 7, 8, 9, 10, 11, 12, 13, 14, 15, 21, 27, 35, 38, 40, 42, 
  43, 49, 50, 55, 60, 61, 63 ],
[ 1, 2, 3, 4, 5, 6, 7, 8, 9, 10, 11, 12, 13, 14, 15, 21, 27, 35, 38, 41, 42, 
  43, 49, 51, 54, 59, 61, 63 ],
[ 1, 2, 3, 4, 5, 6, 7, 8, 9, 10, 11, 12, 13, 14, 15, 21, 29, 33, 38, 40, 42, 
  43, 50, 51, 53, 60, 61, 63 ],
[ 1, 2, 3, 4, 5, 6, 7, 8, 9, 10, 11, 12, 13, 14, 15, 21, 33, 35, 38, 41, 42, 
  43, 50, 51, 53, 59, 61, 62 ],
[ 1, 2, 3, 4, 5, 6, 7, 8, 9, 10, 11, 12, 13, 14, 15, 26, 27, 37, 41, 43, 47, 
  49, 50, 51, 60, 61, 62, 63 ],
[ 1, 2, 3, 4, 5, 6, 7, 8, 9, 10, 11, 12, 13, 14, 15, 26, 31, 33, 37, 40, 41, 
  43, 51, 52, 53, 57, 60, 63 ],
[ 1, 2, 3, 4, 5, 6, 7, 8, 9, 10, 11, 12, 13, 14, 15, 27, 32, 37, 41, 43, 45, 
  47, 49, 52, 59, 60, 62, 63 ],
[ 1, 2, 3, 4, 5, 6, 7, 8, 9, 10, 11, 12, 13, 14, 15, 27, 35, 37, 38, 40, 41, 
  43, 49, 51, 56, 57, 59, 61 ],
[ 1, 2, 3, 4, 5, 6, 7, 8, 9, 10, 11, 12, 13, 14, 15, 31, 33, 35, 38, 40, 41, 
  43, 51, 52, 53, 57, 59, 61 ],
[ 1, 2, 3, 4, 5, 6, 7, 8, 9, 10, 11, 12, 13, 14, 16, 17, 18, 24, 31, 38, 41, 
  52, 53, 54, 59, 60, 62, 63 ],
[ 1, 2, 3, 4, 5, 6, 7, 8, 9, 10, 11, 12, 13, 14, 16, 17, 18, 24, 38, 40, 41, 
  47, 53, 57, 59, 60, 61, 62 ],
[ 1, 2, 3, 4, 5, 6, 7, 8, 9, 10, 11, 12, 13, 14, 16, 18, 19, 20, 33, 38, 42, 
  45, 50, 57, 58, 59, 61, 64 ],
[ 1, 2, 3, 4, 5, 6, 7, 8, 9, 10, 11, 12, 13, 14, 16, 18, 19, 30, 33, 38, 45, 
  50, 52, 53, 57, 59, 61, 63 ],
[ 1, 2, 3, 4, 5, 6, 7, 8, 9, 10, 11, 12, 13, 14, 16, 18, 20, 21, 38, 40, 41, 
  43, 47, 53, 59, 60, 62, 64 ],
[ 1, 2, 3, 4, 5, 6, 7, 8, 9, 10, 11, 12, 13, 14, 16, 18, 20, 38, 41, 42, 53, 
  57, 58, 59, 60, 61, 62, 64 ],
[ 1, 2, 3, 4, 5, 6, 7, 8, 9, 10, 11, 12, 13, 14, 16, 18, 21, 24, 38, 40, 41, 
  42, 43, 49, 59, 60, 63, 64 ],
[ 1, 2, 3, 4, 5, 6, 7, 8, 9, 10, 11, 12, 13, 14, 16, 18, 24, 37, 38, 40, 41, 
  43, 49, 50, 56, 60, 62, 63 ],
[ 1, 2, 3, 4, 5, 6, 7, 8, 9, 10, 11, 12, 13, 14, 16, 18, 27, 36, 38, 41, 50, 
  53, 56, 57, 59, 60, 61, 62 ],
[ 1, 2, 3, 4, 5, 6, 7, 8, 9, 10, 11, 12, 13, 14, 16, 18, 30, 33, 38, 40, 41, 
  50, 52, 53, 60, 61, 63, 64 ],
[ 1, 2, 3, 4, 5, 6, 7, 8, 9, 10, 11, 12, 13, 14, 16, 18, 33, 36, 38, 40, 41, 
  49, 50, 56, 60, 61, 62, 64 ],
[ 1, 2, 3, 4, 5, 6, 7, 8, 9, 10, 11, 12, 13, 14, 16, 19, 20, 23, 27, 38, 41, 
  42, 54, 57, 58, 59, 61, 64 ],
[ 1, 2, 3, 4, 5, 6, 7, 8, 9, 10, 11, 12, 13, 14, 16, 20, 23, 27, 35, 38, 42, 
  50, 54, 55, 57, 58, 61, 62 ],
[ 1, 2, 3, 4, 5, 6, 7, 8, 9, 10, 11, 12, 13, 14, 16, 20, 23, 29, 33, 38, 39, 
  42, 50, 51, 54, 61, 63, 64 ],
[ 1, 2, 3, 4, 5, 6, 7, 8, 9, 10, 11, 12, 13, 14, 16, 20, 23, 33, 38, 39, 40, 
  42, 45, 50, 57, 60, 61, 64 ],
[ 1, 2, 3, 4, 5, 6, 7, 8, 9, 10, 11, 12, 13, 14, 16, 20, 27, 33, 34, 35, 38, 
  42, 45, 50, 57, 61, 62, 64 ],
[ 1, 2, 3, 4, 5, 6, 7, 8, 9, 10, 11, 12, 13, 14, 16, 20, 27, 34, 38, 42, 50, 
  53, 55, 57, 59, 60, 61, 62 ],
[ 1, 2, 3, 4, 5, 6, 7, 8, 9, 10, 11, 12, 13, 14, 16, 20, 33, 34, 38, 40, 42, 
  49, 50, 55, 60, 61, 62, 64 ],
[ 1, 2, 3, 4, 5, 6, 7, 8, 9, 10, 11, 12, 13, 14, 16, 23, 27, 30, 38, 45, 50, 
  52, 53, 57, 59, 60, 61, 62 ],
[ 1, 2, 3, 4, 5, 6, 7, 8, 9, 10, 11, 12, 13, 14, 16, 23, 29, 30, 38, 39, 43, 
  50, 51, 52, 59, 61, 63, 64 ],
[ 1, 2, 3, 4, 5, 6, 7, 8, 9, 10, 11, 12, 13, 14, 16, 23, 30, 35, 38, 39, 40, 
  43, 50, 52, 55, 57, 61, 63 ],
[ 1, 2, 3, 4, 5, 6, 7, 8, 9, 10, 11, 12, 13, 14, 16, 24, 28, 31, 38, 39, 43, 
  50, 51, 52, 59, 60, 63, 64 ],
[ 1, 2, 3, 4, 5, 6, 7, 8, 9, 10, 11, 12, 13, 14, 16, 24, 28, 37, 38, 39, 40, 
  43, 50, 51, 56, 57, 60, 63 ],
[ 1, 2, 3, 4, 5, 6, 7, 8, 9, 10, 11, 12, 13, 14, 16, 27, 32, 36, 41, 44, 47, 
  49, 52, 59, 60, 62, 63, 64 ],
[ 1, 2, 3, 4, 5, 6, 7, 8, 9, 10, 11, 12, 13, 14, 16, 30, 34, 35, 38, 39, 40, 
  45, 50, 52, 53, 57, 59, 61 ],
[ 1, 2, 3, 4, 5, 6, 7, 8, 9, 10, 11, 12, 13, 14, 16, 32, 33, 36, 40, 41, 44, 
  47, 52, 53, 57, 60, 62, 63 ],
[ 1, 2, 3, 4, 5, 6, 7, 8, 9, 10, 11, 12, 13, 14, 17, 18, 21, 24, 35, 41, 42, 
  47, 53, 55, 59, 60, 61, 62 ],
[ 1, 2, 3, 4, 5, 6, 7, 8, 9, 10, 11, 12, 13, 14, 17, 18, 21, 29, 36, 38, 40, 
  42, 43, 48, 59, 60, 63, 64 ],
[ 1, 2, 3, 4, 5, 6, 7, 8, 9, 10, 11, 12, 13, 14, 17, 18, 22, 26, 36, 40, 42, 
  43, 45, 54, 56, 60, 62, 64 ],
[ 1, 2, 3, 4, 5, 6, 7, 8, 9, 10, 11, 12, 13, 14, 17, 18, 24, 26, 37, 40, 41, 
  48, 53, 56, 57, 59, 60, 62 ],
[ 1, 2, 3, 4, 5, 6, 7, 8, 9, 10, 11, 12, 13, 14, 17, 18, 24, 31, 35, 37, 41, 
  52, 53, 55, 56, 59, 60, 62 ],
[ 1, 2, 3, 4, 5, 6, 7, 8, 9, 10, 11, 12, 13, 14, 17, 18, 26, 31, 35, 36, 38, 
  41, 43, 52, 54, 62, 63, 64 ],
[ 1, 2, 3, 4, 5, 6, 7, 8, 9, 10, 11, 12, 13, 14, 17, 18, 26, 35, 36, 38, 40, 
  41, 43, 47, 57, 61, 62, 64 ],
[ 1, 2, 3, 4, 5, 6, 7, 8, 9, 10, 11, 12, 13, 14, 17, 18, 26, 36, 40, 41, 48, 
  54, 56, 57, 58, 60, 61, 62 ],
[ 1, 2, 3, 4, 5, 6, 7, 8, 9, 10, 11, 12, 13, 14, 17, 18, 29, 36, 37, 38, 40, 
  43, 48, 50, 56, 60, 62, 63 ],
[ 1, 2, 3, 4, 5, 6, 7, 8, 9, 10, 11, 12, 13, 14, 17, 18, 31, 32, 35, 36, 38, 
  40, 43, 47, 55, 62, 63, 64 ],
[ 1, 2, 3, 4, 5, 6, 7, 8, 9, 10, 11, 12, 13, 14, 17, 18, 31, 35, 36, 37, 41, 
  43, 47, 52, 55, 60, 62, 63 ],
[ 1, 2, 3, 4, 5, 6, 7, 8, 9, 10, 11, 12, 13, 14, 17, 18, 31, 35, 36, 38, 41, 
  43, 48, 52, 54, 59, 62, 63 ],
[ 1, 2, 3, 4, 5, 6, 7, 8, 9, 10, 11, 12, 13, 14, 17, 18, 31, 35, 36, 41, 52, 
  54, 55, 56, 58, 60, 61, 62 ],
[ 1, 2, 3, 4, 5, 6, 7, 8, 9, 10, 11, 12, 13, 14, 17, 18, 35, 36, 38, 40, 41, 
  43, 47, 48, 57, 59, 61, 62 ],
[ 1, 2, 3, 4, 5, 6, 7, 8, 9, 10, 11, 12, 13, 14, 17, 20, 26, 34, 40, 42, 48, 
  54, 55, 57, 58, 60, 61, 62 ],
[ 1, 2, 3, 4, 5, 6, 7, 8, 9, 10, 11, 12, 13, 14, 17, 20, 29, 34, 37, 42, 51, 
  54, 55, 56, 58, 60, 61, 62 ],
[ 1, 2, 3, 4, 5, 6, 7, 8, 9, 10, 11, 12, 13, 14, 17, 31, 32, 35, 36, 39, 41, 
  44, 48, 50, 54, 56, 59, 63 ],
[ 1, 2, 3, 4, 5, 6, 7, 8, 9, 10, 11, 12, 13, 14, 18, 19, 20, 26, 33, 42, 45, 
  48, 50, 54, 57, 58, 61, 63 ],
[ 1, 2, 3, 4, 5, 6, 7, 8, 9, 10, 11, 12, 13, 14, 18, 19, 26, 30, 43, 45, 48, 
  50, 52, 57, 58, 59, 61, 63 ],
[ 1, 2, 3, 4, 5, 6, 7, 8, 9, 10, 11, 12, 13, 14, 18, 20, 21, 26, 40, 41, 43, 
  47, 48, 53, 54, 60, 62, 63 ],
[ 1, 2, 3, 4, 5, 6, 7, 8, 9, 10, 11, 12, 13, 14, 18, 20, 26, 33, 40, 41, 42, 
  43, 48, 50, 54, 60, 61, 63 ],
[ 1, 2, 3, 4, 5, 6, 7, 8, 9, 10, 11, 12, 13, 14, 18, 21, 24, 35, 40, 41, 42, 
  43, 47, 49, 55, 60, 61, 63 ],
[ 1, 2, 3, 4, 5, 6, 7, 8, 9, 10, 11, 12, 13, 14, 18, 24, 26, 40, 41, 43, 47, 
  48, 49, 50, 60, 61, 62, 63 ],
[ 1, 2, 3, 4, 5, 6, 7, 8, 9, 10, 11, 12, 13, 14, 18, 24, 31, 35, 37, 40, 41, 
  43, 49, 52, 55, 56, 60, 63 ],
[ 1, 2, 3, 4, 5, 6, 7, 8, 9, 10, 11, 12, 13, 14, 18, 26, 30, 40, 41, 43, 48, 
  50, 52, 58, 60, 61, 63, 64 ],
[ 1, 2, 3, 4, 5, 6, 7, 8, 9, 10, 11, 12, 13, 14, 18, 26, 36, 39, 40, 41, 43, 
  48, 50, 56, 57, 60, 61, 63 ],
[ 1, 2, 3, 4, 5, 6, 7, 8, 9, 10, 11, 12, 13, 14, 18, 27, 31, 35, 36, 41, 52, 
  53, 55, 56, 57, 59, 60, 61 ],
[ 1, 2, 3, 4, 5, 6, 7, 8, 9, 10, 11, 12, 13, 14, 18, 31, 32, 35, 36, 38, 39, 
  50, 55, 57, 58, 59, 61, 63 ],
[ 1, 2, 3, 4, 5, 6, 7, 8, 9, 10, 11, 12, 13, 14, 18, 31, 33, 35, 36, 40, 41, 
  49, 52, 55, 56, 60, 61, 64 ],
[ 1, 2, 3, 4, 5, 6, 7, 8, 9, 10, 11, 12, 13, 14, 18, 31, 35, 36, 39, 41, 43, 
  50, 52, 55, 56, 60, 61, 63 ],
[ 1, 2, 3, 4, 5, 6, 7, 8, 9, 10, 11, 12, 13, 14, 19, 20, 23, 26, 33, 39, 41, 
  42, 48, 50, 54, 61, 63, 64 ],
[ 1, 2, 3, 4, 5, 6, 7, 8, 9, 10, 11, 12, 13, 14, 19, 20, 23, 27, 37, 41, 42, 
  45, 54, 56, 57, 58, 60, 61 ],
[ 1, 2, 3, 4, 5, 6, 7, 8, 9, 10, 11, 12, 13, 14, 19, 20, 23, 33, 37, 39, 41, 
  42, 45, 50, 56, 60, 61, 64 ],
[ 1, 2, 3, 4, 5, 6, 7, 8, 9, 10, 11, 12, 13, 14, 19, 23, 26, 30, 39, 41, 43, 
  48, 50, 52, 59, 61, 63, 64 ],
[ 1, 2, 3, 4, 5, 6, 7, 8, 9, 10, 11, 12, 13, 14, 19, 23, 30, 35, 37, 39, 41, 
  43, 50, 52, 55, 56, 61, 63 ],
[ 1, 2, 3, 4, 5, 6, 7, 8, 9, 10, 11, 12, 13, 14, 19, 27, 28, 31, 36, 38, 43, 
  48, 50, 52, 59, 60, 63, 64 ],
[ 1, 2, 3, 4, 5, 6, 7, 8, 9, 10, 11, 12, 13, 14, 19, 27, 28, 36, 37, 38, 40, 
  43, 48, 50, 56, 57, 60, 63 ],
[ 1, 2, 3, 4, 5, 6, 7, 8, 9, 10, 11, 12, 13, 14, 19, 30, 34, 35, 37, 39, 41, 
  45, 50, 52, 53, 56, 59, 61 ],
[ 1, 2, 3, 4, 5, 6, 7, 8, 9, 10, 11, 12, 13, 14, 20, 23, 26, 27, 29, 42, 48, 
  51, 54, 57, 58, 59, 61, 64 ],
[ 1, 2, 3, 4, 5, 6, 7, 8, 9, 10, 11, 12, 13, 14, 20, 23, 26, 27, 42, 45, 48, 
  50, 54, 57, 58, 60, 61, 62 ],
[ 1, 2, 3, 4, 5, 6, 7, 8, 9, 10, 11, 12, 13, 14, 20, 23, 26, 33, 35, 39, 40, 
  42, 48, 50, 55, 57, 61, 64 ],
[ 1, 2, 3, 4, 5, 6, 7, 8, 9, 10, 11, 12, 13, 14, 20, 23, 27, 29, 35, 37, 42, 
  51, 54, 55, 56, 57, 58, 61 ],
[ 1, 2, 3, 4, 5, 6, 7, 8, 9, 10, 11, 12, 13, 14, 20, 23, 29, 33, 35, 37, 39, 
  42, 50, 51, 55, 56, 61, 64 ],
[ 1, 2, 3, 4, 5, 6, 7, 8, 9, 10, 11, 12, 13, 14, 20, 26, 34, 39, 40, 42, 43, 
  48, 50, 55, 57, 60, 61, 63 ],
[ 1, 2, 3, 4, 5, 6, 7, 8, 9, 10, 11, 12, 13, 14, 20, 27, 29, 33, 34, 35, 37, 
  42, 45, 51, 56, 57, 61, 64 ],
[ 1, 2, 3, 4, 5, 6, 7, 8, 9, 10, 11, 12, 13, 14, 20, 27, 29, 34, 37, 42, 51, 
  53, 55, 56, 57, 59, 60, 61 ],
[ 1, 2, 3, 4, 5, 6, 7, 8, 9, 10, 11, 12, 13, 14, 20, 29, 33, 34, 37, 40, 42, 
  49, 51, 55, 56, 60, 61, 64 ],
[ 1, 2, 3, 4, 5, 6, 7, 8, 9, 10, 11, 12, 13, 14, 20, 29, 34, 37, 39, 42, 43, 
  50, 51, 55, 56, 60, 61, 63 ],
[ 1, 2, 3, 4, 5, 6, 7, 8, 9, 10, 11, 12, 13, 14, 21, 24, 27, 28, 35, 37, 42, 
  51, 53, 55, 56, 57, 59, 60 ],
[ 1, 2, 3, 4, 5, 6, 7, 8, 9, 10, 11, 12, 13, 14, 21, 24, 28, 35, 37, 39, 42, 
  43, 50, 51, 55, 56, 60, 63 ],
[ 1, 2, 3, 4, 5, 6, 7, 8, 9, 10, 11, 12, 13, 14, 21, 27, 28, 35, 36, 37, 42, 
  43, 47, 51, 55, 57, 60, 63 ],
[ 1, 2, 3, 4, 5, 6, 7, 8, 9, 10, 11, 12, 13, 14, 23, 26, 27, 30, 35, 48, 50, 
  52, 53, 55, 57, 59, 61, 62 ],
[ 1, 2, 3, 4, 5, 6, 7, 8, 9, 10, 11, 12, 13, 14, 23, 26, 30, 39, 40, 43, 45, 
  48, 50, 52, 57, 60, 61, 63 ],
[ 1, 2, 3, 4, 5, 6, 7, 8, 9, 10, 11, 12, 13, 14, 23, 27, 29, 30, 37, 45, 51, 
  52, 53, 56, 57, 59, 60, 61 ],
[ 1, 2, 3, 4, 5, 6, 7, 8, 9, 10, 11, 12, 13, 14, 23, 29, 30, 37, 39, 43, 45, 
  50, 51, 52, 56, 60, 61, 63 ],
[ 1, 2, 3, 4, 5, 6, 7, 8, 9, 10, 11, 12, 13, 14, 24, 26, 28, 39, 40, 43, 47, 
  48, 50, 51, 57, 60, 61, 63 ],
[ 1, 2, 3, 4, 5, 6, 7, 8, 9, 10, 11, 12, 13, 14, 24, 27, 28, 31, 35, 47, 51, 
  52, 53, 55, 57, 59, 60, 61 ],
[ 1, 2, 3, 4, 5, 6, 7, 8, 9, 10, 11, 12, 13, 14, 24, 28, 31, 35, 39, 43, 47, 
  50, 51, 52, 55, 60, 61, 63 ],
[ 1, 2, 3, 4, 5, 6, 7, 8, 9, 10, 11, 12, 13, 14, 26, 27, 28, 36, 37, 43, 47, 
  48, 50, 51, 57, 60, 62, 63 ],
[ 1, 2, 3, 4, 5, 6, 7, 8, 9, 10, 11, 12, 13, 14, 26, 27, 30, 34, 35, 43, 45, 
  48, 50, 52, 57, 61, 62, 63 ],
[ 1, 2, 3, 4, 5, 6, 7, 8, 9, 10, 11, 12, 13, 14, 27, 28, 35, 36, 38, 43, 47, 
  48, 50, 51, 57, 59, 61, 62 ],
[ 1, 2, 3, 4, 5, 6, 7, 8, 9, 10, 11, 12, 13, 14, 31, 32, 35, 36, 38, 43, 44, 
  47, 50, 51, 57, 58, 59, 62 ],
[ 1, 2, 3, 4, 5, 6, 7, 8, 9, 10, 11, 12, 13, 15, 17, 19, 24, 38, 39, 41, 47, 
  53, 56, 57, 59, 60, 61, 62 ],
[ 1, 2, 3, 4, 5, 6, 7, 8, 9, 10, 11, 12, 13, 15, 17, 24, 31, 35, 38, 39, 52, 
  53, 55, 56, 57, 59, 60, 62 ],
[ 1, 2, 3, 4, 5, 6, 7, 8, 9, 10, 11, 12, 13, 15, 17, 27, 31, 35, 37, 38, 40, 
  43, 46, 52, 55, 57, 60, 63 ],
[ 1, 2, 3, 4, 5, 6, 7, 8, 9, 10, 11, 12, 13, 15, 17, 29, 36, 37, 38, 39, 43, 
  47, 51, 56, 57, 60, 62, 63 ],
[ 1, 2, 3, 4, 5, 6, 7, 8, 9, 10, 11, 12, 13, 15, 17, 31, 35, 36, 38, 39, 43, 
  47, 52, 55, 57, 60, 62, 63 ],
[ 1, 2, 3, 4, 5, 6, 7, 8, 9, 10, 11, 12, 13, 15, 19, 20, 21, 38, 39, 41, 43, 
  47, 53, 56, 59, 60, 62, 64 ],
[ 1, 2, 3, 4, 5, 6, 7, 8, 9, 10, 11, 12, 13, 15, 19, 21, 24, 38, 39, 41, 42, 
  43, 49, 56, 59, 60, 63, 64 ],
[ 1, 2, 3, 4, 5, 6, 7, 8, 9, 10, 11, 12, 13, 15, 19, 21, 24, 38, 41, 42, 43, 
  53, 56, 57, 58, 59, 60, 62 ],
[ 1, 2, 3, 4, 5, 6, 7, 8, 9, 10, 11, 12, 13, 15, 19, 24, 38, 39, 40, 41, 43, 
  47, 49, 56, 57, 60, 61, 63 ],
[ 1, 2, 3, 4, 5, 6, 7, 8, 9, 10, 11, 12, 13, 15, 21, 24, 27, 35, 38, 42, 49, 
  53, 55, 56, 57, 59, 60, 62 ],
[ 1, 2, 3, 4, 5, 6, 7, 8, 9, 10, 11, 12, 13, 15, 21, 24, 35, 38, 39, 42, 43, 
  49, 50, 55, 56, 60, 62, 63 ],
[ 1, 2, 3, 4, 5, 6, 7, 8, 9, 10, 11, 12, 13, 15, 21, 27, 35, 36, 38, 42, 43, 
  47, 49, 55, 57, 60, 62, 63 ],
[ 1, 2, 3, 4, 5, 6, 7, 8, 9, 10, 11, 12, 13, 15, 24, 27, 29, 38, 47, 49, 51, 
  53, 56, 57, 59, 60, 61, 62 ],
[ 1, 2, 3, 4, 5, 6, 7, 8, 9, 10, 11, 12, 13, 15, 24, 29, 31, 38, 39, 43, 49, 
  51, 52, 56, 59, 60, 63, 64 ],
[ 1, 2, 3, 4, 5, 6, 7, 8, 9, 10, 11, 12, 13, 15, 24, 29, 31, 38, 43, 51, 52, 
  53, 56, 57, 58, 59, 60, 62 ],
[ 1, 2, 3, 4, 5, 6, 7, 8, 9, 10, 11, 12, 13, 15, 24, 29, 38, 39, 43, 47, 49, 
  50, 51, 56, 60, 61, 62, 63 ],
[ 1, 2, 3, 4, 5, 6, 7, 8, 9, 10, 11, 12, 13, 15, 24, 31, 35, 38, 39, 40, 43, 
  49, 52, 55, 56, 57, 60, 63 ],
[ 1, 2, 3, 4, 5, 6, 7, 8, 9, 10, 11, 12, 13, 15, 27, 32, 36, 41, 45, 47, 49, 
  52, 56, 58, 60, 62, 63, 64 ],
[ 1, 2, 3, 4, 5, 6, 7, 8, 9, 10, 11, 12, 13, 16, 17, 18, 31, 33, 37, 38, 41, 
  43, 47, 52, 53, 60, 62, 63 ],
[ 1, 2, 3, 4, 5, 6, 7, 8, 9, 10, 11, 12, 13, 16, 17, 18, 31, 33, 38, 41, 52, 
  53, 54, 56, 58, 60, 61, 62 ],
[ 1, 2, 3, 4, 5, 6, 7, 8, 9, 10, 11, 12, 13, 16, 17, 20, 23, 29, 33, 36, 38, 
  42, 47, 51, 54, 62, 63, 64 ],
[ 1, 2, 3, 4, 5, 6, 7, 8, 9, 10, 11, 12, 13, 16, 17, 20, 23, 33, 36, 38, 40, 
  42, 45, 47, 57, 60, 62, 64 ],
[ 1, 2, 3, 4, 5, 6, 7, 8, 9, 10, 11, 12, 13, 16, 17, 24, 32, 39, 41, 44, 46, 
  47, 52, 59, 60, 62, 63, 64 ],
[ 1, 2, 3, 4, 5, 6, 7, 8, 9, 10, 11, 12, 13, 16, 18, 19, 24, 30, 38, 40, 43, 
  45, 52, 53, 54, 56, 62, 63 ],
[ 1, 2, 3, 4, 5, 6, 7, 8, 9, 10, 11, 12, 13, 16, 18, 20, 21, 38, 40, 41, 43, 
  46, 54, 56, 58, 60, 62, 64 ],
[ 1, 2, 3, 4, 5, 6, 7, 8, 9, 10, 11, 12, 13, 16, 18, 21, 27, 36, 38, 41, 42, 
  43, 46, 57, 59, 60, 63, 64 ],
[ 1, 2, 3, 4, 5, 6, 7, 8, 9, 10, 11, 12, 13, 16, 18, 21, 27, 38, 41, 42, 43, 
  53, 56, 57, 58, 59, 60, 61 ],
[ 1, 2, 3, 4, 5, 6, 7, 8, 9, 10, 11, 12, 13, 16, 18, 21, 33, 38, 40, 41, 42, 
  43, 49, 56, 58, 60, 61, 64 ],
[ 1, 2, 3, 4, 5, 6, 7, 8, 9, 10, 11, 12, 13, 16, 20, 23, 27, 29, 33, 37, 38, 
  42, 46, 51, 54, 57, 63, 64 ],
[ 1, 2, 3, 4, 5, 6, 7, 8, 9, 10, 11, 12, 13, 16, 20, 23, 27, 33, 35, 37, 38, 
  42, 46, 50, 55, 57, 62, 64 ],
[ 1, 2, 3, 4, 5, 6, 7, 8, 9, 10, 11, 12, 13, 16, 21, 27, 28, 33, 37, 38, 42, 
  43, 47, 51, 53, 57, 60, 63 ],
[ 1, 2, 3, 4, 5, 6, 7, 8, 9, 10, 11, 12, 13, 16, 23, 27, 29, 30, 37, 38, 43, 
  46, 51, 52, 57, 59, 63, 64 ],
[ 1, 2, 3, 4, 5, 6, 7, 8, 9, 10, 11, 12, 13, 16, 23, 27, 30, 37, 38, 43, 45, 
  46, 50, 52, 57, 60, 62, 63 ],
[ 1, 2, 3, 4, 5, 6, 7, 8, 9, 10, 11, 12, 13, 16, 24, 27, 28, 37, 38, 43, 46, 
  47, 50, 51, 57, 60, 62, 63 ],
[ 1, 2, 3, 4, 5, 6, 7, 8, 9, 10, 11, 12, 13, 16, 24, 32, 40, 41, 43, 44, 46, 
  47, 52, 57, 58, 60, 62, 63 ],
[ 1, 2, 3, 4, 5, 6, 7, 8, 9, 10, 11, 12, 13, 16, 27, 32, 37, 41, 43, 44, 47, 
  49, 52, 56, 58, 60, 62, 63 ],
[ 1, 2, 3, 4, 5, 6, 7, 8, 9, 10, 11, 12, 13, 17, 18, 21, 24, 26, 35, 38, 41, 
  42, 43, 46, 54, 62, 63, 64 ],
[ 1, 2, 3, 4, 5, 6, 7, 8, 9, 10, 11, 12, 13, 17, 18, 21, 26, 33, 35, 38, 41, 
  42, 43, 47, 53, 61, 62, 64 ],
[ 1, 2, 3, 4, 5, 6, 7, 8, 9, 10, 11, 12, 13, 17, 18, 21, 26, 33, 36, 41, 42, 
  46, 48, 54, 60, 62, 63, 64 ],
[ 1, 2, 3, 4, 5, 6, 7, 8, 9, 10, 11, 12, 13, 17, 18, 21, 33, 35, 38, 41, 42, 
  43, 47, 48, 53, 59, 61, 62 ],
[ 1, 2, 3, 4, 5, 6, 7, 8, 9, 10, 11, 12, 13, 17, 18, 22, 24, 26, 35, 40, 42, 
  43, 46, 54, 55, 56, 62, 64 ],
[ 1, 2, 3, 4, 5, 6, 7, 8, 9, 10, 11, 12, 13, 17, 18, 24, 26, 35, 37, 38, 40, 
  41, 43, 46, 56, 57, 62, 64 ],
[ 1, 2, 3, 4, 5, 6, 7, 8, 9, 10, 11, 12, 13, 17, 18, 24, 29, 31, 38, 40, 43, 
  46, 48, 52, 59, 60, 63, 64 ],
[ 1, 2, 3, 4, 5, 6, 7, 8, 9, 10, 11, 12, 13, 17, 18, 24, 31, 32, 38, 40, 43, 
  45, 46, 47, 60, 62, 63, 64 ],
[ 1, 2, 3, 4, 5, 6, 7, 8, 9, 10, 11, 12, 13, 17, 18, 24, 35, 37, 38, 40, 41, 
  43, 46, 48, 56, 57, 59, 62 ],
[ 1, 2, 3, 4, 5, 6, 7, 8, 9, 10, 11, 12, 13, 17, 18, 26, 31, 33, 35, 37, 38, 
  41, 43, 52, 53, 56, 62, 64 ],
[ 1, 2, 3, 4, 5, 6, 7, 8, 9, 10, 11, 12, 13, 17, 18, 31, 33, 35, 37, 38, 41, 
  43, 48, 52, 53, 56, 59, 62 ],
[ 1, 2, 3, 4, 5, 6, 7, 8, 9, 10, 11, 12, 13, 17, 19, 20, 23, 33, 36, 37, 41, 
  42, 45, 47, 56, 60, 62, 64 ],
[ 1, 2, 3, 4, 5, 6, 7, 8, 9, 10, 11, 12, 13, 17, 19, 21, 24, 25, 27, 41, 42, 
  48, 53, 54, 56, 59, 60, 63 ],
[ 1, 2, 3, 4, 5, 6, 7, 8, 9, 10, 11, 12, 13, 17, 19, 21, 24, 25, 39, 42, 48, 
  51, 54, 55, 56, 58, 63, 64 ],
[ 1, 2, 3, 4, 5, 6, 7, 8, 9, 10, 11, 12, 13, 17, 19, 22, 24, 25, 35, 39, 42, 
  54, 55, 56, 58, 61, 62, 64 ],
[ 1, 2, 3, 4, 5, 6, 7, 8, 9, 10, 11, 12, 13, 17, 19, 23, 30, 35, 36, 37, 41, 
  43, 47, 52, 55, 56, 62, 63 ],
[ 1, 2, 3, 4, 5, 6, 7, 8, 9, 10, 11, 12, 13, 17, 19, 24, 25, 39, 47, 48, 50, 
  51, 55, 56, 58, 61, 62, 64 ],
[ 1, 2, 3, 4, 5, 6, 7, 8, 9, 10, 11, 12, 13, 17, 20, 23, 29, 33, 35, 36, 37, 
  42, 47, 51, 55, 56, 62, 64 ],
[ 1, 2, 3, 4, 5, 6, 7, 8, 9, 10, 11, 12, 13, 17, 20, 24, 26, 33, 34, 35, 40, 
  42, 45, 48, 56, 57, 62, 64 ],
[ 1, 2, 3, 4, 5, 6, 7, 8, 9, 10, 11, 12, 13, 17, 21, 24, 25, 35, 39, 40, 42, 
  43, 48, 50, 55, 56, 60, 63 ],
[ 1, 2, 3, 4, 5, 6, 7, 8, 9, 10, 11, 12, 13, 17, 21, 24, 25, 35, 39, 41, 42, 
  43, 48, 51, 54, 56, 59, 63 ],
[ 1, 2, 3, 4, 5, 6, 7, 8, 9, 10, 11, 12, 13, 17, 21, 24, 25, 35, 39, 42, 48, 
  54, 55, 56, 57, 58, 60, 62 ],
[ 1, 2, 3, 4, 5, 6, 7, 8, 9, 10, 11, 12, 13, 17, 21, 25, 27, 35, 36, 40, 42, 
  43, 47, 48, 55, 57, 60, 63 ],
[ 1, 2, 3, 4, 5, 6, 7, 8, 9, 10, 11, 12, 13, 17, 21, 25, 33, 35, 36, 39, 42, 
  47, 48, 55, 57, 60, 62, 64 ],
[ 1, 2, 3, 4, 5, 6, 7, 8, 9, 10, 11, 12, 13, 17, 23, 29, 30, 36, 37, 43, 45, 
  47, 51, 52, 56, 60, 62, 63 ],
[ 1, 2, 3, 4, 5, 6, 7, 8, 9, 10, 11, 12, 13, 17, 24, 25, 29, 39, 47, 48, 51, 
  54, 56, 57, 58, 60, 61, 62 ],
[ 1, 2, 3, 4, 5, 6, 7, 8, 9, 10, 11, 12, 13, 17, 24, 25, 35, 39, 41, 43, 47, 
  48, 50, 51, 56, 59, 61, 62 ],
[ 1, 2, 3, 4, 5, 6, 7, 8, 9, 10, 11, 12, 13, 17, 24, 29, 30, 34, 35, 43, 45, 
  47, 51, 52, 56, 61, 62, 63 ],
[ 1, 2, 3, 4, 5, 6, 7, 8, 9, 10, 11, 12, 13, 17, 31, 32, 33, 35, 37, 38, 39, 
  44, 47, 51, 53, 56, 57, 59 ],
[ 1, 2, 3, 4, 5, 6, 7, 8, 9, 10, 11, 12, 13, 17, 31, 32, 35, 39, 41, 43, 44, 
  47, 48, 50, 56, 58, 59, 61 ],
[ 1, 2, 3, 4, 5, 6, 7, 8, 9, 10, 11, 12, 13, 18, 20, 26, 33, 36, 41, 42, 43, 
  47, 48, 54, 57, 60, 62, 63 ],
[ 1, 2, 3, 4, 5, 6, 7, 8, 9, 10, 11, 12, 13, 18, 21, 24, 27, 35, 41, 42, 46, 
  53, 55, 56, 57, 59, 60, 61 ],
[ 1, 2, 3, 4, 5, 6, 7, 8, 9, 10, 11, 12, 13, 18, 21, 24, 33, 35, 40, 41, 42, 
  46, 49, 55, 56, 60, 61, 64 ],
[ 1, 2, 3, 4, 5, 6, 7, 8, 9, 10, 11, 12, 13, 18, 24, 26, 27, 41, 46, 48, 50, 
  53, 56, 57, 59, 60, 61, 62 ],
[ 1, 2, 3, 4, 5, 6, 7, 8, 9, 10, 11, 12, 13, 18, 24, 26, 30, 33, 40, 41, 43, 
  48, 50, 52, 56, 59, 60, 64 ],
[ 1, 2, 3, 4, 5, 6, 7, 8, 9, 10, 11, 12, 13, 18, 24, 26, 30, 41, 48, 52, 53, 
  56, 57, 58, 59, 60, 62, 64 ],
[ 1, 2, 3, 4, 5, 6, 7, 8, 9, 10, 11, 12, 13, 18, 24, 31, 32, 38, 39, 45, 46, 
  50, 57, 58, 59, 60, 61, 63 ],
[ 1, 2, 3, 4, 5, 6, 7, 8, 9, 10, 11, 12, 13, 19, 20, 21, 25, 33, 39, 41, 47, 
  48, 53, 54, 56, 60, 62, 64 ],
[ 1, 2, 3, 4, 5, 6, 7, 8, 9, 10, 11, 12, 13, 19, 20, 27, 34, 37, 41, 42, 43, 
  46, 47, 55, 57, 60, 61, 63 ],
[ 1, 2, 3, 4, 5, 6, 7, 8, 9, 10, 11, 12, 13, 19, 21, 24, 25, 33, 39, 41, 42, 
  48, 49, 54, 56, 60, 63, 64 ],
[ 1, 2, 3, 4, 5, 6, 7, 8, 9, 10, 11, 12, 13, 19, 21, 24, 25, 33, 40, 41, 42, 
  43, 48, 50, 53, 56, 60, 63 ],
[ 1, 2, 3, 4, 5, 6, 7, 8, 9, 10, 11, 12, 13, 19, 21, 24, 25, 33, 40, 42, 48, 
  51, 53, 55, 56, 57, 58, 64 ],
[ 1, 2, 3, 4, 5, 6, 7, 8, 9, 10, 11, 12, 13, 19, 21, 24, 25, 33, 41, 42, 48, 
  53, 54, 56, 57, 58, 60, 62 ],
[ 1, 2, 3, 4, 5, 6, 7, 8, 9, 10, 11, 12, 13, 19, 24, 25, 27, 40, 47, 48, 49, 
  51, 55, 56, 57, 58, 61, 64 ],
[ 1, 2, 3, 4, 5, 6, 7, 8, 9, 10, 11, 12, 13, 21, 24, 25, 33, 35, 39, 40, 42, 
  48, 49, 55, 56, 57, 60, 64 ],
[ 1, 2, 3, 4, 5, 6, 7, 8, 9, 10, 11, 12, 13, 21, 24, 25, 33, 35, 40, 41, 42, 
  43, 48, 51, 53, 56, 57, 59 ],
[ 1, 2, 3, 4, 5, 6, 7, 8, 9, 10, 11, 12, 13, 24, 25, 27, 31, 35, 48, 49, 52, 
  54, 55, 56, 57, 58, 60, 62 ],
[ 1, 2, 3, 4, 5, 6, 7, 8, 9, 10, 11, 12, 13, 24, 25, 27, 35, 40, 41, 43, 47, 
  48, 49, 51, 56, 57, 59, 61 ],
[ 1, 2, 3, 4, 5, 6, 7, 8, 9, 10, 11, 12, 13, 24, 25, 29, 31, 33, 48, 51, 52, 
  53, 54, 56, 57, 58, 60, 62 ],
[ 1, 2, 3, 4, 5, 6, 7, 8, 9, 10, 11, 12, 13, 24, 27, 28, 35, 37, 38, 43, 46, 
  48, 50, 51, 56, 57, 59, 62 ],
[ 1, 2, 3, 4, 5, 6, 7, 8, 9, 10, 11, 12, 13, 24, 27, 31, 32, 35, 41, 44, 46, 
  48, 49, 50, 54, 56, 59, 63 ],
[ 1, 2, 3, 4, 5, 6, 7, 8, 9, 10, 11, 12, 13, 24, 29, 30, 34, 39, 43, 47, 50, 
  51, 52, 55, 56, 60, 61, 63 ],
[ 1, 2, 3, 4, 5, 6, 7, 8, 9, 10, 11, 12, 13, 24, 31, 32, 33, 35, 38, 44, 46, 
  47, 50, 51, 53, 57, 59, 62 ],
[ 1, 2, 3, 4, 5, 6, 7, 8, 9, 10, 11, 12, 13, 24, 31, 32, 35, 40, 41, 43, 44, 
  46, 48, 50, 56, 57, 58, 59 ],
[ 1, 2, 3, 4, 5, 6, 7, 8, 9, 10, 11, 12, 13, 27, 28, 31, 33, 35, 38, 43, 47, 
  48, 51, 52, 53, 57, 59, 61 ],
[ 1, 2, 3, 4, 5, 6, 7, 8, 9, 10, 11, 12, 13, 27, 31, 32, 33, 35, 41, 44, 47, 
  48, 49, 50, 53, 56, 59, 61 ],
[ 1, 2, 3, 4, 5, 6, 7, 8, 9, 10, 11, 12, 13, 27, 31, 32, 35, 37, 38, 43, 44, 
  47, 49, 51, 56, 57, 58, 59 ],
[ 1, 2, 3, 4, 5, 6, 7, 8, 9, 10, 11, 12, 14, 15, 16, 21, 27, 28, 33, 42, 45, 
  47, 51, 54, 55, 57, 58, 63 ],
[ 1, 2, 3, 4, 5, 6, 7, 8, 9, 10, 11, 12, 14, 15, 17, 18, 21, 26, 33, 37, 41, 
  42, 43, 45, 60, 62, 63, 64 ],
[ 1, 2, 3, 4, 5, 6, 7, 8, 9, 10, 11, 12, 14, 15, 17, 18, 21, 33, 37, 41, 42, 
  43, 45, 48, 59, 60, 62, 63 ],
[ 1, 2, 3, 4, 5, 6, 7, 8, 9, 10, 11, 12, 14, 15, 17, 18, 26, 31, 33, 35, 37, 
  41, 43, 52, 55, 62, 63, 64 ],
[ 1, 2, 3, 4, 5, 6, 7, 8, 9, 10, 11, 12, 14, 15, 17, 18, 31, 33, 35, 37, 41, 
  43, 48, 52, 55, 59, 62, 63 ],
[ 1, 2, 3, 4, 5, 6, 7, 8, 9, 10, 11, 12, 14, 15, 17, 21, 29, 34, 37, 39, 41, 
  42, 45, 48, 54, 58, 59, 64 ],
[ 1, 2, 3, 4, 5, 6, 7, 8, 9, 10, 11, 12, 14, 15, 17, 22, 29, 34, 37, 39, 42, 
  45, 57, 58, 59, 60, 61, 63 ],
[ 1, 2, 3, 4, 5, 6, 7, 8, 9, 10, 11, 12, 14, 15, 17, 26, 34, 37, 39, 40, 41, 
  45, 47, 51, 54, 57, 58, 61 ],
[ 1, 2, 3, 4, 5, 6, 7, 8, 9, 10, 11, 12, 14, 15, 17, 29, 32, 35, 39, 44, 47, 
  52, 53, 55, 56, 57, 59, 63 ],
[ 1, 2, 3, 4, 5, 6, 7, 8, 9, 10, 11, 12, 14, 15, 17, 29, 35, 37, 38, 39, 40, 
  44, 50, 51, 53, 56, 59, 61 ],
[ 1, 2, 3, 4, 5, 6, 7, 8, 9, 10, 11, 12, 14, 15, 19, 27, 35, 37, 38, 40, 41, 
  44, 49, 50, 53, 56, 59, 61 ],
[ 1, 2, 3, 4, 5, 6, 7, 8, 9, 10, 11, 12, 14, 15, 21, 27, 28, 29, 35, 38, 40, 
  42, 43, 53, 54, 60, 61, 63 ],
[ 1, 2, 3, 4, 5, 6, 7, 8, 9, 10, 11, 12, 14, 16, 17, 18, 21, 33, 36, 41, 42, 
  44, 48, 59, 60, 62, 63, 64 ],
[ 1, 2, 3, 4, 5, 6, 7, 8, 9, 10, 11, 12, 14, 16, 17, 18, 33, 36, 40, 41, 44, 
  47, 48, 57, 60, 61, 62, 63 ],
[ 1, 2, 3, 4, 5, 6, 7, 8, 9, 10, 11, 12, 14, 16, 18, 21, 24, 34, 38, 40, 41, 
  42, 45, 49, 54, 58, 59, 64 ],
[ 1, 2, 3, 4, 5, 6, 7, 8, 9, 10, 11, 12, 14, 17, 18, 21, 26, 34, 36, 38, 40, 
  42, 45, 51, 54, 58, 59, 64 ],
[ 1, 2, 3, 4, 5, 6, 7, 8, 9, 10, 11, 12, 14, 17, 18, 21, 33, 35, 36, 41, 42, 
  44, 45, 56, 60, 61, 62, 64 ],
[ 1, 2, 3, 4, 5, 6, 7, 8, 9, 10, 11, 12, 14, 17, 18, 24, 31, 35, 41, 43, 44, 
  45, 47, 52, 60, 61, 62, 63 ],
[ 1, 2, 3, 4, 5, 6, 7, 8, 9, 10, 11, 12, 14, 17, 18, 26, 32, 35, 36, 40, 44, 
  52, 53, 54, 55, 56, 62, 64 ],
[ 1, 2, 3, 4, 5, 6, 7, 8, 9, 10, 11, 12, 14, 17, 18, 29, 34, 36, 37, 38, 40, 
  45, 48, 50, 54, 56, 58, 62 ],
[ 1, 2, 3, 4, 5, 6, 7, 8, 9, 10, 11, 12, 14, 18, 19, 20, 26, 33, 42, 44, 48, 
  50, 53, 55, 57, 59, 61, 63 ],
[ 1, 2, 3, 4, 5, 6, 7, 8, 9, 10, 11, 12, 14, 18, 19, 25, 31, 39, 43, 45, 48, 
  52, 54, 55, 58, 61, 62, 64 ],
[ 1, 2, 3, 4, 5, 6, 7, 8, 9, 10, 11, 12, 14, 18, 21, 27, 35, 36, 41, 42, 43, 
  44, 45, 56, 57, 60, 61, 63 ],
[ 1, 2, 3, 4, 5, 6, 7, 8, 9, 10, 11, 12, 14, 18, 31, 32, 33, 35, 36, 39, 44, 
  48, 50, 55, 56, 57, 59, 63 ],
[ 1, 2, 3, 4, 5, 6, 7, 8, 9, 10, 11, 12, 14, 19, 25, 34, 37, 39, 40, 41, 45, 
  48, 49, 54, 56, 57, 58, 61 ],
[ 1, 2, 3, 4, 5, 6, 7, 8, 9, 10, 11, 12, 14, 19, 27, 28, 34, 36, 37, 38, 40, 
  45, 48, 50, 54, 56, 57, 58 ],
[ 1, 2, 3, 4, 5, 6, 7, 8, 9, 10, 11, 12, 14, 21, 22, 28, 34, 35, 36, 38, 40, 
  43, 49, 54, 55, 61, 62, 64 ],
[ 1, 2, 3, 4, 5, 6, 7, 8, 9, 10, 11, 12, 14, 26, 27, 28, 34, 36, 38, 43, 47, 
  50, 51, 55, 57, 61, 62, 64 ],
[ 1, 2, 3, 4, 5, 6, 7, 8, 9, 10, 11, 12, 15, 16, 21, 27, 28, 33, 42, 45, 46, 
  51, 53, 55, 56, 57, 59, 63 ],
[ 1, 2, 3, 4, 5, 6, 7, 8, 9, 10, 11, 12, 15, 17, 18, 21, 33, 36, 41, 42, 45, 
  48, 56, 58, 60, 62, 63, 64 ],
[ 1, 2, 3, 4, 5, 6, 7, 8, 9, 10, 11, 12, 15, 17, 18, 31, 33, 35, 36, 41, 48, 
  52, 55, 56, 58, 62, 63, 64 ],
[ 1, 2, 3, 4, 5, 6, 7, 8, 9, 10, 11, 12, 16, 17, 18, 21, 33, 37, 41, 42, 43, 
  44, 48, 56, 58, 60, 62, 63 ],
[ 1, 2, 3, 4, 5, 6, 7, 8, 9, 10, 11, 12, 16, 17, 28, 31, 33, 34, 38, 43, 45, 
  51, 52, 56, 58, 61, 62, 64 ],
[ 1, 2, 3, 4, 5, 6, 7, 8, 9, 10, 11, 12, 16, 28, 30, 31, 34, 38, 43, 45, 46, 
  50, 51, 56, 57, 58, 59, 63 ],
[ 1, 2, 3, 4, 5, 6, 7, 8, 9, 10, 11, 13, 14, 15, 16, 17, 19, 29, 38, 39, 43, 
  47, 51, 52, 56, 59, 62, 63 ],
[ 1, 2, 3, 4, 5, 6, 7, 8, 9, 10, 11, 13, 14, 15, 16, 19, 33, 38, 43, 45, 47, 
  52, 53, 56, 59, 60, 62, 63 ],
[ 1, 2, 3, 4, 5, 6, 7, 8, 9, 10, 11, 13, 14, 15, 16, 19, 33, 38, 43, 45, 50, 
  52, 53, 56, 59, 60, 61, 63 ],
[ 1, 2, 3, 4, 5, 6, 7, 8, 9, 10, 11, 13, 14, 15, 16, 33, 37, 38, 41, 43, 45, 
  47, 52, 53, 59, 60, 62, 63 ],
[ 1, 2, 3, 4, 5, 6, 7, 8, 9, 10, 11, 13, 14, 15, 17, 22, 26, 27, 29, 37, 42, 
  51, 52, 53, 54, 59, 60, 63 ],
[ 1, 2, 3, 4, 5, 6, 7, 8, 9, 10, 11, 13, 14, 15, 17, 22, 35, 38, 39, 40, 42, 
  43, 45, 50, 52, 59, 60, 61 ],
[ 1, 2, 3, 4, 5, 6, 7, 8, 9, 10, 11, 13, 14, 15, 17, 26, 35, 38, 39, 40, 41, 
  43, 45, 47, 52, 57, 61, 62 ],
[ 1, 2, 3, 4, 5, 6, 7, 8, 9, 10, 11, 13, 14, 15, 19, 21, 22, 26, 27, 43, 49, 
  51, 52, 54, 55, 56, 59, 63 ],
[ 1, 2, 3, 4, 5, 6, 7, 8, 9, 10, 11, 13, 14, 15, 19, 21, 22, 27, 35, 37, 43, 
  48, 49, 51, 52, 54, 63, 64 ],
[ 1, 2, 3, 4, 5, 6, 7, 8, 9, 10, 11, 13, 14, 15, 19, 21, 22, 27, 35, 37, 48, 
  49, 51, 52, 54, 58, 59, 63 ],
[ 1, 2, 3, 4, 5, 6, 7, 8, 9, 10, 11, 13, 14, 15, 19, 21, 22, 33, 35, 37, 43, 
  48, 50, 51, 52, 53, 62, 64 ],
[ 1, 2, 3, 4, 5, 6, 7, 8, 9, 10, 11, 13, 14, 15, 19, 21, 22, 33, 35, 37, 48, 
  50, 51, 52, 53, 58, 59, 62 ],
[ 1, 2, 3, 4, 5, 6, 7, 8, 9, 10, 11, 13, 14, 15, 22, 26, 27, 29, 31, 41, 42, 
  43, 49, 54, 55, 56, 59, 63 ],
[ 1, 2, 3, 4, 5, 6, 7, 8, 9, 10, 11, 13, 14, 15, 22, 26, 27, 29, 31, 41, 42, 
  49, 54, 55, 56, 58, 63, 64 ],
[ 1, 2, 3, 4, 5, 6, 7, 8, 9, 10, 11, 13, 14, 15, 22, 26, 27, 35, 37, 41, 42, 
  43, 49, 51, 52, 54, 59, 63 ],
[ 1, 2, 3, 4, 5, 6, 7, 8, 9, 10, 11, 13, 14, 15, 22, 26, 27, 35, 37, 41, 42, 
  49, 51, 52, 54, 58, 63, 64 ],
[ 1, 2, 3, 4, 5, 6, 7, 8, 9, 10, 11, 13, 14, 15, 22, 26, 29, 31, 33, 41, 42, 
  43, 50, 53, 55, 56, 59, 62 ],
[ 1, 2, 3, 4, 5, 6, 7, 8, 9, 10, 11, 13, 14, 15, 22, 26, 29, 31, 33, 41, 42, 
  50, 53, 55, 56, 58, 62, 64 ],
[ 1, 2, 3, 4, 5, 6, 7, 8, 9, 10, 11, 13, 14, 15, 22, 26, 33, 35, 37, 41, 42, 
  43, 50, 51, 52, 53, 59, 62 ],
[ 1, 2, 3, 4, 5, 6, 7, 8, 9, 10, 11, 13, 14, 15, 22, 26, 33, 35, 37, 41, 42, 
  50, 51, 52, 53, 58, 62, 64 ],
[ 1, 2, 3, 4, 5, 6, 7, 8, 9, 10, 11, 13, 14, 15, 26, 33, 35, 38, 41, 43, 45, 
  47, 52, 53, 54, 61, 62, 63 ],
[ 1, 2, 3, 4, 5, 6, 7, 8, 9, 10, 11, 13, 14, 16, 18, 19, 21, 27, 32, 38, 42, 
  46, 57, 58, 59, 60, 63, 64 ],
[ 1, 2, 3, 4, 5, 6, 7, 8, 9, 10, 11, 13, 14, 16, 18, 20, 22, 35, 37, 43, 48, 
  50, 51, 52, 53, 62, 63, 64 ],
[ 1, 2, 3, 4, 5, 6, 7, 8, 9, 10, 11, 13, 14, 16, 18, 22, 27, 31, 33, 35, 36, 
  42, 48, 50, 51, 59, 63, 64 ],
[ 1, 2, 3, 4, 5, 6, 7, 8, 9, 10, 11, 13, 14, 16, 18, 22, 31, 33, 35, 36, 42, 
  48, 49, 51, 59, 62, 63, 64 ],
[ 1, 2, 3, 4, 5, 6, 7, 8, 9, 10, 11, 13, 14, 16, 19, 21, 22, 25, 27, 33, 49, 
  51, 52, 54, 55, 56, 59, 64 ],
[ 1, 2, 3, 4, 5, 6, 7, 8, 9, 10, 11, 13, 14, 16, 19, 21, 22, 25, 27, 49, 51, 
  52, 53, 55, 56, 59, 63, 64 ],
[ 1, 2, 3, 4, 5, 6, 7, 8, 9, 10, 11, 13, 14, 16, 19, 21, 22, 27, 28, 35, 36, 
  43, 48, 52, 54, 62, 63, 64 ],
[ 1, 2, 3, 4, 5, 6, 7, 8, 9, 10, 11, 13, 14, 16, 19, 21, 22, 28, 35, 36, 43, 
  48, 49, 50, 52, 54, 63, 64 ],
[ 1, 2, 3, 4, 5, 6, 7, 8, 9, 10, 11, 13, 14, 16, 19, 21, 22, 33, 34, 36, 43, 
  48, 50, 51, 52, 54, 62, 64 ],
[ 1, 2, 3, 4, 5, 6, 7, 8, 9, 10, 11, 13, 14, 16, 19, 21, 22, 33, 34, 36, 48, 
  50, 51, 52, 54, 58, 59, 62 ],
[ 1, 2, 3, 4, 5, 6, 7, 8, 9, 10, 11, 13, 14, 16, 19, 21, 22, 34, 36, 43, 48, 
  50, 51, 52, 53, 62, 63, 64 ],
[ 1, 2, 3, 4, 5, 6, 7, 8, 9, 10, 11, 13, 14, 16, 19, 21, 22, 34, 36, 48, 50, 
  51, 52, 53, 58, 59, 62, 63 ],
[ 1, 2, 3, 4, 5, 6, 7, 8, 9, 10, 11, 13, 14, 16, 19, 22, 24, 27, 28, 38, 42, 
  50, 52, 53, 54, 59, 60, 63 ],
[ 1, 2, 3, 4, 5, 6, 7, 8, 9, 10, 11, 13, 14, 16, 19, 22, 31, 33, 34, 36, 42, 
  48, 50, 51, 58, 62, 63, 64 ],
[ 1, 2, 3, 4, 5, 6, 7, 8, 9, 10, 11, 13, 14, 16, 20, 21, 32, 38, 39, 40, 44, 
  45, 50, 53, 57, 60, 61, 64 ],
[ 1, 2, 3, 4, 5, 6, 7, 8, 9, 10, 11, 13, 14, 16, 20, 22, 29, 31, 33, 34, 41, 
  48, 49, 50, 54, 56, 59, 64 ],
[ 1, 2, 3, 4, 5, 6, 7, 8, 9, 10, 11, 13, 14, 16, 20, 32, 33, 38, 39, 40, 42, 
  44, 45, 47, 57, 60, 62, 64 ],
[ 1, 2, 3, 4, 5, 6, 7, 8, 9, 10, 11, 13, 14, 16, 21, 27, 32, 34, 38, 42, 45, 
  46, 49, 50, 54, 55, 57, 59 ],
[ 1, 2, 3, 4, 5, 6, 7, 8, 9, 10, 11, 13, 14, 16, 22, 25, 27, 29, 31, 33, 41, 
  42, 49, 54, 55, 56, 59, 64 ],
[ 1, 2, 3, 4, 5, 6, 7, 8, 9, 10, 11, 13, 14, 16, 22, 25, 27, 35, 37, 41, 42, 
  49, 51, 52, 53, 59, 63, 64 ],
[ 1, 2, 3, 4, 5, 6, 7, 8, 9, 10, 11, 13, 14, 16, 22, 25, 29, 31, 33, 41, 42, 
  43, 50, 54, 55, 56, 58, 62 ],
[ 1, 2, 3, 4, 5, 6, 7, 8, 9, 10, 11, 13, 14, 16, 22, 25, 35, 37, 41, 42, 43, 
  50, 51, 52, 53, 58, 62, 63 ],
[ 1, 2, 3, 4, 5, 6, 7, 8, 9, 10, 11, 13, 14, 16, 22, 27, 28, 31, 35, 36, 41, 
  42, 48, 50, 54, 58, 59, 63 ],
[ 1, 2, 3, 4, 5, 6, 7, 8, 9, 10, 11, 13, 14, 16, 22, 28, 30, 35, 37, 41, 42, 
  48, 50, 53, 58, 59, 62, 63 ],
[ 1, 2, 3, 4, 5, 6, 7, 8, 9, 10, 11, 13, 14, 16, 22, 28, 31, 35, 36, 41, 42, 
  48, 49, 54, 58, 59, 62, 63 ],
[ 1, 2, 3, 4, 5, 6, 7, 8, 9, 10, 11, 13, 14, 16, 22, 29, 31, 33, 34, 36, 41, 
  42, 48, 50, 54, 58, 59, 62 ],
[ 1, 2, 3, 4, 5, 6, 7, 8, 9, 10, 11, 13, 14, 17, 18, 19, 22, 35, 36, 42, 43, 
  45, 47, 52, 56, 59, 60, 62 ],
[ 1, 2, 3, 4, 5, 6, 7, 8, 9, 10, 11, 13, 14, 17, 18, 22, 35, 36, 37, 41, 42, 
  43, 45, 47, 52, 59, 60, 62 ],
[ 1, 2, 3, 4, 5, 6, 7, 8, 9, 10, 11, 13, 14, 18, 19, 22, 35, 36, 37, 39, 42, 
  45, 50, 52, 58, 60, 61, 64 ],
[ 1, 2, 3, 4, 5, 6, 7, 8, 9, 10, 11, 13, 14, 18, 20, 22, 26, 29, 31, 38, 43, 
  50, 53, 54, 55, 56, 59, 62 ],
[ 1, 2, 3, 4, 5, 6, 7, 8, 9, 10, 11, 13, 14, 18, 20, 22, 26, 35, 37, 38, 43, 
  50, 51, 52, 53, 54, 59, 62 ],
[ 1, 2, 3, 4, 5, 6, 7, 8, 9, 10, 11, 13, 14, 18, 21, 22, 26, 27, 35, 36, 38, 
  50, 51, 52, 53, 54, 59, 64 ],
[ 1, 2, 3, 4, 5, 6, 7, 8, 9, 10, 11, 13, 14, 18, 21, 22, 26, 35, 36, 38, 49, 
  51, 52, 53, 54, 59, 62, 64 ],
[ 1, 2, 3, 4, 5, 6, 7, 8, 9, 10, 11, 13, 14, 18, 22, 24, 35, 37, 40, 41, 42, 
  43, 45, 49, 52, 56, 59, 60 ],
[ 1, 2, 3, 4, 5, 6, 7, 8, 9, 10, 11, 13, 14, 19, 20, 22, 26, 27, 34, 37, 38, 
  50, 51, 52, 53, 54, 59, 64 ],
[ 1, 2, 3, 4, 5, 6, 7, 8, 9, 10, 11, 13, 14, 19, 21, 22, 25, 27, 35, 37, 38, 
  49, 51, 52, 53, 54, 59, 64 ],
[ 1, 2, 3, 4, 5, 6, 7, 8, 9, 10, 11, 13, 14, 19, 21, 22, 25, 35, 37, 38, 43, 
  50, 51, 52, 53, 54, 58, 62 ],
[ 1, 2, 3, 4, 5, 6, 7, 8, 9, 10, 11, 13, 14, 19, 21, 22, 26, 34, 36, 38, 43, 
  50, 51, 52, 53, 54, 59, 62 ],
[ 1, 2, 3, 4, 5, 6, 7, 8, 9, 10, 11, 13, 14, 19, 21, 22, 28, 30, 33, 35, 37, 
  38, 43, 48, 50, 62, 63, 64 ],
[ 1, 2, 3, 4, 5, 6, 7, 8, 9, 10, 11, 13, 14, 19, 21, 22, 28, 30, 33, 35, 37, 
  38, 48, 50, 58, 59, 62, 63 ],
[ 1, 2, 3, 4, 5, 6, 7, 8, 9, 10, 11, 13, 14, 19, 21, 22, 28, 30, 35, 37, 38, 
  43, 48, 50, 53, 54, 62, 64 ],
[ 1, 2, 3, 4, 5, 6, 7, 8, 9, 10, 11, 13, 14, 19, 21, 22, 28, 30, 35, 37, 38, 
  48, 50, 53, 54, 58, 59, 62 ],
[ 1, 2, 3, 4, 5, 6, 7, 8, 9, 10, 11, 13, 14, 19, 21, 27, 32, 37, 39, 41, 42, 
  44, 45, 46, 56, 60, 63, 64 ],
[ 1, 2, 3, 4, 5, 6, 7, 8, 9, 10, 11, 13, 14, 19, 22, 26, 27, 30, 34, 37, 38, 
  42, 43, 50, 51, 54, 63, 64 ],
[ 1, 2, 3, 4, 5, 6, 7, 8, 9, 10, 11, 13, 14, 19, 22, 26, 27, 30, 34, 37, 38, 
  42, 50, 51, 54, 58, 59, 63 ],
[ 1, 2, 3, 4, 5, 6, 7, 8, 9, 10, 11, 13, 14, 19, 22, 27, 28, 35, 36, 38, 42, 
  43, 48, 50, 52, 54, 59, 63 ],
[ 1, 2, 3, 4, 5, 6, 7, 8, 9, 10, 11, 13, 14, 19, 22, 27, 28, 35, 36, 38, 42, 
  48, 50, 52, 54, 58, 63, 64 ],
[ 1, 2, 3, 4, 5, 6, 7, 8, 9, 10, 11, 13, 14, 19, 22, 28, 35, 36, 38, 42, 43, 
  48, 49, 52, 54, 59, 62, 63 ],
[ 1, 2, 3, 4, 5, 6, 7, 8, 9, 10, 11, 13, 14, 19, 22, 28, 35, 36, 38, 42, 48, 
  49, 52, 54, 58, 62, 63, 64 ],
[ 1, 2, 3, 4, 5, 6, 7, 8, 9, 10, 11, 13, 14, 19, 22, 29, 33, 34, 36, 38, 42, 
  48, 50, 52, 54, 58, 62, 64 ],
[ 1, 2, 3, 4, 5, 6, 7, 8, 9, 10, 11, 13, 14, 21, 22, 26, 27, 28, 35, 36, 38, 
  41, 43, 50, 52, 54, 63, 64 ],
[ 1, 2, 3, 4, 5, 6, 7, 8, 9, 10, 11, 13, 14, 21, 22, 26, 28, 35, 36, 38, 41, 
  43, 49, 52, 54, 62, 63, 64 ],
[ 1, 2, 3, 4, 5, 6, 7, 8, 9, 10, 11, 13, 14, 21, 22, 26, 29, 34, 36, 38, 41, 
  43, 50, 52, 53, 62, 63, 64 ],
[ 1, 2, 3, 4, 5, 6, 7, 8, 9, 10, 11, 13, 14, 21, 22, 27, 30, 34, 37, 38, 41, 
  48, 50, 51, 54, 58, 63, 64 ],
[ 1, 2, 3, 4, 5, 6, 7, 8, 9, 10, 11, 13, 14, 21, 22, 30, 34, 37, 38, 41, 43, 
  48, 49, 51, 54, 59, 62, 63 ],
[ 1, 2, 3, 4, 5, 6, 7, 8, 9, 10, 11, 13, 14, 22, 26, 27, 28, 31, 36, 38, 41, 
  42, 43, 50, 54, 55, 59, 63 ],
[ 1, 2, 3, 4, 5, 6, 7, 8, 9, 10, 11, 13, 14, 22, 26, 28, 31, 36, 38, 41, 42, 
  43, 49, 54, 55, 59, 62, 63 ],
[ 1, 2, 3, 4, 5, 6, 7, 8, 9, 10, 11, 13, 14, 22, 26, 29, 31, 33, 34, 36, 38, 
  41, 42, 43, 50, 59, 62, 63 ],
[ 1, 2, 3, 4, 5, 6, 7, 8, 9, 10, 11, 13, 14, 22, 26, 29, 31, 33, 34, 36, 38, 
  41, 42, 50, 58, 62, 63, 64 ],
[ 1, 2, 3, 4, 5, 6, 7, 8, 9, 10, 11, 13, 14, 22, 26, 29, 31, 34, 36, 38, 41, 
  42, 43, 50, 53, 54, 59, 62 ],
[ 1, 2, 3, 4, 5, 6, 7, 8, 9, 10, 11, 13, 14, 22, 26, 29, 31, 34, 36, 38, 41, 
  42, 50, 53, 54, 58, 62, 64 ],
[ 1, 2, 3, 4, 5, 6, 7, 8, 9, 10, 11, 13, 14, 26, 35, 36, 41, 43, 44, 45, 47, 
  52, 56, 58, 60, 61, 62, 64 ],
[ 1, 2, 3, 4, 5, 6, 7, 8, 9, 10, 11, 13, 14, 31, 35, 36, 41, 43, 44, 45, 47, 
  48, 50, 56, 58, 59, 60, 61 ],
[ 1, 2, 3, 4, 5, 6, 7, 8, 9, 10, 11, 13, 15, 17, 19, 20, 22, 35, 40, 43, 47, 
  48, 51, 52, 53, 61, 63, 64 ],
[ 1, 2, 3, 4, 5, 6, 7, 8, 9, 10, 11, 13, 15, 17, 19, 20, 22, 35, 40, 47, 48, 
  51, 52, 53, 58, 59, 61, 63 ],
[ 1, 2, 3, 4, 5, 6, 7, 8, 9, 10, 11, 13, 15, 17, 19, 22, 24, 31, 33, 35, 39, 
  42, 47, 48, 51, 59, 63, 64 ],
[ 1, 2, 3, 4, 5, 6, 7, 8, 9, 10, 11, 13, 15, 17, 20, 22, 26, 29, 31, 41, 43, 
  47, 53, 54, 55, 57, 59, 61 ],
[ 1, 2, 3, 4, 5, 6, 7, 8, 9, 10, 11, 13, 15, 17, 20, 22, 26, 29, 31, 41, 47, 
  53, 54, 55, 57, 58, 61, 64 ],
[ 1, 2, 3, 4, 5, 6, 7, 8, 9, 10, 11, 13, 15, 17, 20, 22, 26, 31, 33, 35, 40, 
  41, 43, 47, 51, 61, 63, 64 ],
[ 1, 2, 3, 4, 5, 6, 7, 8, 9, 10, 11, 13, 15, 17, 20, 22, 26, 31, 35, 40, 41, 
  47, 51, 53, 54, 58, 59, 61 ],
[ 1, 2, 3, 4, 5, 6, 7, 8, 9, 10, 11, 13, 15, 17, 20, 22, 29, 33, 35, 40, 41, 
  43, 47, 48, 52, 59, 61, 63 ],
[ 1, 2, 3, 4, 5, 6, 7, 8, 9, 10, 11, 13, 15, 17, 20, 22, 29, 35, 40, 41, 43, 
  47, 48, 52, 53, 54, 59, 61 ],
[ 1, 2, 3, 4, 5, 6, 7, 8, 9, 10, 11, 13, 15, 17, 21, 22, 26, 29, 39, 41, 46, 
  47, 52, 53, 55, 59, 63, 64 ],
[ 1, 2, 3, 4, 5, 6, 7, 8, 9, 10, 11, 13, 15, 17, 22, 27, 29, 35, 37, 38, 42, 
  43, 46, 51, 52, 54, 59, 63 ],
[ 1, 2, 3, 4, 5, 6, 7, 8, 9, 10, 11, 13, 15, 17, 22, 27, 35, 37, 38, 40, 42, 
  43, 45, 46, 52, 57, 59, 60 ],
[ 1, 2, 3, 4, 5, 6, 7, 8, 9, 10, 11, 13, 15, 19, 22, 24, 31, 33, 35, 40, 42, 
  43, 47, 48, 51, 57, 58, 63 ],
[ 1, 2, 3, 4, 5, 6, 7, 8, 9, 10, 11, 13, 15, 19, 22, 27, 30, 33, 35, 37, 42, 
  48, 50, 51, 56, 58, 63, 64 ],
[ 1, 2, 3, 4, 5, 6, 7, 8, 9, 10, 11, 13, 15, 19, 22, 30, 33, 35, 37, 42, 43, 
  48, 49, 51, 56, 59, 62, 63 ],
[ 1, 2, 3, 4, 5, 6, 7, 8, 9, 10, 11, 13, 15, 21, 22, 26, 27, 30, 35, 37, 41, 
  50, 51, 53, 54, 56, 58, 59 ],
[ 1, 2, 3, 4, 5, 6, 7, 8, 9, 10, 11, 13, 15, 21, 22, 26, 29, 40, 41, 43, 46, 
  47, 52, 53, 55, 57, 58, 63 ],
[ 1, 2, 3, 4, 5, 6, 7, 8, 9, 10, 11, 13, 15, 21, 22, 26, 30, 33, 35, 37, 41, 
  43, 49, 51, 56, 62, 63, 64 ],
[ 1, 2, 3, 4, 5, 6, 7, 8, 9, 10, 11, 13, 15, 22, 27, 29, 31, 35, 36, 41, 42, 
  48, 49, 54, 56, 58, 59, 63 ],
[ 1, 2, 3, 4, 5, 6, 7, 8, 9, 10, 11, 13, 16, 17, 18, 21, 22, 24, 35, 40, 43, 
  46, 48, 51, 52, 54, 63, 64 ],
[ 1, 2, 3, 4, 5, 6, 7, 8, 9, 10, 11, 13, 16, 17, 18, 21, 22, 24, 35, 40, 46, 
  48, 51, 52, 54, 58, 59, 63 ],
[ 1, 2, 3, 4, 5, 6, 7, 8, 9, 10, 11, 13, 16, 17, 18, 21, 22, 33, 35, 40, 43, 
  47, 48, 51, 52, 53, 61, 64 ],
[ 1, 2, 3, 4, 5, 6, 7, 8, 9, 10, 11, 13, 16, 17, 18, 21, 22, 33, 35, 40, 47, 
  48, 51, 52, 53, 58, 59, 61 ],
[ 1, 2, 3, 4, 5, 6, 7, 8, 9, 10, 11, 13, 16, 17, 19, 21, 22, 24, 25, 35, 39, 
  43, 51, 52, 54, 61, 63, 64 ],
[ 1, 2, 3, 4, 5, 6, 7, 8, 9, 10, 11, 13, 16, 17, 19, 21, 22, 25, 30, 33, 47, 
  51, 54, 55, 57, 58, 59, 61 ],
[ 1, 2, 3, 4, 5, 6, 7, 8, 9, 10, 11, 13, 16, 17, 19, 21, 22, 25, 30, 47, 51, 
  53, 55, 57, 58, 59, 61, 63 ],
[ 1, 2, 3, 4, 5, 6, 7, 8, 9, 10, 11, 13, 16, 17, 19, 21, 22, 25, 35, 39, 43, 
  46, 47, 51, 52, 54, 63, 64 ],
[ 1, 2, 3, 4, 5, 6, 7, 8, 9, 10, 11, 13, 16, 17, 19, 21, 22, 33, 34, 39, 43, 
  47, 48, 51, 52, 54, 61, 64 ],
[ 1, 2, 3, 4, 5, 6, 7, 8, 9, 10, 11, 13, 16, 17, 19, 21, 22, 33, 34, 39, 47, 
  48, 51, 52, 54, 58, 59, 61 ],
[ 1, 2, 3, 4, 5, 6, 7, 8, 9, 10, 11, 13, 16, 17, 19, 22, 24, 25, 31, 39, 42, 
  51, 54, 55, 58, 61, 63, 64 ],
[ 1, 2, 3, 4, 5, 6, 7, 8, 9, 10, 11, 13, 16, 17, 19, 22, 25, 31, 39, 42, 46, 
  47, 51, 54, 55, 58, 63, 64 ],
[ 1, 2, 3, 4, 5, 6, 7, 8, 9, 10, 11, 13, 16, 17, 19, 22, 31, 33, 34, 39, 42, 
  47, 48, 51, 58, 61, 63, 64 ],
[ 1, 2, 3, 4, 5, 6, 7, 8, 9, 10, 11, 13, 16, 17, 20, 22, 24, 29, 33, 34, 40, 
  41, 47, 48, 52, 59, 63, 64 ],
[ 1, 2, 3, 4, 5, 6, 7, 8, 9, 10, 11, 13, 16, 17, 20, 22, 24, 29, 34, 40, 41, 
  47, 48, 52, 53, 54, 59, 64 ],
[ 1, 2, 3, 4, 5, 6, 7, 8, 9, 10, 11, 13, 16, 17, 21, 22, 24, 28, 33, 35, 40, 
  41, 46, 48, 52, 59, 63, 64 ],
[ 1, 2, 3, 4, 5, 6, 7, 8, 9, 10, 11, 13, 16, 17, 21, 22, 24, 28, 35, 40, 41, 
  46, 48, 52, 53, 54, 59, 64 ],
[ 1, 2, 3, 4, 5, 6, 7, 8, 9, 10, 11, 13, 16, 17, 21, 22, 28, 33, 35, 40, 41, 
  43, 47, 48, 52, 58, 61, 63 ],
[ 1, 2, 3, 4, 5, 6, 7, 8, 9, 10, 11, 13, 16, 17, 21, 22, 28, 35, 40, 41, 43, 
  47, 48, 52, 53, 54, 58, 61 ],
[ 1, 2, 3, 4, 5, 6, 7, 8, 9, 10, 11, 13, 16, 17, 22, 24, 29, 30, 34, 40, 41, 
  42, 47, 48, 54, 58, 59, 63 ],
[ 1, 2, 3, 4, 5, 6, 7, 8, 9, 10, 11, 13, 16, 17, 22, 25, 35, 39, 41, 42, 46, 
  51, 52, 54, 58, 61, 63, 64 ],
[ 1, 2, 3, 4, 5, 6, 7, 8, 9, 10, 11, 13, 16, 17, 22, 29, 31, 33, 34, 39, 41, 
  42, 47, 48, 54, 58, 59, 61 ],
[ 1, 2, 3, 4, 5, 6, 7, 8, 9, 10, 11, 13, 16, 18, 20, 22, 33, 35, 36, 43, 48, 
  50, 51, 52, 54, 56, 62, 64 ],
[ 1, 2, 3, 4, 5, 6, 7, 8, 9, 10, 11, 13, 16, 18, 22, 24, 30, 33, 35, 40, 42, 
  43, 47, 48, 51, 57, 59, 63 ],
[ 1, 2, 3, 4, 5, 6, 7, 8, 9, 10, 11, 13, 16, 18, 22, 27, 31, 33, 35, 37, 42, 
  43, 48, 50, 51, 56, 58, 63 ],
[ 1, 2, 3, 4, 5, 6, 7, 8, 9, 10, 11, 13, 16, 18, 22, 31, 33, 35, 37, 42, 43, 
  48, 49, 51, 56, 58, 62, 63 ],
[ 1, 2, 3, 4, 5, 6, 7, 8, 9, 10, 11, 13, 16, 19, 21, 22, 24, 33, 34, 40, 43, 
  46, 48, 51, 52, 54, 57, 64 ],
[ 1, 2, 3, 4, 5, 6, 7, 8, 9, 10, 11, 13, 16, 19, 21, 22, 24, 33, 34, 40, 46, 
  48, 51, 52, 54, 57, 58, 59 ],
[ 1, 2, 3, 4, 5, 6, 7, 8, 9, 10, 11, 13, 16, 19, 22, 24, 25, 31, 33, 40, 42, 
  51, 53, 55, 57, 58, 61, 64 ],
[ 1, 2, 3, 4, 5, 6, 7, 8, 9, 10, 11, 13, 16, 20, 22, 24, 28, 33, 35, 40, 41, 
  43, 47, 48, 52, 57, 59, 63 ],
[ 1, 2, 3, 4, 5, 6, 7, 8, 9, 10, 11, 13, 16, 20, 22, 25, 27, 31, 33, 35, 37, 
  41, 43, 50, 51, 56, 63, 64 ],
[ 1, 2, 3, 4, 5, 6, 7, 8, 9, 10, 11, 13, 16, 20, 22, 25, 27, 31, 35, 37, 41, 
  50, 51, 53, 54, 56, 58, 59 ],
[ 1, 2, 3, 4, 5, 6, 7, 8, 9, 10, 11, 13, 16, 20, 22, 25, 31, 33, 35, 37, 41, 
  43, 49, 51, 56, 62, 63, 64 ],
[ 1, 2, 3, 4, 5, 6, 7, 8, 9, 10, 11, 13, 16, 20, 22, 25, 31, 35, 37, 41, 49, 
  51, 53, 54, 56, 58, 59, 62 ],
[ 1, 2, 3, 4, 5, 6, 7, 8, 9, 10, 11, 13, 16, 20, 22, 28, 35, 40, 41, 46, 48, 
  52, 53, 54, 57, 58, 61, 64 ],
[ 1, 2, 3, 4, 5, 6, 7, 8, 9, 10, 11, 13, 16, 22, 27, 28, 31, 33, 35, 37, 41, 
  42, 48, 50, 53, 56, 58, 59 ],
[ 1, 2, 3, 4, 5, 6, 7, 8, 9, 10, 11, 13, 16, 22, 28, 31, 33, 35, 37, 41, 42, 
  48, 49, 53, 56, 58, 59, 62 ],
[ 1, 2, 3, 4, 5, 6, 7, 8, 9, 10, 11, 13, 17, 18, 22, 24, 26, 29, 31, 38, 42, 
  43, 46, 54, 55, 57, 59, 63 ],
[ 1, 2, 3, 4, 5, 6, 7, 8, 9, 10, 11, 13, 17, 18, 22, 24, 26, 29, 31, 38, 42, 
  46, 54, 55, 57, 58, 63, 64 ],
[ 1, 2, 3, 4, 5, 6, 7, 8, 9, 10, 11, 13, 17, 18, 22, 24, 26, 31, 35, 38, 40, 
  42, 43, 46, 51, 54, 63, 64 ],
[ 1, 2, 3, 4, 5, 6, 7, 8, 9, 10, 11, 13, 17, 18, 22, 24, 26, 31, 35, 38, 40, 
  42, 46, 51, 54, 58, 59, 63 ],
[ 1, 2, 3, 4, 5, 6, 7, 8, 9, 10, 11, 13, 17, 18, 22, 24, 29, 35, 38, 40, 42, 
  43, 46, 48, 52, 54, 59, 63 ],
[ 1, 2, 3, 4, 5, 6, 7, 8, 9, 10, 11, 13, 17, 18, 22, 26, 29, 31, 33, 38, 42, 
  43, 47, 53, 55, 57, 59, 61 ],
[ 1, 2, 3, 4, 5, 6, 7, 8, 9, 10, 11, 13, 17, 18, 22, 26, 29, 31, 33, 38, 42, 
  47, 53, 55, 57, 58, 61, 64 ],
[ 1, 2, 3, 4, 5, 6, 7, 8, 9, 10, 11, 13, 17, 18, 22, 26, 31, 33, 35, 38, 40, 
  42, 43, 47, 51, 53, 61, 64 ],
[ 1, 2, 3, 4, 5, 6, 7, 8, 9, 10, 11, 13, 17, 18, 22, 26, 31, 33, 35, 38, 40, 
  42, 47, 51, 53, 58, 59, 61 ],
[ 1, 2, 3, 4, 5, 6, 7, 8, 9, 10, 11, 13, 17, 19, 21, 22, 26, 30, 34, 38, 43, 
  46, 47, 51, 54, 57, 59, 63 ],
[ 1, 2, 3, 4, 5, 6, 7, 8, 9, 10, 11, 13, 17, 19, 21, 22, 26, 34, 38, 39, 43, 
  47, 51, 52, 53, 54, 59, 61 ],
[ 1, 2, 3, 4, 5, 6, 7, 8, 9, 10, 11, 13, 17, 19, 22, 24, 25, 31, 35, 38, 39, 
  42, 43, 47, 51, 54, 63, 64 ],
[ 1, 2, 3, 4, 5, 6, 7, 8, 9, 10, 11, 13, 17, 19, 22, 24, 25, 31, 35, 38, 39, 
  42, 47, 51, 54, 58, 59, 63 ],
[ 1, 2, 3, 4, 5, 6, 7, 8, 9, 10, 11, 13, 17, 19, 22, 24, 28, 35, 38, 40, 42, 
  46, 48, 52, 53, 59, 63, 64 ],
[ 1, 2, 3, 4, 5, 6, 7, 8, 9, 10, 11, 13, 17, 19, 22, 25, 29, 30, 33, 38, 42, 
  47, 54, 55, 57, 58, 61, 64 ],
[ 1, 2, 3, 4, 5, 6, 7, 8, 9, 10, 11, 13, 17, 19, 22, 25, 29, 30, 38, 42, 43, 
  47, 53, 55, 57, 59, 61, 63 ],
[ 1, 2, 3, 4, 5, 6, 7, 8, 9, 10, 11, 13, 17, 19, 22, 25, 30, 35, 38, 40, 42, 
  43, 47, 51, 53, 61, 63, 64 ],
[ 1, 2, 3, 4, 5, 6, 7, 8, 9, 10, 11, 13, 17, 19, 22, 29, 33, 34, 38, 39, 42, 
  47, 48, 52, 54, 58, 61, 64 ],
[ 1, 2, 3, 4, 5, 6, 7, 8, 9, 10, 11, 13, 17, 20, 22, 24, 31, 34, 38, 40, 41, 
  47, 48, 51, 53, 59, 63, 64 ],
[ 1, 2, 3, 4, 5, 6, 7, 8, 9, 10, 11, 13, 17, 20, 22, 31, 33, 34, 38, 40, 41, 
  46, 48, 51, 54, 59, 61, 64 ],
[ 1, 2, 3, 4, 5, 6, 7, 8, 9, 10, 11, 13, 17, 21, 22, 26, 29, 34, 38, 39, 41, 
  43, 47, 52, 53, 61, 63, 64 ],
[ 1, 2, 3, 4, 5, 6, 7, 8, 9, 10, 11, 13, 17, 22, 24, 25, 29, 31, 38, 39, 41, 
  42, 43, 47, 54, 55, 59, 63 ],
[ 1, 2, 3, 4, 5, 6, 7, 8, 9, 10, 11, 13, 17, 22, 24, 26, 28, 31, 33, 35, 38, 
  40, 41, 42, 46, 59, 63, 64 ],
[ 1, 2, 3, 4, 5, 6, 7, 8, 9, 10, 11, 13, 17, 22, 24, 26, 28, 31, 35, 38, 40, 
  41, 42, 46, 53, 54, 59, 64 ],
[ 1, 2, 3, 4, 5, 6, 7, 8, 9, 10, 11, 13, 17, 22, 25, 29, 31, 38, 39, 41, 42, 
  43, 46, 54, 55, 59, 61, 63 ],
[ 1, 2, 3, 4, 5, 6, 7, 8, 9, 10, 11, 13, 17, 22, 26, 28, 31, 33, 35, 38, 40, 
  41, 42, 43, 47, 58, 61, 63 ],
[ 1, 2, 3, 4, 5, 6, 7, 8, 9, 10, 11, 13, 17, 22, 26, 28, 31, 35, 38, 40, 41, 
  42, 43, 47, 53, 54, 58, 61 ],
[ 1, 2, 3, 4, 5, 6, 7, 8, 9, 10, 11, 13, 17, 22, 26, 29, 31, 33, 34, 38, 39, 
  41, 42, 43, 47, 59, 61, 63 ],
[ 1, 2, 3, 4, 5, 6, 7, 8, 9, 10, 11, 13, 17, 22, 26, 29, 31, 33, 34, 38, 39, 
  41, 42, 47, 58, 61, 63, 64 ],
[ 1, 2, 3, 4, 5, 6, 7, 8, 9, 10, 11, 13, 17, 22, 28, 35, 36, 42, 45, 46, 47, 
  51, 52, 58, 60, 61, 62, 64 ],
[ 1, 2, 3, 4, 5, 6, 7, 8, 9, 10, 11, 13, 18, 20, 22, 26, 29, 31, 33, 36, 37, 
  38, 43, 50, 55, 59, 62, 63 ],
[ 1, 2, 3, 4, 5, 6, 7, 8, 9, 10, 11, 13, 18, 20, 22, 26, 35, 36, 38, 43, 50, 
  51, 52, 53, 54, 56, 59, 62 ],
[ 1, 2, 3, 4, 5, 6, 7, 8, 9, 10, 11, 13, 18, 20, 22, 29, 31, 33, 35, 36, 38, 
  43, 48, 50, 56, 62, 63, 64 ],
[ 1, 2, 3, 4, 5, 6, 7, 8, 9, 10, 11, 13, 18, 20, 22, 29, 31, 35, 36, 38, 43, 
  48, 50, 53, 54, 56, 62, 64 ],
[ 1, 2, 3, 4, 5, 6, 7, 8, 9, 10, 11, 13, 18, 21, 22, 24, 26, 29, 30, 38, 40, 
  53, 55, 57, 58, 59, 61, 63 ],
[ 1, 2, 3, 4, 5, 6, 7, 8, 9, 10, 11, 13, 18, 21, 22, 26, 27, 35, 37, 38, 43, 
  50, 51, 52, 53, 54, 56, 58 ],
[ 1, 2, 3, 4, 5, 6, 7, 8, 9, 10, 11, 13, 18, 21, 22, 26, 35, 37, 38, 43, 49, 
  51, 52, 53, 54, 56, 58, 62 ],
[ 1, 2, 3, 4, 5, 6, 7, 8, 9, 10, 11, 13, 19, 20, 22, 24, 28, 31, 33, 35, 38, 
  40, 47, 48, 57, 58, 59, 63 ],
[ 1, 2, 3, 4, 5, 6, 7, 8, 9, 10, 11, 13, 19, 20, 22, 24, 28, 31, 35, 38, 40, 
  43, 47, 48, 53, 54, 57, 64 ],
[ 1, 2, 3, 4, 5, 6, 7, 8, 9, 10, 11, 13, 19, 20, 22, 25, 27, 35, 37, 38, 43, 
  50, 51, 52, 53, 54, 56, 59 ],
[ 1, 2, 3, 4, 5, 6, 7, 8, 9, 10, 11, 13, 19, 20, 22, 25, 27, 35, 37, 38, 50, 
  51, 52, 53, 54, 56, 58, 64 ],
[ 1, 2, 3, 4, 5, 6, 7, 8, 9, 10, 11, 13, 19, 20, 22, 25, 35, 37, 38, 43, 49, 
  51, 52, 53, 54, 56, 59, 62 ],
[ 1, 2, 3, 4, 5, 6, 7, 8, 9, 10, 11, 13, 19, 20, 22, 25, 35, 37, 38, 49, 51, 
  52, 53, 54, 56, 58, 62, 64 ],
[ 1, 2, 3, 4, 5, 6, 7, 8, 9, 10, 11, 13, 19, 21, 22, 26, 27, 34, 37, 38, 43, 
  49, 51, 52, 53, 54, 56, 59 ],
[ 1, 2, 3, 4, 5, 6, 7, 8, 9, 10, 11, 13, 19, 22, 24, 25, 31, 33, 35, 38, 40, 
  42, 43, 47, 51, 53, 57, 64 ],
[ 1, 2, 3, 4, 5, 6, 7, 8, 9, 10, 11, 13, 19, 22, 24, 25, 31, 33, 35, 38, 40, 
  42, 47, 51, 53, 57, 58, 59 ],
[ 1, 2, 3, 4, 5, 6, 7, 8, 9, 10, 11, 13, 21, 22, 26, 27, 28, 33, 35, 37, 38, 
  41, 43, 50, 52, 53, 56, 64 ],
[ 1, 2, 3, 4, 5, 6, 7, 8, 9, 10, 11, 13, 21, 22, 26, 27, 29, 34, 37, 38, 41, 
  43, 49, 52, 53, 56, 63, 64 ],
[ 1, 2, 3, 4, 5, 6, 7, 8, 9, 10, 11, 13, 21, 22, 26, 28, 33, 35, 37, 38, 41, 
  43, 49, 52, 53, 56, 62, 64 ],
[ 1, 2, 3, 4, 5, 6, 7, 8, 9, 10, 11, 13, 22, 24, 26, 29, 31, 33, 34, 38, 40, 
  41, 42, 43, 46, 57, 59, 63 ],
[ 1, 2, 3, 4, 5, 6, 7, 8, 9, 10, 11, 13, 22, 24, 26, 29, 31, 33, 34, 38, 40, 
  41, 42, 46, 57, 58, 63, 64 ],
[ 1, 2, 3, 4, 5, 6, 7, 8, 9, 10, 11, 13, 22, 25, 27, 29, 31, 33, 35, 36, 38, 
  41, 42, 49, 56, 59, 63, 64 ],
[ 1, 2, 3, 4, 5, 6, 7, 8, 9, 10, 11, 13, 22, 25, 27, 29, 31, 35, 36, 38, 41, 
  42, 49, 53, 54, 56, 59, 64 ],
[ 1, 2, 3, 4, 5, 6, 7, 8, 9, 10, 11, 14, 16, 17, 19, 22, 25, 31, 39, 42, 44, 
  45, 51, 54, 56, 58, 63, 64 ],
[ 1, 2, 3, 4, 5, 6, 7, 8, 9, 10, 11, 14, 16, 17, 19, 22, 31, 33, 36, 39, 42, 
  45, 48, 51, 58, 60, 63, 64 ],
[ 1, 2, 3, 4, 5, 6, 7, 8, 9, 10, 11, 14, 16, 18, 22, 25, 27, 29, 31, 33, 35, 
  42, 43, 54, 55, 56, 62, 64 ],
[ 1, 2, 3, 4, 5, 6, 7, 8, 9, 10, 11, 14, 16, 19, 20, 22, 23, 28, 31, 40, 48, 
  53, 54, 56, 57, 58, 60, 64 ],
[ 1, 2, 3, 4, 5, 6, 7, 8, 9, 10, 11, 14, 17, 21, 22, 23, 25, 29, 37, 38, 39, 
  41, 43, 45, 52, 54, 63, 64 ],
[ 1, 2, 3, 4, 5, 6, 7, 8, 9, 10, 11, 14, 18, 21, 22, 25, 27, 35, 37, 38, 50, 
  51, 52, 53, 54, 55, 58, 64 ],
[ 1, 2, 3, 4, 5, 6, 7, 8, 9, 10, 11, 14, 19, 20, 22, 26, 27, 35, 37, 38, 43, 
  50, 51, 52, 53, 54, 55, 58 ],
[ 1, 2, 3, 4, 5, 6, 7, 8, 9, 10, 11, 15, 18, 21, 22, 24, 26, 27, 29, 43, 45, 
  52, 53, 60, 61, 62, 63, 64 ],
[ 1, 2, 3, 4, 5, 6, 7, 8, 9, 10, 11, 15, 18, 21, 22, 24, 26, 29, 43, 45, 49, 
  50, 52, 53, 60, 61, 63, 64 ],
[ 1, 2, 3, 4, 5, 6, 7, 8, 9, 10, 11, 15, 18, 21, 22, 24, 27, 33, 43, 45, 47, 
  48, 50, 51, 52, 54, 60, 64 ],
[ 1, 2, 3, 4, 5, 6, 7, 8, 9, 10, 11, 15, 18, 21, 22, 24, 43, 45, 47, 48, 49, 
  51, 52, 53, 60, 62, 63, 64 ],
[ 1, 2, 3, 4, 5, 6, 7, 8, 9, 10, 11, 15, 18, 22, 24, 26, 27, 29, 31, 42, 43, 
  45, 53, 54, 59, 60, 61, 62 ],
[ 1, 2, 3, 4, 5, 6, 7, 8, 9, 10, 11, 15, 18, 22, 24, 26, 29, 31, 33, 42, 43, 
  45, 49, 50, 59, 60, 61, 63 ],
[ 1, 2, 3, 4, 5, 6, 7, 8, 9, 10, 11, 15, 18, 22, 24, 26, 29, 33, 42, 43, 45, 
  47, 49, 52, 60, 62, 63, 64 ],
[ 1, 2, 3, 4, 5, 6, 7, 8, 9, 10, 11, 15, 18, 22, 24, 26, 29, 42, 43, 45, 47, 
  49, 52, 53, 54, 60, 62, 64 ],
[ 1, 2, 3, 4, 5, 6, 7, 8, 9, 10, 11, 15, 18, 22, 24, 27, 31, 33, 42, 43, 45, 
  47, 48, 50, 51, 59, 60, 63 ],
[ 1, 2, 3, 4, 5, 6, 7, 8, 9, 10, 11, 15, 18, 22, 24, 31, 33, 42, 43, 45, 47, 
  48, 49, 51, 59, 60, 62, 63 ],
[ 1, 2, 3, 4, 5, 6, 7, 8, 9, 10, 11, 15, 19, 20, 22, 23, 27, 29, 33, 47, 48, 
  52, 54, 58, 60, 61, 62, 64 ],
[ 1, 2, 3, 4, 5, 6, 7, 8, 9, 10, 11, 15, 19, 20, 22, 23, 27, 29, 43, 47, 48, 
  52, 53, 59, 60, 61, 62, 63 ],
[ 1, 2, 3, 4, 5, 6, 7, 8, 9, 10, 11, 15, 19, 20, 22, 23, 27, 33, 43, 45, 47, 
  48, 50, 51, 52, 54, 61, 64 ],
[ 1, 2, 3, 4, 5, 6, 7, 8, 9, 10, 11, 15, 19, 20, 22, 23, 27, 33, 45, 47, 48, 
  50, 51, 52, 54, 58, 59, 61 ],
[ 1, 2, 3, 4, 5, 6, 7, 8, 9, 10, 11, 15, 20, 22, 23, 26, 27, 29, 31, 41, 43, 
  47, 53, 54, 59, 60, 61, 62 ],
[ 1, 2, 3, 4, 5, 6, 7, 8, 9, 10, 11, 15, 20, 22, 23, 26, 27, 29, 31, 41, 47, 
  53, 54, 58, 60, 61, 62, 64 ],
[ 1, 2, 3, 4, 5, 6, 7, 8, 9, 10, 11, 15, 20, 22, 23, 26, 27, 31, 33, 41, 43, 
  45, 47, 50, 51, 61, 63, 64 ],
[ 1, 2, 3, 4, 5, 6, 7, 8, 9, 10, 11, 15, 20, 22, 23, 26, 27, 31, 41, 45, 47, 
  50, 51, 53, 54, 58, 59, 61 ],
[ 1, 2, 3, 4, 5, 6, 7, 8, 9, 10, 11, 15, 20, 22, 23, 27, 29, 33, 41, 45, 47, 
  48, 50, 52, 58, 61, 63, 64 ],
[ 1, 2, 3, 4, 5, 6, 7, 8, 9, 10, 11, 15, 20, 22, 23, 27, 29, 41, 45, 47, 48, 
  50, 52, 53, 54, 58, 61, 64 ],
[ 1, 2, 3, 4, 5, 6, 7, 8, 9, 10, 11, 16, 18, 20, 22, 23, 24, 29, 31, 33, 48, 
  50, 54, 58, 59, 60, 61, 62 ],
[ 1, 2, 3, 4, 5, 6, 7, 8, 9, 10, 11, 16, 18, 20, 22, 23, 24, 33, 43, 45, 47, 
  48, 50, 51, 52, 54, 62, 64 ],
[ 1, 2, 3, 4, 5, 6, 7, 8, 9, 10, 11, 16, 18, 20, 22, 23, 24, 33, 45, 47, 48, 
  50, 51, 52, 54, 58, 59, 62 ],
[ 1, 2, 3, 4, 5, 6, 7, 8, 9, 10, 11, 16, 18, 20, 22, 23, 24, 43, 45, 47, 48, 
  50, 51, 52, 53, 62, 63, 64 ],
[ 1, 2, 3, 4, 5, 6, 7, 8, 9, 10, 11, 16, 18, 20, 22, 23, 24, 45, 47, 48, 50, 
  51, 52, 53, 58, 59, 62, 63 ],
[ 1, 2, 3, 4, 5, 6, 7, 8, 9, 10, 11, 16, 18, 21, 22, 23, 24, 27, 43, 45, 46, 
  48, 50, 51, 52, 54, 63, 64 ],
[ 1, 2, 3, 4, 5, 6, 7, 8, 9, 10, 11, 16, 18, 21, 22, 23, 24, 27, 45, 46, 48, 
  50, 51, 52, 54, 58, 59, 63 ],
[ 1, 2, 3, 4, 5, 6, 7, 8, 9, 10, 11, 16, 18, 21, 22, 23, 27, 33, 43, 45, 47, 
  48, 50, 51, 52, 53, 61, 64 ],
[ 1, 2, 3, 4, 5, 6, 7, 8, 9, 10, 11, 16, 18, 21, 22, 23, 27, 33, 45, 47, 48, 
  50, 51, 52, 53, 58, 59, 61 ],
[ 1, 2, 3, 4, 5, 6, 7, 8, 9, 10, 11, 16, 19, 21, 22, 23, 24, 25, 27, 33, 49, 
  51, 52, 54, 59, 60, 61, 64 ],
[ 1, 2, 3, 4, 5, 6, 7, 8, 9, 10, 11, 16, 19, 21, 22, 23, 24, 25, 27, 49, 51, 
  52, 53, 59, 60, 61, 63, 64 ],
[ 1, 2, 3, 4, 5, 6, 7, 8, 9, 10, 11, 16, 19, 21, 22, 23, 24, 25, 33, 43, 50, 
  51, 52, 54, 58, 60, 61, 62 ],
[ 1, 2, 3, 4, 5, 6, 7, 8, 9, 10, 11, 16, 19, 21, 22, 23, 24, 25, 43, 50, 51, 
  52, 53, 58, 60, 61, 62, 63 ],
[ 1, 2, 3, 4, 5, 6, 7, 8, 9, 10, 11, 16, 19, 21, 22, 23, 24, 27, 28, 33, 46, 
  48, 52, 54, 59, 60, 62, 64 ],
[ 1, 2, 3, 4, 5, 6, 7, 8, 9, 10, 11, 16, 19, 21, 22, 23, 24, 27, 28, 46, 48, 
  52, 53, 59, 60, 62, 63, 64 ],
[ 1, 2, 3, 4, 5, 6, 7, 8, 9, 10, 11, 16, 19, 21, 22, 23, 24, 28, 30, 33, 48, 
  50, 54, 58, 59, 60, 61, 62 ],
[ 1, 2, 3, 4, 5, 6, 7, 8, 9, 10, 11, 16, 19, 21, 22, 23, 24, 30, 33, 44, 48, 
  49, 50, 51, 54, 59, 61, 64 ],
[ 1, 2, 3, 4, 5, 6, 7, 8, 9, 10, 11, 16, 19, 21, 22, 23, 24, 33, 43, 44, 46, 
  48, 50, 51, 52, 54, 62, 64 ],
[ 1, 2, 3, 4, 5, 6, 7, 8, 9, 10, 11, 16, 19, 21, 22, 23, 24, 33, 44, 46, 48, 
  50, 51, 52, 54, 58, 59, 62 ],
[ 1, 2, 3, 4, 5, 6, 7, 8, 9, 10, 11, 16, 19, 21, 22, 23, 24, 44, 46, 48, 50, 
  51, 52, 53, 58, 59, 62, 63 ],
[ 1, 2, 3, 4, 5, 6, 7, 8, 9, 10, 11, 16, 19, 21, 22, 23, 25, 27, 30, 33, 47, 
  51, 54, 58, 59, 60, 61, 62 ],
[ 1, 2, 3, 4, 5, 6, 7, 8, 9, 10, 11, 16, 19, 21, 22, 23, 25, 27, 30, 47, 51, 
  53, 58, 59, 60, 61, 62, 63 ],
[ 1, 2, 3, 4, 5, 6, 7, 8, 9, 10, 11, 16, 19, 21, 22, 23, 27, 28, 33, 43, 47, 
  48, 52, 54, 58, 60, 61, 62 ],
[ 1, 2, 3, 4, 5, 6, 7, 8, 9, 10, 11, 16, 19, 21, 22, 23, 27, 28, 43, 47, 48, 
  52, 53, 58, 60, 61, 62, 63 ],
[ 1, 2, 3, 4, 5, 6, 7, 8, 9, 10, 11, 16, 19, 21, 22, 23, 27, 33, 44, 47, 48, 
  49, 51, 52, 54, 58, 59, 61 ],
[ 1, 2, 3, 4, 5, 6, 7, 8, 9, 10, 11, 16, 19, 22, 23, 24, 27, 30, 33, 42, 44, 
  47, 48, 50, 51, 59, 63, 64 ],
[ 1, 2, 3, 4, 5, 6, 7, 8, 9, 10, 11, 16, 19, 22, 23, 24, 30, 33, 42, 44, 47, 
  48, 49, 51, 59, 62, 63, 64 ],
[ 1, 2, 3, 4, 5, 6, 7, 8, 9, 10, 11, 16, 19, 22, 23, 24, 31, 33, 42, 44, 46, 
  48, 50, 51, 58, 62, 63, 64 ],
[ 1, 2, 3, 4, 5, 6, 7, 8, 9, 10, 11, 16, 19, 22, 24, 25, 27, 28, 31, 42, 45, 
  53, 54, 58, 60, 61, 62, 64 ],
[ 1, 2, 3, 4, 5, 6, 7, 8, 9, 10, 11, 16, 19, 22, 24, 25, 27, 28, 33, 42, 43, 
  45, 47, 50, 52, 60, 63, 64 ],
[ 1, 2, 3, 4, 5, 6, 7, 8, 9, 10, 11, 16, 19, 22, 24, 25, 27, 28, 33, 42, 45, 
  47, 50, 52, 58, 59, 60, 63 ],
[ 1, 2, 3, 4, 5, 6, 7, 8, 9, 10, 11, 16, 19, 22, 24, 25, 27, 28, 42, 43, 45, 
  47, 50, 52, 53, 54, 60, 64 ],
[ 1, 2, 3, 4, 5, 6, 7, 8, 9, 10, 11, 16, 19, 22, 24, 25, 27, 28, 42, 45, 47, 
  50, 52, 53, 54, 58, 59, 60 ],
[ 1, 2, 3, 4, 5, 6, 7, 8, 9, 10, 11, 16, 19, 23, 24, 26, 27, 28, 33, 41, 46, 
  48, 50, 52, 57, 59, 61, 63 ],
[ 1, 2, 3, 4, 5, 6, 7, 8, 9, 10, 11, 16, 19, 24, 25, 28, 33, 41, 47, 48, 49, 
  52, 57, 58, 60, 61, 62, 63 ],
[ 1, 2, 3, 4, 5, 6, 7, 8, 9, 10, 11, 16, 21, 22, 23, 25, 27, 30, 33, 41, 43, 
  45, 47, 50, 51, 61, 63, 64 ],
[ 1, 2, 3, 4, 5, 6, 7, 8, 9, 10, 11, 16, 21, 22, 23, 25, 27, 30, 41, 45, 47, 
  50, 51, 53, 54, 58, 59, 61 ],
[ 1, 2, 3, 4, 5, 6, 7, 8, 9, 10, 11, 18, 20, 22, 23, 24, 26, 38, 45, 47, 50, 
  51, 52, 53, 54, 58, 62, 64 ],
[ 1, 2, 3, 4, 5, 6, 7, 8, 9, 10, 11, 18, 20, 22, 23, 24, 29, 31, 33, 38, 43, 
  45, 47, 48, 50, 62, 63, 64 ],
[ 1, 2, 3, 4, 5, 6, 7, 8, 9, 10, 11, 18, 20, 22, 23, 24, 29, 31, 33, 38, 45, 
  47, 48, 50, 58, 59, 62, 63 ],
[ 1, 2, 3, 4, 5, 6, 7, 8, 9, 10, 11, 18, 20, 22, 23, 24, 29, 31, 38, 43, 45, 
  47, 48, 50, 53, 54, 62, 64 ],
[ 1, 2, 3, 4, 5, 6, 7, 8, 9, 10, 11, 18, 20, 22, 23, 24, 29, 31, 38, 45, 47, 
  48, 50, 53, 54, 58, 59, 62 ],
[ 1, 2, 3, 4, 5, 6, 7, 8, 9, 10, 11, 18, 22, 23, 24, 26, 27, 31, 38, 42, 43, 
  45, 46, 50, 51, 54, 63, 64 ],
[ 1, 2, 3, 4, 5, 6, 7, 8, 9, 10, 11, 18, 22, 23, 24, 26, 27, 31, 38, 42, 45, 
  46, 50, 51, 54, 58, 59, 63 ],
[ 1, 2, 3, 4, 5, 6, 7, 8, 9, 10, 11, 18, 22, 23, 24, 27, 29, 38, 42, 45, 46, 
  48, 50, 52, 54, 58, 63, 64 ],
[ 1, 2, 3, 4, 5, 6, 7, 8, 9, 10, 11, 18, 22, 23, 26, 27, 31, 33, 38, 42, 43, 
  45, 47, 50, 51, 53, 61, 64 ],
[ 1, 2, 3, 4, 5, 6, 7, 8, 9, 10, 11, 18, 22, 23, 26, 27, 31, 33, 38, 42, 45, 
  47, 50, 51, 53, 58, 59, 61 ],
[ 1, 2, 3, 4, 5, 6, 7, 8, 9, 10, 11, 19, 21, 22, 23, 24, 26, 38, 43, 44, 46, 
  50, 51, 52, 53, 54, 59, 62 ],
[ 1, 2, 3, 4, 5, 6, 7, 8, 9, 10, 11, 19, 21, 22, 23, 25, 27, 38, 45, 46, 49, 
  51, 52, 53, 54, 59, 61, 64 ],
[ 1, 2, 3, 4, 5, 6, 7, 8, 9, 10, 11, 22, 23, 24, 26, 29, 31, 33, 38, 41, 42, 
  43, 44, 46, 50, 59, 62, 63 ],
[ 1, 2, 3, 4, 5, 6, 7, 8, 9, 10, 11, 22, 23, 24, 26, 29, 31, 33, 38, 41, 42, 
  44, 46, 50, 58, 62, 63, 64 ],
[ 1, 2, 3, 4, 5, 6, 7, 8, 9, 10, 11, 22, 23, 24, 26, 29, 31, 38, 41, 42, 44, 
  46, 50, 53, 54, 58, 62, 64 ],
[ 1, 2, 3, 4, 5, 6, 7, 8, 9, 10, 11, 22, 23, 26, 27, 29, 31, 33, 38, 41, 42, 
  44, 47, 49, 58, 61, 63, 64 ],
[ 1, 2, 3, 4, 5, 6, 7, 8, 9, 10, 12, 13, 14, 15, 18, 20, 22, 26, 27, 43, 50, 
  51, 52, 54, 55, 56, 59, 63 ],
[ 1, 2, 3, 4, 5, 6, 7, 8, 9, 10, 12, 13, 14, 15, 18, 20, 22, 26, 43, 49, 51, 
  52, 54, 55, 56, 59, 62, 63 ],
[ 1, 2, 3, 4, 5, 6, 7, 8, 9, 10, 12, 13, 14, 15, 18, 20, 22, 27, 35, 37, 43, 
  48, 50, 51, 52, 54, 63, 64 ],
[ 1, 2, 3, 4, 5, 6, 7, 8, 9, 10, 12, 13, 14, 15, 19, 21, 22, 25, 27, 33, 50, 
  51, 52, 53, 55, 56, 59, 64 ],
[ 1, 2, 3, 4, 5, 6, 7, 8, 9, 10, 12, 13, 14, 15, 19, 21, 22, 25, 27, 43, 50, 
  51, 52, 54, 55, 56, 58, 63 ],
[ 1, 2, 3, 4, 5, 6, 7, 8, 9, 10, 12, 13, 14, 15, 19, 21, 22, 27, 34, 36, 43, 
  48, 50, 51, 52, 54, 63, 64 ],
[ 1, 2, 3, 4, 5, 6, 7, 8, 9, 10, 12, 13, 14, 15, 19, 21, 22, 27, 34, 36, 48, 
  50, 51, 52, 54, 58, 59, 63 ],
[ 1, 2, 3, 4, 5, 6, 7, 8, 9, 10, 12, 13, 14, 15, 19, 21, 22, 34, 36, 43, 48, 
  49, 51, 52, 54, 62, 63, 64 ],
[ 1, 2, 3, 4, 5, 6, 7, 8, 9, 10, 12, 13, 14, 15, 19, 21, 22, 34, 36, 48, 49, 
  51, 52, 54, 58, 59, 62, 63 ],
[ 1, 2, 3, 4, 5, 6, 7, 8, 9, 10, 12, 13, 14, 15, 22, 25, 27, 33, 35, 37, 41, 
  42, 50, 51, 52, 53, 59, 64 ],
[ 1, 2, 3, 4, 5, 6, 7, 8, 9, 10, 12, 13, 14, 15, 22, 25, 27, 35, 37, 41, 42, 
  43, 50, 51, 52, 54, 58, 63 ],
[ 1, 2, 3, 4, 5, 6, 7, 8, 9, 10, 12, 13, 14, 15, 22, 25, 29, 31, 33, 41, 42, 
  49, 53, 55, 56, 59, 62, 64 ],
[ 1, 2, 3, 4, 5, 6, 7, 8, 9, 10, 12, 13, 14, 15, 22, 25, 29, 31, 41, 42, 43, 
  49, 54, 55, 56, 58, 62, 63 ],
[ 1, 2, 3, 4, 5, 6, 7, 8, 9, 10, 12, 13, 14, 15, 22, 29, 31, 34, 36, 41, 42, 
  48, 49, 54, 58, 59, 62, 63 ],
[ 1, 2, 3, 4, 5, 6, 7, 8, 9, 10, 12, 13, 14, 16, 18, 20, 22, 25, 27, 50, 51, 
  52, 53, 55, 56, 59, 63, 64 ],
[ 1, 2, 3, 4, 5, 6, 7, 8, 9, 10, 12, 13, 14, 16, 18, 20, 22, 25, 33, 49, 51, 
  52, 54, 55, 56, 59, 62, 64 ],
[ 1, 2, 3, 4, 5, 6, 7, 8, 9, 10, 12, 13, 14, 17, 20, 29, 32, 35, 36, 42, 45, 
  47, 49, 51, 54, 55, 56, 58 ],
[ 1, 2, 3, 4, 5, 6, 7, 8, 9, 10, 12, 13, 14, 18, 20, 22, 25, 27, 35, 37, 38, 
  50, 51, 52, 53, 54, 59, 64 ],
[ 1, 2, 3, 4, 5, 6, 7, 8, 9, 10, 12, 13, 14, 18, 20, 22, 25, 29, 31, 38, 49, 
  53, 54, 55, 56, 59, 62, 64 ],
[ 1, 2, 3, 4, 5, 6, 7, 8, 9, 10, 12, 13, 14, 22, 25, 29, 31, 33, 34, 36, 38, 
  41, 42, 49, 59, 62, 63, 64 ],
[ 1, 2, 3, 4, 5, 6, 7, 8, 9, 10, 12, 13, 14, 22, 25, 29, 31, 34, 36, 38, 41, 
  42, 49, 53, 54, 59, 62, 64 ],
[ 1, 2, 3, 4, 5, 6, 7, 8, 9, 10, 12, 13, 15, 17, 18, 20, 22, 26, 31, 46, 51, 
  54, 55, 57, 58, 59, 61, 63 ],
[ 1, 2, 3, 4, 5, 6, 7, 8, 9, 10, 12, 13, 15, 17, 18, 22, 24, 26, 30, 33, 40, 
  42, 51, 54, 55, 59, 61, 64 ],
[ 1, 2, 3, 4, 5, 6, 7, 8, 9, 10, 12, 13, 15, 17, 18, 22, 26, 30, 33, 40, 42, 
  46, 47, 51, 54, 55, 59, 64 ],
[ 1, 2, 3, 4, 5, 6, 7, 8, 9, 10, 12, 13, 15, 17, 20, 22, 26, 28, 31, 41, 46, 
  53, 54, 55, 57, 59, 61, 64 ],
[ 1, 2, 3, 4, 5, 6, 7, 8, 9, 10, 12, 13, 15, 17, 20, 22, 26, 28, 33, 40, 41, 
  46, 47, 52, 54, 55, 59, 64 ],
[ 1, 2, 3, 4, 5, 6, 7, 8, 9, 10, 12, 13, 15, 17, 21, 22, 24, 29, 33, 34, 40, 
  41, 46, 48, 52, 59, 63, 64 ],
[ 1, 2, 3, 4, 5, 6, 7, 8, 9, 10, 12, 13, 15, 17, 21, 22, 24, 29, 34, 40, 41, 
  46, 48, 52, 53, 54, 59, 64 ],
[ 1, 2, 3, 4, 5, 6, 7, 8, 9, 10, 12, 13, 15, 17, 21, 22, 28, 33, 35, 39, 41, 
  43, 47, 48, 52, 59, 61, 63 ],
[ 1, 2, 3, 4, 5, 6, 7, 8, 9, 10, 12, 13, 15, 17, 21, 22, 29, 33, 34, 40, 41, 
  43, 47, 48, 52, 58, 61, 63 ],
[ 1, 2, 3, 4, 5, 6, 7, 8, 9, 10, 12, 13, 15, 17, 22, 24, 26, 33, 34, 40, 41, 
  42, 46, 51, 52, 54, 59, 64 ],
[ 1, 2, 3, 4, 5, 6, 7, 8, 9, 10, 12, 13, 15, 18, 20, 22, 35, 36, 43, 48, 49, 
  51, 52, 54, 56, 62, 63, 64 ],
[ 1, 2, 3, 4, 5, 6, 7, 8, 9, 10, 12, 13, 15, 18, 22, 24, 26, 30, 39, 42, 51, 
  53, 55, 57, 59, 61, 63, 64 ],
[ 1, 2, 3, 4, 5, 6, 7, 8, 9, 10, 12, 13, 15, 19, 20, 22, 24, 33, 34, 40, 43, 
  47, 48, 51, 52, 54, 57, 64 ],
[ 1, 2, 3, 4, 5, 6, 7, 8, 9, 10, 12, 13, 15, 19, 20, 22, 24, 33, 34, 40, 47, 
  48, 51, 52, 54, 57, 58, 59 ],
[ 1, 2, 3, 4, 5, 6, 7, 8, 9, 10, 12, 13, 15, 19, 20, 22, 33, 34, 40, 43, 46, 
  48, 51, 52, 54, 57, 61, 64 ],
[ 1, 2, 3, 4, 5, 6, 7, 8, 9, 10, 12, 13, 15, 19, 20, 22, 33, 34, 40, 46, 48, 
  51, 52, 54, 57, 58, 59, 61 ],
[ 1, 2, 3, 4, 5, 6, 7, 8, 9, 10, 12, 13, 15, 20, 22, 24, 29, 33, 34, 40, 41, 
  43, 47, 48, 52, 57, 59, 63 ],
[ 1, 2, 3, 4, 5, 6, 7, 8, 9, 10, 12, 13, 15, 20, 22, 24, 29, 33, 34, 40, 41, 
  47, 48, 52, 57, 58, 63, 64 ],
[ 1, 2, 3, 4, 5, 6, 7, 8, 9, 10, 12, 13, 15, 20, 22, 29, 33, 34, 40, 41, 43, 
  46, 48, 52, 57, 59, 61, 63 ],
[ 1, 2, 3, 4, 5, 6, 7, 8, 9, 10, 12, 13, 15, 20, 22, 29, 33, 34, 40, 41, 46, 
  48, 52, 57, 58, 61, 63, 64 ],
[ 1, 2, 3, 4, 5, 6, 7, 8, 9, 10, 12, 13, 16, 17, 18, 21, 22, 24, 25, 30, 47, 
  51, 54, 55, 57, 58, 59, 63 ],
[ 1, 2, 3, 4, 5, 6, 7, 8, 9, 10, 12, 13, 16, 17, 18, 21, 22, 24, 34, 39, 43, 
  47, 48, 51, 52, 54, 63, 64 ],
[ 1, 2, 3, 4, 5, 6, 7, 8, 9, 10, 12, 13, 16, 17, 21, 22, 24, 25, 28, 30, 41, 
  47, 53, 54, 55, 57, 59, 64 ],
[ 1, 2, 3, 4, 5, 6, 7, 8, 9, 10, 12, 13, 16, 17, 21, 22, 24, 28, 33, 34, 39, 
  41, 47, 48, 52, 59, 63, 64 ],
[ 1, 2, 3, 4, 5, 6, 7, 8, 9, 10, 12, 13, 16, 18, 21, 22, 24, 33, 34, 40, 43, 
  47, 48, 51, 52, 53, 57, 64 ],
[ 1, 2, 3, 4, 5, 6, 7, 8, 9, 10, 12, 13, 16, 21, 22, 24, 25, 30, 33, 34, 40, 
  41, 43, 47, 51, 57, 63, 64 ],
[ 1, 2, 3, 4, 5, 6, 7, 8, 9, 10, 12, 13, 16, 21, 22, 24, 28, 33, 34, 40, 41, 
  43, 47, 48, 52, 57, 58, 63 ],
[ 1, 2, 3, 4, 5, 6, 7, 8, 9, 10, 12, 13, 17, 18, 21, 22, 29, 30, 33, 34, 38, 
  40, 43, 47, 48, 61, 63, 64 ],
[ 1, 2, 3, 4, 5, 6, 7, 8, 9, 10, 12, 13, 17, 18, 21, 22, 29, 30, 33, 34, 38, 
  40, 47, 48, 58, 59, 61, 63 ],
[ 1, 2, 3, 4, 5, 6, 7, 8, 9, 10, 12, 13, 17, 18, 21, 22, 29, 30, 34, 38, 40, 
  43, 47, 48, 53, 54, 61, 64 ],
[ 1, 2, 3, 4, 5, 6, 7, 8, 9, 10, 12, 13, 17, 18, 21, 22, 29, 30, 34, 38, 40, 
  47, 48, 53, 54, 58, 59, 61 ],
[ 1, 2, 3, 4, 5, 6, 7, 8, 9, 10, 12, 13, 17, 18, 22, 24, 29, 34, 38, 39, 42, 
  43, 47, 48, 52, 54, 59, 63 ],
[ 1, 2, 3, 4, 5, 6, 7, 8, 9, 10, 12, 13, 17, 18, 22, 26, 28, 31, 33, 38, 42, 
  46, 53, 55, 57, 59, 61, 64 ],
[ 1, 2, 3, 4, 5, 6, 7, 8, 9, 10, 12, 13, 17, 18, 22, 26, 28, 31, 38, 42, 43, 
  46, 54, 55, 57, 58, 61, 63 ],
[ 1, 2, 3, 4, 5, 6, 7, 8, 9, 10, 12, 13, 17, 18, 22, 26, 29, 30, 33, 34, 38, 
  42, 43, 47, 57, 59, 61, 63 ],
[ 1, 2, 3, 4, 5, 6, 7, 8, 9, 10, 12, 13, 17, 18, 22, 26, 29, 30, 34, 38, 42, 
  43, 47, 53, 54, 57, 59, 61 ],
[ 1, 2, 3, 4, 5, 6, 7, 8, 9, 10, 12, 13, 17, 18, 22, 26, 30, 33, 34, 38, 40, 
  42, 43, 47, 51, 54, 61, 64 ],
[ 1, 2, 3, 4, 5, 6, 7, 8, 9, 10, 12, 13, 17, 18, 22, 26, 30, 33, 34, 38, 40, 
  42, 47, 51, 54, 58, 59, 61 ],
[ 1, 2, 3, 4, 5, 6, 7, 8, 9, 10, 12, 13, 17, 18, 22, 26, 31, 34, 38, 39, 42, 
  43, 46, 51, 54, 61, 63, 64 ],
[ 1, 2, 3, 4, 5, 6, 7, 8, 9, 10, 12, 13, 17, 18, 22, 29, 34, 38, 39, 42, 43, 
  46, 48, 52, 54, 59, 61, 63 ],
[ 1, 2, 3, 4, 5, 6, 7, 8, 9, 10, 12, 13, 17, 19, 22, 24, 28, 33, 34, 38, 39, 
  42, 47, 48, 52, 54, 59, 64 ],
[ 1, 2, 3, 4, 5, 6, 7, 8, 9, 10, 12, 13, 17, 19, 22, 28, 33, 34, 38, 39, 42, 
  46, 48, 52, 54, 59, 61, 64 ],
[ 1, 2, 3, 4, 5, 6, 7, 8, 9, 10, 12, 13, 17, 20, 22, 26, 28, 33, 34, 38, 40, 
  41, 43, 47, 52, 54, 61, 64 ],
[ 1, 2, 3, 4, 5, 6, 7, 8, 9, 10, 12, 13, 18, 20, 22, 25, 29, 31, 33, 36, 37, 
  38, 49, 55, 59, 62, 63, 64 ],
[ 1, 2, 3, 4, 5, 6, 7, 8, 9, 10, 12, 13, 18, 20, 22, 25, 35, 36, 38, 49, 51, 
  52, 53, 54, 56, 59, 62, 64 ],
[ 1, 2, 3, 4, 5, 6, 7, 8, 9, 10, 12, 13, 18, 20, 22, 29, 31, 33, 34, 37, 38, 
  43, 48, 49, 56, 62, 63, 64 ],
[ 1, 2, 3, 4, 5, 6, 7, 8, 9, 10, 12, 13, 18, 20, 22, 29, 31, 34, 37, 38, 43, 
  48, 49, 53, 54, 56, 62, 64 ],
[ 1, 2, 3, 4, 5, 6, 7, 8, 9, 10, 12, 13, 18, 22, 26, 30, 34, 38, 39, 42, 43, 
  47, 51, 53, 57, 61, 63, 64 ],
[ 1, 2, 3, 4, 5, 6, 7, 8, 9, 10, 12, 13, 18, 22, 26, 30, 34, 38, 39, 42, 47, 
  51, 53, 57, 58, 59, 61, 63 ],
[ 1, 2, 3, 4, 5, 6, 7, 8, 9, 10, 12, 13, 20, 22, 26, 28, 34, 38, 39, 41, 43, 
  47, 52, 53, 57, 61, 63, 64 ],
[ 1, 2, 3, 4, 5, 6, 7, 8, 9, 10, 12, 15, 18, 20, 22, 23, 24, 26, 27, 29, 43, 
  45, 52, 54, 61, 62, 63, 64 ],
[ 1, 2, 3, 4, 5, 6, 7, 8, 9, 10, 12, 15, 18, 20, 22, 23, 24, 26, 27, 29, 43, 
  52, 54, 59, 60, 61, 62, 63 ],
[ 1, 2, 3, 4, 5, 6, 7, 8, 9, 10, 12, 15, 18, 20, 22, 23, 24, 26, 27, 29, 45, 
  52, 54, 58, 59, 61, 62, 63 ],
[ 1, 2, 3, 4, 5, 6, 7, 8, 9, 10, 12, 15, 18, 20, 22, 23, 24, 26, 27, 29, 52, 
  54, 58, 60, 61, 62, 63, 64 ],
[ 1, 2, 3, 4, 5, 6, 7, 8, 9, 10, 12, 15, 18, 20, 22, 23, 24, 26, 27, 43, 45, 
  50, 51, 52, 54, 61, 63, 64 ],
[ 1, 2, 3, 4, 5, 6, 7, 8, 9, 10, 12, 15, 18, 20, 22, 23, 24, 26, 27, 43, 50, 
  51, 52, 54, 59, 60, 61, 63 ],
[ 1, 2, 3, 4, 5, 6, 7, 8, 9, 10, 12, 15, 18, 20, 22, 23, 24, 26, 29, 43, 45, 
  49, 50, 52, 54, 61, 63, 64 ],
[ 1, 2, 3, 4, 5, 6, 7, 8, 9, 10, 12, 15, 18, 20, 22, 23, 24, 26, 29, 43, 49, 
  50, 52, 54, 59, 60, 61, 63 ],
[ 1, 2, 3, 4, 5, 6, 7, 8, 9, 10, 12, 15, 18, 20, 22, 23, 24, 26, 43, 45, 49, 
  51, 52, 54, 61, 62, 63, 64 ],
[ 1, 2, 3, 4, 5, 6, 7, 8, 9, 10, 12, 15, 18, 20, 22, 23, 24, 27, 29, 43, 45, 
  47, 48, 52, 54, 62, 63, 64 ],
[ 1, 2, 3, 4, 5, 6, 7, 8, 9, 10, 12, 15, 18, 20, 22, 23, 24, 27, 29, 43, 47, 
  48, 52, 54, 59, 60, 62, 63 ],
[ 1, 2, 3, 4, 5, 6, 7, 8, 9, 10, 12, 15, 18, 20, 22, 23, 24, 27, 29, 45, 47, 
  48, 52, 54, 58, 59, 62, 63 ],
[ 1, 2, 3, 4, 5, 6, 7, 8, 9, 10, 12, 15, 18, 20, 22, 23, 24, 27, 29, 47, 48, 
  52, 54, 58, 60, 62, 63, 64 ],
[ 1, 2, 3, 4, 5, 6, 7, 8, 9, 10, 12, 15, 18, 20, 22, 23, 24, 27, 43, 45, 47, 
  48, 50, 51, 52, 54, 63, 64 ],
[ 1, 2, 3, 4, 5, 6, 7, 8, 9, 10, 12, 15, 18, 20, 22, 23, 24, 27, 45, 47, 48, 
  50, 51, 52, 54, 58, 59, 63 ],
[ 1, 2, 3, 4, 5, 6, 7, 8, 9, 10, 12, 15, 18, 20, 22, 23, 24, 29, 31, 48, 49, 
  54, 58, 59, 60, 61, 62, 63 ],
[ 1, 2, 3, 4, 5, 6, 7, 8, 9, 10, 12, 15, 18, 20, 22, 23, 24, 43, 45, 47, 48, 
  49, 51, 52, 54, 62, 63, 64 ],
[ 1, 2, 3, 4, 5, 6, 7, 8, 9, 10, 12, 15, 18, 20, 22, 23, 27, 29, 43, 45, 46, 
  48, 52, 54, 61, 62, 63, 64 ],
[ 1, 2, 3, 4, 5, 6, 7, 8, 9, 10, 12, 15, 18, 20, 22, 23, 27, 29, 43, 46, 48, 
  52, 54, 59, 60, 61, 62, 63 ],
[ 1, 2, 3, 4, 5, 6, 7, 8, 9, 10, 12, 15, 18, 20, 22, 23, 27, 29, 46, 48, 52, 
  54, 58, 60, 61, 62, 63, 64 ],
[ 1, 2, 3, 4, 5, 6, 7, 8, 9, 10, 12, 15, 18, 20, 22, 23, 43, 45, 46, 48, 49, 
  51, 52, 54, 61, 62, 63, 64 ],
[ 1, 2, 3, 4, 5, 6, 7, 8, 9, 10, 12, 15, 22, 23, 24, 25, 29, 31, 33, 41, 42, 
  49, 53, 59, 60, 61, 62, 64 ],
[ 1, 2, 3, 4, 5, 6, 7, 8, 9, 10, 13, 14, 15, 18, 20, 22, 26, 29, 31, 32, 43, 
  49, 50, 54, 55, 56, 59, 63 ],
[ 1, 2, 3, 4, 5, 6, 7, 8, 9, 10, 13, 14, 16, 18, 20, 22, 25, 29, 31, 32, 33, 
  49, 50, 54, 55, 56, 59, 64 ],
[ 1, 2, 3, 4, 5, 6, 7, 8, 9, 10, 13, 15, 17, 18, 20, 22, 29, 32, 35, 40, 43, 
  46, 47, 48, 52, 54, 59, 63 ],
[ 1, 2, 3, 4, 5, 6, 7, 8, 9, 10, 13, 15, 17, 19, 20, 22, 24, 28, 31, 32, 35, 
  47, 48, 53, 54, 57, 59, 64 ],
[ 1, 2, 3, 4, 5, 6, 7, 8, 9, 10, 13, 15, 17, 19, 20, 22, 28, 32, 35, 40, 46, 
  47, 48, 52, 53, 59, 63, 64 ],
[ 1, 2, 3, 4, 5, 6, 7, 8, 9, 10, 13, 15, 18, 20, 22, 26, 27, 29, 31, 32, 36, 
  37, 43, 54, 55, 59, 62, 63 ],
[ 1, 2, 3, 4, 5, 6, 7, 8, 9, 10, 13, 15, 18, 20, 22, 27, 29, 31, 32, 35, 36, 
  43, 48, 54, 56, 62, 63, 64 ],
[ 1, 2, 3, 4, 5, 6, 7, 8, 9, 10, 13, 15, 18, 20, 22, 29, 31, 32, 35, 36, 43, 
  48, 49, 50, 54, 56, 63, 64 ],
[ 1, 2, 3, 4, 5, 6, 7, 8, 9, 10, 13, 16, 17, 18, 21, 22, 28, 32, 33, 35, 40, 
  46, 47, 48, 52, 53, 59, 64 ],
[ 1, 2, 3, 4, 5, 6, 7, 8, 9, 10, 13, 16, 17, 18, 21, 22, 28, 32, 35, 40, 43, 
  46, 47, 48, 52, 54, 58, 63 ],
[ 1, 2, 3, 4, 5, 6, 7, 8, 9, 10, 13, 16, 17, 18, 21, 22, 30, 32, 33, 34, 40, 
  43, 47, 48, 51, 54, 61, 64 ],
[ 1, 2, 3, 4, 5, 6, 7, 8, 9, 10, 13, 16, 17, 18, 21, 22, 30, 32, 34, 40, 43, 
  47, 48, 51, 53, 61, 63, 64 ],
[ 1, 2, 3, 4, 5, 6, 7, 8, 9, 10, 13, 16, 17, 19, 20, 22, 28, 31, 32, 34, 47, 
  48, 53, 54, 57, 58, 61, 64 ],
[ 1, 2, 3, 4, 5, 6, 7, 8, 9, 10, 13, 16, 17, 20, 22, 24, 29, 30, 32, 33, 40, 
  41, 47, 48, 53, 55, 59, 64 ],
[ 1, 2, 3, 4, 5, 6, 7, 8, 9, 10, 13, 16, 18, 20, 22, 25, 27, 29, 31, 32, 33, 
  36, 37, 54, 55, 59, 62, 64 ],
[ 1, 2, 3, 4, 5, 6, 7, 8, 9, 10, 13, 18, 20, 22, 25, 27, 29, 31, 32, 33, 35, 
  36, 38, 56, 59, 62, 63, 64 ],
[ 1, 2, 3, 4, 5, 6, 7, 8, 9, 10, 13, 18, 20, 22, 25, 29, 31, 32, 35, 36, 38, 
  49, 50, 53, 54, 56, 59, 64 ],
[ 1, 2, 3, 4, 5, 6, 7, 8, 9, 10, 15, 18, 20, 22, 23, 24, 26, 27, 29, 31, 32, 
  43, 54, 59, 60, 61, 62, 63 ],
[ 1, 2, 3, 4, 5, 6, 7, 8, 9, 10, 15, 18, 20, 22, 23, 24, 26, 27, 29, 31, 32, 
  54, 58, 60, 61, 62, 63, 64 ],
[ 1, 2, 3, 4, 5, 6, 7, 8, 9, 10, 15, 18, 20, 22, 23, 24, 26, 29, 31, 32, 43, 
  49, 50, 54, 59, 60, 61, 63 ],
[ 1, 2, 3, 4, 5, 6, 7, 8, 9, 10, 15, 18, 20, 22, 23, 24, 27, 29, 31, 32, 43, 
  47, 48, 54, 59, 60, 62, 63 ],
[ 1, 2, 3, 4, 5, 6, 7, 8, 9, 10, 15, 18, 20, 22, 23, 24, 29, 31, 32, 43, 47, 
  48, 49, 50, 54, 59, 60, 63 ],
[ 1, 2, 3, 4, 5, 6, 7, 8, 9, 10, 15, 18, 20, 22, 23, 26, 29, 31, 32, 43, 46, 
  47, 49, 50, 54, 59, 60, 63 ],
[ 1, 2, 3, 4, 5, 6, 8, 9, 10, 11, 13, 14, 16, 17, 19, 21, 25, 26, 33, 39, 48, 
  50, 51, 52, 54, 55, 56, 62 ],
[ 1, 2, 3, 4, 5, 6, 8, 9, 10, 11, 13, 14, 16, 17, 19, 21, 25, 26, 39, 48, 50, 
  51, 52, 53, 55, 56, 62, 63 ],
[ 1, 2, 3, 4, 5, 6, 8, 9, 10, 11, 13, 14, 16, 17, 21, 28, 29, 33, 35, 36, 40, 
  41, 47, 48, 51, 52, 61, 63 ],
[ 1, 2, 3, 4, 5, 6, 8, 9, 10, 11, 13, 14, 16, 17, 21, 28, 29, 35, 36, 40, 41, 
  47, 48, 51, 52, 53, 54, 61 ],
[ 1, 2, 3, 4, 5, 6, 8, 9, 10, 11, 13, 14, 16, 17, 25, 26, 29, 31, 33, 39, 41, 
  42, 48, 50, 54, 55, 56, 62 ],
[ 1, 2, 3, 4, 5, 6, 8, 9, 10, 11, 13, 14, 16, 17, 25, 26, 35, 37, 39, 41, 42, 
  48, 50, 51, 52, 53, 62, 63 ],
[ 1, 2, 3, 4, 5, 6, 8, 9, 10, 11, 13, 14, 16, 17, 26, 34, 35, 36, 40, 41, 42, 
  47, 49, 51, 52, 55, 61, 62 ],
[ 1, 2, 3, 4, 5, 6, 8, 9, 10, 11, 13, 14, 16, 18, 19, 27, 31, 33, 35, 36, 41, 
  42, 47, 48, 50, 51, 61, 63 ],
[ 1, 2, 3, 4, 5, 6, 8, 9, 10, 11, 13, 14, 16, 18, 19, 31, 33, 35, 36, 41, 42, 
  47, 48, 49, 51, 61, 62, 63 ],
[ 1, 2, 3, 4, 5, 6, 8, 9, 10, 11, 13, 14, 16, 25, 26, 27, 29, 31, 33, 40, 41, 
  42, 48, 49, 54, 55, 56, 57 ],
[ 1, 2, 3, 4, 5, 6, 8, 9, 10, 11, 13, 14, 16, 25, 26, 27, 35, 37, 40, 41, 42, 
  48, 49, 51, 52, 53, 57, 63 ],
[ 1, 2, 3, 4, 5, 6, 8, 9, 10, 11, 13, 14, 17, 19, 21, 25, 26, 35, 37, 38, 39, 
  48, 50, 51, 52, 53, 54, 62 ],
[ 1, 2, 3, 4, 5, 6, 8, 9, 10, 11, 13, 14, 17, 19, 28, 29, 35, 36, 38, 40, 42, 
  47, 48, 51, 52, 53, 61, 63 ],
[ 1, 2, 3, 4, 5, 6, 8, 9, 10, 11, 13, 14, 17, 19, 29, 34, 35, 37, 38, 39, 42, 
  46, 48, 50, 52, 55, 61, 62 ],
[ 1, 2, 3, 4, 5, 6, 8, 9, 10, 11, 13, 14, 17, 26, 28, 29, 31, 33, 35, 36, 38, 
  40, 41, 42, 47, 51, 61, 63 ],
[ 1, 2, 3, 4, 5, 6, 8, 9, 10, 11, 13, 14, 17, 26, 28, 29, 31, 35, 36, 38, 40, 
  41, 42, 47, 51, 53, 54, 61 ],
[ 1, 2, 3, 4, 5, 6, 8, 9, 10, 11, 13, 14, 18, 19, 21, 26, 27, 35, 36, 38, 41, 
  47, 50, 51, 52, 53, 54, 61 ],
[ 1, 2, 3, 4, 5, 6, 8, 9, 10, 11, 13, 14, 19, 21, 25, 26, 27, 35, 37, 38, 40, 
  48, 49, 51, 52, 53, 54, 57 ],
[ 1, 2, 3, 4, 5, 6, 8, 9, 10, 11, 13, 15, 16, 17, 19, 24, 31, 33, 35, 38, 39, 
  42, 47, 48, 50, 51, 62, 63 ],
[ 1, 2, 3, 4, 5, 6, 8, 9, 10, 11, 13, 15, 16, 17, 21, 26, 29, 38, 39, 41, 46, 
  47, 50, 52, 53, 55, 62, 63 ],
[ 1, 2, 3, 4, 5, 6, 8, 9, 10, 11, 13, 15, 16, 19, 24, 27, 31, 33, 35, 38, 40, 
  42, 47, 48, 49, 51, 57, 63 ],
[ 1, 2, 3, 4, 5, 6, 8, 9, 10, 11, 13, 16, 17, 21, 24, 28, 29, 33, 35, 37, 40, 
  41, 46, 48, 51, 52, 56, 63 ],
[ 1, 2, 3, 4, 5, 6, 8, 9, 10, 11, 13, 16, 17, 21, 24, 28, 29, 35, 37, 40, 41, 
  46, 48, 51, 52, 53, 54, 56 ],
[ 1, 2, 3, 4, 5, 6, 8, 9, 10, 11, 13, 17, 24, 26, 28, 29, 31, 33, 35, 37, 38, 
  40, 41, 42, 46, 51, 56, 63 ],
[ 1, 2, 3, 4, 5, 6, 8, 9, 10, 11, 13, 17, 24, 26, 28, 29, 31, 35, 37, 38, 40, 
  41, 42, 46, 51, 53, 54, 56 ],
[ 1, 2, 3, 4, 5, 6, 8, 9, 10, 11, 13, 17, 25, 26, 29, 31, 33, 35, 36, 38, 39, 
  41, 42, 48, 50, 56, 62, 63 ],
[ 1, 2, 3, 4, 5, 6, 8, 9, 10, 11, 13, 17, 25, 26, 29, 31, 35, 36, 38, 39, 41, 
  42, 48, 50, 53, 54, 56, 62 ],
[ 1, 2, 3, 4, 5, 6, 8, 9, 10, 11, 14, 16, 17, 26, 33, 36, 40, 41, 42, 47, 49, 
  51, 52, 53, 54, 61, 62, 63 ],
[ 1, 2, 3, 4, 5, 6, 8, 9, 10, 11, 14, 17, 21, 31, 33, 36, 38, 40, 41, 47, 48, 
  49, 51, 53, 54, 61, 62, 63 ],
[ 1, 2, 3, 4, 5, 6, 8, 9, 10, 12, 13, 14, 15, 17, 19, 21, 25, 26, 27, 39, 48, 
  50, 51, 52, 54, 55, 56, 63 ],
[ 1, 2, 3, 4, 5, 6, 8, 9, 10, 12, 13, 14, 15, 17, 19, 21, 25, 26, 39, 48, 49, 
  51, 52, 54, 55, 56, 62, 63 ],
[ 1, 2, 3, 4, 5, 6, 8, 9, 10, 12, 13, 14, 15, 17, 21, 26, 28, 29, 37, 39, 41, 
  46, 47, 51, 52, 54, 55, 63 ],
[ 1, 2, 3, 4, 5, 6, 8, 9, 10, 12, 13, 14, 15, 17, 25, 26, 27, 35, 37, 39, 41, 
  42, 48, 50, 51, 52, 54, 63 ],
[ 1, 2, 3, 4, 5, 6, 8, 9, 10, 12, 13, 14, 15, 17, 25, 26, 29, 31, 39, 41, 42, 
  48, 49, 54, 55, 56, 62, 63 ],
[ 1, 2, 3, 4, 5, 6, 8, 9, 10, 12, 13, 14, 15, 17, 26, 28, 29, 31, 39, 41, 42, 
  46, 51, 54, 55, 56, 61, 63 ],
[ 1, 2, 3, 4, 5, 6, 8, 9, 10, 12, 13, 14, 15, 25, 26, 29, 31, 33, 40, 41, 42, 
  48, 49, 53, 55, 56, 57, 62 ],
[ 1, 2, 3, 4, 5, 6, 8, 9, 10, 12, 13, 14, 16, 18, 19, 20, 25, 27, 41, 47, 50, 
  51, 52, 53, 55, 56, 61, 63 ],
[ 1, 2, 3, 4, 5, 6, 8, 9, 10, 12, 13, 14, 16, 18, 20, 25, 26, 27, 40, 48, 50, 
  51, 52, 53, 55, 56, 57, 63 ],
[ 1, 2, 3, 4, 5, 6, 8, 9, 10, 12, 13, 14, 16, 18, 20, 25, 26, 33, 40, 48, 49, 
  51, 52, 54, 55, 56, 57, 62 ],
[ 1, 2, 3, 4, 5, 6, 8, 9, 10, 12, 13, 14, 17, 18, 26, 28, 29, 31, 36, 38, 42, 
  46, 51, 54, 55, 57, 61, 63 ],
[ 1, 2, 3, 4, 5, 6, 8, 9, 10, 12, 13, 14, 18, 19, 20, 25, 29, 31, 38, 41, 47, 
  49, 53, 54, 55, 56, 61, 62 ],
[ 1, 2, 3, 4, 5, 6, 8, 9, 10, 12, 13, 14, 18, 19, 20, 26, 28, 31, 38, 41, 46, 
  50, 53, 54, 55, 56, 61, 62 ],
[ 1, 2, 3, 4, 5, 6, 8, 9, 10, 12, 13, 14, 18, 20, 25, 26, 27, 35, 37, 38, 40, 
  48, 50, 51, 52, 53, 54, 57 ],
[ 1, 2, 3, 4, 5, 6, 8, 9, 10, 12, 13, 14, 18, 20, 25, 26, 29, 31, 38, 40, 48, 
  49, 53, 54, 55, 56, 57, 62 ],
[ 1, 2, 3, 4, 5, 6, 8, 9, 10, 12, 13, 14, 18, 20, 26, 28, 29, 31, 38, 40, 46, 
  51, 53, 54, 55, 56, 57, 61 ],
[ 1, 2, 3, 4, 5, 6, 8, 9, 10, 12, 13, 14, 20, 26, 28, 29, 31, 34, 38, 39, 40, 
  41, 46, 51, 54, 56, 61, 63 ],
[ 1, 2, 3, 4, 5, 6, 8, 9, 10, 12, 13, 14, 20, 26, 28, 31, 34, 35, 38, 39, 40, 
  41, 46, 50, 55, 56, 61, 62 ],
[ 1, 2, 3, 4, 5, 6, 8, 9, 10, 12, 13, 15, 16, 17, 18, 26, 30, 33, 38, 40, 42, 
  46, 47, 50, 51, 54, 55, 62 ],
[ 1, 2, 3, 4, 5, 6, 8, 9, 10, 12, 13, 15, 16, 17, 20, 26, 28, 33, 38, 40, 41, 
  46, 47, 50, 52, 54, 55, 62 ],
[ 1, 2, 3, 4, 5, 6, 8, 9, 10, 12, 13, 15, 16, 17, 21, 27, 29, 33, 34, 38, 40, 
  41, 47, 48, 49, 52, 61, 63 ],
[ 1, 2, 3, 4, 5, 6, 8, 9, 10, 12, 13, 15, 16, 20, 26, 28, 31, 33, 38, 39, 40, 
  41, 46, 50, 55, 61, 62, 63 ],
[ 1, 2, 3, 4, 5, 6, 8, 9, 10, 12, 13, 15, 20, 26, 28, 29, 31, 33, 37, 39, 40, 
  41, 46, 51, 55, 56, 61, 63 ],
[ 1, 2, 3, 4, 5, 6, 8, 9, 10, 12, 13, 16, 17, 21, 24, 25, 28, 29, 30, 37, 41, 
  47, 51, 53, 54, 55, 56, 57 ],
[ 1, 2, 3, 4, 5, 6, 8, 9, 10, 12, 13, 18, 20, 25, 26, 35, 36, 38, 40, 48, 49, 
  51, 52, 53, 54, 56, 57, 62 ],
[ 1, 2, 3, 4, 5, 6, 8, 9, 10, 12, 15, 16, 18, 20, 23, 24, 26, 27, 29, 38, 40, 
  43, 45, 52, 57, 61, 62, 64 ],
[ 1, 2, 3, 4, 5, 6, 8, 9, 10, 12, 15, 16, 18, 20, 23, 24, 26, 27, 29, 38, 40, 
  43, 52, 57, 59, 60, 61, 62 ],
[ 1, 2, 3, 4, 5, 6, 8, 9, 10, 12, 15, 16, 18, 20, 23, 24, 26, 27, 29, 38, 40, 
  45, 52, 57, 58, 59, 61, 62 ],
[ 1, 2, 3, 4, 5, 6, 8, 9, 10, 12, 15, 16, 18, 20, 23, 24, 26, 27, 38, 40, 43, 
  45, 50, 51, 52, 57, 61, 64 ],
[ 1, 2, 3, 4, 5, 6, 8, 9, 10, 12, 15, 16, 18, 20, 23, 24, 26, 27, 38, 40, 43, 
  50, 51, 52, 57, 59, 60, 61 ],
[ 1, 2, 3, 4, 5, 6, 8, 9, 10, 12, 15, 16, 18, 20, 23, 24, 26, 27, 38, 40, 45, 
  50, 51, 52, 57, 58, 59, 61 ],
[ 1, 2, 3, 4, 5, 6, 8, 9, 10, 12, 15, 16, 18, 20, 23, 24, 26, 29, 38, 40, 43, 
  45, 49, 50, 52, 57, 61, 64 ],
[ 1, 2, 3, 4, 5, 6, 8, 9, 10, 12, 15, 16, 18, 20, 23, 24, 26, 38, 40, 43, 45, 
  49, 51, 52, 57, 61, 62, 64 ],
[ 1, 2, 3, 4, 5, 6, 8, 9, 10, 12, 15, 16, 18, 20, 23, 24, 27, 29, 38, 40, 43, 
  45, 47, 48, 52, 57, 62, 64 ],
[ 1, 2, 3, 4, 5, 6, 8, 9, 10, 12, 15, 16, 18, 20, 23, 24, 27, 38, 40, 43, 45, 
  47, 48, 50, 51, 52, 57, 64 ],
[ 1, 2, 3, 4, 5, 6, 8, 9, 10, 12, 15, 16, 18, 20, 23, 24, 27, 38, 40, 45, 47, 
  48, 50, 51, 52, 57, 58, 59 ],
[ 1, 2, 3, 4, 5, 6, 8, 9, 10, 12, 15, 16, 18, 20, 23, 24, 29, 31, 38, 40, 48, 
  49, 57, 58, 59, 60, 61, 62 ],
[ 1, 2, 3, 4, 5, 6, 8, 9, 10, 12, 15, 16, 18, 20, 23, 24, 31, 38, 40, 45, 48, 
  49, 50, 51, 57, 58, 61, 64 ],
[ 1, 2, 3, 4, 5, 6, 8, 9, 10, 12, 15, 16, 18, 20, 23, 24, 38, 40, 43, 45, 47, 
  48, 49, 51, 52, 57, 62, 64 ],
[ 1, 2, 3, 4, 5, 6, 8, 9, 10, 12, 15, 16, 18, 20, 23, 24, 38, 40, 45, 47, 48, 
  49, 51, 52, 57, 58, 59, 62 ],
[ 1, 2, 3, 4, 5, 6, 8, 9, 10, 12, 15, 16, 18, 20, 23, 26, 31, 38, 40, 43, 46, 
  49, 50, 51, 57, 60, 61, 64 ],
[ 1, 2, 3, 4, 5, 6, 8, 9, 10, 12, 15, 16, 18, 20, 23, 29, 31, 38, 40, 43, 46, 
  47, 48, 49, 57, 60, 62, 64 ],
[ 1, 2, 3, 4, 5, 6, 8, 9, 10, 12, 15, 18, 19, 20, 23, 24, 27, 37, 41, 43, 47, 
  48, 50, 51, 52, 56, 59, 60 ]
];

