## Group: [64, 261]
## Difference Sets: 49
## Time:  2:43:32.543

return [
[ 1, 4, 5, 6, 8, 11, 15, 16, 18, 20, 25, 26, 27, 28, 30, 32, 33, 34, 35, 36, 
  37, 40, 48, 50, 51, 52, 57, 63 ],
[ 1, 4, 5, 6, 8, 11, 15, 16, 18, 20, 25, 26, 27, 28, 30, 31, 32, 33, 34, 35, 
  36, 40, 48, 51, 54, 56, 57, 62 ],
[ 1, 4, 5, 6, 8, 11, 15, 16, 18, 20, 25, 26, 27, 28, 29, 30, 31, 32, 33, 34, 
  36, 40, 48, 50, 55, 56, 57, 63 ],
[ 1, 4, 5, 6, 8, 11, 13, 14, 15, 16, 18, 20, 25, 26, 27, 28, 30, 32, 33, 40, 
  48, 50, 51, 52, 55, 56, 57, 63 ],
[ 1, 4, 5, 6, 7, 8, 11, 15, 16, 18, 20, 22, 25, 27, 28, 30, 32, 33, 34, 35, 
  36, 37, 50, 51, 52, 59, 63, 64 ],
[ 1, 4, 5, 6, 7, 8, 11, 15, 16, 18, 20, 22, 25, 27, 28, 30, 31, 32, 33, 34, 
  35, 36, 51, 54, 56, 59, 62, 64 ],
[ 1, 4, 5, 6, 7, 8, 11, 15, 16, 18, 20, 22, 25, 27, 28, 29, 30, 31, 32, 33, 
  34, 36, 50, 55, 56, 59, 63, 64 ],
[ 1, 4, 5, 6, 7, 8, 11, 15, 16, 18, 20, 22, 23, 25, 28, 29, 30, 31, 32, 33, 
  36, 39, 45, 56, 57, 59, 63, 64 ],
[ 1, 4, 5, 6, 7, 8, 11, 14, 15, 18, 20, 22, 25, 28, 29, 30, 31, 32, 33, 34, 
  35, 38, 49, 54, 56, 59, 62, 64 ],
[ 1, 4, 5, 6, 7, 8, 11, 14, 15, 18, 20, 22, 25, 27, 28, 29, 30, 31, 32, 34, 
  35, 38, 50, 53, 56, 59, 63, 64 ],
[ 1, 4, 5, 6, 7, 8, 11, 14, 15, 16, 18, 20, 22, 25, 28, 29, 30, 31, 32, 33, 
  34, 37, 49, 55, 59, 62, 63, 64 ],
[ 1, 4, 5, 6, 7, 8, 11, 14, 15, 16, 18, 20, 22, 25, 27, 28, 30, 32, 34, 35, 
  50, 51, 52, 53, 54, 56, 59, 64 ],
[ 1, 4, 5, 6, 7, 8, 11, 12, 15, 18, 20, 22, 23, 25, 28, 29, 30, 33, 36, 37, 
  38, 39, 45, 52, 57, 59, 63, 64 ],
[ 1, 2, 8, 9, 10, 11, 15, 18, 20, 22, 25, 26, 28, 30, 33, 34, 35, 36, 37, 38, 
  39, 40, 41, 42, 48, 50, 54, 62 ],
[ 1, 2, 8, 9, 10, 11, 15, 16, 17, 18, 20, 21, 22, 25, 26, 28, 30, 34, 36, 37, 
  40, 41, 48, 50, 53, 55, 62, 63 ],
[ 1, 2, 8, 9, 10, 11, 12, 15, 18, 19, 20, 21, 22, 25, 28, 30, 32, 33, 34, 36, 
  38, 39, 40, 54, 55, 56, 59, 64 ],
[ 1, 2, 8, 9, 10, 11, 12, 15, 17, 18, 20, 21, 22, 25, 28, 30, 32, 34, 35, 36, 
  38, 40, 41, 53, 54, 56, 59, 64 ],
[ 1, 2, 8, 9, 10, 11, 12, 15, 16, 17, 18, 20, 21, 22, 25, 28, 30, 32, 34, 36, 
  37, 40, 41, 53, 55, 59, 63, 64 ],
[ 1, 2, 8, 9, 10, 11, 12, 14, 15, 18, 19, 20, 21, 22, 25, 28, 30, 32, 34, 37, 
  38, 39, 40, 53, 55, 59, 63, 64 ],
[ 1, 2, 8, 9, 10, 11, 12, 14, 15, 17, 18, 20, 22, 25, 28, 30, 32, 33, 34, 35, 
  38, 41, 42, 54, 56, 57, 59, 64 ],
[ 1, 2, 8, 9, 10, 11, 12, 14, 15, 16, 17, 18, 20, 22, 25, 28, 30, 32, 33, 34, 
  37, 41, 42, 55, 57, 59, 63, 64 ],
[ 1, 2, 7, 8, 9, 10, 11, 15, 16, 18, 20, 25, 26, 28, 30, 33, 34, 35, 36, 37, 
  39, 41, 42, 48, 50, 57, 62, 63 ],
[ 1, 2, 7, 8, 9, 10, 11, 14, 15, 16, 18, 20, 25, 26, 28, 30, 34, 35, 39, 41, 
  42, 48, 50, 53, 54, 56, 57, 62 ],
[ 1, 2, 7, 8, 9, 10, 11, 12, 15, 16, 18, 20, 25, 28, 30, 32, 33, 34, 35, 36, 
  37, 39, 41, 42, 57, 59, 63, 64 ],
[ 1, 2, 7, 8, 9, 10, 11, 12, 14, 15, 16, 18, 20, 25, 28, 30, 32, 34, 35, 39, 
  41, 42, 53, 54, 56, 57, 59, 64 ],
[ 1, 2, 6, 10, 11, 12, 13, 14, 15, 18, 19, 20, 21, 25, 28, 29, 32, 33, 34, 
  36, 38, 40, 48, 52, 54, 57, 58, 64 ],
[ 1, 2, 6, 10, 11, 12, 13, 14, 15, 18, 19, 20, 21, 25, 26, 28, 31, 32, 34, 
  36, 38, 40, 43, 51, 53, 57, 63, 64 ],
[ 1, 2, 6, 10, 11, 12, 13, 14, 15, 16, 18, 20, 25, 28, 29, 32, 34, 36, 40, 
  41, 42, 43, 48, 52, 53, 54, 57, 59 ],
[ 1, 2, 6, 10, 11, 12, 13, 14, 15, 16, 18, 20, 25, 26, 28, 31, 32, 33, 34, 
  36, 40, 41, 42, 51, 57, 58, 59, 63 ],
[ 1, 2, 6, 10, 11, 12, 13, 14, 15, 16, 18, 19, 20, 21, 25, 28, 31, 32, 33, 
  34, 36, 40, 48, 51, 57, 58, 63, 64 ],
[ 1, 2, 6, 9, 10, 11, 12, 15, 16, 18, 20, 25, 28, 30, 32, 33, 34, 35, 36, 37, 
  40, 41, 42, 43, 48, 57, 59, 63 ],
[ 1, 2, 6, 9, 10, 11, 12, 14, 15, 18, 20, 25, 26, 28, 30, 32, 33, 34, 35, 38, 
  40, 41, 42, 54, 56, 57, 58, 59 ],
[ 1, 2, 6, 9, 10, 11, 12, 14, 15, 18, 19, 20, 21, 25, 28, 30, 32, 33, 34, 35, 
  38, 40, 48, 54, 56, 57, 58, 64 ],
[ 1, 2, 6, 9, 10, 11, 12, 14, 15, 18, 19, 20, 21, 25, 26, 28, 30, 32, 34, 37, 
  38, 40, 43, 53, 55, 57, 63, 64 ],
[ 1, 2, 6, 9, 10, 11, 12, 14, 15, 16, 18, 20, 25, 28, 30, 32, 34, 35, 40, 41, 
  42, 43, 48, 53, 54, 56, 57, 59 ],
[ 1, 2, 6, 9, 10, 11, 12, 14, 15, 16, 18, 20, 25, 26, 28, 30, 32, 33, 34, 37, 
  40, 41, 42, 55, 57, 58, 59, 63 ],
[ 1, 2, 6, 8, 10, 11, 12, 14, 15, 16, 17, 18, 20, 25, 28, 31, 32, 34, 35, 39, 
  41, 42, 51, 53, 54, 56, 59, 64 ],
[ 1, 2, 6, 7, 10, 11, 13, 14, 15, 18, 20, 22, 25, 26, 28, 29, 33, 34, 36, 38, 
  41, 42, 50, 52, 54, 58, 59, 62 ],
[ 1, 2, 6, 7, 10, 11, 13, 14, 15, 16, 18, 20, 22, 25, 28, 29, 34, 36, 41, 42, 
  43, 48, 50, 52, 53, 54, 59, 62 ],
[ 1, 2, 6, 7, 9, 10, 11, 14, 15, 18, 20, 22, 25, 26, 28, 30, 33, 34, 35, 38, 
  41, 42, 50, 54, 56, 58, 59, 62 ],
[ 1, 2, 6, 7, 9, 10, 11, 14, 15, 18, 19, 20, 21, 22, 25, 28, 30, 34, 35, 38, 
  43, 48, 50, 53, 56, 59, 62, 63 ],
[ 1, 2, 6, 7, 9, 10, 11, 14, 15, 16, 18, 20, 22, 25, 28, 30, 34, 35, 41, 42, 
  43, 48, 50, 53, 54, 56, 59, 62 ],
[ 1, 2, 6, 7, 8, 9, 11, 15, 16, 18, 19, 20, 21, 22, 25, 28, 30, 33, 36, 39, 
  43, 45, 52, 56, 57, 59, 60, 63 ],
[ 1, 2, 6, 7, 8, 9, 11, 15, 16, 17, 18, 19, 20, 22, 25, 28, 30, 36, 37, 42, 
  43, 45, 52, 53, 57, 59, 60, 63 ],
[ 1, 2, 4, 6, 10, 11, 12, 15, 18, 20, 22, 23, 25, 30, 32, 33, 34, 35, 36, 37, 
  38, 39, 41, 47, 50, 54, 62, 64 ],
[ 1, 2, 4, 6, 10, 11, 12, 15, 16, 18, 20, 22, 23, 25, 30, 32, 33, 34, 36, 37, 
  39, 41, 50, 54, 55, 59, 61, 62 ],
[ 1, 2, 4, 6, 8, 11, 15, 18, 20, 21, 25, 26, 27, 29, 30, 31, 33, 34, 36, 38, 
  39, 40, 48, 51, 54, 55, 56, 62 ],
[ 1, 2, 4, 5, 6, 11, 15, 18, 19, 20, 22, 24, 25, 28, 31, 34, 35, 36, 37, 38, 
  39, 42, 43, 45, 51, 52, 59, 64 ],
[ 1, 2, 4, 5, 6, 11, 13, 15, 17, 18, 19, 20, 21, 22, 25, 28, 31, 36, 37, 38, 
  45, 46, 51, 52, 55, 58, 59, 64 ]
];

