## Group: [64, 2]
## Difference Sets: 31
## Time:  0:03:05.800

return [
[ 1, 4, 6, 7, 8, 12, 15, 16, 17, 19, 22, 26, 27, 29, 31, 32, 34, 35, 36, 37, 
  40, 46, 49, 51, 52, 53, 54, 61 ],
[ 1, 4, 6, 7, 8, 12, 14, 15, 16, 17, 19, 22, 26, 27, 29, 31, 32, 33, 34, 35, 
  40, 46, 49, 51, 52, 56, 61, 63 ],
[ 1, 4, 6, 7, 8, 11, 12, 16, 17, 19, 22, 26, 28, 29, 30, 31, 33, 35, 37, 38, 
  40, 46, 49, 50, 53, 55, 56, 61 ],
[ 1, 4, 6, 7, 8, 11, 12, 14, 16, 17, 19, 22, 26, 28, 29, 30, 31, 35, 36, 38, 
  40, 46, 49, 50, 54, 55, 61, 63 ],
[ 1, 4, 6, 7, 8, 11, 12, 13, 16, 17, 19, 22, 26, 28, 29, 30, 31, 34, 37, 38, 
  40, 46, 49, 50, 54, 56, 61, 63 ],
[ 1, 4, 6, 7, 8, 11, 12, 13, 14, 16, 17, 19, 22, 26, 28, 29, 30, 31, 33, 34, 
  36, 38, 40, 46, 49, 50, 53, 61 ],
[ 1, 4, 6, 7, 8, 9, 12, 15, 16, 17, 19, 22, 26, 28, 31, 32, 34, 35, 36, 37, 
  40, 46, 50, 52, 53, 54, 61, 62 ],
[ 1, 4, 6, 7, 8, 9, 12, 14, 15, 16, 17, 19, 22, 26, 28, 31, 32, 33, 34, 35, 
  40, 46, 50, 52, 56, 61, 62, 63 ],
[ 1, 4, 5, 7, 8, 12, 15, 16, 19, 21, 25, 26, 27, 29, 31, 32, 34, 35, 36, 37, 
  39, 48, 49, 51, 52, 53, 54, 57 ],
[ 1, 4, 5, 7, 8, 12, 14, 15, 16, 19, 21, 25, 26, 27, 29, 31, 32, 33, 34, 35, 
  39, 48, 49, 51, 52, 56, 57, 63 ],
[ 1, 4, 5, 7, 8, 11, 12, 16, 19, 21, 25, 26, 28, 29, 30, 31, 33, 35, 37, 38, 
  39, 48, 49, 50, 53, 55, 56, 57 ],
[ 1, 4, 5, 7, 8, 11, 12, 14, 16, 19, 21, 25, 26, 28, 29, 30, 31, 35, 36, 38, 
  39, 48, 49, 50, 54, 55, 57, 63 ],
[ 1, 4, 5, 7, 8, 11, 12, 13, 16, 19, 21, 25, 26, 28, 29, 30, 31, 34, 37, 38, 
  39, 48, 49, 50, 54, 56, 57, 63 ],
[ 1, 3, 7, 8, 11, 12, 13, 16, 19, 21, 25, 26, 27, 29, 30, 31, 35, 36, 37, 39, 
  41, 42, 48, 49, 51, 53, 54, 57 ],
[ 1, 3, 7, 8, 10, 12, 13, 16, 19, 21, 25, 26, 28, 29, 30, 32, 33, 35, 36, 37, 
  39, 41, 42, 48, 49, 50, 57, 63 ],
[ 1, 3, 6, 7, 12, 13, 16, 18, 19, 20, 21, 22, 25, 26, 27, 29, 31, 32, 33, 35, 
  36, 49, 51, 52, 54, 56, 58, 59 ],
[ 1, 3, 6, 7, 12, 13, 14, 16, 18, 19, 20, 21, 22, 25, 26, 27, 29, 31, 32, 35, 
  37, 49, 51, 52, 53, 58, 59, 63 ],
[ 1, 3, 6, 7, 9, 12, 13, 16, 18, 19, 20, 21, 22, 25, 26, 28, 31, 32, 33, 35, 
  36, 50, 52, 54, 56, 58, 59, 62 ],
[ 1, 3, 5, 6, 7, 12, 13, 16, 18, 19, 22, 25, 26, 27, 29, 31, 32, 33, 35, 36, 
  42, 43, 49, 51, 52, 54, 56, 64 ],
[ 1, 3, 5, 6, 7, 12, 13, 14, 16, 18, 19, 22, 25, 26, 27, 29, 31, 32, 35, 37, 
  42, 43, 49, 51, 52, 53, 63, 64 ],
[ 1, 3, 5, 6, 7, 9, 12, 13, 16, 18, 19, 22, 25, 26, 28, 31, 32, 33, 35, 36, 
  42, 43, 50, 52, 54, 56, 62, 64 ],
[ 1, 2, 8, 9, 12, 16, 17, 18, 19, 20, 21, 22, 25, 26, 27, 29, 30, 33, 35, 37, 
  38, 48, 50, 52, 53, 55, 56, 57 ],
[ 1, 2, 8, 9, 12, 13, 16, 17, 18, 19, 20, 21, 22, 25, 26, 27, 29, 30, 34, 37, 
  38, 48, 50, 52, 54, 56, 57, 63 ],
[ 1, 2, 8, 9, 12, 13, 14, 16, 17, 18, 19, 20, 21, 22, 25, 26, 27, 29, 30, 33, 
  34, 36, 38, 48, 50, 52, 53, 57 ],
[ 1, 2, 8, 9, 10, 12, 16, 17, 18, 19, 20, 21, 22, 25, 26, 29, 31, 33, 35, 37, 
  38, 48, 49, 53, 55, 56, 57, 62 ],
[ 1, 2, 8, 9, 10, 12, 14, 16, 17, 18, 19, 20, 21, 22, 25, 26, 29, 31, 35, 36, 
  38, 48, 49, 54, 55, 57, 62, 63 ],
[ 1, 2, 6, 7, 9, 10, 12, 16, 18, 19, 20, 21, 22, 25, 26, 29, 31, 33, 35, 37, 
  38, 49, 53, 55, 56, 58, 59, 62 ],
[ 1, 2, 6, 7, 9, 10, 12, 13, 16, 18, 19, 20, 21, 22, 25, 26, 29, 31, 34, 37, 
  38, 49, 54, 56, 58, 59, 62, 63 ],
[ 1, 2, 5, 8, 9, 12, 13, 16, 18, 19, 22, 25, 26, 27, 29, 30, 34, 37, 38, 39, 
  40, 42, 48, 50, 52, 54, 56, 63 ],
[ 1, 2, 5, 6, 7, 9, 10, 12, 16, 18, 19, 22, 25, 26, 29, 31, 33, 35, 37, 38, 
  42, 43, 49, 53, 55, 56, 62, 64 ],
[ 1, 2, 5, 6, 7, 9, 10, 12, 13, 16, 18, 19, 22, 25, 26, 29, 31, 34, 37, 38, 
  42, 43, 49, 54, 56, 62, 63, 64 ]
];

