## Group: [64, 211]
## Difference Sets: 100
## Time:  0:24:02.577

return [
[ 1, 3, 5, 7, 10, 13, 14, 17, 19, 21, 24, 25, 27, 28, 29, 30, 31, 33, 34, 38, 
  39, 41, 47, 48, 52, 53, 56, 62 ],
[ 1, 3, 5, 7, 10, 13, 14, 17, 19, 21, 24, 25, 26, 27, 28, 30, 31, 33, 34, 38, 
  39, 41, 50, 51, 52, 53, 56, 61 ],
[ 1, 3, 5, 7, 10, 13, 14, 17, 18, 19, 21, 24, 26, 27, 28, 30, 31, 33, 34, 38, 
  46, 48, 50, 51, 52, 53, 56, 57 ],
[ 1, 3, 5, 7, 10, 13, 14, 17, 18, 19, 21, 24, 25, 27, 29, 30, 31, 33, 34, 38, 
  47, 48, 49, 51, 52, 53, 56, 57 ],
[ 1, 3, 5, 7, 10, 12, 13, 14, 17, 21, 24, 25, 27, 28, 29, 30, 32, 33, 34, 38, 
  39, 40, 47, 48, 53, 56, 57, 62 ],
[ 1, 3, 5, 7, 10, 12, 13, 14, 17, 21, 24, 25, 26, 27, 28, 30, 32, 33, 34, 38, 
  39, 40, 50, 51, 53, 56, 57, 61 ],
[ 1, 3, 5, 7, 10, 11, 12, 13, 14, 17, 21, 24, 25, 27, 29, 33, 34, 38, 39, 40, 
  47, 48, 49, 51, 52, 53, 56, 57 ],
[ 1, 3, 4, 5, 10, 12, 13, 14, 16, 17, 18, 20, 21, 22, 24, 27, 30, 32, 37, 39, 
  42, 43, 44, 55, 59, 60, 61, 62 ],
[ 1, 3, 4, 5, 10, 12, 13, 14, 16, 17, 18, 20, 21, 22, 23, 24, 27, 30, 32, 37, 
  39, 42, 45, 55, 58, 61, 62, 64 ],
[ 1, 3, 4, 5, 10, 12, 13, 14, 15, 17, 19, 20, 21, 22, 24, 27, 30, 32, 36, 40, 
  42, 43, 44, 55, 59, 60, 61, 62 ],
[ 1, 3, 4, 5, 10, 12, 13, 14, 15, 17, 19, 20, 21, 22, 23, 24, 27, 30, 32, 36, 
  40, 42, 45, 55, 58, 61, 62, 64 ],
[ 1, 3, 4, 5, 7, 10, 14, 17, 18, 21, 24, 26, 27, 28, 30, 31, 33, 34, 35, 38, 
  39, 46, 48, 50, 51, 52, 56, 63 ],
[ 1, 3, 4, 5, 7, 10, 14, 17, 18, 21, 24, 26, 27, 28, 29, 30, 31, 33, 34, 38, 
  39, 46, 48, 52, 54, 55, 56, 62 ],
[ 1, 3, 4, 5, 7, 10, 14, 17, 18, 21, 24, 25, 27, 29, 30, 31, 33, 34, 35, 38, 
  39, 47, 48, 49, 51, 52, 56, 63 ],
[ 1, 3, 4, 5, 7, 10, 14, 17, 18, 21, 24, 25, 27, 28, 29, 30, 31, 33, 35, 38, 
  39, 47, 48, 52, 53, 55, 56, 62 ],
[ 1, 3, 4, 5, 7, 10, 14, 17, 18, 21, 24, 25, 26, 27, 29, 30, 31, 33, 34, 38, 
  39, 49, 51, 52, 54, 55, 56, 61 ],
[ 1, 3, 4, 5, 7, 10, 14, 17, 18, 21, 24, 25, 26, 27, 28, 30, 31, 33, 35, 38, 
  39, 50, 51, 52, 53, 55, 56, 61 ],
[ 1, 3, 4, 5, 7, 10, 14, 15, 17, 21, 24, 26, 27, 28, 30, 31, 33, 34, 35, 36, 
  41, 46, 48, 50, 51, 52, 57, 63 ],
[ 1, 3, 4, 5, 7, 10, 14, 15, 17, 21, 24, 26, 27, 28, 29, 30, 31, 33, 34, 36, 
  41, 46, 48, 52, 54, 55, 57, 62 ],
[ 1, 3, 4, 5, 7, 10, 14, 15, 17, 21, 24, 25, 27, 29, 30, 31, 33, 34, 35, 36, 
  41, 47, 48, 49, 51, 52, 57, 63 ],
[ 1, 3, 4, 5, 7, 10, 14, 15, 17, 21, 24, 25, 27, 28, 29, 30, 31, 33, 35, 36, 
  41, 47, 48, 52, 53, 55, 57, 62 ],
[ 1, 3, 4, 5, 7, 10, 14, 15, 17, 21, 24, 25, 26, 27, 29, 30, 31, 33, 34, 36, 
  41, 49, 51, 52, 54, 55, 57, 61 ],
[ 1, 3, 4, 5, 7, 10, 14, 15, 17, 21, 24, 25, 26, 27, 28, 30, 31, 33, 35, 36, 
  41, 50, 51, 52, 53, 55, 57, 61 ],
[ 1, 3, 4, 5, 7, 10, 12, 14, 17, 18, 21, 24, 25, 27, 30, 32, 33, 34, 35, 38, 
  39, 47, 48, 49, 50, 56, 62, 63 ],
[ 1, 3, 4, 5, 7, 10, 12, 14, 17, 18, 21, 24, 25, 27, 28, 29, 30, 32, 33, 38, 
  39, 47, 48, 53, 54, 56, 62, 63 ],
[ 1, 3, 4, 5, 7, 10, 12, 14, 17, 18, 21, 24, 25, 26, 27, 30, 32, 33, 34, 38, 
  39, 49, 50, 54, 55, 56, 61, 62 ],
[ 1, 3, 4, 5, 7, 10, 12, 14, 17, 18, 21, 24, 25, 26, 27, 28, 30, 32, 33, 38, 
  39, 50, 51, 53, 54, 56, 61, 63 ],
[ 1, 3, 4, 5, 7, 10, 12, 14, 15, 17, 21, 24, 25, 27, 28, 29, 30, 32, 33, 36, 
  41, 47, 48, 53, 54, 57, 62, 63 ],
[ 1, 3, 4, 5, 7, 10, 12, 14, 15, 17, 21, 24, 25, 26, 27, 28, 30, 32, 33, 36, 
  41, 50, 51, 53, 54, 57, 61, 63 ],
[ 1, 3, 4, 5, 7, 10, 11, 14, 17, 18, 21, 24, 25, 26, 27, 31, 32, 33, 35, 38, 
  39, 49, 50, 53, 55, 56, 61, 62 ],
[ 1, 3, 4, 5, 7, 10, 11, 14, 17, 18, 21, 24, 25, 26, 27, 29, 31, 32, 33, 38, 
  39, 49, 51, 53, 54, 56, 61, 63 ],
[ 1, 3, 4, 5, 7, 10, 11, 14, 15, 17, 21, 24, 26, 27, 28, 29, 31, 32, 33, 36, 
  41, 46, 48, 53, 54, 57, 62, 63 ],
[ 1, 3, 4, 5, 7, 10, 11, 12, 14, 17, 18, 21, 24, 25, 27, 33, 35, 38, 39, 47, 
  48, 49, 50, 52, 53, 55, 56, 62 ],
[ 1, 3, 4, 5, 7, 10, 11, 12, 14, 17, 18, 21, 24, 25, 27, 29, 33, 38, 39, 47, 
  48, 49, 51, 52, 53, 54, 56, 63 ],
[ 1, 3, 4, 5, 7, 10, 11, 12, 14, 15, 17, 21, 24, 25, 27, 29, 33, 36, 41, 47, 
  48, 49, 51, 52, 53, 54, 57, 63 ],
[ 1, 3, 4, 5, 6, 7, 10, 14, 17, 20, 21, 23, 24, 29, 30, 31, 32, 36, 37, 39, 
  40, 44, 48, 49, 55, 59, 60, 63 ],
[ 1, 3, 4, 5, 6, 7, 10, 14, 17, 20, 21, 23, 24, 28, 30, 31, 32, 36, 37, 39, 
  40, 45, 48, 50, 55, 58, 60, 63 ],
[ 1, 2, 8, 9, 10, 14, 17, 19, 20, 21, 22, 24, 26, 27, 28, 32, 33, 34, 36, 37, 
  39, 41, 47, 49, 52, 54, 55, 56 ],
[ 1, 2, 8, 9, 10, 14, 17, 18, 20, 21, 22, 24, 26, 27, 28, 32, 33, 35, 36, 37, 
  40, 41, 47, 49, 52, 53, 55, 56 ],
[ 1, 2, 8, 9, 10, 14, 15, 17, 19, 20, 21, 22, 24, 26, 27, 28, 32, 33, 37, 38, 
  39, 41, 47, 49, 52, 53, 54, 63 ],
[ 1, 2, 8, 9, 10, 13, 14, 15, 17, 19, 20, 21, 22, 24, 26, 27, 28, 32, 34, 35, 
  37, 38, 39, 41, 47, 49, 52, 55 ],
[ 1, 2, 8, 9, 10, 12, 14, 17, 19, 20, 21, 22, 24, 25, 27, 31, 33, 34, 36, 37, 
  39, 41, 46, 51, 54, 55, 56, 62 ],
[ 1, 2, 8, 9, 10, 12, 14, 17, 18, 20, 21, 22, 24, 25, 27, 31, 33, 35, 36, 37, 
  40, 41, 46, 51, 53, 55, 56, 62 ],
[ 1, 2, 8, 9, 10, 12, 14, 16, 17, 20, 21, 22, 24, 25, 27, 31, 33, 34, 36, 38, 
  39, 40, 46, 51, 54, 55, 57, 62 ],
[ 1, 2, 8, 9, 10, 12, 14, 15, 17, 19, 20, 21, 22, 24, 25, 27, 31, 33, 37, 38, 
  39, 41, 46, 51, 53, 54, 62, 63 ],
[ 1, 2, 8, 9, 10, 12, 13, 14, 17, 18, 20, 21, 22, 24, 25, 27, 31, 34, 36, 37, 
  40, 41, 46, 51, 54, 56, 62, 63 ],
[ 1, 2, 8, 9, 10, 11, 14, 17, 19, 20, 21, 22, 24, 26, 27, 30, 33, 34, 36, 37, 
  39, 41, 47, 51, 54, 55, 56, 62 ],
[ 1, 2, 8, 9, 10, 11, 14, 17, 18, 20, 21, 22, 24, 26, 27, 30, 33, 35, 36, 37, 
  40, 41, 47, 51, 53, 55, 56, 62 ],
[ 1, 2, 8, 9, 10, 11, 14, 16, 17, 18, 20, 21, 22, 24, 26, 27, 30, 33, 36, 38, 
  40, 41, 47, 51, 53, 54, 62, 63 ],
[ 1, 2, 8, 9, 10, 11, 14, 15, 17, 19, 20, 21, 22, 24, 26, 27, 30, 33, 37, 38, 
  39, 41, 47, 51, 53, 54, 62, 63 ],
[ 1, 2, 8, 9, 10, 11, 13, 14, 17, 19, 20, 21, 22, 24, 26, 27, 30, 35, 36, 37, 
  39, 41, 47, 51, 53, 56, 62, 63 ],
[ 1, 2, 5, 7, 10, 13, 14, 17, 19, 21, 24, 25, 27, 28, 29, 32, 33, 34, 36, 37, 
  39, 41, 47, 48, 52, 53, 56, 62 ],
[ 1, 2, 5, 7, 10, 13, 14, 17, 19, 21, 24, 25, 26, 27, 28, 32, 33, 34, 36, 37, 
  39, 41, 50, 51, 52, 53, 56, 61 ],
[ 1, 2, 5, 7, 10, 13, 14, 16, 17, 21, 24, 25, 27, 28, 29, 32, 33, 34, 36, 38, 
  39, 40, 47, 48, 52, 53, 57, 62 ],
[ 1, 2, 5, 7, 10, 13, 14, 16, 17, 21, 24, 25, 26, 27, 28, 32, 33, 34, 36, 38, 
  39, 40, 50, 51, 52, 53, 57, 61 ],
[ 1, 2, 5, 7, 10, 13, 14, 16, 17, 18, 21, 24, 27, 28, 29, 32, 33, 34, 36, 38, 
  40, 41, 46, 47, 52, 53, 61, 62 ],
[ 1, 2, 5, 7, 10, 13, 14, 16, 17, 18, 21, 24, 25, 26, 27, 32, 33, 34, 36, 38, 
  40, 41, 49, 50, 52, 53, 61, 62 ],
[ 1, 2, 5, 7, 8, 10, 14, 17, 19, 21, 24, 25, 27, 28, 29, 32, 33, 34, 36, 37, 
  39, 41, 46, 52, 54, 55, 56, 62 ],
[ 1, 2, 5, 7, 8, 10, 14, 17, 18, 21, 24, 25, 27, 29, 32, 33, 34, 35, 36, 37, 
  40, 41, 46, 49, 51, 52, 56, 63 ],
[ 1, 2, 5, 7, 8, 10, 14, 17, 18, 21, 24, 25, 27, 28, 29, 32, 33, 35, 36, 37, 
  40, 41, 46, 52, 53, 55, 56, 62 ],
[ 1, 2, 5, 7, 8, 10, 14, 17, 18, 19, 21, 24, 25, 27, 29, 32, 33, 34, 36, 37, 
  46, 49, 51, 52, 54, 55, 56, 57 ],
[ 1, 2, 5, 7, 8, 10, 14, 16, 17, 21, 24, 25, 27, 28, 29, 32, 33, 34, 36, 38, 
  39, 40, 46, 52, 54, 55, 57, 62 ],
[ 1, 2, 5, 7, 8, 10, 14, 15, 17, 21, 24, 25, 27, 29, 32, 33, 34, 35, 37, 38, 
  39, 40, 46, 49, 51, 52, 57, 63 ],
[ 1, 2, 5, 7, 8, 10, 14, 15, 17, 21, 24, 25, 27, 28, 29, 32, 33, 35, 37, 38, 
  39, 40, 46, 52, 53, 55, 57, 62 ],
[ 1, 2, 5, 7, 8, 10, 14, 15, 17, 18, 19, 21, 24, 25, 27, 29, 32, 33, 37, 38, 
  46, 49, 51, 52, 53, 54, 57, 63 ],
[ 1, 2, 5, 6, 10, 12, 13, 14, 17, 19, 20, 24, 25, 26, 27, 28, 31, 33, 36, 37, 
  39, 41, 50, 51, 55, 56, 61, 63 ],
[ 1, 2, 5, 6, 10, 12, 13, 14, 17, 18, 19, 20, 24, 26, 27, 28, 31, 33, 36, 37, 
  46, 48, 50, 51, 55, 56, 57, 63 ],
[ 1, 2, 5, 6, 10, 12, 13, 14, 16, 17, 20, 24, 25, 26, 27, 28, 31, 33, 36, 38, 
  39, 40, 50, 51, 55, 57, 61, 63 ],
[ 1, 2, 5, 6, 10, 12, 13, 14, 16, 17, 18, 19, 20, 24, 27, 28, 31, 33, 36, 38, 
  46, 47, 50, 51, 55, 57, 61, 63 ],
[ 1, 2, 5, 6, 10, 12, 13, 14, 15, 16, 17, 19, 20, 24, 27, 28, 31, 33, 39, 41, 
  46, 47, 50, 51, 55, 56, 61, 63 ],
[ 1, 2, 5, 6, 10, 12, 13, 14, 15, 16, 17, 19, 20, 24, 25, 27, 31, 33, 39, 41, 
  47, 48, 49, 50, 55, 56, 62, 63 ],
[ 1, 2, 5, 6, 9, 10, 12, 14, 16, 17, 20, 24, 25, 26, 27, 31, 33, 34, 36, 38, 
  39, 40, 51, 54, 55, 57, 61, 62 ],
[ 1, 2, 5, 6, 9, 10, 12, 14, 15, 17, 20, 24, 25, 26, 27, 31, 33, 35, 37, 38, 
  39, 40, 51, 53, 55, 57, 61, 62 ],
[ 1, 2, 5, 6, 9, 10, 12, 14, 15, 17, 19, 20, 24, 25, 26, 27, 31, 33, 37, 38, 
  39, 41, 51, 53, 54, 61, 62, 63 ],
[ 1, 2, 3, 5, 10, 13, 14, 16, 17, 18, 20, 21, 22, 24, 27, 30, 32, 37, 40, 41, 
  42, 44, 45, 46, 49, 55, 59, 64 ],
[ 1, 2, 3, 5, 10, 12, 13, 14, 15, 17, 19, 20, 21, 22, 24, 27, 31, 36, 39, 41, 
  42, 43, 44, 55, 59, 60, 61, 62 ],
[ 1, 2, 3, 5, 7, 10, 14, 15, 17, 19, 21, 24, 27, 28, 29, 32, 33, 34, 36, 39, 
  41, 46, 47, 52, 54, 55, 61, 62 ],
[ 1, 2, 3, 5, 7, 10, 14, 15, 17, 18, 21, 24, 27, 28, 29, 32, 33, 35, 36, 40, 
  41, 46, 47, 52, 53, 55, 61, 62 ],
[ 1, 2, 3, 5, 7, 10, 14, 15, 17, 18, 21, 24, 25, 26, 27, 32, 33, 35, 36, 40, 
  41, 49, 50, 52, 53, 55, 61, 62 ],
[ 1, 2, 3, 5, 7, 10, 11, 14, 17, 18, 21, 24, 27, 30, 31, 33, 34, 35, 38, 40, 
  41, 45, 46, 49, 52, 56, 60, 63 ],
[ 1, 2, 3, 5, 7, 10, 11, 14, 17, 18, 21, 24, 26, 27, 30, 33, 34, 35, 38, 40, 
  41, 46, 48, 49, 50, 56, 62, 63 ],
[ 1, 2, 3, 5, 6, 10, 12, 14, 17, 19, 20, 24, 27, 30, 31, 33, 34, 35, 38, 39, 
  41, 44, 47, 50, 52, 56, 60, 63 ],
[ 1, 2, 3, 5, 6, 10, 12, 14, 17, 19, 20, 24, 27, 28, 31, 33, 34, 35, 38, 39, 
  41, 46, 47, 50, 51, 56, 61, 63 ],
[ 1, 2, 3, 5, 6, 10, 12, 14, 16, 17, 18, 19, 20, 21, 23, 26, 27, 30, 36, 42, 
  43, 48, 50, 53, 57, 60, 63, 64 ],
[ 1, 2, 3, 5, 6, 10, 11, 14, 16, 17, 18, 19, 20, 21, 23, 27, 31, 34, 36, 42, 
  43, 47, 50, 55, 57, 60, 61, 64 ],
[ 1, 2, 3, 5, 6, 9, 10, 14, 17, 20, 21, 22, 23, 24, 27, 31, 36, 37, 39, 40, 
  41, 45, 48, 52, 53, 55, 60, 64 ],
[ 1, 2, 3, 5, 6, 9, 10, 14, 17, 18, 20, 21, 22, 23, 24, 27, 31, 34, 36, 37, 
  40, 45, 48, 52, 57, 60, 63, 64 ],
[ 1, 2, 3, 5, 6, 9, 10, 14, 15, 16, 17, 19, 20, 21, 22, 24, 27, 31, 39, 43, 
  48, 52, 53, 55, 57, 59, 60, 64 ],
[ 1, 2, 3, 4, 5, 10, 12, 14, 17, 20, 21, 24, 25, 31, 32, 33, 34, 35, 36, 40, 
  43, 49, 51, 52, 55, 56, 57, 60 ],
[ 1, 2, 3, 4, 5, 10, 12, 14, 17, 19, 20, 21, 24, 25, 28, 31, 32, 33, 36, 41, 
  43, 52, 53, 54, 55, 56, 60, 62 ],
[ 1, 2, 3, 4, 5, 10, 12, 14, 17, 18, 20, 22, 24, 27, 28, 31, 33, 35, 36, 38, 
  46, 47, 50, 51, 55, 57, 61, 63 ],
[ 1, 2, 3, 4, 5, 10, 12, 14, 17, 18, 20, 22, 24, 25, 27, 31, 33, 35, 36, 38, 
  47, 48, 49, 50, 55, 57, 62, 63 ],
[ 1, 2, 3, 4, 5, 7, 10, 14, 16, 17, 19, 20, 23, 24, 27, 30, 31, 32, 34, 36, 
  39, 52, 54, 55, 60, 61, 62, 63 ],
[ 1, 2, 3, 4, 5, 7, 10, 14, 16, 17, 18, 20, 23, 24, 27, 30, 31, 32, 35, 36, 
  40, 52, 53, 55, 60, 61, 62, 63 ],
[ 1, 2, 3, 4, 5, 7, 10, 14, 15, 17, 18, 20, 23, 24, 27, 30, 31, 32, 34, 37, 
  40, 52, 54, 55, 60, 61, 62, 63 ],
[ 1, 2, 3, 4, 5, 7, 10, 12, 14, 15, 17, 20, 24, 26, 28, 29, 30, 33, 40, 41, 
  48, 49, 53, 54, 56, 61, 62, 63 ],
[ 1, 2, 3, 4, 5, 7, 10, 12, 14, 15, 17, 19, 20, 24, 26, 28, 30, 33, 48, 49, 
  50, 51, 53, 54, 56, 57, 61, 63 ],
[ 1, 2, 3, 4, 5, 6, 10, 14, 17, 20, 21, 23, 24, 27, 31, 32, 35, 36, 38, 39, 
  41, 42, 47, 50, 55, 58, 60, 64 ],
[ 1, 2, 3, 4, 5, 6, 10, 14, 15, 17, 18, 20, 21, 23, 24, 27, 31, 32, 35, 42, 
  47, 50, 55, 56, 57, 58, 60, 64 ],
[ 1, 2, 3, 4, 5, 6, 10, 12, 14, 17, 20, 21, 24, 31, 35, 36, 38, 39, 41, 42, 
  43, 44, 49, 50, 55, 59, 60, 61 ]
];

