## Group: [64, 250]
## Difference Sets: 41
## Time:  0:03:40.213

return [
[ 1, 5, 6, 7, 8, 10, 14, 16, 18, 20, 21, 24, 27, 28, 30, 31, 33, 34, 35, 36, 
  38, 39, 45, 50, 51, 52, 59, 63 ],
[ 1, 5, 6, 7, 8, 10, 14, 16, 18, 20, 21, 24, 27, 28, 30, 31, 32, 33, 34, 35, 
  36, 39, 45, 50, 55, 56, 59, 62 ],
[ 1, 5, 6, 7, 8, 10, 14, 15, 16, 18, 20, 21, 24, 27, 28, 30, 31, 32, 33, 35, 
  38, 39, 45, 50, 53, 59, 62, 63 ],
[ 1, 5, 6, 7, 8, 10, 13, 14, 18, 20, 21, 24, 27, 30, 31, 32, 34, 35, 36, 37, 
  38, 39, 45, 49, 50, 51, 59, 63 ],
[ 1, 5, 6, 7, 8, 10, 13, 14, 16, 18, 20, 21, 24, 27, 28, 30, 31, 36, 38, 39, 
  45, 50, 51, 52, 53, 54, 55, 59 ],
[ 1, 4, 5, 6, 8, 10, 14, 16, 17, 20, 24, 26, 27, 28, 30, 31, 33, 34, 35, 36, 
  38, 41, 47, 50, 51, 52, 57, 63 ],
[ 1, 4, 5, 6, 8, 10, 14, 16, 17, 20, 24, 26, 27, 28, 30, 31, 32, 33, 34, 35, 
  36, 41, 47, 50, 55, 56, 57, 62 ],
[ 1, 4, 5, 6, 8, 10, 13, 14, 16, 17, 20, 24, 26, 27, 28, 30, 31, 36, 38, 41, 
  47, 50, 51, 52, 53, 54, 55, 57 ],
[ 1, 2, 8, 10, 11, 12, 14, 17, 19, 20, 21, 22, 23, 24, 30, 31, 33, 34, 36, 
  37, 39, 41, 43, 51, 54, 55, 56, 62 ],
[ 1, 2, 8, 10, 11, 12, 14, 16, 17, 19, 20, 21, 23, 24, 30, 31, 33, 34, 35, 
  36, 39, 42, 43, 51, 55, 56, 57, 62 ],
[ 1, 2, 8, 10, 11, 12, 13, 14, 17, 19, 20, 21, 23, 24, 30, 31, 35, 36, 37, 
  38, 39, 42, 43, 51, 53, 55, 57, 62 ],
[ 1, 2, 8, 10, 11, 12, 13, 14, 17, 19, 20, 21, 22, 23, 24, 30, 31, 35, 36, 
  37, 39, 41, 43, 51, 53, 56, 62, 63 ],
[ 1, 2, 8, 9, 10, 11, 14, 17, 18, 19, 20, 21, 24, 26, 27, 30, 33, 36, 37, 38, 
  41, 42, 47, 51, 53, 54, 55, 62 ],
[ 1, 2, 8, 9, 10, 11, 14, 16, 17, 18, 19, 20, 21, 24, 26, 27, 30, 33, 35, 36, 
  41, 42, 47, 51, 53, 56, 62, 63 ],
[ 1, 2, 7, 8, 10, 11, 12, 14, 16, 17, 20, 23, 24, 30, 31, 33, 34, 35, 36, 38, 
  39, 40, 42, 43, 51, 57, 62, 63 ],
[ 1, 2, 7, 8, 10, 11, 12, 13, 14, 16, 17, 20, 23, 24, 30, 31, 36, 38, 39, 40, 
  42, 43, 51, 53, 54, 55, 57, 62 ],
[ 1, 2, 7, 8, 9, 10, 11, 14, 16, 17, 20, 24, 26, 27, 30, 33, 34, 35, 36, 38, 
  39, 40, 42, 47, 51, 57, 62, 63 ],
[ 1, 2, 5, 7, 9, 10, 11, 14, 20, 21, 22, 23, 24, 27, 30, 33, 34, 36, 37, 38, 
  39, 41, 45, 47, 51, 54, 62, 63 ],
[ 1, 2, 5, 7, 9, 10, 11, 14, 18, 20, 21, 24, 26, 27, 30, 33, 34, 36, 37, 38, 
  41, 42, 43, 45, 51, 54, 62, 63 ],
[ 1, 2, 5, 7, 9, 10, 11, 14, 18, 20, 21, 23, 24, 26, 27, 30, 33, 36, 37, 38, 
  41, 42, 51, 53, 54, 55, 59, 62 ],
[ 1, 2, 5, 7, 9, 10, 11, 14, 18, 20, 21, 22, 23, 24, 27, 30, 33, 36, 37, 38, 
  45, 47, 51, 53, 54, 55, 57, 62 ],
[ 1, 2, 5, 7, 9, 10, 11, 14, 16, 20, 21, 23, 24, 27, 30, 33, 34, 35, 36, 38, 
  39, 42, 45, 47, 51, 57, 62, 63 ],
[ 1, 2, 5, 7, 9, 10, 11, 14, 16, 17, 21, 24, 25, 27, 30, 33, 34, 35, 36, 38, 
  39, 40, 47, 48, 51, 57, 62, 63 ],
[ 1, 2, 5, 7, 9, 10, 11, 14, 16, 17, 20, 21, 24, 27, 30, 33, 34, 35, 36, 38, 
  40, 42, 44, 47, 51, 60, 62, 63 ],
[ 1, 2, 5, 7, 9, 10, 11, 14, 16, 17, 18, 21, 24, 27, 30, 33, 34, 35, 36, 38, 
  40, 41, 46, 47, 51, 61, 62, 63 ],
[ 1, 2, 5, 7, 8, 9, 10, 14, 20, 21, 22, 24, 27, 28, 30, 32, 33, 34, 36, 37, 
  39, 41, 45, 54, 55, 56, 59, 62 ],
[ 1, 2, 5, 7, 8, 9, 10, 14, 18, 20, 21, 22, 24, 27, 30, 32, 33, 34, 36, 37, 
  45, 49, 51, 54, 55, 56, 57, 59 ],
[ 1, 2, 5, 7, 8, 9, 10, 14, 18, 20, 21, 22, 24, 27, 28, 30, 33, 36, 37, 38, 
  45, 51, 52, 53, 54, 55, 57, 59 ],
[ 1, 2, 5, 7, 8, 9, 10, 14, 16, 18, 20, 21, 22, 24, 27, 28, 30, 33, 35, 36, 
  45, 51, 52, 53, 56, 57, 59, 63 ],
[ 1, 2, 5, 6, 7, 9, 10, 14, 20, 21, 23, 24, 27, 30, 32, 33, 34, 36, 37, 38, 
  41, 45, 47, 49, 51, 54, 57, 63 ],
[ 1, 2, 5, 6, 7, 9, 10, 14, 16, 20, 21, 24, 27, 28, 30, 32, 33, 34, 35, 36, 
  41, 43, 47, 55, 56, 57, 59, 62 ],
[ 1, 2, 4, 5, 10, 12, 14, 15, 17, 20, 22, 23, 24, 28, 30, 31, 32, 33, 36, 37, 
  39, 41, 45, 47, 54, 55, 62, 63 ],
[ 1, 2, 4, 5, 10, 12, 14, 15, 17, 18, 20, 22, 24, 26, 28, 30, 31, 33, 36, 37, 
  43, 45, 51, 52, 54, 55, 57, 63 ],
[ 1, 2, 4, 5, 10, 12, 14, 15, 16, 17, 18, 20, 22, 24, 28, 30, 31, 33, 35, 36, 
  43, 47, 51, 52, 55, 57, 59, 63 ],
[ 1, 2, 4, 5, 10, 11, 12, 14, 17, 20, 22, 23, 24, 30, 31, 33, 34, 36, 37, 38, 
  39, 41, 45, 47, 51, 54, 62, 63 ],
[ 1, 2, 4, 5, 10, 11, 12, 14, 17, 20, 22, 23, 24, 26, 30, 31, 33, 34, 36, 37, 
  39, 41, 51, 54, 55, 56, 59, 62 ],
[ 1, 2, 4, 5, 8, 10, 14, 17, 18, 20, 22, 24, 26, 29, 30, 32, 33, 34, 36, 37, 
  47, 49, 50, 51, 54, 55, 56, 57 ],
[ 1, 2, 4, 5, 6, 10, 12, 14, 16, 17, 20, 24, 27, 30, 31, 33, 34, 35, 36, 38, 
  41, 44, 47, 50, 52, 57, 60, 63 ],
[ 1, 2, 4, 5, 6, 10, 12, 14, 16, 17, 20, 24, 27, 28, 31, 33, 34, 35, 36, 38, 
  41, 46, 47, 50, 51, 57, 61, 63 ],
[ 1, 2, 4, 5, 6, 10, 12, 14, 16, 17, 20, 24, 25, 27, 31, 33, 34, 35, 36, 38, 
  41, 47, 48, 49, 50, 57, 62, 63 ],
[ 1, 2, 4, 5, 6, 10, 12, 14, 15, 16, 17, 20, 24, 27, 30, 31, 33, 35, 41, 44, 
  47, 50, 52, 53, 55, 56, 57, 60 ]
];

