## Group: [64, 22]
## Difference Sets: 600
## Time:  0:08:37.664

return [
[ 1, 7, 8, 12, 14, 15, 17, 18, 19, 20, 22, 27, 28, 29, 32, 34, 36, 38, 41, 
  44, 47, 49, 50, 53, 54, 55, 62, 64 ],
[ 1, 7, 8, 12, 14, 15, 17, 18, 19, 20, 22, 27, 28, 29, 32, 33, 34, 38, 41, 
  44, 47, 49, 50, 53, 55, 56, 62, 64 ],
[ 1, 7, 8, 12, 13, 14, 17, 18, 19, 20, 22, 28, 29, 30, 32, 34, 35, 36, 41, 
  44, 47, 49, 52, 53, 54, 55, 62, 64 ],
[ 1, 7, 8, 12, 13, 14, 17, 18, 19, 20, 22, 28, 29, 30, 32, 33, 34, 35, 41, 
  44, 47, 49, 52, 53, 55, 56, 62, 64 ],
[ 1, 7, 8, 11, 13, 14, 18, 19, 22, 27, 28, 30, 31, 32, 34, 35, 36, 40, 41, 
  42, 44, 47, 49, 51, 53, 54, 55, 64 ],
[ 1, 7, 8, 11, 13, 14, 18, 19, 22, 27, 28, 30, 31, 32, 33, 34, 35, 40, 41, 
  42, 44, 47, 49, 51, 53, 55, 56, 64 ],
[ 1, 7, 8, 9, 14, 15, 18, 19, 22, 27, 28, 29, 30, 31, 34, 36, 38, 40, 41, 42, 
  44, 47, 49, 51, 53, 54, 55, 64 ],
[ 1, 7, 8, 9, 14, 15, 18, 19, 22, 27, 28, 29, 30, 31, 33, 34, 38, 40, 41, 42, 
  44, 47, 49, 51, 53, 55, 56, 64 ],
[ 1, 6, 8, 12, 15, 17, 18, 19, 21, 26, 28, 29, 31, 32, 33, 34, 38, 42, 44, 
  49, 50, 52, 53, 54, 55, 57, 60, 63 ],
[ 1, 6, 8, 12, 14, 15, 17, 18, 19, 21, 26, 28, 29, 31, 32, 34, 36, 37, 38, 
  42, 44, 49, 50, 52, 55, 56, 57, 60 ],
[ 1, 6, 8, 12, 13, 17, 18, 19, 21, 26, 28, 29, 31, 32, 34, 35, 36, 42, 44, 
  49, 50, 52, 53, 55, 56, 57, 60, 63 ],
[ 1, 6, 8, 12, 13, 14, 17, 18, 19, 21, 26, 28, 29, 31, 32, 33, 34, 35, 37, 
  42, 44, 49, 50, 52, 54, 55, 57, 60 ],
[ 1, 6, 8, 11, 16, 17, 18, 19, 21, 26, 27, 28, 32, 34, 35, 37, 38, 42, 44, 
  49, 50, 51, 53, 54, 56, 57, 60, 62 ],
[ 1, 6, 8, 11, 14, 16, 17, 18, 19, 21, 26, 27, 28, 32, 33, 34, 35, 36, 38, 
  42, 44, 49, 50, 51, 57, 60, 62, 63 ],
[ 1, 6, 8, 11, 13, 15, 16, 17, 18, 19, 21, 26, 27, 28, 32, 33, 34, 36, 37, 
  42, 44, 49, 50, 51, 53, 57, 60, 62 ],
[ 1, 6, 8, 11, 13, 14, 15, 16, 17, 18, 19, 21, 26, 27, 28, 32, 34, 42, 44, 
  49, 50, 51, 54, 56, 57, 60, 62, 63 ],
[ 1, 6, 8, 9, 16, 17, 18, 19, 21, 26, 28, 29, 30, 34, 35, 37, 38, 42, 44, 49, 
  51, 52, 53, 54, 56, 57, 60, 62 ],
[ 1, 6, 8, 9, 13, 15, 16, 17, 18, 19, 21, 26, 28, 29, 30, 33, 34, 36, 37, 42, 
  44, 49, 51, 52, 53, 57, 60, 62 ],
[ 1, 6, 8, 9, 11, 12, 15, 17, 18, 19, 21, 26, 27, 28, 30, 31, 33, 34, 38, 42, 
  44, 49, 53, 54, 55, 57, 60, 63 ],
[ 1, 6, 8, 9, 11, 12, 14, 15, 17, 18, 19, 21, 26, 27, 28, 30, 31, 34, 36, 37, 
  38, 42, 44, 49, 55, 56, 57, 60 ],
[ 1, 6, 8, 9, 11, 12, 13, 17, 18, 19, 21, 26, 27, 28, 30, 31, 34, 35, 36, 42, 
  44, 49, 53, 55, 56, 57, 60, 63 ],
[ 1, 6, 8, 9, 11, 12, 13, 14, 17, 18, 19, 21, 26, 27, 28, 30, 31, 33, 34, 35, 
  37, 42, 44, 49, 54, 55, 57, 60 ],
[ 1, 6, 7, 8, 14, 16, 17, 18, 22, 27, 28, 29, 30, 32, 34, 35, 36, 38, 40, 41, 
  44, 47, 49, 51, 53, 54, 62, 64 ],
[ 1, 6, 7, 8, 14, 16, 17, 18, 22, 27, 28, 29, 30, 32, 33, 34, 35, 38, 40, 41, 
  44, 47, 49, 51, 53, 56, 62, 64 ],
[ 1, 6, 7, 8, 13, 14, 15, 16, 17, 18, 22, 27, 28, 29, 30, 32, 34, 36, 40, 41, 
  44, 47, 49, 51, 53, 54, 62, 64 ],
[ 1, 6, 7, 8, 13, 14, 15, 16, 17, 18, 22, 27, 28, 29, 30, 32, 33, 34, 40, 41, 
  44, 47, 49, 51, 53, 56, 62, 64 ],
[ 1, 6, 7, 8, 10, 14, 16, 18, 20, 22, 27, 28, 29, 30, 31, 32, 34, 35, 36, 38, 
  41, 42, 44, 47, 51, 53, 54, 64 ],
[ 1, 6, 7, 8, 10, 14, 16, 18, 20, 22, 27, 28, 29, 30, 31, 32, 33, 34, 35, 38, 
  41, 42, 44, 47, 51, 53, 56, 64 ],
[ 1, 6, 7, 8, 10, 13, 14, 15, 16, 18, 20, 22, 27, 28, 29, 30, 31, 32, 34, 36, 
  41, 42, 44, 47, 51, 53, 54, 64 ],
[ 1, 6, 7, 8, 10, 13, 14, 15, 16, 18, 20, 22, 27, 28, 29, 30, 31, 32, 33, 34, 
  41, 42, 44, 47, 51, 53, 56, 64 ],
[ 1, 5, 8, 10, 12, 15, 17, 18, 19, 20, 22, 26, 28, 29, 30, 32, 33, 34, 38, 
  39, 44, 49, 50, 53, 54, 55, 60, 63 ],
[ 1, 5, 8, 10, 12, 15, 17, 18, 19, 20, 22, 26, 27, 28, 29, 32, 33, 34, 38, 
  39, 44, 49, 52, 53, 54, 55, 60, 63 ],
[ 1, 5, 8, 9, 10, 11, 12, 15, 17, 18, 19, 20, 22, 26, 28, 30, 33, 34, 38, 39, 
  44, 49, 50, 53, 54, 55, 60, 63 ],
[ 1, 5, 6, 8, 12, 15, 18, 19, 20, 26, 28, 29, 31, 32, 33, 34, 38, 39, 40, 44, 
  49, 50, 52, 53, 54, 55, 60, 63 ],
[ 1, 5, 6, 8, 12, 14, 15, 18, 19, 20, 26, 28, 29, 31, 32, 34, 36, 37, 38, 39, 
  40, 44, 49, 50, 52, 55, 56, 60 ],
[ 1, 5, 6, 8, 12, 13, 18, 19, 20, 26, 28, 29, 31, 32, 34, 35, 36, 39, 40, 44, 
  49, 50, 52, 53, 55, 56, 60, 63 ],
[ 1, 5, 6, 8, 12, 13, 14, 18, 19, 20, 26, 28, 29, 31, 32, 33, 34, 35, 37, 39, 
  40, 44, 49, 50, 52, 54, 55, 60 ],
[ 1, 5, 6, 8, 11, 16, 18, 19, 20, 26, 27, 28, 32, 34, 35, 37, 38, 39, 40, 44, 
  49, 50, 51, 53, 54, 56, 60, 62 ],
[ 1, 5, 6, 8, 11, 13, 15, 16, 18, 19, 20, 26, 27, 28, 32, 33, 34, 36, 37, 39, 
  40, 44, 49, 50, 51, 53, 60, 62 ],
[ 1, 5, 6, 8, 10, 12, 17, 18, 22, 26, 28, 29, 30, 32, 34, 35, 38, 39, 40, 44, 
  49, 50, 53, 54, 55, 56, 60, 63 ],
[ 1, 5, 6, 8, 10, 12, 17, 18, 22, 26, 27, 28, 29, 32, 34, 35, 38, 39, 40, 44, 
  49, 52, 53, 54, 55, 56, 60, 63 ],
[ 1, 5, 6, 8, 10, 12, 15, 16, 18, 20, 22, 26, 28, 29, 30, 32, 33, 34, 37, 38, 
  39, 42, 44, 49, 50, 53, 54, 60 ],
[ 1, 5, 6, 8, 10, 12, 15, 16, 18, 20, 22, 26, 27, 28, 29, 32, 33, 34, 37, 38, 
  39, 42, 44, 49, 52, 53, 54, 60 ],
[ 1, 5, 6, 8, 9, 11, 12, 15, 18, 19, 20, 26, 27, 28, 30, 31, 33, 34, 38, 39, 
  40, 44, 49, 53, 54, 55, 60, 63 ],
[ 1, 5, 6, 8, 9, 11, 12, 14, 15, 18, 19, 20, 26, 27, 28, 30, 31, 34, 36, 37, 
  38, 39, 40, 44, 49, 55, 56, 60 ],
[ 1, 5, 6, 8, 9, 11, 12, 13, 18, 19, 20, 26, 27, 28, 30, 31, 34, 35, 36, 39, 
  40, 44, 49, 53, 55, 56, 60, 63 ],
[ 1, 5, 6, 8, 9, 11, 12, 13, 14, 18, 19, 20, 26, 27, 28, 30, 31, 33, 34, 35, 
  37, 39, 40, 44, 49, 54, 55, 60 ],
[ 1, 5, 6, 8, 9, 10, 11, 12, 17, 18, 22, 26, 28, 30, 34, 35, 38, 39, 40, 44, 
  49, 50, 53, 54, 55, 56, 60, 63 ],
[ 1, 5, 6, 8, 9, 10, 11, 12, 15, 16, 18, 20, 22, 26, 28, 30, 33, 34, 37, 38, 
  39, 42, 44, 49, 50, 53, 54, 60 ],
[ 1, 3, 8, 11, 14, 18, 19, 20, 21, 22, 26, 27, 28, 32, 33, 34, 35, 38, 39, 
  40, 44, 49, 50, 51, 56, 60, 62, 63 ],
[ 1, 3, 8, 10, 11, 14, 18, 19, 20, 21, 22, 26, 28, 30, 31, 32, 33, 34, 35, 
  38, 39, 40, 44, 51, 52, 56, 60, 63 ],
[ 1, 3, 7, 12, 15, 18, 20, 23, 28, 29, 31, 32, 33, 34, 35, 37, 39, 41, 42, 
  44, 45, 49, 50, 52, 56, 57, 60, 63 ],
[ 1, 3, 7, 12, 15, 17, 18, 25, 28, 29, 31, 32, 33, 34, 35, 37, 39, 40, 41, 
  44, 48, 49, 50, 52, 56, 57, 60, 63 ],
[ 1, 3, 7, 12, 14, 15, 18, 20, 23, 28, 29, 31, 32, 34, 35, 36, 39, 41, 42, 
  44, 45, 49, 50, 52, 53, 54, 57, 60 ],
[ 1, 3, 7, 12, 14, 15, 17, 18, 25, 28, 29, 31, 32, 34, 35, 36, 39, 40, 41, 
  44, 48, 49, 50, 52, 53, 54, 57, 60 ],
[ 1, 3, 7, 12, 13, 18, 20, 23, 28, 29, 31, 32, 34, 36, 37, 38, 39, 41, 42, 
  44, 45, 49, 50, 52, 54, 57, 60, 63 ],
[ 1, 3, 7, 12, 13, 17, 18, 25, 28, 29, 31, 32, 34, 36, 37, 38, 39, 40, 41, 
  44, 48, 49, 50, 52, 54, 57, 60, 63 ],
[ 1, 3, 7, 12, 13, 14, 18, 20, 23, 28, 29, 31, 32, 33, 34, 38, 39, 41, 42, 
  44, 45, 49, 50, 52, 53, 56, 57, 60 ],
[ 1, 3, 7, 12, 13, 14, 17, 18, 25, 28, 29, 31, 32, 33, 34, 38, 39, 40, 41, 
  44, 48, 49, 50, 52, 53, 56, 57, 60 ],
[ 1, 3, 7, 10, 12, 15, 18, 20, 23, 27, 28, 29, 30, 32, 33, 34, 35, 37, 39, 
  41, 42, 44, 45, 56, 57, 60, 62, 63 ],
[ 1, 3, 7, 10, 12, 15, 17, 18, 25, 27, 28, 29, 30, 32, 33, 34, 35, 37, 39, 
  40, 41, 44, 48, 56, 57, 60, 62, 63 ],
[ 1, 3, 7, 10, 12, 14, 18, 20, 23, 28, 29, 30, 32, 34, 35, 38, 39, 41, 42, 
  44, 45, 49, 50, 53, 54, 56, 57, 60 ],
[ 1, 3, 7, 10, 12, 14, 17, 18, 25, 28, 29, 30, 32, 34, 35, 38, 39, 40, 41, 
  44, 48, 49, 50, 53, 54, 56, 57, 60 ],
[ 1, 3, 7, 10, 12, 14, 15, 18, 20, 23, 27, 28, 29, 30, 32, 34, 35, 36, 39, 
  41, 42, 44, 45, 53, 54, 57, 60, 62 ],
[ 1, 3, 7, 10, 12, 14, 15, 17, 18, 25, 27, 28, 29, 30, 32, 34, 35, 36, 39, 
  40, 41, 44, 48, 53, 54, 57, 60, 62 ],
[ 1, 3, 7, 10, 12, 13, 18, 20, 23, 27, 28, 29, 30, 32, 34, 36, 37, 38, 39, 
  41, 42, 44, 45, 54, 57, 60, 62, 63 ],
[ 1, 3, 7, 10, 12, 13, 17, 18, 25, 27, 28, 29, 30, 32, 34, 36, 37, 38, 39, 
  40, 41, 44, 48, 54, 57, 60, 62, 63 ],
[ 1, 3, 7, 10, 12, 13, 14, 18, 20, 23, 27, 28, 29, 30, 32, 33, 34, 38, 39, 
  41, 42, 44, 45, 53, 56, 57, 60, 62 ],
[ 1, 3, 7, 10, 12, 13, 14, 17, 18, 25, 27, 28, 29, 30, 32, 33, 34, 38, 39, 
  40, 41, 44, 48, 53, 56, 57, 60, 62 ],
[ 1, 3, 7, 10, 12, 13, 14, 15, 17, 18, 25, 28, 29, 30, 32, 33, 34, 36, 39, 
  40, 41, 44, 48, 49, 50, 53, 57, 60 ],
[ 1, 3, 7, 10, 11, 14, 17, 18, 26, 28, 30, 32, 33, 34, 35, 36, 38, 39, 40, 
  41, 44, 45, 48, 49, 50, 51, 53, 57 ],
[ 1, 3, 7, 10, 11, 14, 17, 18, 23, 25, 26, 28, 30, 32, 33, 34, 35, 36, 38, 
  39, 40, 41, 44, 49, 50, 51, 53, 57 ],
[ 1, 3, 7, 9, 10, 14, 18, 20, 26, 28, 29, 30, 33, 34, 35, 36, 38, 39, 41, 42, 
  44, 45, 48, 49, 50, 51, 53, 57 ],
[ 1, 3, 7, 9, 10, 14, 18, 20, 23, 25, 26, 28, 29, 30, 33, 34, 35, 36, 38, 39, 
  41, 42, 44, 49, 50, 51, 53, 57 ],
[ 1, 3, 7, 9, 10, 11, 12, 14, 18, 20, 23, 28, 30, 34, 35, 38, 39, 41, 42, 44, 
  45, 49, 50, 53, 54, 56, 57, 60 ],
[ 1, 3, 7, 9, 10, 11, 12, 14, 17, 18, 25, 28, 30, 34, 35, 38, 39, 40, 41, 44, 
  48, 49, 50, 53, 54, 56, 57, 60 ],
[ 1, 3, 7, 9, 10, 11, 12, 13, 14, 15, 18, 20, 23, 28, 30, 33, 34, 36, 39, 41, 
  42, 44, 45, 49, 50, 53, 57, 60 ],
[ 1, 3, 7, 9, 10, 11, 12, 13, 14, 15, 17, 18, 25, 28, 30, 33, 34, 36, 39, 40, 
  41, 44, 48, 49, 50, 53, 57, 60 ],
[ 1, 3, 7, 8, 15, 18, 21, 25, 27, 28, 29, 30, 32, 33, 34, 37, 38, 39, 40, 41, 
  42, 44, 45, 49, 51, 54, 62, 63 ],
[ 1, 3, 7, 8, 15, 17, 18, 20, 21, 25, 27, 28, 29, 30, 32, 33, 34, 37, 38, 39, 
  41, 44, 45, 49, 51, 54, 62, 63 ],
[ 1, 3, 7, 8, 12, 15, 17, 18, 19, 20, 22, 24, 28, 29, 30, 32, 33, 34, 35, 41, 
  44, 49, 52, 53, 54, 58, 62, 63 ],
[ 1, 3, 7, 8, 12, 15, 17, 18, 19, 20, 22, 24, 27, 28, 29, 32, 34, 35, 36, 41, 
  44, 49, 50, 53, 56, 58, 62, 63 ],
[ 1, 3, 7, 8, 12, 13, 17, 18, 19, 20, 22, 24, 28, 29, 30, 32, 33, 34, 38, 41, 
  44, 49, 52, 53, 54, 58, 62, 63 ],
[ 1, 3, 7, 8, 12, 13, 17, 18, 19, 20, 22, 24, 27, 28, 29, 32, 34, 36, 38, 41, 
  44, 49, 50, 53, 56, 58, 62, 63 ],
[ 1, 3, 7, 8, 11, 17, 18, 25, 28, 31, 32, 33, 34, 35, 36, 37, 38, 39, 40, 41, 
  44, 45, 49, 50, 51, 52, 57, 63 ],
[ 1, 3, 7, 8, 11, 17, 18, 25, 27, 28, 30, 31, 32, 33, 34, 35, 36, 37, 38, 39, 
  40, 41, 44, 45, 49, 51, 57, 63 ],
[ 1, 3, 7, 8, 11, 15, 18, 19, 22, 24, 27, 28, 30, 31, 32, 33, 34, 35, 40, 41, 
  42, 44, 49, 51, 53, 54, 58, 63 ],
[ 1, 3, 7, 8, 11, 13, 18, 19, 22, 24, 27, 28, 30, 31, 32, 33, 34, 38, 40, 41, 
  42, 44, 49, 51, 53, 54, 58, 63 ],
[ 1, 3, 7, 8, 10, 15, 18, 21, 25, 27, 28, 29, 30, 31, 32, 34, 36, 37, 38, 39, 
  40, 41, 42, 44, 45, 51, 56, 63 ],
[ 1, 3, 7, 8, 10, 15, 17, 18, 20, 21, 25, 27, 28, 29, 30, 31, 32, 34, 36, 37, 
  38, 39, 41, 44, 45, 51, 56, 63 ],
[ 1, 3, 7, 8, 10, 11, 12, 15, 18, 21, 25, 28, 30, 32, 33, 34, 37, 38, 39, 40, 
  41, 42, 44, 45, 52, 54, 62, 63 ],
[ 1, 3, 7, 8, 10, 11, 12, 15, 18, 21, 25, 27, 28, 32, 34, 36, 37, 38, 39, 40, 
  41, 42, 44, 45, 50, 56, 62, 63 ],
[ 1, 3, 7, 8, 10, 11, 12, 15, 17, 18, 20, 21, 25, 28, 30, 32, 33, 34, 37, 38, 
  39, 41, 44, 45, 52, 54, 62, 63 ],
[ 1, 3, 7, 8, 10, 11, 12, 15, 17, 18, 20, 21, 25, 27, 28, 32, 34, 36, 37, 38, 
  39, 41, 44, 45, 50, 56, 62, 63 ],
[ 1, 3, 7, 8, 9, 18, 20, 25, 28, 29, 31, 33, 34, 35, 36, 37, 38, 39, 41, 42, 
  44, 45, 49, 50, 51, 52, 57, 63 ],
[ 1, 3, 7, 8, 9, 18, 20, 25, 27, 28, 29, 30, 31, 33, 34, 35, 36, 37, 38, 39, 
  41, 42, 44, 45, 49, 51, 57, 63 ],
[ 1, 3, 7, 8, 9, 15, 18, 19, 22, 24, 27, 28, 29, 30, 31, 34, 35, 36, 40, 41, 
  42, 44, 49, 51, 53, 56, 58, 63 ],
[ 1, 3, 7, 8, 9, 13, 18, 19, 22, 24, 27, 28, 29, 30, 31, 34, 36, 38, 40, 41, 
  42, 44, 49, 51, 53, 56, 58, 63 ],
[ 1, 3, 6, 8, 12, 14, 15, 18, 20, 22, 26, 28, 29, 31, 32, 33, 34, 37, 38, 39, 
  40, 44, 49, 50, 52, 56, 57, 60 ],
[ 1, 3, 6, 8, 9, 11, 12, 14, 15, 18, 20, 22, 26, 27, 28, 30, 31, 33, 34, 37, 
  38, 39, 40, 44, 49, 56, 57, 60 ],
[ 1, 3, 6, 7, 14, 15, 18, 22, 26, 27, 28, 29, 31, 32, 34, 35, 36, 39, 41, 44, 
  49, 50, 51, 53, 54, 57, 59, 61 ],
[ 1, 3, 6, 7, 13, 14, 18, 22, 26, 27, 28, 29, 31, 32, 33, 34, 38, 39, 41, 44, 
  49, 50, 51, 53, 56, 57, 59, 61 ],
[ 1, 3, 6, 7, 12, 14, 15, 18, 22, 28, 29, 31, 32, 34, 35, 36, 39, 41, 43, 44, 
  49, 50, 52, 53, 54, 57, 59, 60 ],
[ 1, 3, 6, 7, 12, 14, 15, 18, 20, 22, 24, 28, 29, 31, 32, 34, 35, 36, 41, 42, 
  44, 47, 49, 50, 52, 53, 54, 60 ],
[ 1, 3, 6, 7, 12, 14, 15, 17, 18, 22, 28, 29, 31, 32, 34, 35, 36, 40, 41, 44, 
  49, 50, 52, 53, 54, 58, 60, 64 ],
[ 1, 3, 6, 7, 12, 13, 14, 18, 22, 28, 29, 31, 32, 33, 34, 38, 39, 41, 43, 44, 
  49, 50, 52, 53, 56, 57, 59, 60 ],
[ 1, 3, 6, 7, 12, 13, 14, 18, 20, 22, 24, 28, 29, 31, 32, 33, 34, 38, 41, 42, 
  44, 47, 49, 50, 52, 53, 56, 60 ],
[ 1, 3, 6, 7, 12, 13, 14, 17, 18, 22, 28, 29, 31, 32, 33, 34, 38, 40, 41, 44, 
  49, 50, 52, 53, 56, 58, 60, 64 ],
[ 1, 3, 6, 7, 10, 14, 15, 18, 22, 26, 27, 28, 29, 32, 34, 35, 36, 39, 41, 43, 
  44, 46, 50, 51, 53, 54, 57, 62 ],
[ 1, 3, 6, 7, 10, 13, 14, 18, 22, 26, 27, 28, 29, 32, 33, 34, 38, 39, 41, 43, 
  44, 46, 50, 51, 53, 56, 57, 62 ],
[ 1, 3, 6, 7, 10, 12, 14, 15, 18, 22, 27, 28, 29, 30, 32, 34, 35, 36, 39, 41, 
  43, 44, 53, 54, 57, 59, 60, 62 ],
[ 1, 3, 6, 7, 10, 12, 14, 15, 18, 20, 22, 24, 27, 28, 29, 30, 32, 34, 35, 36, 
  41, 42, 44, 47, 53, 54, 60, 62 ],
[ 1, 3, 6, 7, 10, 12, 14, 15, 17, 18, 22, 27, 28, 29, 30, 32, 34, 35, 36, 40, 
  41, 44, 53, 54, 58, 60, 62, 64 ],
[ 1, 3, 6, 7, 10, 12, 13, 14, 18, 22, 27, 28, 29, 30, 32, 33, 34, 38, 39, 41, 
  43, 44, 53, 56, 57, 59, 60, 62 ],
[ 1, 3, 6, 7, 10, 12, 13, 14, 18, 20, 22, 24, 27, 28, 29, 30, 32, 33, 34, 38, 
  41, 42, 44, 47, 53, 56, 60, 62 ],
[ 1, 3, 6, 7, 10, 12, 13, 14, 17, 18, 22, 27, 28, 29, 30, 32, 33, 34, 38, 40, 
  41, 44, 53, 56, 58, 60, 62, 64 ],
[ 1, 3, 6, 7, 9, 11, 12, 14, 15, 18, 22, 27, 28, 30, 31, 34, 35, 36, 39, 41, 
  43, 44, 49, 53, 54, 57, 59, 60 ],
[ 1, 3, 6, 7, 9, 11, 12, 14, 15, 18, 20, 22, 24, 27, 28, 30, 31, 34, 35, 36, 
  41, 42, 44, 47, 49, 53, 54, 60 ],
[ 1, 3, 6, 7, 9, 11, 12, 14, 15, 17, 18, 22, 27, 28, 30, 31, 34, 35, 36, 40, 
  41, 44, 49, 53, 54, 58, 60, 64 ],
[ 1, 3, 6, 7, 9, 11, 12, 13, 14, 18, 22, 27, 28, 30, 31, 33, 34, 38, 39, 41, 
  43, 44, 49, 53, 56, 57, 59, 60 ],
[ 1, 3, 6, 7, 9, 11, 12, 13, 14, 18, 20, 22, 24, 27, 28, 30, 31, 33, 34, 38, 
  41, 42, 44, 47, 49, 53, 56, 60 ],
[ 1, 3, 6, 7, 9, 11, 12, 13, 14, 17, 18, 22, 27, 28, 30, 31, 33, 34, 38, 40, 
  41, 44, 49, 53, 56, 58, 60, 64 ],
[ 1, 3, 6, 7, 9, 10, 11, 12, 14, 15, 18, 22, 28, 34, 35, 36, 39, 41, 43, 44, 
  50, 52, 53, 54, 57, 59, 60, 62 ],
[ 1, 3, 6, 7, 9, 10, 11, 12, 14, 15, 18, 20, 22, 24, 28, 34, 35, 36, 41, 42, 
  44, 47, 50, 52, 53, 54, 60, 62 ],
[ 1, 3, 6, 7, 9, 10, 11, 12, 14, 15, 17, 18, 22, 28, 34, 35, 36, 40, 41, 44, 
  50, 52, 53, 54, 58, 60, 62, 64 ],
[ 1, 3, 6, 7, 9, 10, 11, 12, 13, 14, 18, 22, 28, 33, 34, 38, 39, 41, 43, 44, 
  50, 52, 53, 56, 57, 59, 60, 62 ],
[ 1, 3, 6, 7, 9, 10, 11, 12, 13, 14, 18, 20, 22, 24, 28, 33, 34, 38, 41, 42, 
  44, 47, 50, 52, 53, 56, 60, 62 ],
[ 1, 3, 6, 7, 9, 10, 11, 12, 13, 14, 17, 18, 22, 28, 33, 34, 38, 40, 41, 44, 
  50, 52, 53, 56, 58, 60, 62, 64 ],
[ 1, 3, 6, 7, 8, 15, 17, 18, 22, 24, 28, 29, 32, 34, 35, 37, 40, 41, 44, 49, 
  50, 51, 52, 53, 54, 56, 58, 62 ],
[ 1, 3, 6, 7, 8, 15, 17, 18, 22, 24, 28, 29, 32, 33, 34, 35, 36, 37, 40, 41, 
  44, 49, 50, 51, 52, 53, 58, 62 ],
[ 1, 3, 6, 7, 8, 13, 17, 18, 22, 24, 28, 29, 32, 34, 37, 38, 40, 41, 44, 49, 
  50, 51, 52, 53, 54, 56, 58, 62 ],
[ 1, 3, 6, 7, 8, 13, 17, 18, 22, 24, 28, 29, 32, 33, 34, 36, 37, 38, 40, 41, 
  44, 49, 50, 51, 52, 53, 58, 62 ],
[ 1, 3, 6, 7, 8, 11, 12, 15, 18, 20, 22, 24, 27, 28, 31, 32, 34, 35, 37, 41, 
  42, 44, 49, 50, 53, 54, 56, 58 ],
[ 1, 3, 6, 7, 8, 11, 12, 15, 18, 20, 22, 24, 27, 28, 31, 32, 33, 34, 35, 36, 
  37, 41, 42, 44, 49, 50, 53, 58 ],
[ 1, 3, 6, 7, 8, 11, 12, 13, 18, 20, 22, 24, 27, 28, 31, 32, 34, 37, 38, 41, 
  42, 44, 49, 50, 53, 54, 56, 58 ],
[ 1, 3, 6, 7, 8, 11, 12, 13, 18, 20, 22, 24, 27, 28, 31, 32, 33, 34, 36, 37, 
  38, 41, 42, 44, 49, 50, 53, 58 ],
[ 1, 3, 5, 6, 8, 12, 15, 18, 20, 21, 22, 26, 28, 29, 31, 32, 33, 34, 38, 40, 
  44, 49, 50, 52, 53, 56, 60, 63 ],
[ 1, 3, 5, 6, 8, 9, 11, 12, 15, 18, 20, 21, 22, 26, 27, 28, 30, 31, 33, 34, 
  38, 40, 44, 49, 53, 56, 60, 63 ],
[ 1, 3, 5, 6, 7, 15, 18, 19, 26, 27, 28, 29, 31, 32, 34, 36, 38, 39, 41, 44, 
  49, 50, 51, 53, 54, 59, 61, 63 ],
[ 1, 3, 5, 6, 7, 14, 15, 18, 21, 22, 26, 28, 29, 30, 31, 32, 34, 35, 36, 41, 
  44, 49, 51, 52, 53, 54, 59, 61 ],
[ 1, 3, 5, 6, 7, 14, 15, 18, 19, 26, 28, 29, 30, 31, 32, 34, 36, 37, 38, 39, 
  41, 44, 49, 51, 52, 54, 59, 61 ],
[ 1, 3, 5, 6, 7, 13, 14, 18, 21, 22, 26, 28, 29, 30, 31, 32, 33, 34, 38, 41, 
  44, 49, 51, 52, 53, 56, 59, 61 ],
[ 1, 3, 5, 6, 7, 12, 15, 18, 19, 28, 29, 31, 32, 34, 36, 38, 39, 41, 43, 44, 
  49, 50, 52, 53, 54, 59, 60, 63 ],
[ 1, 3, 5, 6, 7, 12, 14, 15, 18, 21, 22, 28, 29, 31, 32, 34, 35, 36, 41, 44, 
  46, 49, 50, 52, 53, 54, 60, 61 ],
[ 1, 3, 5, 6, 7, 12, 14, 15, 18, 19, 28, 29, 31, 32, 34, 36, 37, 38, 39, 41, 
  44, 46, 49, 50, 52, 54, 60, 61 ],
[ 1, 3, 5, 6, 7, 12, 13, 14, 18, 21, 22, 28, 29, 31, 32, 33, 34, 38, 41, 44, 
  46, 49, 50, 52, 53, 56, 60, 61 ],
[ 1, 3, 5, 6, 7, 11, 12, 14, 15, 18, 21, 22, 26, 27, 28, 30, 32, 34, 35, 36, 
  41, 44, 49, 53, 54, 59, 61, 62 ],
[ 1, 3, 5, 6, 7, 11, 12, 14, 15, 18, 19, 26, 28, 32, 34, 36, 37, 38, 39, 41, 
  43, 44, 46, 49, 50, 52, 54, 62 ],
[ 1, 3, 5, 6, 7, 11, 12, 14, 15, 18, 19, 26, 27, 28, 30, 32, 34, 36, 37, 38, 
  39, 41, 44, 49, 54, 59, 61, 62 ],
[ 1, 3, 5, 6, 7, 11, 12, 13, 14, 18, 21, 22, 26, 27, 28, 30, 32, 33, 34, 38, 
  41, 44, 49, 53, 56, 59, 61, 62 ],
[ 1, 3, 5, 6, 7, 10, 15, 18, 19, 26, 27, 28, 29, 32, 34, 36, 38, 39, 41, 43, 
  44, 46, 50, 51, 53, 54, 62, 63 ],
[ 1, 3, 5, 6, 7, 10, 14, 15, 18, 19, 26, 28, 29, 30, 32, 34, 36, 37, 38, 39, 
  41, 43, 44, 46, 51, 52, 54, 62 ],
[ 1, 3, 5, 6, 7, 10, 12, 15, 18, 19, 27, 28, 29, 30, 32, 34, 36, 38, 39, 41, 
  43, 44, 53, 54, 59, 60, 62, 63 ],
[ 1, 3, 5, 6, 7, 10, 12, 14, 15, 18, 21, 22, 27, 28, 29, 30, 32, 34, 35, 36, 
  41, 44, 46, 53, 54, 60, 61, 62 ],
[ 1, 3, 5, 6, 7, 10, 12, 14, 15, 18, 19, 27, 28, 29, 30, 32, 34, 36, 37, 38, 
  39, 41, 44, 46, 54, 60, 61, 62 ],
[ 1, 3, 5, 6, 7, 10, 12, 13, 14, 18, 21, 22, 27, 28, 29, 30, 32, 33, 34, 38, 
  41, 44, 46, 53, 56, 60, 61, 62 ],
[ 1, 3, 5, 6, 7, 10, 11, 12, 15, 18, 19, 26, 28, 31, 32, 34, 36, 38, 39, 41, 
  43, 44, 46, 50, 52, 53, 54, 63 ],
[ 1, 3, 5, 6, 7, 10, 11, 12, 15, 18, 19, 26, 27, 28, 30, 31, 32, 34, 36, 38, 
  39, 41, 44, 53, 54, 59, 61, 63 ],
[ 1, 3, 5, 6, 7, 9, 11, 12, 15, 18, 19, 27, 28, 30, 31, 34, 36, 38, 39, 41, 
  43, 44, 49, 53, 54, 59, 60, 63 ],
[ 1, 3, 5, 6, 7, 9, 11, 12, 14, 15, 18, 21, 22, 27, 28, 30, 31, 34, 35, 36, 
  41, 44, 46, 49, 53, 54, 60, 61 ],
[ 1, 3, 5, 6, 7, 9, 11, 12, 14, 15, 18, 19, 27, 28, 30, 31, 34, 36, 37, 38, 
  39, 41, 44, 46, 49, 54, 60, 61 ],
[ 1, 3, 5, 6, 7, 9, 11, 12, 13, 14, 18, 21, 22, 27, 28, 30, 31, 33, 34, 38, 
  41, 44, 46, 49, 53, 56, 60, 61 ],
[ 1, 3, 5, 6, 7, 9, 10, 11, 12, 15, 18, 19, 28, 34, 36, 38, 39, 41, 43, 44, 
  50, 52, 53, 54, 59, 60, 62, 63 ],
[ 1, 3, 5, 6, 7, 9, 10, 11, 12, 14, 15, 18, 21, 22, 28, 34, 35, 36, 41, 44, 
  46, 50, 52, 53, 54, 60, 61, 62 ],
[ 1, 3, 5, 6, 7, 9, 10, 11, 12, 14, 15, 18, 19, 28, 34, 36, 37, 38, 39, 41, 
  44, 46, 50, 52, 54, 60, 61, 62 ],
[ 1, 3, 5, 6, 7, 9, 10, 11, 12, 13, 14, 18, 21, 22, 28, 33, 34, 38, 41, 44, 
  46, 50, 52, 53, 56, 60, 61, 62 ],
[ 1, 2, 8, 12, 15, 18, 19, 21, 22, 25, 28, 31, 33, 34, 38, 40, 42, 44, 45, 
  49, 50, 51, 52, 53, 54, 55, 57, 63 ],
[ 1, 2, 8, 12, 15, 18, 19, 21, 22, 25, 27, 28, 30, 31, 33, 34, 38, 40, 42, 
  44, 45, 49, 51, 53, 54, 55, 57, 63 ],
[ 1, 2, 8, 12, 15, 18, 19, 21, 22, 23, 28, 31, 33, 34, 38, 40, 42, 44, 48, 
  49, 50, 51, 52, 53, 54, 55, 57, 63 ],
[ 1, 2, 8, 12, 15, 18, 19, 21, 22, 23, 27, 28, 30, 31, 33, 34, 38, 40, 42, 
  44, 48, 49, 51, 53, 54, 55, 57, 63 ],
[ 1, 2, 8, 11, 15, 18, 19, 21, 22, 26, 28, 29, 31, 33, 34, 38, 40, 42, 44, 
  49, 50, 52, 53, 54, 55, 57, 60, 63 ],
[ 1, 2, 8, 11, 15, 18, 19, 21, 22, 26, 27, 28, 29, 30, 31, 33, 34, 38, 40, 
  42, 44, 49, 53, 54, 55, 57, 60, 63 ],
[ 1, 2, 8, 10, 11, 12, 15, 17, 19, 20, 21, 22, 28, 29, 33, 34, 38, 39, 41, 
  44, 46, 49, 51, 53, 54, 55, 59, 63 ],
[ 1, 2, 8, 10, 11, 12, 14, 15, 17, 19, 20, 21, 22, 28, 29, 34, 36, 37, 38, 
  39, 41, 44, 46, 49, 51, 55, 56, 59 ],
[ 1, 2, 8, 10, 11, 12, 13, 17, 19, 20, 21, 22, 28, 29, 34, 35, 36, 39, 41, 
  44, 46, 49, 51, 53, 55, 56, 59, 63 ],
[ 1, 2, 8, 10, 11, 12, 13, 14, 17, 19, 20, 21, 22, 28, 29, 33, 34, 35, 37, 
  39, 41, 44, 46, 49, 51, 54, 55, 59 ],
[ 1, 2, 8, 9, 15, 18, 19, 21, 22, 26, 28, 31, 32, 33, 34, 38, 40, 42, 44, 49, 
  50, 52, 53, 54, 55, 57, 60, 63 ],
[ 1, 2, 7, 14, 16, 18, 20, 23, 27, 28, 29, 30, 31, 32, 34, 35, 36, 38, 39, 
  41, 42, 44, 45, 53, 54, 57, 60, 62 ],
[ 1, 2, 7, 14, 16, 18, 20, 23, 27, 28, 29, 30, 31, 32, 33, 34, 35, 38, 39, 
  41, 42, 44, 45, 53, 56, 57, 60, 62 ],
[ 1, 2, 7, 14, 16, 17, 18, 25, 27, 28, 29, 30, 31, 32, 34, 35, 36, 38, 39, 
  40, 41, 44, 48, 53, 54, 57, 60, 62 ],
[ 1, 2, 7, 14, 16, 17, 18, 25, 27, 28, 29, 30, 31, 32, 33, 34, 35, 38, 39, 
  40, 41, 44, 48, 53, 56, 57, 60, 62 ],
[ 1, 2, 7, 14, 15, 18, 21, 23, 27, 28, 29, 30, 31, 32, 34, 36, 38, 39, 40, 
  41, 42, 44, 45, 53, 54, 55, 60, 62 ],
[ 1, 2, 7, 14, 15, 18, 21, 23, 27, 28, 29, 30, 31, 32, 33, 34, 38, 39, 40, 
  41, 42, 44, 45, 53, 55, 56, 60, 62 ],
[ 1, 2, 7, 13, 14, 18, 21, 25, 27, 28, 29, 30, 31, 32, 34, 35, 36, 39, 40, 
  41, 42, 44, 48, 53, 54, 55, 60, 62 ],
[ 1, 2, 7, 13, 14, 18, 21, 25, 27, 28, 29, 30, 31, 32, 33, 34, 35, 39, 40, 
  41, 42, 44, 48, 53, 55, 56, 60, 62 ],
[ 1, 2, 7, 13, 14, 15, 16, 18, 20, 23, 27, 28, 29, 30, 31, 32, 34, 36, 39, 
  41, 42, 44, 45, 53, 54, 57, 60, 62 ],
[ 1, 2, 7, 13, 14, 15, 16, 17, 18, 25, 27, 28, 29, 30, 31, 32, 34, 36, 39, 
  40, 41, 44, 48, 53, 54, 57, 60, 62 ],
[ 1, 2, 7, 13, 14, 15, 16, 17, 18, 25, 27, 28, 29, 30, 31, 32, 33, 34, 39, 
  40, 41, 44, 48, 53, 56, 57, 60, 62 ],
[ 1, 2, 7, 12, 13, 18, 19, 20, 22, 25, 28, 29, 31, 33, 34, 35, 37, 40, 41, 
  44, 49, 52, 53, 55, 56, 61, 62, 64 ],
[ 1, 2, 7, 12, 13, 14, 18, 19, 20, 22, 28, 29, 31, 33, 34, 35, 40, 41, 44, 
  46, 48, 49, 52, 55, 56, 62, 63, 64 ],
[ 1, 2, 7, 12, 13, 14, 17, 18, 19, 22, 28, 29, 31, 34, 35, 41, 42, 44, 46, 
  48, 49, 52, 53, 54, 55, 56, 62, 64 ],
[ 1, 2, 7, 12, 13, 14, 17, 18, 19, 22, 25, 28, 29, 31, 33, 34, 35, 36, 41, 
  42, 44, 49, 52, 53, 55, 61, 62, 64 ],
[ 1, 2, 7, 11, 12, 14, 15, 18, 19, 20, 22, 27, 28, 31, 33, 34, 38, 40, 41, 
  43, 44, 45, 49, 55, 56, 62, 63, 64 ],
[ 1, 2, 7, 11, 12, 14, 15, 18, 19, 20, 22, 23, 27, 28, 31, 33, 34, 38, 40, 
  41, 44, 49, 55, 56, 59, 62, 63, 64 ],
[ 1, 2, 7, 11, 12, 14, 15, 17, 18, 19, 22, 27, 28, 31, 34, 38, 41, 42, 43, 
  44, 45, 49, 53, 54, 55, 56, 62, 64 ],
[ 1, 2, 7, 11, 12, 14, 15, 17, 18, 19, 22, 23, 27, 28, 31, 34, 38, 41, 42, 
  44, 49, 53, 54, 55, 56, 59, 62, 64 ],
[ 1, 2, 7, 11, 12, 14, 15, 16, 17, 18, 21, 27, 28, 29, 32, 34, 36, 38, 39, 
  41, 42, 44, 47, 48, 53, 56, 59, 62 ],
[ 1, 2, 7, 11, 12, 13, 14, 16, 17, 18, 21, 27, 28, 29, 32, 33, 34, 35, 39, 
  41, 42, 44, 47, 48, 53, 54, 59, 62 ],
[ 1, 2, 7, 10, 15, 18, 19, 20, 22, 28, 29, 31, 33, 34, 37, 38, 40, 41, 43, 
  44, 45, 51, 52, 53, 55, 56, 62, 64 ],
[ 1, 2, 7, 10, 15, 18, 19, 20, 22, 23, 28, 29, 31, 33, 34, 37, 38, 40, 41, 
  44, 51, 52, 53, 55, 56, 59, 62, 64 ],
[ 1, 2, 7, 10, 14, 15, 17, 18, 19, 22, 28, 29, 31, 33, 34, 36, 38, 41, 42, 
  43, 44, 45, 51, 52, 53, 55, 62, 64 ],
[ 1, 2, 7, 10, 14, 15, 17, 18, 19, 22, 23, 28, 29, 31, 33, 34, 36, 38, 41, 
  42, 44, 51, 52, 53, 55, 59, 62, 64 ],
[ 1, 2, 7, 10, 11, 13, 18, 19, 20, 22, 27, 28, 31, 33, 34, 35, 37, 40, 41, 
  44, 46, 48, 51, 53, 55, 56, 62, 64 ],
[ 1, 2, 7, 10, 11, 13, 14, 18, 19, 20, 22, 25, 27, 28, 31, 33, 34, 35, 40, 
  41, 44, 51, 55, 56, 61, 62, 63, 64 ],
[ 1, 2, 7, 10, 11, 13, 14, 17, 18, 19, 22, 27, 28, 31, 33, 34, 35, 36, 41, 
  42, 44, 46, 48, 51, 53, 55, 62, 64 ],
[ 1, 2, 7, 10, 11, 13, 14, 17, 18, 19, 22, 25, 27, 28, 31, 34, 35, 41, 42, 
  44, 51, 53, 54, 55, 56, 61, 62, 64 ],
[ 1, 2, 7, 9, 11, 14, 16, 18, 20, 23, 28, 31, 33, 34, 35, 38, 39, 41, 42, 44, 
  45, 50, 52, 53, 56, 57, 60, 62 ],
[ 1, 2, 7, 9, 11, 14, 15, 16, 17, 18, 21, 25, 28, 29, 31, 34, 36, 38, 39, 41, 
  42, 43, 44, 47, 51, 52, 53, 56 ],
[ 1, 2, 7, 9, 11, 13, 14, 16, 17, 18, 21, 25, 28, 29, 31, 33, 34, 35, 39, 41, 
  42, 43, 44, 47, 51, 52, 53, 54 ],
[ 1, 2, 7, 9, 11, 13, 14, 15, 16, 18, 20, 23, 28, 31, 34, 36, 39, 41, 42, 44, 
  45, 50, 52, 53, 54, 57, 60, 62 ],
[ 1, 2, 7, 9, 11, 12, 14, 15, 16, 17, 18, 21, 28, 29, 34, 36, 38, 39, 41, 42, 
  44, 45, 47, 52, 53, 56, 61, 62 ],
[ 1, 2, 7, 9, 11, 12, 14, 15, 16, 17, 18, 21, 23, 28, 29, 34, 36, 38, 39, 41, 
  42, 44, 46, 47, 52, 53, 56, 62 ],
[ 1, 2, 7, 9, 11, 12, 13, 14, 16, 17, 18, 21, 28, 29, 33, 34, 35, 39, 41, 42, 
  44, 45, 47, 52, 53, 54, 61, 62 ],
[ 1, 2, 7, 9, 11, 12, 13, 14, 16, 17, 18, 21, 23, 28, 29, 33, 34, 35, 39, 41, 
  42, 44, 46, 47, 52, 53, 54, 62 ],
[ 1, 2, 7, 8, 10, 11, 12, 15, 16, 19, 20, 21, 22, 28, 29, 34, 38, 39, 42, 44, 
  46, 49, 51, 53, 54, 56, 59, 63 ],
[ 1, 2, 7, 8, 10, 11, 12, 14, 19, 20, 21, 22, 28, 29, 34, 35, 36, 38, 39, 42, 
  44, 46, 49, 51, 55, 56, 59, 63 ],
[ 1, 2, 7, 8, 10, 11, 12, 14, 17, 19, 21, 22, 28, 29, 33, 34, 35, 38, 39, 40, 
  44, 46, 49, 51, 54, 55, 59, 63 ],
[ 1, 2, 7, 8, 10, 11, 12, 14, 15, 16, 17, 19, 21, 22, 28, 29, 34, 37, 38, 39, 
  40, 44, 46, 49, 51, 54, 56, 59 ],
[ 1, 2, 6, 12, 16, 17, 18, 19, 21, 25, 27, 28, 34, 35, 37, 38, 42, 44, 48, 
  49, 50, 51, 53, 54, 56, 57, 60, 62 ],
[ 1, 2, 6, 12, 16, 17, 18, 19, 21, 23, 28, 30, 34, 35, 37, 38, 42, 44, 45, 
  49, 51, 52, 53, 54, 56, 57, 60, 62 ],
[ 1, 2, 6, 12, 14, 16, 17, 18, 19, 21, 25, 27, 28, 33, 34, 35, 36, 38, 42, 
  44, 48, 49, 50, 51, 57, 60, 62, 63 ],
[ 1, 2, 6, 12, 14, 16, 17, 18, 19, 21, 23, 28, 30, 33, 34, 35, 36, 38, 42, 
  44, 45, 49, 51, 52, 57, 60, 62, 63 ],
[ 1, 2, 6, 11, 12, 16, 18, 19, 20, 26, 28, 29, 30, 33, 34, 35, 38, 39, 42, 
  44, 47, 50, 51, 53, 54, 57, 58, 63 ],
[ 1, 2, 6, 11, 12, 16, 17, 18, 19, 26, 28, 29, 30, 34, 35, 36, 38, 39, 40, 
  44, 47, 50, 51, 53, 56, 57, 58, 63 ],
[ 1, 2, 6, 11, 12, 16, 17, 18, 19, 21, 28, 32, 34, 35, 37, 38, 42, 43, 44, 
  49, 51, 53, 54, 56, 57, 59, 60, 62 ],
[ 1, 2, 6, 11, 12, 16, 17, 18, 19, 21, 27, 28, 32, 34, 35, 37, 38, 42, 44, 
  50, 51, 53, 54, 56, 57, 58, 60, 64 ],
[ 1, 2, 6, 11, 12, 16, 17, 18, 19, 21, 24, 28, 30, 32, 34, 35, 37, 38, 42, 
  44, 47, 51, 52, 53, 54, 56, 57, 60 ],
[ 1, 2, 6, 11, 12, 15, 18, 19, 21, 26, 28, 29, 30, 33, 34, 38, 39, 40, 42, 
  44, 47, 50, 51, 53, 54, 55, 58, 63 ],
[ 1, 2, 6, 11, 12, 15, 17, 18, 19, 24, 26, 28, 29, 30, 34, 37, 38, 39, 40, 
  44, 50, 51, 53, 54, 55, 56, 57, 64 ],
[ 1, 2, 6, 11, 12, 15, 17, 18, 19, 24, 26, 28, 29, 30, 33, 34, 36, 37, 38, 
  39, 40, 44, 50, 51, 53, 55, 57, 64 ],
[ 1, 2, 6, 11, 12, 15, 17, 18, 19, 20, 21, 26, 28, 29, 30, 33, 34, 38, 39, 
  44, 47, 50, 51, 53, 54, 55, 58, 63 ],
[ 1, 2, 6, 11, 12, 14, 16, 17, 18, 19, 21, 28, 32, 33, 34, 35, 36, 38, 42, 
  43, 44, 49, 51, 57, 59, 60, 62, 63 ],
[ 1, 2, 6, 11, 12, 14, 16, 17, 18, 19, 21, 27, 28, 32, 33, 34, 35, 36, 38, 
  42, 44, 50, 51, 57, 58, 60, 63, 64 ],
[ 1, 2, 6, 11, 12, 14, 16, 17, 18, 19, 21, 24, 28, 30, 32, 33, 34, 35, 36, 
  38, 42, 44, 47, 51, 52, 57, 60, 63 ],
[ 1, 2, 6, 11, 12, 14, 15, 18, 19, 21, 26, 28, 29, 30, 34, 36, 37, 38, 39, 
  40, 42, 44, 47, 50, 51, 55, 56, 58 ],
[ 1, 2, 6, 11, 12, 14, 15, 17, 18, 19, 20, 21, 26, 28, 29, 30, 34, 36, 37, 
  38, 39, 44, 47, 50, 51, 55, 56, 58 ],
[ 1, 2, 6, 11, 12, 13, 18, 19, 21, 26, 28, 29, 30, 34, 35, 36, 39, 40, 42, 
  44, 47, 50, 51, 53, 55, 56, 58, 63 ],
[ 1, 2, 6, 11, 12, 13, 18, 19, 20, 24, 26, 28, 29, 30, 34, 35, 37, 39, 42, 
  44, 50, 51, 53, 54, 55, 56, 57, 64 ],
[ 1, 2, 6, 11, 12, 13, 18, 19, 20, 24, 26, 28, 29, 30, 33, 34, 35, 36, 37, 
  39, 42, 44, 50, 51, 53, 55, 57, 64 ],
[ 1, 2, 6, 11, 12, 13, 17, 18, 19, 20, 21, 26, 28, 29, 30, 34, 35, 36, 39, 
  44, 47, 50, 51, 53, 55, 56, 58, 63 ],
[ 1, 2, 6, 11, 12, 13, 15, 16, 18, 19, 20, 26, 28, 29, 30, 33, 34, 39, 42, 
  44, 47, 50, 51, 53, 54, 57, 58, 63 ],
[ 1, 2, 6, 11, 12, 13, 15, 16, 17, 18, 19, 26, 28, 29, 30, 34, 36, 39, 40, 
  44, 47, 50, 51, 53, 56, 57, 58, 63 ],
[ 1, 2, 6, 11, 12, 13, 15, 16, 17, 18, 19, 21, 28, 32, 33, 34, 36, 37, 42, 
  43, 44, 49, 51, 53, 57, 59, 60, 62 ],
[ 1, 2, 6, 11, 12, 13, 14, 18, 19, 21, 26, 28, 29, 30, 33, 34, 35, 37, 39, 
  40, 42, 44, 47, 50, 51, 54, 55, 58 ],
[ 1, 2, 6, 11, 12, 13, 14, 17, 18, 19, 20, 21, 26, 28, 29, 30, 33, 34, 35, 
  37, 39, 44, 47, 50, 51, 54, 55, 58 ],
[ 1, 2, 6, 11, 12, 13, 14, 15, 16, 17, 18, 19, 21, 28, 32, 34, 42, 43, 44, 
  49, 51, 54, 56, 57, 59, 60, 62, 63 ],
[ 1, 2, 6, 11, 12, 13, 14, 15, 16, 17, 18, 19, 21, 27, 28, 32, 34, 42, 44, 
  50, 51, 54, 56, 57, 58, 60, 63, 64 ],
[ 1, 2, 6, 11, 12, 13, 14, 15, 16, 17, 18, 19, 21, 24, 28, 30, 32, 34, 42, 
  44, 47, 51, 52, 54, 56, 57, 60, 63 ],
[ 1, 2, 6, 10, 12, 14, 15, 16, 17, 18, 19, 21, 22, 24, 28, 30, 34, 36, 38, 
  41, 44, 45, 46, 50, 51, 53, 56, 62 ],
[ 1, 2, 6, 10, 12, 14, 15, 16, 17, 18, 19, 21, 22, 23, 24, 28, 34, 36, 38, 
  41, 44, 49, 50, 51, 52, 53, 56, 61 ],
[ 1, 2, 6, 10, 11, 12, 14, 16, 17, 18, 19, 21, 28, 31, 32, 33, 34, 35, 36, 
  38, 42, 44, 46, 51, 57, 60, 61, 63 ],
[ 1, 2, 6, 10, 11, 12, 13, 14, 15, 16, 17, 18, 19, 21, 28, 31, 32, 34, 42, 
  44, 46, 51, 54, 56, 57, 60, 61, 63 ],
[ 1, 2, 6, 8, 12, 17, 18, 21, 22, 25, 28, 31, 33, 34, 35, 36, 38, 40, 44, 45, 
  49, 50, 51, 52, 53, 55, 57, 63 ],
[ 1, 2, 6, 8, 12, 17, 18, 21, 22, 25, 27, 28, 30, 31, 33, 34, 35, 36, 38, 40, 
  44, 45, 49, 51, 53, 55, 57, 63 ],
[ 1, 2, 6, 8, 12, 17, 18, 21, 22, 23, 28, 31, 33, 34, 35, 36, 38, 40, 44, 48, 
  49, 50, 51, 52, 53, 55, 57, 63 ],
[ 1, 2, 6, 8, 12, 17, 18, 21, 22, 23, 27, 28, 30, 31, 33, 34, 35, 36, 38, 40, 
  44, 48, 49, 51, 53, 55, 57, 63 ],
[ 1, 2, 6, 8, 12, 14, 18, 20, 21, 22, 25, 28, 31, 33, 34, 35, 36, 37, 38, 42, 
  44, 45, 49, 50, 51, 52, 55, 57 ],
[ 1, 2, 6, 8, 12, 14, 18, 20, 21, 22, 25, 27, 28, 30, 31, 33, 34, 35, 36, 37, 
  38, 42, 44, 45, 49, 51, 55, 57 ],
[ 1, 2, 6, 8, 12, 14, 18, 20, 21, 22, 23, 28, 31, 33, 34, 35, 36, 37, 38, 42, 
  44, 48, 49, 50, 51, 52, 55, 57 ],
[ 1, 2, 6, 8, 12, 14, 18, 20, 21, 22, 23, 27, 28, 30, 31, 33, 34, 35, 36, 37, 
  38, 42, 44, 48, 49, 51, 55, 57 ],
[ 1, 2, 6, 8, 11, 17, 18, 21, 22, 26, 28, 29, 31, 33, 34, 35, 36, 38, 40, 44, 
  49, 50, 52, 53, 55, 57, 60, 63 ],
[ 1, 2, 6, 8, 11, 17, 18, 21, 22, 26, 27, 28, 29, 30, 31, 33, 34, 35, 36, 38, 
  40, 44, 49, 53, 55, 57, 60, 63 ],
[ 1, 2, 6, 8, 11, 14, 18, 20, 21, 22, 26, 28, 29, 31, 33, 34, 35, 36, 37, 38, 
  42, 44, 49, 50, 52, 55, 57, 60 ],
[ 1, 2, 6, 8, 11, 14, 18, 20, 21, 22, 26, 27, 28, 29, 30, 31, 33, 34, 35, 36, 
  37, 38, 42, 44, 49, 55, 57, 60 ],
[ 1, 2, 6, 8, 10, 16, 18, 19, 20, 26, 27, 28, 29, 30, 32, 33, 34, 35, 38, 39, 
  42, 44, 49, 53, 54, 57, 60, 63 ],
[ 1, 2, 6, 8, 10, 16, 17, 18, 19, 26, 27, 28, 29, 30, 32, 34, 35, 36, 38, 39, 
  40, 44, 49, 53, 56, 57, 60, 63 ],
[ 1, 2, 6, 8, 10, 15, 18, 19, 21, 26, 27, 28, 29, 30, 32, 33, 34, 38, 39, 40, 
  42, 44, 49, 53, 54, 55, 60, 63 ],
[ 1, 2, 6, 8, 10, 15, 17, 18, 19, 26, 28, 29, 32, 33, 34, 36, 37, 38, 39, 40, 
  44, 49, 50, 52, 53, 55, 57, 60 ],
[ 1, 2, 6, 8, 10, 15, 17, 18, 19, 20, 21, 26, 27, 28, 29, 30, 32, 33, 34, 38, 
  39, 44, 49, 53, 54, 55, 60, 63 ],
[ 1, 2, 6, 8, 10, 14, 15, 17, 18, 19, 20, 21, 26, 27, 28, 29, 30, 32, 34, 36, 
  37, 38, 39, 44, 49, 55, 56, 60 ],
[ 1, 2, 6, 8, 10, 13, 18, 19, 21, 26, 27, 28, 29, 30, 32, 34, 35, 36, 39, 40, 
  42, 44, 49, 53, 55, 56, 60, 63 ],
[ 1, 2, 6, 8, 10, 13, 18, 19, 20, 26, 28, 29, 32, 33, 34, 35, 36, 37, 39, 42, 
  44, 49, 50, 52, 53, 55, 57, 60 ],
[ 1, 2, 6, 8, 10, 13, 17, 18, 19, 20, 21, 26, 27, 28, 29, 30, 32, 34, 35, 36, 
  39, 44, 49, 53, 55, 56, 60, 63 ],
[ 1, 2, 6, 8, 10, 13, 14, 17, 18, 19, 20, 21, 26, 27, 28, 29, 30, 32, 33, 34, 
  35, 37, 39, 44, 49, 54, 55, 60 ],
[ 1, 2, 6, 8, 10, 11, 12, 17, 20, 22, 28, 29, 33, 34, 35, 37, 38, 39, 41, 44, 
  46, 49, 51, 53, 54, 55, 57, 59 ],
[ 1, 2, 6, 8, 10, 11, 12, 13, 16, 17, 20, 22, 28, 29, 33, 34, 35, 36, 39, 41, 
  44, 46, 49, 51, 53, 57, 59, 63 ],
[ 1, 2, 6, 8, 9, 17, 18, 21, 22, 26, 28, 31, 32, 33, 34, 35, 36, 38, 40, 44, 
  49, 50, 52, 53, 55, 57, 60, 63 ],
[ 1, 2, 6, 8, 9, 14, 18, 20, 21, 22, 26, 28, 31, 32, 33, 34, 35, 36, 37, 38, 
  42, 44, 49, 50, 52, 55, 57, 60 ],
[ 1, 2, 6, 7, 14, 16, 18, 22, 27, 28, 29, 30, 31, 32, 34, 35, 36, 38, 39, 41, 
  43, 44, 53, 54, 57, 59, 60, 62 ],
[ 1, 2, 6, 7, 14, 16, 18, 22, 27, 28, 29, 30, 31, 32, 33, 34, 35, 38, 39, 41, 
  43, 44, 53, 56, 57, 59, 60, 62 ],
[ 1, 2, 6, 7, 14, 16, 18, 20, 22, 24, 27, 28, 29, 30, 31, 32, 34, 35, 36, 38, 
  41, 42, 44, 47, 53, 54, 60, 62 ],
[ 1, 2, 6, 7, 14, 16, 18, 20, 22, 24, 27, 28, 29, 30, 31, 32, 33, 34, 35, 38, 
  41, 42, 44, 47, 53, 56, 60, 62 ],
[ 1, 2, 6, 7, 14, 16, 17, 18, 22, 27, 28, 29, 30, 31, 32, 34, 35, 36, 38, 40, 
  41, 44, 53, 54, 58, 60, 62, 64 ],
[ 1, 2, 6, 7, 14, 16, 17, 18, 22, 27, 28, 29, 30, 31, 32, 33, 34, 35, 38, 40, 
  41, 44, 53, 56, 58, 60, 62, 64 ],
[ 1, 2, 6, 7, 13, 14, 15, 16, 18, 22, 27, 28, 29, 30, 31, 32, 34, 36, 39, 41, 
  43, 44, 53, 54, 57, 59, 60, 62 ],
[ 1, 2, 6, 7, 13, 14, 15, 16, 18, 22, 27, 28, 29, 30, 31, 32, 33, 34, 39, 41, 
  43, 44, 53, 56, 57, 59, 60, 62 ],
[ 1, 2, 6, 7, 13, 14, 15, 16, 18, 20, 22, 24, 27, 28, 29, 30, 31, 32, 34, 36, 
  41, 42, 44, 47, 53, 54, 60, 62 ],
[ 1, 2, 6, 7, 13, 14, 15, 16, 18, 20, 22, 24, 27, 28, 29, 30, 31, 32, 33, 34, 
  41, 42, 44, 47, 53, 56, 60, 62 ],
[ 1, 2, 6, 7, 13, 14, 15, 16, 17, 18, 22, 27, 28, 29, 30, 31, 32, 34, 36, 40, 
  41, 44, 53, 54, 58, 60, 62, 64 ],
[ 1, 2, 6, 7, 12, 14, 15, 17, 18, 19, 22, 28, 30, 31, 34, 38, 44, 45, 49, 50, 
  51, 53, 54, 55, 56, 57, 58, 59 ],
[ 1, 2, 6, 7, 11, 17, 18, 19, 24, 28, 29, 31, 33, 34, 35, 36, 38, 41, 42, 44, 
  47, 49, 50, 52, 53, 55, 60, 63 ],
[ 1, 2, 6, 7, 11, 17, 18, 19, 24, 27, 28, 29, 30, 31, 33, 34, 35, 36, 38, 41, 
  42, 44, 47, 49, 53, 55, 60, 63 ],
[ 1, 2, 6, 7, 11, 14, 17, 18, 19, 28, 29, 31, 33, 34, 35, 36, 37, 38, 41, 42, 
  44, 49, 50, 52, 55, 58, 60, 64 ],
[ 1, 2, 6, 7, 11, 14, 17, 18, 19, 27, 28, 29, 30, 31, 33, 34, 35, 36, 37, 38, 
  41, 42, 44, 49, 55, 58, 60, 64 ],
[ 1, 2, 6, 7, 10, 12, 14, 15, 17, 18, 19, 22, 23, 28, 33, 34, 36, 38, 43, 44, 
  49, 50, 51, 52, 53, 55, 57, 58 ],
[ 1, 2, 6, 7, 9, 17, 18, 19, 24, 28, 31, 32, 33, 34, 35, 36, 38, 41, 42, 44, 
  47, 49, 50, 52, 53, 55, 60, 63 ],
[ 1, 2, 6, 7, 9, 17, 18, 19, 24, 27, 28, 30, 31, 32, 33, 34, 35, 36, 38, 41, 
  42, 44, 47, 49, 53, 55, 60, 63 ],
[ 1, 2, 6, 7, 9, 14, 17, 18, 19, 28, 31, 32, 33, 34, 35, 36, 37, 38, 41, 42, 
  44, 49, 50, 52, 55, 58, 60, 64 ],
[ 1, 2, 6, 7, 9, 14, 17, 18, 19, 27, 28, 30, 31, 32, 33, 34, 35, 36, 37, 38, 
  41, 42, 44, 49, 55, 58, 60, 64 ],
[ 1, 2, 6, 7, 9, 11, 14, 16, 18, 20, 22, 24, 28, 31, 33, 34, 35, 38, 41, 42, 
  44, 47, 50, 52, 53, 56, 60, 62 ],
[ 1, 2, 6, 7, 9, 11, 13, 14, 15, 16, 18, 20, 22, 24, 28, 31, 34, 36, 41, 42, 
  44, 47, 50, 52, 53, 54, 60, 62 ],
[ 1, 2, 6, 7, 8, 15, 18, 19, 22, 27, 28, 29, 30, 34, 37, 38, 39, 40, 44, 47, 
  49, 50, 51, 54, 55, 56, 58, 63 ],
[ 1, 2, 6, 7, 8, 15, 18, 19, 22, 24, 27, 28, 29, 30, 33, 34, 36, 37, 38, 39, 
  40, 44, 49, 50, 51, 55, 63, 64 ],
[ 1, 2, 6, 7, 8, 10, 12, 18, 19, 22, 28, 29, 31, 33, 34, 35, 37, 38, 39, 40, 
  44, 49, 50, 54, 55, 59, 61, 63 ],
[ 1, 2, 6, 7, 8, 10, 12, 13, 15, 18, 19, 22, 28, 29, 31, 33, 34, 37, 39, 40, 
  43, 44, 46, 49, 50, 54, 55, 63 ],
[ 1, 2, 6, 7, 8, 10, 11, 12, 14, 16, 20, 22, 28, 29, 33, 34, 35, 36, 38, 39, 
  42, 44, 46, 49, 51, 57, 59, 63 ],
[ 1, 2, 6, 7, 8, 10, 11, 12, 13, 14, 15, 16, 20, 22, 28, 29, 34, 39, 42, 44, 
  46, 49, 51, 54, 56, 57, 59, 63 ],
[ 1, 2, 5, 10, 12, 15, 18, 19, 22, 26, 28, 30, 33, 34, 38, 39, 40, 42, 44, 
  45, 48, 49, 50, 51, 53, 54, 55, 63 ],
[ 1, 2, 5, 10, 12, 15, 18, 19, 22, 23, 25, 26, 28, 30, 33, 34, 38, 39, 40, 
  42, 44, 49, 50, 51, 53, 54, 55, 63 ],
[ 1, 2, 5, 10, 12, 14, 15, 18, 19, 22, 26, 28, 30, 34, 36, 37, 38, 39, 40, 
  42, 44, 45, 48, 49, 50, 51, 55, 56 ],
[ 1, 2, 5, 10, 12, 14, 15, 18, 19, 22, 23, 25, 26, 28, 30, 34, 36, 37, 38, 
  39, 40, 42, 44, 49, 50, 51, 55, 56 ],
[ 1, 2, 5, 8, 10, 11, 12, 15, 19, 22, 28, 29, 33, 34, 38, 40, 41, 42, 44, 46, 
  49, 51, 53, 54, 55, 57, 59, 63 ],
[ 1, 2, 5, 8, 10, 11, 12, 14, 15, 19, 22, 28, 29, 34, 36, 37, 38, 40, 41, 42, 
  44, 46, 49, 51, 55, 56, 57, 59 ],
[ 1, 2, 5, 7, 15, 18, 20, 23, 28, 29, 31, 32, 34, 37, 38, 39, 40, 41, 44, 45, 
  50, 52, 53, 54, 55, 56, 60, 62 ],
[ 1, 2, 5, 7, 15, 18, 20, 23, 28, 29, 31, 32, 33, 34, 36, 37, 38, 39, 40, 41, 
  44, 45, 50, 52, 53, 55, 60, 62 ],
[ 1, 2, 5, 7, 13, 18, 20, 25, 28, 29, 31, 32, 34, 35, 37, 39, 40, 41, 44, 48, 
  50, 52, 53, 54, 55, 56, 60, 62 ],
[ 1, 2, 5, 7, 13, 18, 20, 25, 28, 29, 31, 32, 33, 34, 35, 36, 37, 39, 40, 41, 
  44, 48, 50, 52, 53, 55, 60, 62 ],
[ 1, 2, 5, 7, 8, 10, 11, 12, 19, 20, 22, 28, 29, 34, 35, 36, 37, 38, 42, 44, 
  46, 49, 51, 53, 55, 56, 57, 59 ],
[ 1, 2, 5, 7, 8, 10, 11, 12, 15, 16, 19, 20, 22, 28, 29, 33, 34, 36, 38, 42, 
  44, 46, 49, 51, 53, 57, 59, 63 ],
[ 1, 2, 5, 6, 12, 16, 18, 19, 20, 25, 27, 28, 34, 35, 37, 38, 39, 40, 44, 48, 
  49, 50, 51, 53, 54, 56, 60, 62 ],
[ 1, 2, 5, 6, 12, 16, 18, 19, 20, 23, 28, 30, 34, 35, 37, 38, 39, 40, 44, 45, 
  49, 51, 52, 53, 54, 56, 60, 62 ],
[ 1, 2, 5, 6, 12, 14, 16, 18, 19, 20, 25, 27, 28, 33, 34, 35, 36, 38, 39, 40, 
  44, 48, 49, 50, 51, 60, 62, 63 ],
[ 1, 2, 5, 6, 12, 14, 16, 18, 19, 20, 23, 28, 30, 33, 34, 35, 36, 38, 39, 40, 
  44, 45, 49, 51, 52, 60, 62, 63 ],
[ 1, 2, 5, 6, 11, 12, 14, 16, 18, 19, 20, 28, 32, 33, 34, 35, 36, 38, 39, 40, 
  43, 44, 49, 51, 59, 60, 62, 63 ],
[ 1, 2, 5, 6, 11, 12, 14, 16, 18, 19, 20, 27, 28, 32, 33, 34, 35, 36, 38, 39, 
  40, 44, 50, 51, 58, 60, 63, 64 ],
[ 1, 2, 5, 6, 11, 12, 14, 16, 18, 19, 20, 24, 28, 30, 32, 33, 34, 35, 36, 38, 
  39, 40, 44, 47, 51, 52, 60, 63 ],
[ 1, 2, 5, 6, 11, 12, 13, 14, 15, 16, 18, 19, 20, 28, 32, 34, 39, 40, 43, 44, 
  49, 51, 54, 56, 59, 60, 62, 63 ],
[ 1, 2, 5, 6, 10, 12, 17, 18, 22, 26, 28, 30, 33, 34, 35, 36, 38, 39, 40, 44, 
  45, 48, 49, 50, 51, 53, 55, 63 ],
[ 1, 2, 5, 6, 10, 12, 17, 18, 22, 23, 25, 26, 28, 30, 33, 34, 35, 36, 38, 39, 
  40, 44, 49, 50, 51, 53, 55, 63 ],
[ 1, 2, 5, 6, 10, 12, 14, 18, 20, 22, 26, 28, 30, 33, 34, 35, 36, 37, 38, 39, 
  42, 44, 45, 48, 49, 50, 51, 55 ],
[ 1, 2, 5, 6, 10, 12, 14, 18, 20, 22, 23, 25, 26, 28, 30, 33, 34, 35, 36, 37, 
  38, 39, 42, 44, 49, 50, 51, 55 ],
[ 1, 2, 5, 6, 10, 12, 14, 15, 16, 18, 20, 22, 26, 28, 30, 33, 34, 38, 39, 42, 
  44, 45, 48, 49, 50, 51, 54, 63 ],
[ 1, 2, 5, 6, 10, 12, 14, 15, 16, 18, 20, 22, 23, 25, 26, 28, 30, 33, 34, 38, 
  39, 42, 44, 49, 50, 51, 54, 63 ],
[ 1, 2, 5, 6, 10, 12, 14, 15, 16, 17, 18, 22, 26, 28, 30, 34, 36, 38, 39, 40, 
  44, 45, 48, 49, 50, 51, 56, 63 ],
[ 1, 2, 5, 6, 10, 12, 14, 15, 16, 17, 18, 22, 23, 25, 26, 28, 30, 34, 36, 38, 
  39, 40, 44, 49, 50, 51, 56, 63 ],
[ 1, 2, 5, 6, 8, 11, 12, 15, 16, 18, 19, 22, 24, 27, 28, 30, 34, 36, 37, 38, 
  40, 41, 44, 49, 50, 56, 63, 64 ],
[ 1, 2, 5, 6, 7, 14, 16, 18, 21, 22, 27, 28, 29, 30, 31, 32, 34, 35, 36, 38, 
  41, 44, 46, 53, 54, 60, 61, 62 ],
[ 1, 2, 5, 6, 7, 14, 16, 18, 21, 22, 27, 28, 29, 30, 31, 32, 33, 34, 35, 38, 
  41, 44, 46, 53, 56, 60, 61, 62 ],
[ 1, 2, 5, 6, 7, 13, 14, 15, 16, 18, 21, 22, 27, 28, 29, 30, 31, 32, 34, 36, 
  41, 44, 46, 53, 54, 60, 61, 62 ],
[ 1, 2, 5, 6, 7, 9, 11, 14, 16, 18, 21, 22, 28, 31, 33, 34, 35, 38, 41, 44, 
  46, 50, 52, 53, 56, 60, 61, 62 ],
[ 1, 2, 5, 6, 7, 9, 11, 13, 14, 15, 16, 18, 21, 22, 28, 31, 34, 36, 41, 44, 
  46, 50, 52, 53, 54, 60, 61, 62 ],
[ 1, 2, 3, 14, 15, 17, 18, 19, 20, 25, 26, 28, 30, 31, 32, 33, 34, 38, 39, 
  40, 41, 44, 45, 49, 51, 54, 62, 63 ],
[ 1, 2, 3, 13, 14, 17, 18, 19, 20, 25, 26, 28, 30, 31, 32, 34, 35, 36, 39, 
  40, 41, 44, 45, 49, 51, 56, 62, 63 ],
[ 1, 2, 3, 12, 14, 18, 19, 20, 21, 22, 25, 27, 28, 33, 34, 35, 38, 39, 40, 
  44, 48, 49, 50, 51, 56, 60, 62, 63 ],
[ 1, 2, 3, 12, 14, 18, 19, 20, 21, 22, 23, 28, 30, 33, 34, 35, 38, 39, 40, 
  44, 45, 49, 51, 52, 56, 60, 62, 63 ],
[ 1, 2, 3, 12, 13, 15, 18, 19, 20, 21, 22, 25, 27, 28, 33, 34, 37, 39, 40, 
  44, 48, 49, 50, 51, 53, 56, 60, 62 ],
[ 1, 2, 3, 12, 13, 15, 18, 19, 20, 21, 22, 23, 28, 30, 33, 34, 37, 39, 40, 
  44, 45, 49, 51, 52, 53, 56, 60, 62 ],
[ 1, 2, 3, 11, 14, 15, 17, 18, 19, 20, 21, 24, 26, 27, 28, 29, 31, 32, 34, 
  36, 38, 41, 42, 44, 51, 56, 58, 63 ],
[ 1, 2, 3, 11, 12, 14, 18, 21, 22, 23, 27, 28, 29, 32, 33, 34, 36, 38, 39, 
  41, 42, 44, 49, 54, 55, 57, 58, 59 ],
[ 1, 2, 3, 11, 12, 14, 18, 19, 20, 21, 22, 28, 32, 33, 34, 35, 38, 39, 40, 
  43, 44, 49, 51, 56, 59, 60, 62, 63 ],
[ 1, 2, 3, 11, 12, 14, 18, 19, 20, 21, 22, 27, 28, 32, 33, 34, 35, 38, 39, 
  40, 44, 50, 51, 56, 58, 60, 63, 64 ],
[ 1, 2, 3, 11, 12, 14, 18, 19, 20, 21, 22, 24, 28, 30, 32, 33, 34, 35, 38, 
  39, 40, 44, 47, 51, 52, 56, 60, 63 ],
[ 1, 2, 3, 11, 12, 13, 18, 21, 22, 24, 27, 28, 29, 32, 33, 34, 36, 39, 41, 
  42, 44, 48, 49, 53, 54, 55, 57, 59 ],
[ 1, 2, 3, 11, 12, 13, 15, 18, 19, 20, 21, 22, 27, 28, 32, 33, 34, 37, 39, 
  40, 44, 50, 51, 53, 56, 58, 60, 64 ],
[ 1, 2, 3, 11, 12, 13, 15, 18, 19, 20, 21, 22, 24, 28, 30, 32, 33, 34, 37, 
  39, 40, 44, 47, 51, 52, 53, 56, 60 ],
[ 1, 2, 3, 10, 11, 18, 19, 21, 23, 24, 27, 28, 29, 32, 33, 34, 36, 38, 39, 
  40, 41, 44, 46, 51, 55, 56, 57, 63 ],
[ 1, 2, 3, 10, 11, 16, 18, 19, 21, 27, 28, 29, 32, 33, 34, 38, 39, 40, 41, 
  44, 46, 48, 51, 54, 56, 57, 58, 63 ],
[ 1, 2, 3, 10, 11, 12, 14, 18, 19, 20, 21, 22, 28, 31, 32, 33, 34, 35, 38, 
  39, 40, 44, 46, 51, 56, 60, 61, 63 ],
[ 1, 2, 3, 10, 11, 12, 13, 15, 18, 19, 20, 21, 22, 28, 31, 32, 33, 34, 37, 
  39, 40, 44, 46, 51, 53, 56, 60, 61 ],
[ 1, 2, 3, 9, 12, 15, 18, 19, 21, 24, 28, 29, 30, 32, 33, 34, 36, 39, 40, 41, 
  44, 45, 49, 53, 55, 56, 57, 61 ],
[ 1, 2, 3, 9, 12, 14, 18, 19, 21, 25, 28, 29, 30, 32, 33, 34, 35, 36, 39, 40, 
  41, 44, 49, 55, 56, 57, 58, 61 ],
[ 1, 2, 3, 9, 11, 12, 13, 18, 21, 22, 28, 32, 33, 34, 36, 39, 41, 42, 43, 44, 
  47, 48, 49, 50, 53, 54, 55, 57 ],
[ 1, 2, 3, 9, 11, 12, 13, 16, 18, 21, 22, 23, 28, 32, 34, 36, 39, 41, 42, 43, 
  44, 49, 50, 53, 54, 56, 57, 64 ],
[ 1, 2, 3, 7, 14, 15, 16, 17, 18, 19, 22, 23, 28, 29, 30, 32, 34, 41, 42, 43, 
  44, 49, 52, 53, 54, 58, 62, 63 ],
[ 1, 2, 3, 7, 12, 18, 19, 21, 25, 28, 29, 30, 32, 33, 34, 35, 38, 39, 42, 44, 
  50, 51, 53, 54, 57, 61, 63, 64 ],
[ 1, 2, 3, 7, 12, 14, 18, 19, 21, 25, 28, 29, 30, 32, 34, 35, 36, 37, 38, 39, 
  42, 44, 50, 51, 56, 57, 61, 64 ],
[ 1, 2, 3, 7, 11, 18, 20, 23, 28, 29, 31, 33, 34, 35, 36, 37, 38, 39, 41, 42, 
  44, 45, 49, 50, 52, 57, 60, 63 ],
[ 1, 2, 3, 7, 11, 18, 20, 23, 27, 28, 29, 30, 31, 33, 34, 35, 36, 37, 38, 39, 
  41, 42, 44, 45, 49, 57, 60, 63 ],
[ 1, 2, 3, 7, 11, 18, 19, 21, 23, 25, 26, 28, 30, 31, 32, 33, 34, 35, 36, 37, 
  39, 42, 49, 52, 55, 56, 57, 60 ],
[ 1, 2, 3, 7, 11, 18, 19, 20, 24, 26, 28, 29, 32, 33, 34, 35, 38, 39, 40, 42, 
  51, 52, 53, 54, 60, 62, 63, 64 ],
[ 1, 2, 3, 7, 11, 17, 18, 25, 28, 29, 31, 33, 34, 35, 36, 37, 38, 39, 40, 41, 
  44, 48, 49, 50, 52, 57, 60, 63 ],
[ 1, 2, 3, 7, 11, 17, 18, 25, 27, 28, 29, 30, 31, 33, 34, 35, 36, 37, 38, 39, 
  40, 41, 44, 48, 49, 57, 60, 63 ],
[ 1, 2, 3, 7, 11, 16, 18, 19, 21, 23, 25, 26, 28, 30, 31, 32, 33, 34, 36, 38, 
  39, 42, 49, 52, 54, 57, 60, 63 ],
[ 1, 2, 3, 7, 11, 15, 16, 18, 19, 21, 25, 26, 28, 30, 31, 32, 33, 34, 39, 42, 
  44, 45, 49, 52, 54, 56, 57, 63 ],
[ 1, 2, 3, 7, 11, 14, 18, 19, 20, 24, 26, 28, 29, 32, 34, 35, 36, 37, 38, 39, 
  40, 42, 51, 52, 56, 60, 62, 64 ],
[ 1, 2, 3, 7, 11, 14, 17, 18, 19, 22, 27, 28, 31, 32, 34, 35, 41, 42, 44, 48, 
  49, 50, 53, 54, 55, 58, 61, 63 ],
[ 1, 2, 3, 7, 11, 14, 16, 17, 18, 21, 22, 24, 28, 29, 32, 34, 36, 38, 39, 44, 
  48, 49, 51, 52, 54, 56, 57, 59 ],
[ 1, 2, 3, 7, 11, 13, 18, 19, 21, 25, 26, 28, 30, 31, 32, 34, 36, 37, 39, 42, 
  44, 45, 49, 52, 54, 55, 56, 57 ],
[ 1, 2, 3, 7, 11, 13, 16, 17, 18, 21, 22, 23, 28, 29, 32, 34, 36, 39, 44, 49, 
  51, 52, 53, 54, 56, 57, 58, 59 ],
[ 1, 2, 3, 7, 11, 13, 15, 18, 20, 23, 27, 28, 29, 30, 31, 34, 37, 39, 41, 42, 
  44, 45, 49, 54, 56, 57, 60, 63 ],
[ 1, 2, 3, 7, 11, 13, 15, 17, 18, 25, 28, 29, 31, 34, 37, 39, 40, 41, 44, 48, 
  49, 50, 52, 54, 56, 57, 60, 63 ],
[ 1, 2, 3, 7, 11, 13, 15, 17, 18, 25, 27, 28, 29, 30, 31, 34, 37, 39, 40, 41, 
  44, 48, 49, 54, 56, 57, 60, 63 ],
[ 1, 2, 3, 7, 11, 13, 15, 17, 18, 19, 20, 24, 26, 28, 29, 32, 33, 34, 42, 44, 
  51, 52, 53, 54, 57, 58, 62, 63 ],
[ 1, 2, 3, 7, 11, 13, 14, 15, 17, 18, 19, 20, 24, 26, 28, 29, 32, 34, 36, 37, 
  42, 44, 51, 52, 56, 57, 58, 62 ],
[ 1, 2, 3, 7, 10, 15, 18, 20, 23, 28, 29, 32, 34, 35, 37, 39, 41, 42, 44, 45, 
  49, 50, 52, 53, 54, 56, 57, 60 ],
[ 1, 2, 3, 7, 10, 15, 18, 20, 23, 28, 29, 32, 33, 34, 35, 36, 37, 39, 41, 42, 
  44, 45, 49, 50, 52, 53, 57, 60 ],
[ 1, 2, 3, 7, 10, 15, 17, 18, 25, 28, 29, 32, 34, 35, 37, 39, 40, 41, 44, 48, 
  49, 50, 52, 53, 54, 56, 57, 60 ],
[ 1, 2, 3, 7, 10, 15, 17, 18, 25, 28, 29, 32, 33, 34, 35, 36, 37, 39, 40, 41, 
  44, 48, 49, 50, 52, 53, 57, 60 ],
[ 1, 2, 3, 7, 10, 14, 15, 18, 20, 23, 28, 29, 32, 34, 35, 39, 41, 42, 44, 45, 
  49, 50, 52, 54, 56, 57, 60, 63 ],
[ 1, 2, 3, 7, 10, 14, 15, 17, 18, 25, 28, 29, 32, 33, 34, 35, 36, 39, 40, 41, 
  44, 48, 49, 50, 52, 57, 60, 63 ],
[ 1, 2, 3, 7, 10, 14, 15, 16, 17, 18, 19, 22, 23, 27, 28, 29, 31, 32, 34, 41, 
  42, 43, 44, 50, 53, 54, 58, 63 ],
[ 1, 2, 3, 7, 10, 13, 18, 20, 23, 28, 29, 32, 34, 37, 38, 39, 41, 42, 44, 45, 
  49, 50, 52, 53, 54, 56, 57, 60 ],
[ 1, 2, 3, 7, 10, 13, 17, 18, 25, 28, 29, 32, 34, 37, 38, 39, 40, 41, 44, 48, 
  49, 50, 52, 53, 54, 56, 57, 60 ],
[ 1, 2, 3, 7, 10, 13, 14, 18, 20, 23, 28, 29, 32, 33, 34, 36, 38, 39, 41, 42, 
  44, 45, 49, 50, 52, 57, 60, 63 ],
[ 1, 2, 3, 7, 10, 12, 14, 15, 17, 18, 19, 21, 23, 28, 29, 32, 34, 37, 38, 40, 
  42, 44, 46, 47, 49, 51, 54, 56 ],
[ 1, 2, 3, 7, 10, 12, 13, 17, 18, 19, 21, 23, 28, 29, 32, 34, 35, 40, 42, 44, 
  46, 47, 49, 51, 53, 54, 56, 63 ],
[ 1, 2, 3, 7, 10, 11, 18, 19, 21, 26, 28, 30, 32, 33, 34, 35, 36, 37, 39, 42, 
  45, 48, 52, 55, 56, 57, 60, 62 ],
[ 1, 2, 3, 7, 10, 11, 18, 19, 21, 25, 26, 28, 30, 32, 33, 34, 35, 36, 37, 39, 
  42, 44, 45, 52, 55, 56, 57, 62 ],
[ 1, 2, 3, 7, 10, 11, 16, 18, 19, 21, 26, 28, 30, 32, 33, 34, 36, 38, 39, 42, 
  45, 48, 52, 54, 57, 60, 62, 63 ],
[ 1, 2, 3, 7, 10, 11, 16, 18, 19, 21, 25, 26, 28, 30, 32, 33, 34, 36, 38, 39, 
  42, 44, 45, 52, 54, 57, 62, 63 ],
[ 1, 2, 3, 7, 10, 11, 14, 15, 16, 17, 18, 19, 22, 27, 28, 32, 34, 36, 37, 41, 
  42, 44, 48, 50, 53, 58, 61, 62 ],
[ 1, 2, 3, 7, 10, 11, 12, 13, 18, 19, 20, 21, 28, 29, 32, 33, 34, 36, 37, 39, 
  44, 46, 48, 52, 55, 56, 57, 58 ],
[ 1, 2, 3, 7, 10, 11, 12, 13, 16, 18, 19, 20, 21, 23, 24, 28, 29, 32, 33, 34, 
  37, 39, 44, 46, 52, 54, 56, 57 ],
[ 1, 2, 3, 7, 9, 15, 16, 18, 19, 20, 21, 25, 28, 29, 32, 33, 34, 39, 44, 49, 
  50, 51, 53, 54, 56, 57, 58, 61 ],
[ 1, 2, 3, 7, 9, 14, 16, 18, 19, 20, 21, 24, 28, 29, 32, 33, 34, 35, 39, 44, 
  45, 49, 50, 51, 54, 56, 57, 61 ],
[ 1, 2, 3, 7, 9, 11, 14, 17, 18, 21, 22, 23, 28, 30, 32, 33, 34, 36, 38, 39, 
  43, 44, 49, 51, 54, 55, 57, 64 ],
[ 1, 2, 3, 7, 9, 11, 14, 16, 17, 18, 21, 22, 28, 30, 32, 34, 36, 38, 39, 43, 
  44, 47, 48, 49, 51, 54, 56, 57 ],
[ 1, 2, 3, 6, 17, 18, 19, 21, 22, 26, 27, 28, 29, 32, 34, 36, 38, 41, 47, 49, 
  50, 54, 55, 56, 58, 60, 62, 63 ],
[ 1, 2, 3, 6, 16, 17, 18, 19, 21, 22, 24, 26, 27, 28, 29, 32, 33, 34, 35, 37, 
  41, 49, 50, 54, 56, 60, 62, 64 ],
[ 1, 2, 3, 6, 14, 18, 19, 22, 24, 27, 28, 29, 34, 35, 36, 37, 39, 41, 42, 44, 
  48, 49, 50, 51, 52, 55, 59, 63 ],
[ 1, 2, 3, 6, 12, 18, 20, 23, 25, 26, 28, 29, 31, 33, 34, 35, 38, 39, 40, 41, 
  42, 49, 52, 53, 54, 60, 62, 63 ],
[ 1, 2, 3, 6, 12, 14, 18, 20, 23, 25, 26, 28, 29, 31, 34, 35, 36, 37, 38, 39, 
  40, 41, 42, 49, 52, 56, 60, 62 ],
[ 1, 2, 3, 6, 12, 14, 18, 19, 22, 25, 26, 27, 28, 31, 32, 33, 34, 36, 38, 39, 
  41, 42, 47, 49, 54, 55, 61, 62 ],
[ 1, 2, 3, 6, 12, 14, 18, 19, 22, 23, 27, 28, 29, 30, 34, 35, 36, 37, 39, 41, 
  42, 44, 49, 52, 55, 58, 59, 63 ],
[ 1, 2, 3, 6, 12, 14, 16, 18, 19, 22, 25, 27, 28, 31, 32, 34, 36, 38, 39, 41, 
  42, 43, 47, 49, 54, 56, 60, 62 ],
[ 1, 2, 3, 6, 12, 14, 16, 18, 19, 22, 23, 27, 28, 29, 30, 34, 38, 39, 41, 42, 
  43, 49, 52, 53, 54, 58, 60, 63 ],
[ 1, 2, 3, 6, 12, 14, 15, 17, 18, 19, 21, 22, 28, 30, 31, 34, 36, 38, 41, 44, 
  45, 47, 49, 50, 51, 56, 61, 63 ],
[ 1, 2, 3, 6, 12, 13, 14, 17, 18, 19, 21, 22, 28, 30, 31, 33, 34, 35, 41, 44, 
  45, 47, 49, 50, 51, 54, 61, 63 ],
[ 1, 2, 3, 6, 11, 12, 15, 18, 19, 22, 28, 31, 33, 34, 36, 37, 39, 41, 42, 43, 
  44, 45, 49, 50, 54, 55, 58, 62 ],
[ 1, 2, 3, 6, 11, 12, 15, 16, 18, 19, 22, 24, 25, 28, 31, 34, 36, 37, 39, 41, 
  42, 43, 44, 49, 50, 54, 56, 62 ],
[ 1, 2, 3, 6, 11, 12, 13, 18, 20, 21, 24, 27, 28, 29, 32, 33, 34, 39, 41, 44, 
  48, 49, 54, 55, 56, 57, 59, 63 ],
[ 1, 2, 3, 6, 11, 12, 13, 16, 18, 20, 21, 23, 27, 28, 29, 32, 33, 34, 36, 39, 
  41, 44, 49, 56, 57, 58, 59, 63 ],
[ 1, 2, 3, 6, 10, 18, 19, 22, 24, 28, 29, 31, 33, 34, 35, 36, 39, 41, 42, 44, 
  48, 49, 51, 52, 54, 55, 59, 63 ],
[ 1, 2, 3, 6, 10, 17, 18, 19, 21, 22, 26, 28, 29, 30, 31, 32, 34, 36, 38, 41, 
  47, 52, 54, 55, 56, 58, 60, 63 ],
[ 1, 2, 3, 6, 10, 16, 18, 19, 22, 23, 28, 29, 31, 34, 35, 36, 39, 41, 42, 44, 
  49, 51, 52, 54, 56, 58, 59, 63 ],
[ 1, 2, 3, 6, 10, 16, 17, 18, 19, 21, 22, 24, 26, 28, 29, 30, 31, 32, 33, 34, 
  35, 37, 41, 52, 54, 56, 60, 64 ],
[ 1, 2, 3, 6, 10, 14, 18, 19, 22, 23, 27, 28, 30, 32, 34, 35, 36, 37, 39, 41, 
  42, 43, 44, 50, 51, 55, 63, 64 ],
[ 1, 2, 3, 6, 10, 14, 16, 18, 19, 22, 27, 28, 30, 32, 34, 38, 39, 41, 42, 43, 
  44, 45, 50, 51, 53, 54, 58, 63 ],
[ 1, 2, 3, 6, 10, 12, 15, 16, 18, 19, 22, 28, 30, 32, 34, 37, 39, 41, 42, 43, 
  44, 47, 48, 50, 52, 53, 54, 63 ],
[ 1, 2, 3, 6, 10, 12, 14, 16, 18, 19, 22, 24, 25, 28, 32, 34, 36, 38, 39, 41, 
  42, 43, 44, 49, 50, 54, 56, 62 ],
[ 1, 2, 3, 6, 10, 12, 13, 16, 18, 19, 22, 28, 32, 34, 36, 39, 41, 42, 43, 44, 
  45, 49, 50, 53, 54, 56, 58, 62 ],
[ 1, 2, 3, 6, 9, 14, 15, 18, 21, 26, 28, 29, 30, 31, 32, 33, 34, 36, 37, 38, 
  39, 41, 42, 43, 44, 51, 57, 61 ],
[ 1, 2, 3, 6, 9, 13, 18, 21, 26, 28, 29, 30, 31, 32, 33, 34, 35, 36, 39, 41, 
  42, 43, 44, 51, 53, 57, 61, 63 ],
[ 1, 2, 3, 6, 9, 11, 12, 18, 20, 21, 24, 25, 28, 32, 33, 34, 35, 39, 41, 43, 
  44, 49, 50, 53, 54, 55, 56, 57 ],
[ 1, 2, 3, 6, 9, 11, 12, 14, 15, 18, 20, 21, 28, 32, 33, 34, 39, 41, 43, 44, 
  45, 49, 50, 54, 55, 56, 57, 58 ],
[ 1, 2, 3, 6, 7, 17, 18, 19, 22, 26, 28, 29, 30, 32, 33, 34, 35, 47, 49, 52, 
  54, 55, 56, 57, 58, 60, 62, 63 ],
[ 1, 2, 3, 6, 7, 16, 18, 19, 22, 23, 28, 29, 30, 32, 34, 37, 39, 40, 43, 44, 
  49, 52, 54, 55, 56, 58, 62, 63 ],
[ 1, 2, 3, 6, 7, 16, 17, 18, 19, 22, 26, 28, 29, 30, 32, 34, 36, 37, 38, 47, 
  49, 52, 54, 56, 57, 58, 60, 62 ],
[ 1, 2, 3, 6, 7, 14, 17, 18, 19, 22, 28, 31, 32, 33, 34, 36, 38, 39, 43, 45, 
  49, 51, 52, 54, 55, 60, 62, 64 ],
[ 1, 2, 3, 6, 7, 14, 17, 18, 19, 22, 24, 27, 28, 29, 34, 36, 38, 39, 43, 48, 
  49, 50, 51, 52, 53, 55, 60, 63 ],
[ 1, 2, 3, 6, 7, 14, 16, 17, 18, 19, 22, 26, 28, 31, 32, 34, 36, 38, 39, 45, 
  49, 51, 52, 54, 56, 61, 62, 64 ],
[ 1, 2, 3, 6, 7, 14, 16, 17, 18, 19, 22, 24, 27, 28, 29, 34, 35, 37, 39, 44, 
  48, 49, 50, 51, 52, 54, 59, 63 ],
[ 1, 2, 3, 6, 7, 12, 15, 17, 18, 21, 25, 28, 29, 30, 32, 34, 36, 37, 38, 39, 
  43, 44, 47, 50, 51, 53, 56, 57 ],
[ 1, 2, 3, 6, 7, 12, 14, 17, 18, 19, 22, 24, 26, 27, 28, 29, 30, 34, 36, 38, 
  39, 48, 49, 52, 53, 55, 61, 63 ],
[ 1, 2, 3, 6, 7, 12, 14, 16, 17, 18, 19, 22, 23, 27, 28, 29, 30, 34, 35, 37, 
  39, 44, 49, 52, 54, 58, 59, 63 ],
[ 1, 2, 3, 6, 7, 12, 13, 17, 18, 21, 25, 28, 29, 30, 32, 33, 34, 35, 37, 39, 
  43, 44, 47, 50, 51, 53, 54, 57 ],
[ 1, 2, 3, 6, 7, 11, 18, 22, 28, 29, 31, 33, 34, 35, 36, 37, 38, 39, 41, 43, 
  44, 49, 50, 52, 57, 59, 60, 63 ],
[ 1, 2, 3, 6, 7, 11, 18, 22, 27, 28, 29, 30, 31, 33, 34, 35, 36, 37, 38, 39, 
  41, 43, 44, 49, 57, 59, 60, 63 ],
[ 1, 2, 3, 6, 7, 11, 18, 21, 23, 28, 29, 32, 33, 34, 37, 38, 39, 40, 44, 49, 
  51, 52, 54, 55, 56, 57, 58, 59 ],
[ 1, 2, 3, 6, 7, 11, 18, 20, 22, 24, 28, 29, 31, 33, 34, 35, 36, 37, 38, 41, 
  42, 44, 47, 49, 50, 52, 60, 63 ],
[ 1, 2, 3, 6, 7, 11, 18, 20, 22, 24, 27, 28, 29, 30, 31, 33, 34, 35, 36, 37, 
  38, 41, 42, 44, 47, 49, 60, 63 ],
[ 1, 2, 3, 6, 7, 11, 17, 18, 22, 28, 29, 31, 33, 34, 35, 36, 37, 38, 40, 41, 
  44, 49, 50, 52, 58, 60, 63, 64 ],
[ 1, 2, 3, 6, 7, 11, 17, 18, 22, 27, 28, 29, 30, 31, 33, 34, 35, 36, 37, 38, 
  40, 41, 44, 49, 58, 60, 63, 64 ],
[ 1, 2, 3, 6, 7, 11, 17, 18, 21, 26, 28, 30, 31, 32, 33, 34, 36, 37, 38, 39, 
  45, 48, 49, 52, 54, 55, 57, 60 ],
[ 1, 2, 3, 6, 7, 11, 17, 18, 21, 25, 26, 28, 30, 31, 32, 33, 34, 36, 37, 38, 
  39, 44, 45, 49, 52, 54, 55, 57 ],
[ 1, 2, 3, 6, 7, 11, 17, 18, 19, 22, 24, 25, 28, 30, 31, 33, 34, 35, 36, 39, 
  43, 44, 49, 51, 54, 55, 62, 63 ],
[ 1, 2, 3, 6, 7, 11, 16, 18, 21, 24, 28, 29, 32, 33, 34, 36, 37, 38, 39, 40, 
  44, 48, 49, 51, 52, 56, 57, 59 ],
[ 1, 2, 3, 6, 7, 11, 16, 18, 19, 21, 27, 28, 30, 32, 34, 35, 36, 39, 41, 43, 
  45, 49, 53, 54, 56, 58, 60, 62 ],
[ 1, 2, 3, 6, 7, 11, 16, 18, 19, 21, 24, 25, 26, 28, 32, 34, 35, 36, 39, 41, 
  49, 50, 52, 53, 54, 56, 61, 62 ],
[ 1, 2, 3, 6, 7, 11, 16, 17, 18, 21, 23, 25, 26, 28, 30, 31, 32, 33, 34, 35, 
  36, 39, 49, 52, 56, 57, 60, 63 ],
[ 1, 2, 3, 6, 7, 11, 16, 17, 18, 19, 22, 28, 30, 31, 34, 35, 36, 39, 43, 44, 
  45, 49, 51, 54, 56, 58, 62, 63 ],
[ 1, 2, 3, 6, 7, 11, 15, 17, 18, 21, 25, 26, 28, 30, 31, 32, 33, 34, 37, 39, 
  44, 45, 49, 52, 54, 55, 56, 57 ],
[ 1, 2, 3, 6, 7, 11, 15, 17, 18, 20, 26, 27, 28, 29, 31, 32, 34, 36, 37, 38, 
  39, 40, 47, 51, 53, 56, 58, 60 ],
[ 1, 2, 3, 6, 7, 11, 14, 15, 18, 19, 22, 26, 28, 31, 34, 37, 38, 39, 40, 49, 
  51, 52, 54, 56, 59, 60, 61, 62 ],
[ 1, 2, 3, 6, 7, 11, 14, 15, 18, 19, 22, 26, 28, 31, 33, 34, 36, 37, 38, 39, 
  40, 43, 46, 49, 51, 52, 60, 62 ],
[ 1, 2, 3, 6, 7, 11, 13, 15, 18, 22, 28, 29, 31, 34, 37, 39, 41, 43, 44, 49, 
  50, 52, 54, 56, 57, 59, 60, 63 ],
[ 1, 2, 3, 6, 7, 11, 13, 15, 18, 22, 27, 28, 29, 30, 31, 34, 37, 39, 41, 43, 
  44, 49, 54, 56, 57, 59, 60, 63 ],
[ 1, 2, 3, 6, 7, 11, 13, 15, 18, 20, 22, 24, 28, 29, 31, 34, 37, 41, 42, 44, 
  47, 49, 50, 52, 54, 56, 60, 63 ],
[ 1, 2, 3, 6, 7, 11, 13, 15, 18, 20, 22, 24, 27, 28, 29, 30, 31, 34, 37, 41, 
  42, 44, 47, 49, 54, 56, 60, 63 ],
[ 1, 2, 3, 6, 7, 11, 13, 15, 17, 18, 22, 28, 29, 31, 34, 37, 40, 41, 44, 49, 
  50, 52, 54, 56, 58, 60, 63, 64 ],
[ 1, 2, 3, 6, 7, 11, 13, 15, 17, 18, 22, 27, 28, 29, 30, 31, 34, 37, 40, 41, 
  44, 49, 54, 56, 58, 60, 63, 64 ],
[ 1, 2, 3, 6, 7, 10, 17, 18, 19, 22, 26, 27, 28, 29, 31, 32, 33, 34, 35, 47, 
  50, 54, 55, 56, 57, 58, 60, 63 ],
[ 1, 2, 3, 6, 7, 10, 16, 17, 18, 19, 22, 26, 27, 28, 29, 31, 32, 34, 36, 37, 
  38, 47, 50, 54, 56, 57, 58, 60 ],
[ 1, 2, 3, 6, 7, 10, 15, 18, 22, 28, 29, 32, 34, 35, 37, 39, 41, 43, 44, 49, 
  50, 52, 53, 54, 56, 57, 59, 60 ],
[ 1, 2, 3, 6, 7, 10, 15, 18, 22, 28, 29, 32, 33, 34, 35, 36, 37, 39, 41, 43, 
  44, 49, 50, 52, 53, 57, 59, 60 ],
[ 1, 2, 3, 6, 7, 10, 15, 18, 20, 22, 24, 28, 29, 32, 34, 35, 37, 41, 42, 44, 
  47, 49, 50, 52, 53, 54, 56, 60 ],
[ 1, 2, 3, 6, 7, 10, 15, 18, 20, 22, 24, 28, 29, 32, 33, 34, 35, 36, 37, 41, 
  42, 44, 47, 49, 50, 52, 53, 60 ],
[ 1, 2, 3, 6, 7, 10, 15, 17, 18, 22, 28, 29, 32, 34, 35, 37, 40, 41, 44, 49, 
  50, 52, 53, 54, 56, 58, 60, 64 ],
[ 1, 2, 3, 6, 7, 10, 15, 17, 18, 22, 28, 29, 32, 33, 34, 35, 36, 37, 40, 41, 
  44, 49, 50, 52, 53, 58, 60, 64 ],
[ 1, 2, 3, 6, 7, 10, 14, 16, 17, 18, 19, 22, 24, 25, 28, 30, 32, 34, 36, 38, 
  39, 43, 44, 49, 51, 54, 56, 62 ],
[ 1, 2, 3, 6, 7, 10, 14, 16, 17, 18, 19, 22, 23, 27, 28, 30, 32, 34, 35, 37, 
  39, 43, 44, 50, 51, 54, 63, 64 ],
[ 1, 2, 3, 6, 7, 10, 14, 15, 18, 22, 28, 29, 32, 33, 34, 35, 36, 39, 41, 43, 
  44, 49, 50, 52, 57, 59, 60, 63 ],
[ 1, 2, 3, 6, 7, 10, 14, 15, 18, 20, 22, 24, 28, 29, 32, 34, 35, 41, 42, 44, 
  47, 49, 50, 52, 54, 56, 60, 63 ],
[ 1, 2, 3, 6, 7, 10, 14, 15, 18, 20, 22, 24, 28, 29, 32, 33, 34, 35, 36, 41, 
  42, 44, 47, 49, 50, 52, 60, 63 ],
[ 1, 2, 3, 6, 7, 10, 13, 18, 22, 28, 29, 32, 34, 37, 38, 39, 41, 43, 44, 49, 
  50, 52, 53, 54, 56, 57, 59, 60 ],
[ 1, 2, 3, 6, 7, 10, 13, 18, 20, 22, 24, 28, 29, 32, 34, 37, 38, 41, 42, 44, 
  47, 49, 50, 52, 53, 54, 56, 60 ],
[ 1, 2, 3, 6, 7, 10, 13, 17, 18, 22, 28, 29, 32, 34, 37, 38, 40, 41, 44, 49, 
  50, 52, 53, 54, 56, 58, 60, 64 ],
[ 1, 2, 3, 6, 7, 10, 13, 16, 17, 18, 19, 22, 28, 30, 32, 34, 36, 39, 43, 44, 
  45, 49, 51, 53, 54, 56, 58, 62 ],
[ 1, 2, 3, 6, 7, 10, 13, 14, 18, 20, 22, 24, 28, 29, 32, 33, 34, 36, 38, 41, 
  42, 44, 47, 49, 50, 52, 60, 63 ],
[ 1, 2, 3, 6, 7, 10, 13, 14, 16, 17, 18, 19, 22, 27, 28, 30, 32, 34, 37, 39, 
  43, 44, 45, 50, 51, 53, 54, 58 ],
[ 1, 2, 3, 6, 7, 10, 12, 17, 18, 19, 22, 24, 27, 28, 29, 31, 33, 34, 35, 36, 
  39, 44, 48, 49, 54, 55, 59, 63 ],
[ 1, 2, 3, 6, 7, 10, 12, 16, 17, 18, 19, 22, 23, 27, 28, 29, 31, 34, 35, 36, 
  39, 44, 49, 54, 56, 58, 59, 63 ],
[ 1, 2, 3, 6, 7, 10, 12, 15, 17, 18, 19, 22, 28, 30, 32, 34, 36, 37, 39, 43, 
  44, 47, 48, 50, 52, 53, 55, 63 ],
[ 1, 2, 3, 6, 7, 10, 12, 13, 14, 16, 17, 18, 19, 22, 24, 25, 28, 30, 32, 34, 
  37, 39, 43, 44, 50, 52, 53, 54 ],
[ 1, 2, 3, 6, 7, 9, 18, 22, 28, 31, 32, 33, 34, 35, 36, 37, 38, 39, 41, 43, 
  44, 49, 50, 52, 57, 59, 60, 63 ],
[ 1, 2, 3, 6, 7, 9, 18, 20, 22, 24, 28, 31, 32, 33, 34, 35, 36, 37, 38, 41, 
  42, 44, 47, 49, 50, 52, 60, 63 ],
[ 1, 2, 3, 6, 7, 9, 17, 18, 22, 28, 31, 32, 33, 34, 35, 36, 37, 38, 40, 41, 
  44, 49, 50, 52, 58, 60, 63, 64 ],
[ 1, 2, 3, 6, 7, 9, 13, 15, 18, 22, 28, 31, 32, 34, 37, 39, 41, 43, 44, 49, 
  50, 52, 54, 56, 57, 59, 60, 63 ],
[ 1, 2, 3, 6, 7, 9, 13, 15, 18, 20, 22, 24, 28, 31, 32, 34, 37, 41, 42, 44, 
  47, 49, 50, 52, 54, 56, 60, 63 ],
[ 1, 2, 3, 6, 7, 9, 13, 15, 17, 18, 22, 28, 31, 32, 34, 37, 40, 41, 44, 49, 
  50, 52, 54, 56, 58, 60, 63, 64 ],
[ 1, 2, 3, 6, 7, 9, 11, 16, 18, 21, 28, 30, 32, 33, 34, 35, 36, 39, 40, 43, 
  44, 45, 49, 51, 53, 56, 57, 58 ],
[ 1, 2, 3, 6, 7, 9, 11, 14, 15, 16, 18, 21, 24, 25, 28, 30, 32, 33, 34, 36, 
  39, 40, 43, 44, 49, 51, 56, 57 ],
[ 1, 2, 3, 5, 14, 15, 18, 19, 20, 21, 25, 26, 27, 28, 30, 31, 32, 34, 36, 38, 
  39, 41, 44, 45, 50, 51, 56, 63 ],
[ 1, 2, 3, 5, 13, 14, 18, 19, 20, 21, 25, 26, 27, 28, 30, 31, 32, 33, 34, 35, 
  39, 41, 44, 45, 50, 51, 54, 63 ],
[ 1, 2, 3, 5, 12, 15, 18, 19, 20, 21, 26, 27, 28, 29, 30, 34, 36, 37, 38, 39, 
  41, 45, 48, 52, 53, 56, 60, 62 ],
[ 1, 2, 3, 5, 12, 14, 15, 18, 19, 20, 21, 23, 25, 26, 27, 28, 29, 30, 34, 36, 
  38, 39, 41, 52, 56, 60, 62, 63 ],
[ 1, 2, 3, 5, 11, 12, 18, 19, 20, 22, 28, 32, 33, 34, 35, 37, 38, 40, 43, 44, 
  49, 51, 53, 56, 57, 59, 60, 62 ],
[ 1, 2, 3, 5, 11, 12, 13, 14, 15, 18, 19, 20, 22, 28, 32, 33, 34, 40, 43, 44, 
  49, 51, 56, 57, 59, 60, 62, 63 ],
[ 1, 2, 3, 5, 10, 11, 15, 17, 18, 19, 23, 24, 27, 28, 29, 32, 34, 36, 39, 41, 
  44, 46, 51, 54, 55, 56, 57, 63 ],
[ 1, 2, 3, 5, 10, 11, 15, 16, 17, 18, 19, 27, 28, 29, 32, 33, 34, 36, 39, 41, 
  44, 46, 48, 51, 54, 57, 58, 63 ],
[ 1, 2, 3, 5, 10, 11, 12, 18, 19, 20, 22, 28, 31, 32, 33, 34, 35, 37, 38, 40, 
  44, 46, 51, 53, 56, 57, 60, 61 ],
[ 1, 2, 3, 5, 10, 11, 12, 16, 17, 18, 21, 22, 28, 29, 32, 33, 34, 36, 38, 41, 
  44, 46, 48, 52, 53, 54, 57, 58 ],
[ 1, 2, 3, 5, 10, 11, 12, 13, 14, 16, 17, 18, 21, 22, 23, 24, 28, 29, 32, 33, 
  34, 36, 41, 44, 46, 52, 54, 57 ],
[ 1, 2, 3, 5, 9, 14, 18, 21, 22, 25, 27, 28, 29, 32, 33, 34, 35, 36, 39, 40, 
  41, 44, 46, 51, 55, 56, 62, 64 ],
[ 1, 2, 3, 5, 9, 14, 16, 18, 21, 22, 27, 28, 29, 32, 33, 34, 35, 39, 40, 41, 
  44, 45, 46, 47, 51, 54, 56, 62 ],
[ 1, 2, 3, 5, 9, 14, 15, 18, 20, 22, 28, 29, 31, 32, 33, 34, 39, 41, 44, 45, 
  51, 52, 54, 55, 56, 57, 59, 64 ],
[ 1, 2, 3, 5, 9, 14, 15, 16, 18, 20, 22, 25, 28, 29, 31, 32, 33, 34, 36, 39, 
  41, 44, 47, 51, 52, 56, 57, 59 ],
[ 1, 2, 3, 5, 9, 12, 17, 18, 19, 24, 28, 29, 30, 32, 34, 36, 38, 39, 41, 44, 
  45, 49, 53, 54, 55, 56, 57, 61 ],
[ 1, 2, 3, 5, 9, 12, 13, 14, 17, 18, 19, 25, 28, 29, 30, 32, 34, 36, 39, 41, 
  44, 49, 54, 55, 56, 57, 58, 61 ],
[ 1, 2, 3, 5, 9, 11, 12, 18, 20, 22, 28, 32, 33, 34, 37, 38, 39, 41, 43, 44, 
  45, 49, 50, 54, 55, 56, 57, 58 ],
[ 1, 2, 3, 5, 9, 11, 12, 16, 18, 20, 22, 24, 25, 28, 32, 33, 34, 36, 37, 38, 
  39, 41, 43, 44, 49, 50, 56, 57 ],
[ 1, 2, 3, 5, 7, 13, 15, 18, 19, 20, 25, 26, 28, 30, 32, 33, 34, 39, 44, 45, 
  50, 51, 52, 53, 54, 57, 62, 63 ],
[ 1, 2, 3, 5, 7, 13, 14, 15, 18, 19, 20, 25, 26, 28, 30, 32, 34, 36, 37, 39, 
  44, 45, 50, 51, 52, 56, 57, 62 ],
[ 1, 2, 3, 5, 7, 11, 12, 17, 18, 19, 21, 24, 27, 28, 29, 32, 33, 34, 35, 36, 
  39, 44, 48, 49, 54, 55, 59, 63 ],
[ 1, 2, 3, 5, 7, 11, 12, 16, 17, 18, 19, 21, 23, 27, 28, 29, 32, 34, 35, 36, 
  39, 44, 49, 54, 56, 58, 59, 63 ],
[ 1, 2, 3, 5, 7, 11, 12, 14, 15, 18, 19, 21, 26, 27, 28, 29, 32, 34, 37, 38, 
  39, 40, 43, 46, 54, 56, 60, 62 ],
[ 1, 2, 3, 5, 7, 11, 12, 14, 15, 18, 19, 21, 26, 27, 28, 29, 32, 33, 34, 36, 
  37, 38, 39, 40, 59, 60, 61, 62 ],
[ 1, 2, 3, 5, 7, 9, 11, 12, 14, 17, 18, 19, 21, 28, 32, 33, 34, 36, 38, 39, 
  43, 44, 45, 49, 50, 54, 55, 58 ],
[ 1, 2, 3, 5, 7, 9, 11, 12, 13, 17, 18, 19, 21, 24, 25, 28, 32, 33, 34, 36, 
  39, 43, 44, 49, 50, 53, 54, 55 ],
[ 1, 2, 3, 5, 6, 15, 18, 19, 22, 24, 26, 27, 28, 29, 30, 31, 34, 36, 37, 38, 
  40, 41, 51, 52, 53, 56, 60, 64 ],
[ 1, 2, 3, 5, 6, 15, 17, 18, 19, 22, 24, 28, 29, 31, 34, 36, 41, 44, 45, 49, 
  50, 51, 54, 55, 56, 61, 62, 63 ],
[ 1, 2, 3, 5, 6, 15, 16, 17, 18, 19, 22, 25, 28, 29, 31, 33, 34, 36, 41, 44, 
  49, 50, 51, 54, 58, 61, 62, 63 ],
[ 1, 2, 3, 5, 6, 14, 15, 16, 17, 18, 19, 22, 23, 28, 30, 32, 34, 36, 37, 41, 
  44, 47, 49, 50, 51, 52, 61, 63 ],
[ 1, 2, 3, 5, 6, 13, 14, 17, 18, 19, 22, 24, 28, 30, 32, 34, 41, 44, 45, 49, 
  50, 51, 52, 53, 54, 55, 61, 63 ],
[ 1, 2, 3, 5, 6, 12, 17, 18, 19, 22, 27, 28, 30, 32, 34, 35, 37, 41, 44, 48, 
  49, 50, 53, 54, 55, 61, 63, 64 ],
[ 1, 2, 3, 5, 6, 11, 17, 18, 19, 22, 23, 24, 27, 28, 30, 34, 35, 37, 41, 44, 
  46, 49, 51, 52, 53, 54, 55, 63 ],
[ 1, 2, 3, 5, 6, 11, 14, 16, 17, 18, 19, 22, 23, 24, 27, 28, 30, 34, 36, 37, 
  38, 41, 49, 51, 52, 53, 60, 61 ],
[ 1, 2, 3, 5, 6, 11, 12, 17, 18, 19, 22, 27, 28, 34, 35, 37, 41, 44, 46, 48, 
  49, 50, 52, 53, 54, 55, 58, 63 ],
[ 1, 2, 3, 5, 6, 10, 15, 17, 18, 19, 22, 23, 24, 27, 28, 29, 34, 36, 41, 44, 
  46, 49, 51, 54, 55, 56, 62, 63 ],
[ 1, 2, 3, 5, 6, 10, 15, 16, 17, 18, 19, 22, 27, 28, 29, 33, 34, 36, 41, 44, 
  46, 48, 49, 51, 54, 58, 62, 63 ],
[ 1, 2, 3, 5, 6, 10, 12, 17, 18, 19, 22, 28, 31, 32, 34, 36, 38, 41, 45, 47, 
  52, 53, 54, 55, 56, 60, 61, 62 ],
[ 1, 2, 3, 5, 6, 10, 12, 17, 18, 19, 22, 24, 28, 30, 31, 32, 34, 36, 38, 41, 
  44, 45, 49, 53, 54, 55, 56, 61 ],
[ 1, 2, 3, 5, 6, 10, 12, 16, 17, 18, 19, 22, 26, 28, 31, 32, 33, 34, 36, 38, 
  41, 43, 45, 47, 52, 53, 54, 62 ],
[ 1, 2, 3, 5, 6, 10, 12, 13, 14, 17, 18, 19, 22, 25, 28, 30, 31, 32, 34, 36, 
  41, 44, 49, 54, 55, 56, 58, 61 ],
[ 1, 2, 3, 5, 6, 7, 14, 18, 19, 22, 24, 28, 30, 32, 34, 37, 38, 42, 44, 45, 
  49, 50, 51, 52, 53, 54, 55, 61 ],
[ 1, 2, 3, 5, 6, 7, 14, 15, 18, 19, 22, 23, 28, 30, 32, 34, 37, 42, 44, 47, 
  49, 50, 51, 52, 54, 55, 61, 63 ],
[ 1, 2, 3, 5, 6, 7, 12, 18, 19, 22, 25, 28, 29, 30, 31, 34, 35, 36, 37, 42, 
  44, 49, 54, 55, 56, 58, 61, 62 ],
[ 1, 2, 3, 5, 6, 7, 12, 16, 18, 19, 22, 27, 28, 30, 32, 34, 35, 36, 37, 42, 
  44, 48, 49, 50, 53, 61, 63, 64 ],
[ 1, 2, 3, 5, 6, 7, 12, 16, 18, 19, 22, 24, 28, 29, 30, 31, 33, 34, 35, 36, 
  37, 42, 44, 45, 49, 54, 61, 62 ],
[ 1, 2, 3, 5, 6, 7, 12, 14, 18, 19, 22, 25, 27, 28, 30, 32, 34, 37, 38, 42, 
  44, 49, 50, 53, 54, 55, 58, 61 ],
[ 1, 2, 3, 5, 6, 7, 11, 18, 21, 22, 28, 29, 31, 33, 34, 35, 36, 37, 38, 41, 
  44, 46, 49, 50, 52, 60, 61, 63 ],
[ 1, 2, 3, 5, 6, 7, 11, 18, 21, 22, 27, 28, 29, 30, 31, 33, 34, 35, 36, 37, 
  38, 41, 44, 46, 49, 60, 61, 63 ],
[ 1, 2, 3, 5, 6, 7, 11, 16, 18, 19, 22, 23, 24, 27, 28, 30, 34, 35, 36, 37, 
  42, 44, 46, 49, 51, 52, 53, 63 ],
[ 1, 2, 3, 5, 6, 7, 11, 16, 18, 19, 20, 22, 27, 28, 31, 32, 34, 37, 44, 48, 
  49, 50, 54, 55, 56, 58, 61, 63 ],
[ 1, 2, 3, 5, 6, 7, 11, 14, 18, 19, 22, 26, 27, 28, 30, 34, 37, 38, 42, 43, 
  48, 49, 51, 52, 53, 54, 55, 58 ],
[ 1, 2, 3, 5, 6, 7, 11, 13, 15, 18, 21, 22, 28, 29, 31, 34, 37, 41, 44, 46, 
  49, 50, 52, 54, 56, 60, 61, 63 ],
[ 1, 2, 3, 5, 6, 7, 11, 13, 15, 18, 21, 22, 27, 28, 29, 30, 31, 34, 37, 41, 
  44, 46, 49, 54, 56, 60, 61, 63 ],
[ 1, 2, 3, 5, 6, 7, 11, 12, 16, 18, 19, 22, 27, 28, 34, 35, 36, 37, 42, 44, 
  46, 48, 49, 50, 52, 53, 58, 63 ],
[ 1, 2, 3, 5, 6, 7, 11, 12, 14, 18, 19, 22, 27, 28, 34, 37, 38, 42, 48, 49, 
  50, 52, 53, 54, 55, 58, 60, 61 ],
[ 1, 2, 3, 5, 6, 7, 10, 18, 19, 22, 25, 26, 27, 28, 31, 32, 34, 36, 38, 42, 
  43, 51, 53, 54, 55, 56, 62, 64 ],
[ 1, 2, 3, 5, 6, 7, 10, 16, 18, 19, 22, 25, 27, 28, 31, 32, 33, 34, 36, 38, 
  42, 51, 53, 54, 60, 61, 62, 64 ],
[ 1, 2, 3, 5, 6, 7, 10, 15, 18, 21, 22, 28, 29, 32, 34, 35, 37, 41, 44, 46, 
  49, 50, 52, 53, 54, 56, 60, 61 ],
[ 1, 2, 3, 5, 6, 7, 10, 15, 18, 21, 22, 28, 29, 32, 33, 34, 35, 36, 37, 41, 
  44, 46, 49, 50, 52, 53, 60, 61 ],
[ 1, 2, 3, 5, 6, 7, 10, 14, 15, 18, 21, 22, 28, 29, 32, 34, 35, 41, 44, 46, 
  49, 50, 52, 54, 56, 60, 61, 63 ],
[ 1, 2, 3, 5, 6, 7, 10, 13, 18, 21, 22, 28, 29, 32, 34, 37, 38, 41, 44, 46, 
  49, 50, 52, 53, 54, 56, 60, 61 ],
[ 1, 2, 3, 5, 6, 7, 10, 13, 14, 18, 21, 22, 28, 29, 32, 33, 34, 36, 38, 41, 
  44, 46, 49, 50, 52, 60, 61, 63 ],
[ 1, 2, 3, 5, 6, 7, 10, 11, 16, 18, 19, 20, 22, 27, 28, 32, 33, 34, 36, 37, 
  44, 48, 50, 55, 58, 61, 62, 63 ],
[ 1, 2, 3, 5, 6, 7, 9, 18, 21, 22, 28, 31, 32, 33, 34, 35, 36, 37, 38, 41, 
  44, 46, 49, 50, 52, 60, 61, 63 ],
[ 1, 2, 3, 5, 6, 7, 9, 13, 15, 18, 21, 22, 28, 31, 32, 34, 37, 41, 44, 46, 
  49, 50, 52, 54, 56, 60, 61, 63 ],
[ 1, 2, 3, 4, 16, 18, 19, 20, 21, 22, 24, 26, 28, 29, 30, 32, 34, 36, 37, 38, 
  41, 49, 52, 54, 56, 60, 62, 64 ],
[ 1, 2, 3, 4, 12, 15, 18, 19, 22, 26, 28, 29, 30, 31, 33, 34, 36, 39, 40, 41, 
  48, 49, 53, 55, 56, 59, 62, 64 ],
[ 1, 2, 3, 4, 12, 15, 16, 18, 19, 22, 28, 29, 30, 31, 33, 34, 39, 40, 41, 46, 
  48, 49, 53, 54, 56, 60, 62, 64 ],
[ 1, 2, 3, 4, 11, 14, 16, 17, 18, 19, 22, 27, 28, 31, 32, 34, 36, 39, 41, 44, 
  48, 49, 50, 54, 55, 58, 61, 63 ],
[ 1, 2, 3, 4, 10, 16, 18, 19, 20, 21, 22, 24, 26, 27, 28, 29, 31, 32, 34, 36, 
  37, 38, 41, 50, 54, 56, 60, 64 ],
[ 1, 2, 3, 4, 10, 14, 18, 19, 22, 25, 27, 28, 31, 32, 33, 34, 35, 36, 39, 40, 
  41, 44, 46, 51, 55, 56, 62, 64 ],
[ 1, 2, 3, 4, 10, 14, 16, 18, 19, 22, 27, 28, 31, 32, 33, 34, 35, 39, 40, 41, 
  44, 45, 46, 47, 51, 54, 56, 62 ],
[ 1, 2, 3, 4, 10, 11, 16, 17, 18, 19, 22, 27, 28, 32, 34, 36, 37, 39, 41, 44, 
  48, 50, 53, 54, 55, 58, 61, 62 ],
[ 1, 2, 3, 4, 8, 18, 19, 20, 21, 22, 28, 29, 30, 32, 33, 34, 35, 41, 44, 47, 
  49, 52, 54, 55, 56, 58, 62, 63 ],
[ 1, 2, 3, 4, 8, 10, 18, 19, 20, 21, 22, 27, 28, 29, 31, 32, 33, 34, 35, 41, 
  44, 47, 50, 54, 55, 56, 58, 63 ],
[ 1, 2, 3, 4, 7, 14, 18, 19, 20, 22, 24, 28, 30, 32, 33, 34, 35, 39, 45, 46, 
  49, 50, 51, 52, 53, 55, 60, 63 ],
[ 1, 2, 3, 4, 7, 14, 16, 18, 19, 20, 22, 24, 28, 30, 32, 34, 37, 38, 39, 44, 
  45, 49, 50, 51, 52, 56, 61, 63 ],
[ 1, 2, 3, 4, 7, 14, 15, 16, 18, 19, 20, 22, 27, 28, 30, 32, 34, 37, 39, 44, 
  45, 46, 47, 51, 52, 53, 56, 62 ],
[ 1, 2, 3, 4, 7, 12, 14, 18, 19, 20, 22, 24, 26, 27, 28, 30, 32, 33, 34, 35, 
  39, 45, 49, 50, 53, 55, 59, 63 ],
[ 1, 2, 3, 4, 7, 12, 14, 15, 16, 18, 19, 20, 22, 25, 27, 28, 32, 34, 37, 39, 
  44, 46, 50, 52, 53, 56, 62, 64 ],
[ 1, 2, 3, 4, 7, 11, 14, 18, 19, 20, 22, 25, 26, 27, 28, 30, 33, 34, 35, 39, 
  43, 49, 51, 52, 53, 55, 63, 64 ],
[ 1, 2, 3, 4, 6, 14, 18, 20, 22, 25, 27, 28, 29, 34, 35, 37, 39, 41, 43, 47, 
  49, 50, 51, 52, 53, 55, 56, 60 ],
[ 1, 2, 3, 4, 6, 14, 15, 16, 18, 20, 22, 27, 28, 31, 32, 33, 34, 39, 41, 44, 
  45, 50, 51, 52, 53, 59, 63, 64 ],
[ 1, 2, 3, 4, 6, 12, 14, 18, 20, 22, 27, 28, 29, 30, 34, 35, 37, 39, 41, 43, 
  45, 49, 52, 53, 55, 56, 60, 64 ],
[ 1, 2, 3, 4, 6, 10, 16, 18, 20, 22, 27, 28, 30, 32, 33, 34, 37, 38, 39, 41, 
  43, 44, 45, 50, 51, 53, 58, 63 ],
[ 1, 2, 3, 4, 6, 10, 14, 18, 20, 22, 27, 28, 30, 32, 34, 35, 37, 39, 41, 45, 
  50, 51, 53, 55, 56, 58, 59, 60 ],
[ 1, 2, 3, 4, 6, 10, 12, 16, 18, 20, 22, 24, 25, 28, 30, 32, 33, 34, 37, 38, 
  39, 41, 43, 44, 50, 52, 53, 63 ],
[ 1, 2, 3, 4, 6, 7, 18, 22, 25, 28, 31, 32, 33, 34, 35, 39, 40, 44, 47, 49, 
  51, 52, 53, 54, 55, 56, 59, 62 ],
[ 1, 2, 3, 4, 6, 7, 16, 18, 22, 28, 31, 32, 33, 34, 35, 36, 39, 40, 44, 45, 
  49, 51, 52, 53, 56, 59, 62, 64 ],
[ 1, 2, 3, 4, 6, 7, 16, 17, 18, 22, 23, 28, 29, 30, 32, 34, 36, 37, 39, 43, 
  44, 49, 52, 53, 54, 55, 58, 62 ],
[ 1, 2, 3, 4, 6, 7, 11, 18, 22, 28, 30, 31, 33, 34, 35, 39, 40, 47, 48, 49, 
  51, 53, 54, 55, 56, 59, 60, 62 ],
[ 1, 2, 3, 4, 6, 7, 11, 16, 18, 22, 26, 28, 30, 31, 33, 34, 35, 36, 39, 40, 
  46, 47, 48, 49, 51, 53, 56, 62 ],
[ 1, 2, 3, 4, 6, 7, 10, 18, 22, 28, 30, 32, 33, 34, 37, 38, 39, 40, 43, 44, 
  45, 49, 51, 54, 55, 56, 58, 62 ],
[ 1, 2, 3, 4, 6, 7, 10, 16, 18, 22, 24, 25, 28, 30, 32, 33, 34, 36, 37, 38, 
  39, 40, 43, 44, 49, 51, 56, 62 ],
[ 1, 2, 3, 4, 6, 7, 10, 12, 18, 22, 25, 27, 28, 29, 31, 33, 34, 35, 39, 40, 
  43, 47, 49, 53, 54, 55, 56, 60 ],
[ 1, 2, 3, 4, 6, 7, 10, 12, 16, 18, 22, 25, 26, 27, 28, 29, 31, 33, 34, 35, 
  36, 39, 40, 47, 49, 53, 56, 61 ]
];

