## Group: [64, 246]
## Difference Sets: 133
## Time:  0:31:10.653

return [
[ 1, 5, 7, 10, 11, 14, 15, 17, 18, 20, 21, 22, 23, 24, 26, 27, 29, 30, 31, 
  34, 36, 37, 39, 40, 45, 60, 63, 64 ],
[ 1, 5, 7, 10, 11, 14, 15, 16, 17, 18, 19, 20, 21, 22, 23, 24, 27, 30, 31, 
  34, 36, 39, 45, 47, 50, 60, 63, 64 ],
[ 1, 5, 7, 10, 11, 12, 14, 15, 17, 18, 20, 21, 23, 24, 26, 27, 29, 30, 34, 
  36, 37, 39, 40, 42, 55, 59, 60, 64 ],
[ 1, 5, 7, 10, 11, 12, 14, 15, 16, 17, 18, 19, 20, 21, 23, 24, 27, 30, 34, 
  36, 39, 42, 47, 50, 55, 59, 60, 64 ],
[ 1, 5, 7, 9, 10, 11, 14, 15, 17, 18, 20, 21, 22, 23, 24, 26, 30, 31, 36, 37, 
  39, 40, 45, 50, 53, 55, 60, 64 ],
[ 1, 5, 7, 9, 10, 11, 14, 15, 16, 17, 18, 19, 20, 21, 24, 26, 30, 31, 34, 36, 
  39, 42, 43, 50, 55, 59, 60, 64 ],
[ 1, 5, 7, 9, 10, 11, 14, 15, 16, 17, 18, 19, 20, 21, 23, 24, 26, 30, 31, 36, 
  39, 42, 45, 50, 53, 60, 63, 64 ],
[ 1, 5, 7, 9, 10, 11, 14, 15, 16, 17, 18, 19, 20, 21, 22, 24, 29, 30, 31, 34, 
  36, 39, 43, 47, 59, 60, 63, 64 ],
[ 1, 5, 7, 9, 10, 11, 12, 14, 15, 17, 18, 20, 21, 24, 26, 30, 34, 36, 37, 39, 
  40, 42, 43, 45, 50, 55, 60, 64 ],
[ 1, 5, 7, 9, 10, 11, 12, 14, 15, 17, 18, 20, 21, 22, 24, 29, 30, 34, 36, 37, 
  39, 40, 43, 45, 47, 60, 63, 64 ],
[ 1, 5, 7, 9, 10, 11, 12, 14, 15, 17, 18, 20, 21, 22, 23, 24, 29, 30, 36, 37, 
  39, 40, 47, 53, 55, 59, 60, 64 ],
[ 1, 5, 7, 9, 10, 11, 12, 14, 15, 16, 17, 18, 19, 20, 21, 23, 24, 29, 30, 36, 
  39, 42, 47, 53, 59, 60, 63, 64 ],
[ 1, 5, 7, 8, 9, 10, 14, 15, 17, 20, 21, 22, 23, 24, 27, 30, 31, 32, 36, 37, 
  40, 41, 44, 45, 53, 55, 57, 64 ],
[ 1, 5, 7, 8, 9, 10, 14, 15, 17, 20, 21, 22, 23, 24, 27, 30, 31, 32, 34, 36, 
  37, 40, 41, 45, 57, 58, 60, 63 ],
[ 1, 5, 7, 8, 9, 10, 14, 15, 16, 17, 19, 20, 21, 24, 27, 30, 31, 32, 34, 36, 
  41, 42, 43, 44, 55, 57, 59, 64 ],
[ 1, 5, 7, 8, 9, 10, 14, 15, 16, 17, 19, 20, 21, 23, 24, 27, 30, 31, 32, 36, 
  41, 42, 44, 45, 53, 57, 63, 64 ],
[ 1, 5, 7, 8, 9, 10, 14, 15, 16, 17, 19, 20, 21, 22, 24, 27, 30, 31, 34, 36, 
  41, 43, 44, 52, 57, 59, 60, 63 ],
[ 1, 5, 7, 8, 9, 10, 14, 15, 16, 17, 19, 20, 21, 22, 23, 24, 27, 30, 31, 34, 
  36, 41, 45, 52, 57, 58, 63, 64 ],
[ 1, 5, 7, 8, 9, 10, 12, 14, 15, 17, 20, 21, 24, 27, 30, 32, 34, 36, 37, 40, 
  41, 42, 43, 44, 45, 55, 57, 64 ],
[ 1, 5, 7, 8, 9, 10, 12, 14, 15, 17, 20, 21, 23, 24, 27, 30, 32, 34, 36, 37, 
  40, 41, 42, 55, 57, 58, 59, 60 ],
[ 1, 5, 7, 8, 9, 10, 12, 14, 15, 17, 20, 21, 22, 24, 27, 30, 34, 36, 37, 40, 
  41, 43, 44, 45, 52, 57, 60, 63 ],
[ 1, 5, 7, 8, 9, 10, 12, 14, 15, 17, 20, 21, 22, 23, 24, 27, 30, 36, 37, 40, 
  41, 44, 52, 53, 55, 57, 59, 60 ],
[ 1, 5, 7, 8, 9, 10, 12, 14, 15, 16, 17, 19, 20, 21, 23, 24, 27, 30, 36, 41, 
  42, 44, 52, 53, 57, 59, 60, 63 ],
[ 1, 5, 7, 8, 9, 10, 12, 14, 15, 16, 17, 19, 20, 21, 23, 24, 27, 30, 34, 36, 
  41, 42, 52, 55, 57, 58, 59, 64 ],
[ 1, 5, 7, 8, 9, 10, 11, 14, 16, 17, 19, 20, 21, 22, 23, 24, 27, 30, 31, 34, 
  36, 39, 45, 56, 57, 60, 63, 64 ],
[ 1, 5, 7, 8, 9, 10, 11, 14, 16, 17, 18, 19, 20, 21, 22, 24, 27, 30, 31, 34, 
  36, 41, 43, 56, 59, 60, 63, 64 ],
[ 1, 5, 7, 8, 9, 10, 11, 14, 15, 17, 18, 20, 21, 22, 23, 30, 31, 34, 36, 37, 
  39, 40, 45, 47, 50, 60, 63, 64 ],
[ 1, 5, 7, 8, 9, 10, 11, 12, 14, 17, 20, 21, 23, 24, 27, 30, 34, 36, 37, 38, 
  39, 40, 41, 42, 55, 59, 60, 64 ],
[ 1, 5, 7, 8, 9, 10, 11, 12, 14, 17, 18, 20, 21, 24, 27, 30, 34, 36, 37, 38, 
  40, 42, 43, 45, 55, 57, 60, 64 ],
[ 1, 5, 6, 7, 10, 14, 15, 16, 17, 18, 19, 20, 21, 23, 24, 27, 30, 31, 32, 36, 
  39, 44, 45, 47, 50, 55, 63, 64 ],
[ 1, 5, 6, 7, 10, 12, 14, 15, 17, 18, 20, 21, 23, 24, 26, 27, 29, 30, 36, 37, 
  39, 40, 44, 52, 55, 59, 60, 63 ],
[ 1, 5, 6, 7, 10, 12, 14, 15, 16, 17, 18, 19, 20, 21, 23, 24, 27, 30, 36, 39, 
  44, 47, 50, 52, 55, 59, 60, 63 ],
[ 1, 5, 6, 7, 10, 11, 14, 16, 17, 18, 19, 20, 21, 23, 24, 27, 30, 31, 34, 36, 
  38, 45, 47, 50, 53, 57, 60, 64 ],
[ 1, 5, 6, 7, 10, 11, 12, 14, 16, 17, 18, 19, 20, 21, 23, 24, 27, 30, 34, 36, 
  41, 47, 50, 53, 56, 59, 60, 64 ],
[ 1, 5, 6, 7, 9, 10, 14, 15, 16, 17, 18, 19, 20, 21, 24, 29, 30, 31, 32, 36, 
  39, 43, 44, 47, 55, 59, 63, 64 ],
[ 1, 5, 6, 7, 9, 10, 14, 15, 16, 17, 18, 19, 20, 21, 24, 26, 30, 31, 36, 39, 
  43, 44, 50, 52, 55, 59, 60, 63 ],
[ 1, 5, 6, 7, 9, 10, 14, 15, 16, 17, 18, 19, 20, 21, 23, 24, 26, 30, 31, 36, 
  39, 45, 50, 52, 55, 58, 63, 64 ],
[ 1, 5, 6, 7, 9, 10, 12, 14, 15, 17, 18, 20, 21, 23, 24, 29, 30, 32, 36, 37, 
  39, 40, 47, 55, 58, 59, 60, 63 ],
[ 1, 5, 6, 7, 9, 10, 12, 14, 15, 16, 17, 18, 19, 20, 21, 23, 24, 29, 30, 36, 
  39, 47, 52, 55, 58, 59, 63, 64 ],
[ 1, 5, 6, 7, 9, 10, 11, 14, 16, 17, 18, 19, 20, 21, 24, 29, 30, 31, 34, 36, 
  38, 43, 47, 53, 57, 59, 60, 64 ],
[ 1, 5, 6, 7, 9, 10, 11, 14, 16, 17, 18, 19, 20, 21, 24, 26, 30, 31, 34, 36, 
  41, 43, 50, 53, 56, 59, 60, 64 ],
[ 1, 5, 6, 7, 9, 10, 11, 12, 14, 17, 18, 20, 21, 24, 29, 30, 34, 36, 37, 38, 
  40, 43, 45, 47, 53, 57, 60, 64 ],
[ 1, 5, 6, 7, 9, 10, 11, 12, 14, 16, 17, 19, 20, 21, 23, 24, 29, 30, 34, 36, 
  39, 47, 53, 56, 57, 59, 60, 64 ],
[ 1, 5, 6, 7, 8, 9, 10, 14, 16, 17, 19, 20, 21, 23, 24, 27, 30, 31, 32, 36, 
  39, 44, 45, 55, 56, 57, 63, 64 ],
[ 1, 5, 6, 7, 8, 9, 10, 14, 16, 17, 18, 19, 20, 21, 24, 27, 30, 31, 36, 38, 
  43, 44, 52, 55, 57, 59, 60, 63 ],
[ 1, 5, 6, 7, 8, 9, 10, 14, 16, 17, 18, 19, 20, 21, 23, 24, 27, 30, 31, 36, 
  38, 45, 52, 55, 57, 58, 63, 64 ],
[ 1, 5, 6, 7, 8, 9, 10, 12, 14, 16, 17, 19, 20, 21, 23, 24, 27, 30, 36, 39, 
  44, 52, 55, 56, 57, 59, 60, 63 ],
[ 1, 5, 6, 7, 8, 9, 10, 12, 14, 16, 17, 18, 19, 20, 21, 23, 24, 27, 30, 36, 
  41, 52, 55, 56, 58, 59, 63, 64 ],
[ 1, 5, 6, 7, 8, 9, 10, 12, 14, 15, 17, 18, 20, 21, 23, 24, 27, 30, 37, 40, 
  44, 52, 55, 56, 57, 59, 60, 63 ],
[ 1, 5, 6, 7, 8, 9, 10, 12, 14, 15, 16, 17, 18, 19, 20, 21, 23, 24, 27, 30, 
  38, 41, 44, 52, 55, 59, 60, 63 ],
[ 1, 3, 5, 10, 11, 14, 15, 17, 18, 20, 21, 22, 23, 24, 26, 27, 29, 30, 31, 
  33, 37, 39, 41, 42, 45, 60, 63, 64 ],
[ 1, 3, 5, 10, 11, 13, 14, 15, 16, 17, 18, 20, 21, 22, 24, 27, 29, 30, 31, 
  39, 41, 42, 43, 45, 47, 60, 63, 64 ],
[ 1, 3, 5, 10, 11, 12, 14, 15, 17, 18, 20, 21, 22, 23, 24, 27, 29, 30, 33, 
  37, 39, 42, 45, 47, 55, 57, 60, 64 ],
[ 1, 3, 5, 10, 11, 12, 13, 14, 16, 17, 18, 20, 21, 22, 23, 24, 27, 30, 36, 
  39, 41, 42, 47, 50, 55, 59, 60, 64 ],
[ 1, 3, 5, 8, 10, 11, 12, 14, 15, 17, 18, 20, 21, 22, 24, 29, 32, 33, 37, 39, 
  41, 42, 43, 45, 50, 58, 63, 64 ],
[ 1, 3, 5, 7, 10, 11, 14, 15, 16, 17, 18, 20, 22, 23, 24, 26, 27, 30, 31, 33, 
  39, 41, 42, 50, 59, 60, 63, 64 ],
[ 1, 3, 5, 7, 10, 11, 13, 14, 17, 18, 20, 22, 23, 24, 26, 27, 30, 31, 36, 37, 
  39, 41, 42, 50, 55, 59, 60, 64 ],
[ 1, 3, 5, 7, 10, 11, 13, 14, 17, 18, 20, 22, 23, 24, 26, 27, 29, 30, 31, 36, 
  37, 39, 42, 45, 57, 60, 63, 64 ],
[ 1, 3, 5, 7, 10, 11, 12, 14, 15, 16, 17, 18, 20, 22, 23, 24, 27, 30, 33, 39, 
  42, 47, 50, 55, 57, 59, 60, 64 ],
[ 1, 3, 5, 7, 8, 10, 14, 15, 16, 17, 18, 20, 22, 24, 29, 30, 31, 32, 33, 39, 
  42, 43, 44, 50, 55, 57, 59, 64 ],
[ 1, 3, 5, 7, 8, 10, 11, 12, 14, 15, 16, 17, 18, 20, 22, 23, 24, 29, 32, 33, 
  39, 42, 44, 50, 55, 57, 59, 60 ],
[ 1, 3, 5, 6, 10, 11, 14, 17, 18, 20, 21, 23, 24, 26, 27, 29, 30, 31, 33, 37, 
  38, 41, 42, 45, 53, 57, 60, 64 ],
[ 1, 3, 5, 6, 10, 11, 13, 14, 16, 17, 20, 21, 22, 24, 27, 29, 30, 31, 34, 39, 
  41, 43, 45, 47, 56, 57, 60, 64 ],
[ 1, 3, 5, 6, 10, 11, 13, 14, 16, 17, 18, 20, 21, 24, 27, 29, 30, 31, 38, 41, 
  42, 43, 45, 47, 53, 57, 60, 64 ],
[ 1, 3, 5, 6, 10, 11, 12, 14, 17, 20, 21, 23, 24, 27, 29, 30, 33, 34, 37, 38, 
  39, 41, 42, 45, 47, 57, 60, 64 ],
[ 1, 3, 5, 6, 10, 11, 12, 14, 17, 18, 20, 21, 22, 23, 24, 27, 29, 30, 33, 37, 
  41, 45, 47, 53, 56, 57, 60, 64 ],
[ 1, 3, 5, 6, 10, 11, 12, 13, 14, 16, 17, 20, 21, 22, 23, 24, 27, 30, 38, 39, 
  41, 47, 50, 53, 57, 59, 60, 64 ],
[ 1, 3, 5, 6, 10, 11, 12, 13, 14, 16, 17, 18, 20, 21, 23, 24, 27, 30, 34, 41, 
  42, 47, 50, 56, 57, 59, 60, 64 ],
[ 1, 3, 5, 6, 7, 10, 13, 14, 17, 20, 21, 24, 26, 28, 30, 31, 32, 33, 36, 40, 
  41, 43, 44, 45, 56, 57, 60, 62 ],
[ 1, 3, 5, 6, 7, 10, 12, 13, 14, 17, 20, 21, 24, 28, 30, 32, 33, 36, 40, 41, 
  43, 44, 45, 47, 51, 56, 57, 64 ],
[ 1, 3, 5, 6, 7, 10, 12, 13, 14, 17, 20, 21, 23, 24, 28, 30, 32, 33, 36, 40, 
  41, 47, 51, 56, 57, 58, 59, 60 ],
[ 1, 3, 5, 6, 7, 10, 12, 13, 14, 17, 20, 21, 23, 24, 26, 30, 33, 36, 40, 41, 
  44, 45, 49, 51, 52, 56, 57, 64 ],
[ 1, 3, 4, 5, 7, 10, 14, 15, 17, 21, 24, 26, 27, 28, 29, 30, 31, 33, 34, 36, 
  41, 46, 48, 52, 54, 55, 57, 62 ],
[ 1, 3, 4, 5, 7, 10, 14, 15, 17, 20, 21, 24, 26, 28, 30, 31, 32, 33, 36, 41, 
  42, 43, 44, 45, 54, 57, 60, 62 ],
[ 1, 3, 4, 5, 7, 10, 14, 15, 17, 20, 21, 23, 24, 26, 30, 31, 32, 33, 36, 41, 
  42, 44, 49, 51, 54, 57, 59, 60 ],
[ 1, 3, 4, 5, 7, 10, 14, 15, 17, 20, 21, 23, 24, 26, 27, 28, 29, 30, 31, 36, 
  39, 41, 45, 48, 56, 57, 63, 64 ],
[ 1, 3, 4, 5, 7, 10, 14, 15, 17, 18, 20, 21, 23, 24, 26, 27, 29, 30, 31, 36, 
  38, 41, 45, 49, 57, 61, 63, 64 ],
[ 1, 3, 4, 5, 7, 10, 12, 14, 15, 17, 21, 24, 27, 28, 29, 30, 32, 33, 34, 36, 
  41, 46, 47, 54, 55, 57, 61, 62 ],
[ 1, 3, 4, 5, 7, 10, 12, 14, 15, 17, 21, 24, 25, 27, 28, 29, 30, 32, 33, 36, 
  41, 47, 48, 53, 54, 57, 62, 63 ],
[ 1, 3, 4, 5, 7, 10, 12, 14, 15, 17, 20, 21, 24, 28, 30, 32, 33, 36, 41, 42, 
  43, 44, 45, 47, 51, 54, 57, 64 ],
[ 1, 3, 4, 5, 7, 10, 12, 14, 15, 17, 20, 21, 23, 24, 27, 30, 32, 34, 36, 41, 
  42, 47, 50, 55, 57, 58, 59, 60 ],
[ 1, 3, 4, 5, 7, 10, 12, 14, 15, 17, 20, 21, 23, 24, 26, 27, 29, 30, 34, 36, 
  41, 42, 52, 55, 57, 58, 59, 64 ],
[ 1, 3, 4, 5, 7, 10, 12, 14, 15, 17, 20, 21, 22, 24, 27, 30, 34, 36, 41, 43, 
  44, 45, 47, 50, 52, 57, 60, 63 ],
[ 1, 3, 4, 5, 7, 10, 12, 14, 15, 17, 20, 21, 22, 23, 24, 27, 30, 36, 41, 44, 
  47, 50, 52, 53, 55, 57, 59, 60 ],
[ 1, 3, 4, 5, 7, 10, 11, 14, 17, 18, 20, 21, 24, 26, 27, 30, 31, 34, 36, 38, 
  41, 42, 43, 45, 50, 60, 63, 64 ],
[ 1, 3, 4, 5, 7, 10, 11, 14, 17, 18, 20, 21, 23, 24, 26, 27, 30, 31, 36, 38, 
  41, 42, 50, 53, 55, 59, 60, 64 ],
[ 1, 3, 4, 5, 7, 10, 11, 14, 15, 17, 21, 24, 26, 27, 28, 29, 31, 32, 33, 36, 
  41, 46, 48, 53, 54, 57, 62, 63 ],
[ 1, 3, 4, 5, 7, 10, 11, 12, 14, 17, 20, 21, 23, 24, 27, 30, 34, 36, 38, 39, 
  41, 42, 47, 50, 55, 59, 60, 64 ],
[ 1, 3, 4, 5, 7, 10, 11, 12, 14, 17, 18, 20, 21, 22, 24, 27, 30, 34, 36, 41, 
  43, 45, 47, 50, 56, 60, 63, 64 ],
[ 1, 3, 4, 5, 7, 10, 11, 12, 14, 17, 18, 20, 21, 22, 23, 24, 27, 30, 36, 41, 
  47, 50, 53, 55, 56, 59, 60, 64 ],
[ 1, 3, 4, 5, 7, 10, 11, 12, 14, 15, 17, 21, 24, 27, 29, 33, 34, 36, 41, 46, 
  47, 49, 51, 52, 54, 55, 57, 61 ],
[ 1, 3, 4, 5, 7, 10, 11, 12, 14, 15, 17, 21, 24, 26, 27, 28, 33, 36, 41, 46, 
  48, 50, 51, 52, 53, 54, 57, 63 ],
[ 1, 3, 4, 5, 7, 10, 11, 12, 14, 15, 17, 20, 21, 24, 28, 33, 36, 41, 42, 43, 
  45, 47, 51, 52, 54, 57, 58, 60 ],
[ 1, 3, 4, 5, 7, 8, 10, 12, 14, 17, 20, 21, 22, 23, 24, 29, 30, 36, 39, 44, 
  50, 52, 53, 55, 56, 57, 59, 60 ],
[ 1, 3, 4, 5, 6, 7, 10, 12, 14, 17, 20, 21, 23, 24, 27, 30, 36, 38, 39, 41, 
  44, 47, 50, 52, 55, 59, 60, 63 ],
[ 1, 3, 4, 5, 6, 7, 10, 12, 14, 17, 18, 20, 21, 24, 27, 30, 36, 38, 43, 44, 
  45, 47, 50, 52, 55, 57, 60, 63 ],
[ 1, 2, 5, 10, 12, 13, 14, 15, 16, 17, 19, 20, 22, 24, 27, 30, 31, 33, 34, 
  36, 41, 44, 47, 50, 52, 57, 60, 63 ],
[ 1, 2, 5, 10, 12, 13, 14, 15, 16, 17, 19, 20, 22, 24, 27, 28, 31, 33, 34, 
  36, 41, 46, 47, 50, 51, 57, 61, 63 ],
[ 1, 2, 5, 9, 10, 12, 13, 14, 15, 16, 17, 19, 20, 22, 24, 29, 31, 33, 34, 36, 
  41, 46, 47, 49, 57, 61, 62, 63 ],
[ 1, 2, 5, 9, 10, 11, 12, 13, 14, 15, 16, 17, 19, 20, 22, 24, 29, 31, 32, 33, 
  34, 36, 41, 44, 47, 57, 60, 63 ],
[ 1, 2, 5, 7, 10, 14, 16, 17, 18, 20, 21, 23, 24, 27, 28, 31, 32, 33, 35, 36, 
  38, 40, 44, 49, 52, 56, 60, 63 ],
[ 1, 2, 5, 7, 10, 14, 15, 17, 19, 21, 23, 24, 25, 27, 30, 31, 32, 33, 35, 36, 
  37, 39, 44, 51, 52, 55, 57, 63 ],
[ 1, 2, 5, 7, 10, 14, 15, 17, 19, 20, 21, 23, 24, 27, 28, 31, 32, 33, 35, 37, 
  38, 39, 44, 49, 52, 56, 60, 63 ],
[ 1, 2, 5, 7, 10, 14, 15, 17, 19, 20, 21, 23, 24, 25, 27, 31, 32, 33, 35, 36, 
  37, 41, 42, 44, 49, 57, 60, 64 ],
[ 1, 2, 5, 7, 10, 14, 15, 16, 17, 20, 21, 23, 24, 27, 28, 31, 32, 33, 35, 36, 
  40, 41, 42, 44, 46, 57, 60, 64 ],
[ 1, 2, 5, 7, 10, 14, 15, 16, 17, 18, 20, 21, 24, 28, 30, 32, 33, 35, 36, 39, 
  40, 42, 44, 45, 47, 59, 60, 62 ],
[ 1, 2, 5, 7, 10, 12, 13, 14, 17, 18, 19, 20, 21, 24, 27, 28, 32, 36, 37, 38, 
  43, 44, 49, 52, 54, 56, 60, 63 ],
[ 1, 2, 5, 7, 10, 12, 13, 14, 15, 17, 18, 19, 21, 24, 27, 30, 32, 36, 37, 41, 
  43, 44, 46, 52, 54, 55, 62, 63 ],
[ 1, 2, 5, 7, 10, 12, 13, 14, 15, 16, 17, 20, 21, 24, 27, 28, 32, 38, 39, 40, 
  43, 44, 49, 52, 54, 56, 60, 63 ],
[ 1, 2, 5, 7, 10, 11, 14, 16, 17, 18, 20, 21, 23, 24, 27, 30, 31, 33, 35, 36, 
  38, 40, 44, 51, 56, 60, 62, 63 ],
[ 1, 2, 5, 7, 10, 11, 14, 15, 17, 19, 21, 23, 24, 27, 28, 30, 31, 33, 35, 36, 
  37, 39, 48, 52, 55, 57, 60, 63 ],
[ 1, 2, 5, 7, 10, 11, 14, 15, 17, 19, 20, 21, 23, 24, 27, 31, 33, 35, 36, 37, 
  41, 42, 44, 48, 57, 58, 60, 62 ],
[ 1, 2, 5, 7, 10, 11, 14, 15, 17, 19, 20, 21, 23, 24, 27, 30, 31, 33, 35, 37, 
  38, 39, 44, 51, 56, 60, 62, 63 ],
[ 1, 2, 5, 7, 10, 11, 14, 15, 17, 19, 20, 21, 23, 24, 27, 28, 31, 32, 33, 35, 
  36, 37, 41, 49, 56, 60, 63, 64 ],
[ 1, 2, 5, 7, 10, 11, 14, 15, 17, 18, 19, 21, 23, 24, 27, 30, 31, 32, 33, 35, 
  36, 37, 41, 49, 55, 61, 63, 64 ],
[ 1, 2, 5, 7, 10, 11, 14, 15, 16, 17, 20, 21, 23, 24, 27, 28, 31, 32, 33, 35, 
  36, 38, 40, 49, 57, 60, 63, 64 ],
[ 1, 2, 5, 7, 10, 11, 12, 13, 14, 15, 17, 19, 20, 21, 24, 27, 28, 32, 36, 37, 
  38, 43, 49, 54, 57, 60, 63, 64 ],
[ 1, 2, 5, 7, 10, 11, 12, 13, 14, 15, 16, 17, 20, 21, 24, 27, 30, 38, 39, 40, 
  43, 44, 51, 54, 56, 60, 62, 63 ],
[ 1, 2, 5, 7, 9, 10, 14, 16, 17, 18, 19, 20, 21, 24, 28, 31, 32, 33, 36, 38, 
  43, 44, 49, 52, 54, 56, 60, 63 ],
[ 1, 2, 5, 7, 9, 10, 14, 15, 17, 18, 19, 21, 24, 25, 30, 31, 32, 33, 35, 36, 
  37, 41, 43, 52, 55, 58, 62, 63 ],
[ 1, 2, 5, 7, 9, 10, 13, 14, 15, 16, 17, 20, 21, 24, 28, 30, 31, 36, 38, 40, 
  41, 43, 49, 52, 54, 55, 60, 64 ],
[ 1, 2, 5, 7, 9, 10, 12, 14, 15, 16, 17, 20, 21, 23, 24, 28, 30, 33, 35, 36, 
  40, 49, 52, 55, 56, 57, 60, 64 ],
[ 1, 2, 5, 7, 9, 10, 12, 14, 15, 16, 17, 19, 20, 21, 23, 24, 28, 32, 33, 38, 
  39, 49, 52, 54, 56, 58, 63, 64 ],
[ 1, 2, 5, 7, 9, 10, 12, 14, 15, 16, 17, 18, 19, 21, 23, 24, 25, 30, 32, 33, 
  36, 41, 44, 51, 52, 54, 55, 63 ],
[ 1, 2, 5, 7, 9, 10, 12, 13, 14, 15, 16, 17, 19, 20, 21, 23, 24, 28, 32, 35, 
  38, 39, 44, 49, 52, 56, 60, 63 ],
[ 1, 2, 5, 7, 9, 10, 11, 12, 13, 14, 15, 17, 19, 20, 21, 23, 24, 28, 32, 36, 
  37, 38, 41, 49, 54, 55, 60, 64 ],
[ 1, 2, 5, 6, 10, 12, 13, 14, 16, 17, 18, 19, 20, 24, 27, 30, 31, 33, 36, 38, 
  44, 47, 50, 52, 55, 57, 60, 63 ],
[ 1, 2, 5, 6, 10, 12, 13, 14, 16, 17, 18, 19, 20, 24, 27, 28, 31, 33, 36, 38, 
  46, 47, 50, 51, 55, 57, 61, 63 ],
[ 1, 2, 5, 6, 10, 12, 13, 14, 16, 17, 18, 19, 20, 24, 25, 27, 31, 33, 36, 38, 
  47, 48, 49, 50, 55, 57, 62, 63 ],
[ 1, 2, 5, 6, 7, 10, 14, 17, 19, 20, 21, 23, 24, 25, 27, 28, 31, 33, 35, 36, 
  37, 42, 48, 49, 55, 57, 60, 64 ],
[ 1, 2, 5, 6, 7, 10, 14, 16, 17, 20, 21, 22, 23, 24, 25, 27, 28, 31, 33, 35, 
  36, 40, 48, 49, 57, 60, 63, 64 ],
[ 1, 2, 5, 6, 7, 10, 12, 13, 14, 17, 19, 20, 21, 24, 27, 28, 30, 36, 37, 41, 
  43, 44, 48, 54, 56, 57, 60, 64 ],
[ 1, 2, 5, 6, 7, 9, 10, 14, 17, 19, 20, 21, 24, 25, 28, 31, 33, 35, 36, 37, 
  41, 42, 43, 48, 49, 60, 63, 64 ]
];

