## Group: [64, 27]
## Difference Sets: 24
## Time:  0:02:38.755

return [
[ 1, 4, 5, 7, 10, 12, 13, 14, 17, 21, 24, 26, 27, 28, 30, 32, 33, 34, 36, 37, 
  41, 46, 48, 50, 51, 53, 56, 57 ],
[ 1, 4, 5, 7, 10, 12, 13, 14, 17, 18, 21, 24, 26, 27, 28, 30, 32, 33, 36, 37, 
  39, 46, 48, 50, 51, 55, 56, 63 ],
[ 1, 4, 5, 7, 10, 12, 13, 14, 15, 17, 21, 24, 26, 27, 30, 32, 33, 34, 37, 38, 
  41, 46, 48, 49, 50, 53, 57, 62 ],
[ 1, 4, 5, 7, 10, 12, 13, 14, 15, 17, 18, 21, 24, 26, 27, 30, 32, 33, 37, 38, 
  39, 46, 48, 49, 50, 55, 62, 63 ],
[ 1, 3, 5, 6, 9, 10, 14, 17, 19, 20, 24, 25, 27, 29, 30, 31, 33, 35, 38, 39, 
  41, 47, 48, 50, 52, 53, 55, 56 ],
[ 1, 3, 5, 6, 9, 10, 13, 14, 17, 19, 20, 24, 25, 27, 29, 30, 31, 34, 38, 39, 
  41, 47, 48, 50, 52, 54, 56, 63 ],
[ 1, 3, 5, 6, 9, 10, 12, 14, 17, 20, 24, 26, 27, 29, 30, 32, 33, 34, 38, 39, 
  40, 46, 48, 50, 54, 55, 56, 57 ],
[ 1, 3, 5, 6, 9, 10, 12, 14, 17, 18, 20, 24, 26, 27, 29, 30, 32, 33, 38, 40, 
  41, 46, 48, 50, 53, 54, 56, 63 ],
[ 1, 3, 5, 6, 9, 10, 11, 14, 17, 19, 20, 24, 27, 29, 31, 32, 33, 35, 38, 39, 
  41, 46, 47, 50, 53, 55, 56, 61 ],
[ 1, 3, 5, 6, 9, 10, 11, 12, 14, 17, 20, 24, 25, 26, 27, 29, 33, 34, 38, 39, 
  40, 50, 52, 54, 55, 56, 57, 61 ],
[ 1, 3, 5, 6, 9, 10, 11, 12, 14, 17, 18, 20, 24, 25, 26, 27, 29, 33, 38, 40, 
  41, 50, 52, 53, 54, 56, 61, 63 ],
[ 1, 3, 5, 6, 8, 10, 14, 17, 19, 20, 24, 26, 27, 28, 30, 31, 33, 35, 38, 39, 
  41, 47, 50, 51, 52, 53, 55, 56 ],
[ 1, 3, 5, 6, 8, 10, 14, 17, 18, 19, 20, 24, 26, 27, 28, 30, 31, 33, 34, 35, 
  38, 47, 50, 51, 52, 56, 57, 63 ],
[ 1, 3, 5, 6, 8, 10, 11, 14, 17, 19, 20, 24, 26, 27, 31, 32, 33, 35, 38, 39, 
  41, 47, 49, 50, 53, 55, 56, 62 ],
[ 1, 2, 4, 7, 10, 12, 13, 14, 17, 18, 20, 24, 26, 27, 29, 30, 31, 32, 33, 36, 
  37, 39, 42, 55, 56, 58, 60, 63 ],
[ 1, 2, 4, 7, 10, 11, 12, 13, 14, 17, 18, 20, 24, 26, 27, 29, 31, 33, 36, 37, 
  39, 42, 44, 52, 55, 56, 63, 64 ],
[ 1, 2, 4, 7, 9, 10, 12, 13, 14, 17, 18, 20, 24, 26, 30, 31, 32, 33, 36, 37, 
  39, 42, 44, 50, 55, 56, 63, 64 ],
[ 1, 2, 4, 7, 9, 10, 11, 12, 13, 14, 17, 18, 20, 24, 26, 31, 33, 36, 37, 39, 
  42, 50, 52, 55, 56, 58, 60, 63 ],
[ 1, 2, 3, 5, 6, 10, 12, 14, 17, 20, 24, 26, 27, 29, 30, 31, 32, 33, 34, 38, 
  39, 40, 54, 55, 56, 57, 58, 60 ],
[ 1, 2, 3, 5, 6, 10, 12, 14, 17, 19, 20, 24, 27, 28, 31, 33, 35, 38, 39, 41, 
  46, 47, 50, 51, 53, 55, 56, 61 ],
[ 1, 2, 3, 5, 6, 10, 12, 14, 17, 19, 20, 24, 25, 27, 31, 33, 35, 38, 39, 41, 
  47, 48, 49, 50, 53, 55, 56, 62 ],
[ 1, 2, 3, 5, 6, 10, 12, 14, 17, 18, 20, 24, 26, 27, 29, 30, 31, 32, 33, 38, 
  40, 41, 53, 54, 56, 58, 60, 63 ],
[ 1, 2, 3, 5, 6, 10, 12, 13, 14, 17, 20, 24, 26, 27, 29, 30, 31, 32, 35, 38, 
  39, 40, 53, 56, 57, 58, 60, 63 ],
[ 1, 2, 3, 5, 6, 10, 12, 13, 14, 17, 18, 20, 24, 26, 27, 29, 30, 31, 32, 34, 
  35, 38, 40, 41, 55, 56, 58, 60 ]
];

