## Group: [64, 202]
## Difference Sets: 374
## Time:  0:24:19.636

return [
[ 1, 5, 8, 10, 13, 14, 16, 17, 18, 22, 24, 26, 27, 28, 29, 30, 31, 33, 34, 
  36, 38, 40, 41, 42, 47, 52, 53, 62 ],
[ 1, 5, 8, 10, 13, 14, 16, 17, 18, 22, 24, 25, 27, 28, 29, 30, 31, 33, 35, 
  36, 38, 40, 41, 42, 46, 52, 54, 62 ],
[ 1, 5, 8, 10, 13, 14, 16, 17, 18, 19, 22, 24, 26, 27, 28, 30, 31, 33, 34, 
  36, 38, 42, 47, 50, 51, 52, 53, 57 ],
[ 1, 5, 8, 10, 13, 14, 16, 17, 18, 19, 22, 24, 25, 27, 28, 30, 31, 33, 35, 
  36, 38, 42, 46, 50, 51, 52, 54, 57 ],
[ 1, 5, 8, 10, 13, 14, 15, 17, 19, 22, 24, 26, 27, 28, 29, 30, 31, 33, 34, 
  37, 38, 39, 41, 42, 47, 52, 53, 62 ],
[ 1, 5, 8, 10, 13, 14, 15, 17, 19, 22, 24, 25, 27, 28, 29, 30, 31, 33, 35, 
  37, 38, 39, 41, 42, 46, 52, 54, 62 ],
[ 1, 5, 8, 10, 13, 14, 15, 17, 18, 19, 22, 24, 26, 27, 29, 30, 31, 33, 34, 
  37, 38, 42, 47, 49, 51, 52, 53, 57 ],
[ 1, 5, 8, 10, 13, 14, 15, 17, 18, 19, 22, 24, 25, 27, 29, 30, 31, 33, 35, 
  37, 38, 42, 46, 49, 51, 52, 54, 57 ],
[ 1, 5, 8, 10, 13, 14, 15, 16, 17, 19, 22, 24, 26, 27, 28, 30, 31, 33, 34, 
  39, 41, 42, 47, 50, 51, 52, 53, 56 ],
[ 1, 5, 8, 10, 13, 14, 15, 16, 17, 19, 22, 24, 25, 27, 28, 30, 31, 33, 35, 
  39, 41, 42, 46, 50, 51, 52, 54, 56 ],
[ 1, 5, 8, 10, 13, 14, 15, 16, 17, 18, 22, 24, 26, 27, 29, 30, 31, 33, 34, 
  40, 41, 42, 47, 49, 51, 52, 53, 56 ],
[ 1, 5, 8, 10, 13, 14, 15, 16, 17, 18, 22, 24, 25, 27, 29, 30, 31, 33, 35, 
  40, 41, 42, 46, 49, 51, 52, 54, 56 ],
[ 1, 5, 8, 10, 12, 13, 14, 17, 18, 22, 24, 26, 27, 28, 29, 30, 32, 33, 34, 
  36, 37, 40, 41, 42, 47, 53, 56, 62 ],
[ 1, 5, 8, 10, 12, 13, 14, 17, 18, 22, 24, 25, 27, 28, 29, 30, 32, 33, 35, 
  36, 37, 40, 41, 42, 46, 54, 56, 62 ],
[ 1, 5, 8, 10, 12, 13, 14, 17, 18, 19, 22, 24, 26, 27, 28, 30, 32, 33, 34, 
  36, 37, 42, 47, 50, 51, 53, 56, 57 ],
[ 1, 5, 8, 10, 12, 13, 14, 17, 18, 19, 22, 24, 25, 27, 28, 30, 32, 33, 35, 
  36, 37, 42, 46, 50, 51, 54, 56, 57 ],
[ 1, 5, 8, 10, 12, 13, 14, 15, 17, 22, 24, 26, 27, 28, 29, 30, 32, 33, 34, 
  37, 38, 39, 40, 42, 47, 53, 57, 62 ],
[ 1, 5, 8, 10, 12, 13, 14, 15, 17, 22, 24, 25, 27, 28, 29, 30, 32, 33, 35, 
  37, 38, 39, 40, 42, 46, 54, 57, 62 ],
[ 1, 5, 8, 10, 12, 13, 14, 15, 17, 18, 19, 22, 24, 26, 27, 30, 32, 33, 34, 
  37, 38, 42, 47, 49, 50, 53, 57, 62 ],
[ 1, 5, 8, 10, 12, 13, 14, 15, 17, 18, 19, 22, 24, 25, 27, 30, 32, 33, 35, 
  37, 38, 42, 46, 49, 50, 54, 57, 62 ],
[ 1, 5, 8, 10, 12, 13, 14, 15, 16, 17, 22, 24, 26, 27, 28, 30, 32, 33, 34, 
  39, 40, 42, 47, 50, 51, 53, 56, 57 ],
[ 1, 5, 8, 10, 12, 13, 14, 15, 16, 17, 22, 24, 25, 27, 28, 30, 32, 33, 35, 
  39, 40, 42, 46, 50, 51, 54, 56, 57 ],
[ 1, 5, 8, 10, 12, 13, 14, 15, 16, 17, 18, 22, 24, 26, 27, 30, 32, 33, 34, 
  40, 41, 42, 47, 49, 50, 53, 56, 62 ],
[ 1, 5, 8, 10, 12, 13, 14, 15, 16, 17, 18, 22, 24, 25, 27, 30, 32, 33, 35, 
  40, 41, 42, 46, 49, 50, 54, 56, 62 ],
[ 1, 5, 8, 10, 11, 13, 14, 17, 19, 22, 24, 26, 27, 28, 29, 31, 32, 33, 34, 
  36, 37, 39, 41, 42, 47, 53, 56, 62 ],
[ 1, 5, 8, 10, 11, 13, 14, 17, 19, 22, 24, 25, 27, 28, 29, 31, 32, 33, 35, 
  36, 37, 39, 41, 42, 46, 54, 56, 62 ],
[ 1, 5, 8, 10, 11, 13, 14, 17, 18, 19, 22, 24, 26, 27, 29, 31, 32, 33, 34, 
  36, 37, 42, 47, 49, 51, 53, 56, 57 ],
[ 1, 5, 8, 10, 11, 13, 14, 17, 18, 19, 22, 24, 25, 27, 29, 31, 32, 33, 35, 
  36, 37, 42, 46, 49, 51, 54, 56, 57 ],
[ 1, 5, 8, 10, 11, 13, 14, 16, 17, 22, 24, 26, 27, 28, 29, 31, 32, 33, 34, 
  36, 38, 39, 40, 42, 47, 53, 57, 62 ],
[ 1, 5, 8, 10, 11, 13, 14, 16, 17, 22, 24, 25, 27, 28, 29, 31, 32, 33, 35, 
  36, 38, 39, 40, 42, 46, 54, 57, 62 ],
[ 1, 5, 8, 10, 11, 13, 14, 16, 17, 18, 19, 22, 24, 26, 27, 31, 32, 33, 34, 
  36, 38, 42, 47, 49, 50, 53, 57, 62 ],
[ 1, 5, 8, 10, 11, 13, 14, 16, 17, 18, 19, 22, 24, 25, 27, 31, 32, 33, 35, 
  36, 38, 42, 46, 49, 50, 54, 57, 62 ],
[ 1, 5, 8, 10, 11, 13, 14, 15, 16, 17, 22, 24, 26, 27, 29, 31, 32, 33, 34, 
  39, 40, 42, 47, 49, 51, 53, 56, 57 ],
[ 1, 5, 8, 10, 11, 13, 14, 15, 16, 17, 22, 24, 25, 27, 29, 31, 32, 33, 35, 
  39, 40, 42, 46, 49, 51, 54, 56, 57 ],
[ 1, 5, 8, 10, 11, 13, 14, 15, 16, 17, 19, 22, 24, 26, 27, 31, 32, 33, 34, 
  39, 41, 42, 47, 49, 50, 53, 56, 62 ],
[ 1, 5, 8, 10, 11, 13, 14, 15, 16, 17, 19, 22, 24, 25, 27, 31, 32, 33, 35, 
  39, 41, 42, 46, 49, 50, 54, 56, 62 ],
[ 1, 5, 8, 10, 11, 12, 13, 14, 17, 19, 22, 24, 26, 27, 28, 33, 34, 36, 37, 
  39, 41, 42, 47, 50, 51, 52, 53, 56 ],
[ 1, 5, 8, 10, 11, 12, 13, 14, 17, 18, 22, 24, 26, 27, 29, 33, 34, 36, 37, 
  40, 41, 42, 47, 49, 51, 52, 53, 56 ],
[ 1, 5, 8, 10, 11, 12, 13, 14, 17, 18, 22, 24, 25, 27, 29, 33, 35, 36, 37, 
  40, 41, 42, 46, 49, 51, 52, 54, 56 ],
[ 1, 5, 8, 10, 11, 12, 13, 14, 16, 17, 22, 24, 26, 27, 28, 33, 34, 36, 38, 
  39, 40, 42, 47, 50, 51, 52, 53, 57 ],
[ 1, 5, 8, 10, 11, 12, 13, 14, 16, 17, 22, 24, 25, 27, 28, 33, 35, 36, 38, 
  39, 40, 42, 46, 50, 51, 52, 54, 57 ],
[ 1, 5, 8, 10, 11, 12, 13, 14, 16, 17, 18, 22, 24, 26, 27, 33, 34, 36, 38, 
  40, 41, 42, 47, 49, 50, 52, 53, 62 ],
[ 1, 5, 8, 10, 11, 12, 13, 14, 16, 17, 18, 22, 24, 25, 27, 33, 35, 36, 38, 
  40, 41, 42, 46, 49, 50, 52, 54, 62 ],
[ 1, 5, 8, 10, 11, 12, 13, 14, 15, 17, 22, 24, 26, 27, 29, 33, 34, 37, 38, 
  39, 40, 42, 47, 49, 51, 52, 53, 57 ],
[ 1, 5, 8, 10, 11, 12, 13, 14, 15, 17, 22, 24, 25, 27, 29, 33, 35, 37, 38, 
  39, 40, 42, 46, 49, 51, 52, 54, 57 ],
[ 1, 5, 8, 10, 11, 12, 13, 14, 15, 17, 19, 22, 24, 26, 27, 33, 34, 37, 38, 
  39, 41, 42, 47, 49, 50, 52, 53, 62 ],
[ 1, 5, 8, 9, 10, 14, 16, 17, 18, 22, 24, 26, 27, 28, 30, 31, 33, 34, 35, 36, 
  38, 40, 41, 42, 47, 49, 52, 63 ],
[ 1, 5, 8, 9, 10, 14, 16, 17, 18, 20, 21, 22, 24, 26, 27, 28, 33, 36, 38, 40, 
  41, 42, 44, 45, 47, 49, 52, 63 ],
[ 1, 5, 8, 9, 10, 14, 16, 17, 18, 20, 21, 22, 24, 25, 27, 29, 33, 36, 38, 40, 
  41, 42, 44, 45, 46, 50, 52, 63 ],
[ 1, 5, 8, 9, 10, 14, 16, 17, 18, 19, 22, 24, 26, 27, 28, 30, 31, 33, 34, 36, 
  38, 42, 47, 49, 52, 54, 55, 57 ],
[ 1, 5, 8, 9, 10, 14, 15, 17, 19, 20, 21, 22, 24, 26, 27, 28, 33, 37, 38, 39, 
  41, 42, 44, 45, 47, 49, 52, 63 ],
[ 1, 5, 8, 9, 10, 14, 15, 17, 19, 20, 21, 22, 24, 25, 27, 29, 33, 37, 38, 39, 
  41, 42, 44, 45, 46, 50, 52, 63 ],
[ 1, 5, 8, 9, 10, 14, 15, 17, 18, 19, 22, 24, 26, 27, 28, 30, 31, 33, 35, 37, 
  38, 42, 47, 49, 52, 53, 55, 57 ],
[ 1, 5, 8, 9, 10, 13, 14, 16, 17, 18, 20, 21, 22, 24, 26, 27, 28, 36, 38, 40, 
  41, 42, 47, 49, 52, 55, 58, 59 ],
[ 1, 5, 8, 9, 10, 13, 14, 16, 17, 18, 20, 21, 22, 24, 25, 27, 29, 36, 38, 40, 
  41, 42, 46, 50, 52, 55, 58, 59 ],
[ 1, 5, 8, 9, 10, 13, 14, 15, 17, 19, 20, 21, 22, 24, 26, 27, 28, 37, 38, 39, 
  41, 42, 47, 49, 52, 55, 58, 59 ],
[ 1, 5, 8, 9, 10, 13, 14, 15, 17, 19, 20, 21, 22, 24, 25, 27, 29, 37, 38, 39, 
  41, 42, 46, 50, 52, 55, 58, 59 ],
[ 1, 5, 8, 9, 10, 12, 14, 17, 18, 22, 24, 26, 27, 28, 30, 32, 33, 34, 35, 36, 
  37, 40, 41, 42, 47, 49, 56, 63 ],
[ 1, 5, 8, 9, 10, 12, 14, 17, 18, 19, 22, 24, 26, 27, 28, 30, 32, 33, 34, 36, 
  37, 42, 47, 49, 54, 55, 56, 57 ],
[ 1, 5, 8, 9, 10, 12, 14, 15, 17, 18, 19, 22, 24, 26, 27, 28, 30, 32, 33, 37, 
  38, 42, 47, 49, 53, 54, 57, 63 ],
[ 1, 5, 8, 9, 10, 12, 14, 15, 16, 17, 22, 24, 26, 27, 28, 30, 32, 33, 34, 39, 
  40, 42, 47, 49, 54, 55, 56, 57 ],
[ 1, 5, 8, 9, 10, 12, 14, 15, 16, 17, 18, 22, 24, 26, 27, 28, 30, 32, 33, 40, 
  41, 42, 47, 49, 53, 54, 56, 63 ],
[ 1, 5, 8, 9, 10, 11, 12, 14, 17, 19, 22, 24, 26, 27, 28, 33, 34, 36, 37, 39, 
  41, 42, 47, 49, 52, 54, 55, 56 ],
[ 1, 5, 8, 9, 10, 11, 12, 14, 17, 18, 22, 24, 26, 27, 28, 33, 35, 36, 37, 40, 
  41, 42, 47, 49, 52, 53, 55, 56 ],
[ 1, 5, 8, 9, 10, 11, 12, 14, 16, 17, 18, 22, 24, 26, 27, 28, 33, 36, 38, 40, 
  41, 42, 47, 49, 52, 53, 54, 63 ],
[ 1, 5, 8, 9, 10, 11, 12, 14, 15, 17, 19, 22, 24, 26, 27, 28, 33, 37, 38, 39, 
  41, 42, 47, 49, 52, 53, 54, 63 ],
[ 1, 5, 7, 8, 10, 13, 14, 16, 17, 18, 21, 24, 25, 27, 28, 29, 30, 31, 33, 36, 
  38, 40, 41, 46, 52, 55, 62, 63 ],
[ 1, 5, 7, 8, 10, 13, 14, 16, 17, 18, 19, 21, 24, 25, 27, 28, 30, 31, 33, 36, 
  38, 46, 50, 51, 52, 55, 57, 63 ],
[ 1, 5, 7, 8, 10, 13, 14, 15, 17, 19, 21, 24, 25, 27, 28, 29, 30, 31, 33, 37, 
  38, 39, 41, 46, 52, 55, 62, 63 ],
[ 1, 5, 7, 8, 10, 13, 14, 15, 16, 17, 19, 21, 24, 25, 27, 28, 30, 31, 33, 39, 
  41, 46, 50, 51, 52, 55, 56, 63 ],
[ 1, 5, 7, 8, 10, 13, 14, 15, 16, 17, 18, 21, 24, 25, 27, 29, 30, 31, 33, 40, 
  41, 46, 49, 51, 52, 55, 56, 63 ],
[ 1, 5, 7, 8, 10, 12, 13, 14, 17, 18, 21, 24, 25, 27, 28, 29, 30, 32, 33, 36, 
  37, 40, 41, 46, 55, 56, 62, 63 ],
[ 1, 5, 7, 8, 10, 12, 13, 14, 17, 18, 19, 21, 24, 25, 27, 28, 30, 32, 33, 36, 
  37, 46, 50, 51, 55, 56, 57, 63 ],
[ 1, 5, 7, 8, 10, 12, 13, 14, 15, 16, 17, 21, 24, 25, 27, 28, 30, 32, 33, 39, 
  40, 46, 50, 51, 55, 56, 57, 63 ],
[ 1, 5, 7, 8, 10, 12, 13, 14, 15, 16, 17, 18, 21, 24, 25, 27, 30, 32, 33, 40, 
  41, 46, 49, 50, 55, 56, 62, 63 ],
[ 1, 5, 7, 8, 10, 11, 13, 14, 17, 18, 19, 21, 24, 25, 27, 29, 31, 32, 33, 36, 
  37, 46, 49, 51, 55, 56, 57, 63 ],
[ 1, 5, 7, 8, 10, 11, 13, 14, 16, 17, 21, 24, 25, 27, 28, 29, 31, 32, 33, 36, 
  38, 39, 40, 46, 55, 57, 62, 63 ],
[ 1, 5, 7, 8, 10, 11, 13, 14, 16, 17, 18, 19, 21, 24, 25, 27, 31, 32, 33, 36, 
  38, 46, 49, 50, 55, 57, 62, 63 ],
[ 1, 5, 7, 8, 10, 11, 13, 14, 15, 16, 17, 21, 24, 25, 27, 29, 31, 32, 33, 39, 
  40, 46, 49, 51, 55, 56, 57, 63 ],
[ 1, 5, 7, 8, 10, 11, 12, 13, 14, 17, 19, 21, 24, 25, 27, 28, 33, 36, 37, 39, 
  41, 46, 50, 51, 52, 55, 56, 63 ],
[ 1, 5, 7, 8, 10, 11, 12, 13, 14, 17, 18, 21, 24, 25, 27, 29, 33, 36, 37, 40, 
  41, 46, 49, 51, 52, 55, 56, 63 ],
[ 1, 5, 7, 8, 10, 11, 12, 13, 14, 16, 17, 21, 24, 25, 27, 28, 33, 36, 38, 39, 
  40, 46, 50, 51, 52, 55, 57, 63 ],
[ 1, 5, 7, 8, 10, 11, 12, 13, 14, 16, 17, 18, 21, 24, 25, 27, 33, 36, 38, 40, 
  41, 46, 49, 50, 52, 55, 62, 63 ],
[ 1, 5, 7, 8, 10, 11, 12, 13, 14, 15, 17, 19, 21, 24, 25, 27, 33, 37, 38, 39, 
  41, 46, 49, 50, 52, 55, 62, 63 ],
[ 1, 5, 7, 8, 9, 10, 14, 17, 18, 20, 22, 24, 26, 27, 28, 33, 36, 37, 38, 40, 
  42, 44, 45, 47, 49, 52, 55, 57 ],
[ 1, 5, 7, 8, 9, 10, 14, 17, 18, 20, 22, 24, 25, 27, 29, 33, 36, 37, 38, 40, 
  42, 44, 45, 46, 50, 52, 55, 57 ],
[ 1, 5, 7, 8, 9, 10, 14, 16, 17, 18, 21, 24, 25, 27, 30, 31, 33, 34, 35, 36, 
  38, 40, 41, 46, 51, 52, 62, 63 ],
[ 1, 5, 7, 8, 9, 10, 14, 15, 17, 20, 22, 24, 26, 27, 28, 33, 37, 39, 40, 41, 
  42, 44, 45, 47, 49, 52, 55, 56 ],
[ 1, 5, 7, 8, 9, 10, 14, 15, 17, 20, 22, 24, 25, 27, 29, 33, 37, 39, 40, 41, 
  42, 44, 45, 46, 50, 52, 55, 56 ],
[ 1, 5, 7, 8, 9, 10, 14, 15, 17, 19, 21, 24, 25, 27, 30, 31, 33, 34, 35, 37, 
  38, 39, 41, 46, 51, 52, 62, 63 ],
[ 1, 5, 7, 8, 9, 10, 14, 15, 16, 17, 19, 21, 24, 25, 27, 30, 31, 33, 34, 39, 
  41, 46, 51, 52, 54, 55, 56, 62 ],
[ 1, 5, 7, 8, 9, 10, 14, 15, 16, 17, 18, 21, 24, 25, 27, 30, 31, 33, 35, 40, 
  41, 46, 51, 52, 53, 55, 56, 62 ],
[ 1, 5, 7, 8, 9, 10, 12, 14, 17, 18, 21, 24, 25, 27, 30, 32, 33, 34, 35, 36, 
  37, 40, 41, 46, 51, 56, 62, 63 ],
[ 1, 5, 7, 8, 9, 10, 12, 14, 17, 18, 19, 21, 24, 25, 27, 30, 32, 33, 34, 36, 
  37, 46, 51, 54, 55, 56, 57, 62 ],
[ 1, 5, 7, 8, 9, 10, 12, 14, 15, 17, 21, 24, 25, 27, 30, 32, 33, 34, 35, 37, 
  38, 39, 40, 46, 51, 57, 62, 63 ],
[ 1, 5, 7, 8, 9, 10, 12, 14, 15, 17, 18, 19, 21, 24, 25, 27, 30, 32, 33, 37, 
  38, 46, 51, 53, 54, 57, 62, 63 ],
[ 1, 5, 7, 8, 9, 10, 12, 14, 15, 16, 17, 21, 24, 25, 27, 30, 32, 33, 34, 39, 
  40, 46, 51, 54, 55, 56, 57, 62 ],
[ 1, 5, 7, 8, 9, 10, 12, 14, 15, 16, 17, 18, 21, 24, 25, 27, 30, 32, 33, 40, 
  41, 46, 51, 53, 54, 56, 62, 63 ],
[ 1, 5, 7, 8, 9, 10, 11, 14, 17, 19, 21, 24, 25, 27, 31, 32, 33, 34, 35, 36, 
  37, 39, 41, 46, 51, 56, 62, 63 ],
[ 1, 5, 7, 8, 9, 10, 11, 14, 17, 18, 19, 21, 24, 25, 27, 31, 32, 33, 35, 36, 
  37, 46, 51, 53, 55, 56, 57, 62 ],
[ 1, 5, 7, 8, 9, 10, 11, 14, 16, 17, 18, 19, 21, 24, 25, 27, 31, 32, 33, 36, 
  38, 46, 51, 53, 54, 57, 62, 63 ],
[ 1, 5, 7, 8, 9, 10, 11, 14, 15, 16, 17, 21, 24, 25, 27, 31, 32, 33, 35, 39, 
  40, 46, 51, 53, 55, 56, 57, 62 ],
[ 1, 5, 7, 8, 9, 10, 11, 14, 15, 16, 17, 19, 21, 24, 25, 27, 31, 32, 33, 39, 
  41, 46, 51, 53, 54, 56, 62, 63 ],
[ 1, 5, 7, 8, 9, 10, 11, 12, 14, 17, 19, 21, 24, 25, 27, 33, 34, 36, 37, 39, 
  41, 46, 51, 52, 54, 55, 56, 62 ],
[ 1, 5, 7, 8, 9, 10, 11, 12, 14, 17, 18, 21, 24, 25, 27, 33, 35, 36, 37, 40, 
  41, 46, 51, 52, 53, 55, 56, 62 ],
[ 1, 5, 7, 8, 9, 10, 11, 12, 14, 16, 17, 18, 21, 24, 25, 27, 33, 36, 38, 40, 
  41, 46, 51, 52, 53, 54, 62, 63 ],
[ 1, 5, 7, 8, 9, 10, 11, 12, 14, 15, 17, 19, 21, 24, 25, 27, 33, 37, 38, 39, 
  41, 46, 51, 52, 53, 54, 62, 63 ],
[ 1, 5, 6, 9, 10, 13, 14, 16, 17, 18, 20, 24, 25, 26, 27, 30, 31, 33, 35, 36, 
  38, 40, 41, 51, 52, 54, 61, 62 ],
[ 1, 5, 6, 9, 10, 13, 14, 16, 17, 18, 19, 20, 24, 25, 27, 30, 31, 33, 35, 36, 
  38, 47, 48, 51, 52, 54, 57, 62 ],
[ 1, 5, 6, 9, 10, 13, 14, 15, 17, 18, 19, 20, 24, 26, 27, 30, 31, 33, 35, 37, 
  38, 46, 48, 51, 52, 54, 57, 62 ],
[ 1, 5, 6, 9, 10, 13, 14, 15, 16, 17, 19, 20, 24, 25, 27, 30, 31, 33, 35, 39, 
  41, 47, 48, 51, 52, 54, 56, 62 ],
[ 1, 5, 6, 9, 10, 13, 14, 15, 16, 17, 18, 20, 24, 26, 27, 30, 31, 33, 35, 40, 
  41, 46, 48, 51, 52, 54, 56, 62 ],
[ 1, 5, 6, 9, 10, 12, 13, 14, 17, 18, 20, 24, 25, 26, 27, 30, 32, 33, 35, 36, 
  37, 40, 41, 51, 54, 56, 61, 62 ],
[ 1, 5, 6, 9, 10, 12, 13, 14, 17, 18, 19, 20, 24, 25, 27, 30, 32, 33, 35, 36, 
  37, 47, 48, 51, 54, 56, 57, 62 ],
[ 1, 5, 6, 9, 10, 12, 13, 14, 15, 17, 20, 24, 25, 26, 27, 30, 32, 33, 35, 37, 
  38, 39, 40, 51, 54, 57, 61, 62 ],
[ 1, 5, 6, 9, 10, 12, 13, 14, 15, 17, 18, 19, 20, 24, 27, 30, 32, 33, 35, 37, 
  38, 46, 47, 51, 54, 57, 61, 62 ],
[ 1, 5, 6, 9, 10, 11, 13, 14, 17, 18, 19, 20, 24, 26, 27, 31, 32, 33, 35, 36, 
  37, 46, 48, 51, 54, 56, 57, 62 ],
[ 1, 5, 6, 9, 10, 11, 13, 14, 15, 16, 17, 20, 24, 26, 27, 31, 32, 33, 35, 39, 
  40, 46, 48, 51, 54, 56, 57, 62 ],
[ 1, 5, 6, 9, 10, 11, 13, 14, 15, 16, 17, 19, 20, 24, 27, 31, 32, 33, 35, 39, 
  41, 46, 47, 51, 54, 56, 61, 62 ],
[ 1, 5, 6, 9, 10, 11, 12, 13, 14, 17, 18, 20, 24, 26, 27, 33, 35, 36, 37, 40, 
  41, 46, 48, 51, 52, 54, 56, 62 ],
[ 1, 5, 6, 9, 10, 11, 12, 13, 14, 16, 17, 20, 24, 25, 27, 33, 35, 36, 38, 39, 
  40, 47, 48, 51, 52, 54, 57, 62 ],
[ 1, 5, 6, 9, 10, 11, 12, 13, 14, 16, 17, 18, 20, 24, 27, 33, 35, 36, 38, 40, 
  41, 46, 47, 51, 52, 54, 61, 62 ],
[ 1, 5, 6, 9, 10, 11, 12, 13, 14, 15, 17, 20, 24, 26, 27, 33, 35, 37, 38, 39, 
  40, 46, 48, 51, 52, 54, 57, 62 ],
[ 1, 5, 6, 8, 10, 13, 14, 16, 17, 18, 20, 24, 26, 27, 28, 29, 30, 31, 33, 36, 
  38, 40, 41, 47, 52, 55, 62, 63 ],
[ 1, 5, 6, 8, 10, 13, 14, 16, 17, 18, 19, 20, 24, 27, 28, 30, 31, 33, 35, 36, 
  38, 48, 50, 51, 52, 54, 57, 61 ],
[ 1, 5, 6, 8, 10, 13, 14, 15, 17, 19, 20, 24, 27, 28, 29, 30, 31, 33, 35, 37, 
  38, 39, 41, 48, 52, 54, 61, 62 ],
[ 1, 5, 6, 8, 10, 13, 14, 15, 17, 19, 20, 24, 26, 27, 28, 29, 30, 31, 33, 37, 
  38, 39, 41, 47, 52, 55, 62, 63 ],
[ 1, 5, 6, 8, 10, 13, 14, 15, 17, 18, 19, 20, 24, 27, 29, 30, 31, 33, 35, 37, 
  38, 48, 49, 51, 52, 54, 57, 61 ],
[ 1, 5, 6, 8, 10, 13, 14, 15, 16, 17, 19, 20, 24, 27, 28, 30, 31, 33, 35, 39, 
  41, 48, 50, 51, 52, 54, 56, 61 ],
[ 1, 5, 6, 8, 10, 13, 14, 15, 16, 17, 19, 20, 24, 26, 27, 28, 30, 31, 33, 39, 
  41, 47, 50, 51, 52, 55, 56, 63 ],
[ 1, 5, 6, 8, 10, 13, 14, 15, 16, 17, 18, 20, 24, 27, 29, 30, 31, 33, 35, 40, 
  41, 48, 49, 51, 52, 54, 56, 61 ],
[ 1, 5, 6, 8, 10, 13, 14, 15, 16, 17, 18, 20, 24, 26, 27, 29, 30, 31, 33, 40, 
  41, 47, 49, 51, 52, 55, 56, 63 ],
[ 1, 5, 6, 8, 10, 12, 13, 14, 17, 18, 20, 24, 26, 27, 28, 29, 30, 32, 33, 36, 
  37, 40, 41, 47, 55, 56, 62, 63 ],
[ 1, 5, 6, 8, 10, 12, 13, 14, 17, 18, 19, 20, 24, 26, 27, 28, 30, 32, 33, 36, 
  37, 47, 50, 51, 55, 56, 57, 63 ],
[ 1, 5, 6, 8, 10, 12, 13, 14, 15, 17, 20, 24, 27, 28, 29, 30, 32, 33, 35, 37, 
  38, 39, 40, 48, 54, 57, 61, 62 ],
[ 1, 5, 6, 8, 10, 12, 13, 14, 15, 16, 17, 20, 24, 26, 27, 28, 30, 32, 33, 39, 
  40, 47, 50, 51, 55, 56, 57, 63 ],
[ 1, 5, 6, 8, 10, 11, 13, 14, 17, 19, 20, 24, 27, 28, 29, 31, 32, 33, 35, 36, 
  37, 39, 41, 48, 54, 56, 61, 62 ],
[ 1, 5, 6, 8, 10, 11, 13, 14, 17, 18, 19, 20, 24, 27, 29, 31, 32, 33, 35, 36, 
  37, 48, 49, 51, 54, 56, 57, 61 ],
[ 1, 5, 6, 8, 10, 11, 13, 14, 17, 18, 19, 20, 24, 26, 27, 29, 31, 32, 33, 36, 
  37, 47, 49, 51, 55, 56, 57, 63 ],
[ 1, 5, 6, 8, 10, 11, 13, 14, 16, 17, 20, 24, 26, 27, 28, 29, 31, 32, 33, 36, 
  38, 39, 40, 47, 55, 57, 62, 63 ],
[ 1, 5, 6, 8, 10, 11, 13, 14, 16, 17, 18, 19, 20, 24, 27, 31, 32, 33, 35, 36, 
  38, 48, 49, 50, 54, 57, 61, 62 ],
[ 1, 5, 6, 8, 10, 11, 13, 14, 16, 17, 18, 19, 20, 24, 26, 27, 31, 32, 33, 36, 
  38, 47, 49, 50, 55, 57, 62, 63 ],
[ 1, 5, 6, 8, 10, 11, 13, 14, 15, 16, 17, 20, 24, 26, 27, 29, 31, 32, 33, 39, 
  40, 47, 49, 51, 55, 56, 57, 63 ],
[ 1, 5, 6, 8, 10, 11, 13, 14, 15, 16, 17, 19, 20, 24, 27, 31, 32, 33, 35, 39, 
  41, 48, 49, 50, 54, 56, 61, 62 ],
[ 1, 5, 6, 8, 10, 11, 12, 13, 14, 17, 18, 20, 24, 27, 29, 33, 35, 36, 37, 40, 
  41, 48, 49, 51, 52, 54, 56, 61 ],
[ 1, 5, 6, 8, 10, 11, 12, 13, 14, 17, 18, 20, 24, 26, 27, 29, 33, 36, 37, 40, 
  41, 47, 49, 51, 52, 55, 56, 63 ],
[ 1, 5, 6, 8, 10, 11, 12, 13, 14, 16, 17, 18, 20, 24, 26, 27, 33, 36, 38, 40, 
  41, 47, 49, 50, 52, 55, 62, 63 ],
[ 1, 5, 6, 8, 10, 11, 12, 13, 14, 15, 17, 20, 24, 27, 29, 33, 35, 37, 38, 39, 
  40, 48, 49, 51, 52, 54, 57, 61 ],
[ 1, 5, 6, 8, 9, 10, 14, 16, 17, 18, 20, 24, 26, 27, 30, 31, 33, 34, 35, 36, 
  38, 40, 41, 47, 51, 52, 62, 63 ],
[ 1, 5, 6, 8, 9, 10, 14, 15, 16, 17, 19, 20, 24, 26, 27, 30, 31, 33, 34, 39, 
  41, 47, 51, 52, 54, 55, 56, 62 ],
[ 1, 5, 6, 8, 9, 10, 14, 15, 16, 17, 18, 20, 24, 26, 27, 30, 31, 33, 35, 40, 
  41, 47, 51, 52, 53, 55, 56, 62 ],
[ 1, 5, 6, 8, 9, 10, 12, 14, 17, 18, 20, 24, 26, 27, 30, 32, 33, 34, 35, 36, 
  37, 40, 41, 47, 51, 56, 62, 63 ],
[ 1, 5, 6, 8, 9, 10, 12, 14, 17, 18, 19, 20, 24, 26, 27, 30, 32, 33, 34, 36, 
  37, 47, 51, 54, 55, 56, 57, 62 ],
[ 1, 5, 6, 8, 9, 10, 12, 14, 15, 17, 20, 24, 26, 27, 30, 32, 33, 34, 35, 37, 
  38, 39, 40, 47, 51, 57, 62, 63 ],
[ 1, 5, 6, 8, 9, 10, 12, 14, 15, 17, 18, 19, 20, 24, 26, 27, 30, 32, 33, 37, 
  38, 47, 51, 53, 54, 57, 62, 63 ],
[ 1, 5, 6, 8, 9, 10, 12, 14, 15, 16, 17, 20, 24, 26, 27, 30, 32, 33, 34, 39, 
  40, 47, 51, 54, 55, 56, 57, 62 ],
[ 1, 5, 6, 8, 9, 10, 12, 14, 15, 16, 17, 18, 20, 24, 26, 27, 30, 32, 33, 40, 
  41, 47, 51, 53, 54, 56, 62, 63 ],
[ 1, 5, 6, 8, 9, 10, 11, 14, 15, 16, 17, 20, 24, 26, 27, 31, 32, 33, 35, 39, 
  40, 47, 51, 53, 55, 56, 57, 62 ],
[ 1, 5, 6, 8, 9, 10, 11, 14, 15, 16, 17, 19, 20, 24, 26, 27, 31, 32, 33, 39, 
  41, 47, 51, 53, 54, 56, 62, 63 ],
[ 1, 5, 6, 8, 9, 10, 11, 12, 14, 17, 18, 20, 24, 26, 27, 33, 35, 36, 37, 40, 
  41, 47, 51, 52, 53, 55, 56, 62 ],
[ 1, 5, 6, 8, 9, 10, 11, 12, 14, 16, 17, 18, 20, 24, 26, 27, 33, 36, 38, 40, 
  41, 47, 51, 52, 53, 54, 62, 63 ],
[ 1, 3, 5, 10, 13, 14, 16, 17, 19, 22, 24, 25, 27, 28, 29, 30, 31, 33, 34, 
  37, 39, 41, 42, 47, 48, 52, 53, 62 ],
[ 1, 3, 5, 10, 13, 14, 16, 17, 19, 22, 24, 25, 26, 27, 28, 30, 31, 33, 34, 
  37, 39, 41, 42, 50, 51, 52, 53, 61 ],
[ 1, 3, 5, 10, 13, 14, 16, 17, 18, 22, 24, 26, 27, 28, 29, 30, 31, 33, 34, 
  37, 40, 41, 42, 46, 48, 52, 53, 62 ],
[ 1, 3, 5, 10, 13, 14, 16, 17, 18, 19, 22, 24, 26, 27, 28, 30, 31, 33, 34, 
  37, 42, 46, 48, 50, 51, 52, 53, 57 ],
[ 1, 3, 5, 10, 12, 14, 16, 17, 18, 20, 21, 22, 23, 24, 27, 30, 32, 34, 35, 
  37, 40, 41, 42, 43, 44, 58, 61, 62 ],
[ 1, 3, 5, 10, 12, 14, 15, 17, 18, 20, 21, 22, 23, 24, 27, 30, 32, 34, 35, 
  36, 40, 41, 42, 43, 45, 59, 61, 62 ],
[ 1, 3, 5, 10, 12, 13, 14, 16, 17, 22, 24, 25, 27, 28, 29, 30, 32, 33, 34, 
  37, 39, 40, 42, 47, 48, 53, 57, 62 ],
[ 1, 3, 5, 10, 12, 13, 14, 16, 17, 22, 24, 25, 26, 27, 28, 30, 32, 33, 34, 
  37, 39, 40, 42, 50, 51, 53, 57, 61 ],
[ 1, 3, 5, 10, 11, 14, 16, 17, 19, 20, 21, 22, 23, 24, 27, 31, 32, 34, 35, 
  37, 39, 41, 42, 43, 44, 58, 61, 62 ],
[ 1, 3, 5, 10, 11, 13, 14, 16, 17, 22, 24, 25, 26, 27, 29, 31, 32, 33, 34, 
  37, 39, 40, 42, 49, 51, 53, 57, 61 ],
[ 1, 3, 5, 10, 11, 13, 14, 16, 17, 19, 22, 24, 25, 26, 27, 31, 32, 33, 34, 
  37, 39, 41, 42, 49, 50, 53, 61, 62 ],
[ 1, 3, 5, 10, 11, 12, 13, 14, 16, 17, 19, 22, 24, 25, 27, 33, 34, 37, 39, 
  41, 42, 47, 48, 49, 50, 52, 53, 62 ],
[ 1, 3, 5, 9, 10, 14, 16, 17, 18, 22, 24, 26, 27, 28, 30, 31, 33, 34, 35, 37, 
  40, 41, 42, 46, 48, 49, 52, 63 ],
[ 1, 3, 5, 9, 10, 14, 16, 17, 18, 22, 24, 25, 26, 27, 28, 30, 31, 33, 35, 37, 
  40, 41, 42, 49, 52, 53, 55, 61 ],
[ 1, 3, 5, 9, 10, 14, 16, 17, 18, 20, 21, 22, 24, 26, 27, 28, 33, 37, 40, 41, 
  42, 44, 45, 46, 48, 49, 52, 63 ],
[ 1, 3, 5, 9, 10, 13, 14, 16, 17, 18, 22, 24, 26, 27, 28, 30, 31, 37, 40, 41, 
  42, 46, 48, 49, 52, 53, 54, 55 ],
[ 1, 3, 5, 9, 10, 13, 14, 16, 17, 18, 20, 21, 22, 24, 26, 27, 28, 37, 40, 41, 
  42, 46, 48, 49, 52, 55, 58, 59 ],
[ 1, 3, 5, 9, 10, 12, 14, 16, 17, 22, 24, 25, 26, 27, 28, 30, 32, 33, 34, 37, 
  39, 40, 42, 49, 54, 55, 57, 61 ],
[ 1, 3, 5, 9, 10, 12, 14, 16, 17, 18, 22, 24, 25, 26, 27, 28, 30, 32, 33, 37, 
  40, 41, 42, 49, 53, 54, 61, 63 ],
[ 1, 3, 5, 9, 10, 12, 14, 16, 17, 18, 20, 21, 22, 23, 24, 30, 32, 37, 40, 41, 
  42, 43, 44, 51, 53, 54, 58, 61 ],
[ 1, 3, 5, 9, 10, 12, 14, 16, 17, 18, 19, 22, 24, 25, 27, 28, 30, 32, 33, 37, 
  42, 47, 48, 49, 53, 54, 57, 63 ],
[ 1, 3, 5, 9, 10, 12, 14, 15, 17, 18, 20, 21, 22, 23, 24, 30, 32, 36, 40, 41, 
  42, 43, 45, 51, 53, 54, 59, 61 ],
[ 1, 3, 5, 9, 10, 11, 14, 16, 17, 22, 24, 25, 26, 27, 28, 31, 32, 33, 35, 37, 
  39, 40, 42, 49, 53, 55, 57, 61 ],
[ 1, 3, 5, 9, 10, 11, 14, 16, 17, 19, 22, 24, 25, 26, 27, 28, 31, 32, 33, 37, 
  39, 41, 42, 49, 53, 54, 61, 63 ],
[ 1, 3, 5, 9, 10, 11, 14, 16, 17, 19, 20, 21, 22, 23, 24, 31, 32, 37, 39, 41, 
  42, 43, 44, 51, 53, 54, 58, 61 ],
[ 1, 3, 5, 9, 10, 11, 13, 14, 16, 17, 22, 24, 25, 26, 27, 28, 31, 32, 34, 37, 
  39, 40, 42, 49, 54, 57, 61, 63 ],
[ 1, 3, 5, 9, 10, 11, 12, 14, 16, 17, 19, 22, 24, 25, 27, 28, 33, 37, 39, 41, 
  42, 47, 48, 49, 52, 53, 54, 63 ],
[ 1, 3, 5, 9, 10, 11, 12, 13, 14, 16, 17, 19, 22, 24, 25, 27, 28, 34, 35, 37, 
  39, 41, 42, 47, 48, 49, 52, 55 ],
[ 1, 3, 5, 8, 9, 10, 14, 16, 17, 18, 20, 21, 22, 24, 27, 30, 34, 35, 37, 40, 
  41, 42, 46, 48, 49, 51, 59, 64 ],
[ 1, 3, 5, 8, 9, 10, 14, 16, 17, 18, 20, 21, 22, 24, 27, 28, 30, 37, 40, 41, 
  42, 45, 46, 48, 53, 54, 60, 62 ],
[ 1, 3, 5, 8, 9, 10, 12, 14, 15, 17, 18, 20, 21, 22, 24, 27, 34, 35, 36, 40, 
  41, 42, 44, 47, 50, 61, 62, 64 ],
[ 1, 3, 5, 8, 9, 10, 12, 14, 15, 17, 18, 20, 21, 22, 24, 27, 29, 36, 40, 41, 
  42, 47, 51, 53, 54, 58, 60, 61 ],
[ 1, 3, 5, 8, 9, 10, 11, 14, 16, 17, 19, 20, 21, 22, 24, 27, 34, 35, 37, 39, 
  41, 42, 45, 46, 49, 61, 62, 64 ],
[ 1, 3, 5, 8, 9, 10, 11, 14, 16, 17, 19, 20, 21, 22, 24, 27, 28, 37, 39, 41, 
  42, 46, 51, 53, 54, 59, 60, 61 ],
[ 1, 3, 5, 7, 10, 13, 14, 17, 19, 21, 24, 25, 27, 28, 29, 30, 31, 33, 34, 38, 
  39, 41, 47, 48, 52, 53, 56, 62 ],
[ 1, 3, 5, 7, 10, 13, 14, 17, 19, 21, 24, 25, 26, 27, 28, 30, 31, 33, 34, 38, 
  39, 41, 50, 51, 52, 53, 56, 61 ],
[ 1, 3, 5, 7, 10, 13, 14, 17, 18, 19, 21, 24, 26, 27, 28, 30, 31, 33, 34, 38, 
  46, 48, 50, 51, 52, 53, 56, 57 ],
[ 1, 3, 5, 7, 10, 12, 13, 14, 17, 21, 24, 25, 27, 28, 29, 30, 32, 33, 34, 38, 
  39, 40, 47, 48, 53, 56, 57, 62 ],
[ 1, 3, 5, 7, 10, 11, 13, 14, 17, 19, 21, 24, 25, 26, 27, 31, 32, 33, 34, 38, 
  39, 41, 49, 50, 53, 56, 61, 62 ],
[ 1, 3, 5, 7, 10, 11, 12, 13, 14, 17, 21, 24, 25, 27, 29, 33, 34, 38, 39, 40, 
  47, 48, 49, 51, 52, 53, 56, 57 ],
[ 1, 3, 5, 7, 10, 11, 12, 13, 14, 17, 19, 21, 24, 25, 27, 33, 34, 38, 39, 41, 
  47, 48, 49, 50, 52, 53, 56, 62 ],
[ 1, 3, 5, 7, 9, 10, 14, 17, 19, 21, 24, 25, 27, 28, 30, 31, 33, 34, 35, 38, 
  39, 41, 47, 48, 49, 52, 56, 63 ],
[ 1, 3, 5, 7, 9, 10, 14, 17, 19, 21, 24, 25, 26, 27, 28, 30, 31, 33, 34, 38, 
  39, 41, 49, 52, 54, 55, 56, 61 ],
[ 1, 3, 5, 7, 9, 10, 14, 17, 18, 19, 21, 24, 26, 27, 28, 30, 31, 33, 34, 38, 
  46, 48, 49, 52, 54, 55, 56, 57 ],
[ 1, 3, 5, 7, 9, 10, 14, 17, 18, 19, 21, 24, 25, 27, 28, 30, 31, 33, 35, 38, 
  47, 48, 49, 52, 53, 55, 56, 57 ],
[ 1, 3, 5, 7, 9, 10, 14, 15, 17, 19, 21, 24, 25, 27, 30, 31, 33, 34, 35, 36, 
  39, 41, 47, 48, 51, 52, 62, 63 ],
[ 1, 3, 5, 7, 9, 10, 14, 15, 17, 19, 21, 24, 25, 26, 27, 30, 31, 33, 34, 36, 
  39, 41, 51, 52, 54, 55, 61, 62 ],
[ 1, 3, 5, 7, 9, 10, 14, 15, 17, 18, 19, 21, 24, 26, 27, 30, 31, 33, 34, 36, 
  46, 48, 51, 52, 54, 55, 57, 62 ],
[ 1, 3, 5, 7, 9, 10, 14, 15, 17, 18, 19, 21, 24, 25, 27, 30, 31, 33, 35, 36, 
  47, 48, 51, 52, 53, 55, 57, 62 ],
[ 1, 3, 5, 7, 9, 10, 13, 14, 17, 18, 19, 21, 24, 26, 27, 28, 30, 31, 35, 38, 
  46, 48, 49, 52, 53, 56, 57, 63 ],
[ 1, 3, 5, 7, 9, 10, 13, 14, 15, 17, 19, 21, 24, 25, 26, 27, 30, 31, 35, 36, 
  39, 41, 51, 52, 53, 61, 62, 63 ],
[ 1, 3, 5, 7, 9, 10, 12, 14, 17, 21, 24, 25, 27, 28, 30, 32, 33, 34, 35, 38, 
  39, 40, 47, 48, 49, 56, 57, 63 ],
[ 1, 3, 5, 7, 9, 10, 12, 14, 17, 18, 21, 24, 25, 26, 27, 28, 30, 32, 33, 38, 
  40, 41, 49, 53, 54, 56, 61, 63 ],
[ 1, 3, 5, 7, 9, 10, 12, 14, 17, 18, 19, 21, 24, 25, 27, 28, 30, 32, 33, 38, 
  47, 48, 49, 53, 54, 56, 57, 63 ],
[ 1, 3, 5, 7, 9, 10, 12, 14, 15, 17, 21, 24, 25, 27, 30, 32, 33, 34, 35, 36, 
  39, 40, 47, 48, 51, 57, 62, 63 ],
[ 1, 3, 5, 7, 9, 10, 12, 14, 15, 17, 21, 24, 25, 26, 27, 30, 32, 33, 34, 36, 
  39, 40, 51, 54, 55, 57, 61, 62 ],
[ 1, 3, 5, 7, 9, 10, 12, 14, 15, 17, 18, 21, 24, 25, 26, 27, 30, 32, 33, 36, 
  40, 41, 51, 53, 54, 61, 62, 63 ],
[ 1, 3, 5, 7, 9, 10, 12, 14, 15, 17, 18, 19, 21, 24, 27, 30, 32, 33, 34, 36, 
  46, 47, 51, 54, 55, 57, 61, 62 ],
[ 1, 3, 5, 7, 9, 10, 12, 14, 15, 17, 18, 19, 21, 24, 25, 27, 30, 32, 33, 36, 
  47, 48, 51, 53, 54, 57, 62, 63 ],
[ 1, 3, 5, 7, 9, 10, 12, 13, 14, 15, 17, 21, 24, 25, 27, 30, 32, 36, 39, 40, 
  47, 48, 51, 53, 54, 55, 57, 62 ],
[ 1, 3, 5, 7, 9, 10, 11, 14, 17, 19, 21, 24, 25, 26, 27, 28, 31, 32, 33, 38, 
  39, 41, 49, 53, 54, 56, 61, 63 ],
[ 1, 3, 5, 7, 9, 10, 11, 14, 15, 17, 19, 21, 24, 25, 26, 27, 31, 32, 33, 36, 
  39, 41, 51, 53, 54, 61, 62, 63 ],
[ 1, 3, 5, 7, 9, 10, 11, 14, 15, 17, 18, 19, 21, 24, 26, 27, 31, 32, 33, 36, 
  46, 48, 51, 53, 54, 57, 62, 63 ],
[ 1, 3, 5, 7, 9, 10, 11, 13, 14, 17, 19, 21, 24, 25, 26, 27, 28, 31, 32, 34, 
  35, 38, 39, 41, 49, 55, 56, 61 ],
[ 1, 3, 5, 7, 9, 10, 11, 13, 14, 15, 17, 18, 19, 21, 24, 26, 27, 31, 32, 34, 
  35, 36, 46, 48, 51, 55, 57, 62 ],
[ 1, 3, 5, 7, 9, 10, 11, 12, 14, 17, 21, 24, 25, 27, 28, 33, 35, 38, 39, 40, 
  47, 48, 49, 52, 53, 55, 56, 57 ],
[ 1, 3, 5, 7, 9, 10, 11, 12, 14, 17, 19, 21, 24, 25, 27, 28, 33, 38, 39, 41, 
  47, 48, 49, 52, 53, 54, 56, 63 ],
[ 1, 3, 5, 7, 9, 10, 11, 12, 14, 15, 17, 21, 24, 25, 27, 33, 35, 36, 39, 40, 
  47, 48, 51, 52, 53, 55, 57, 62 ],
[ 1, 3, 5, 7, 9, 10, 11, 12, 14, 15, 17, 19, 21, 24, 25, 27, 33, 36, 39, 41, 
  47, 48, 51, 52, 53, 54, 62, 63 ],
[ 1, 3, 5, 7, 9, 10, 11, 12, 13, 14, 17, 21, 24, 25, 27, 28, 34, 38, 39, 40, 
  47, 48, 49, 52, 54, 56, 57, 63 ],
[ 1, 3, 5, 6, 10, 13, 14, 17, 18, 20, 24, 26, 27, 28, 29, 30, 31, 33, 35, 38, 
  40, 41, 46, 48, 52, 54, 56, 62 ],
[ 1, 3, 5, 6, 10, 13, 14, 16, 17, 18, 19, 20, 24, 26, 27, 28, 30, 31, 33, 37, 
  46, 48, 50, 51, 52, 55, 57, 63 ],
[ 1, 3, 5, 6, 10, 12, 13, 14, 16, 17, 18, 19, 20, 24, 27, 28, 30, 32, 33, 37, 
  46, 47, 50, 51, 55, 57, 61, 63 ],
[ 1, 3, 5, 6, 10, 11, 13, 14, 17, 20, 24, 26, 27, 28, 29, 31, 32, 33, 35, 38, 
  39, 40, 46, 48, 54, 56, 57, 62 ],
[ 1, 3, 5, 6, 10, 11, 13, 14, 17, 19, 20, 24, 27, 28, 29, 31, 32, 33, 35, 38, 
  39, 41, 46, 47, 54, 56, 61, 62 ],
[ 1, 3, 5, 6, 10, 11, 13, 14, 16, 17, 20, 24, 26, 27, 28, 29, 31, 32, 33, 37, 
  39, 40, 46, 48, 55, 57, 62, 63 ],
[ 1, 3, 5, 6, 10, 11, 13, 14, 16, 17, 20, 24, 25, 26, 27, 29, 31, 32, 33, 37, 
  39, 40, 49, 51, 55, 57, 61, 63 ],
[ 1, 3, 5, 6, 10, 11, 13, 14, 16, 17, 18, 19, 20, 24, 27, 29, 31, 32, 33, 37, 
  46, 47, 49, 51, 55, 57, 61, 63 ],
[ 1, 3, 5, 6, 10, 11, 13, 14, 16, 17, 18, 19, 20, 24, 26, 27, 31, 32, 33, 37, 
  46, 48, 49, 50, 55, 57, 62, 63 ],
[ 1, 3, 5, 6, 10, 11, 12, 13, 14, 17, 20, 24, 26, 27, 28, 33, 35, 38, 39, 40, 
  46, 48, 50, 51, 52, 54, 56, 57 ],
[ 1, 3, 5, 6, 10, 11, 12, 13, 14, 17, 20, 24, 25, 27, 29, 33, 35, 38, 39, 40, 
  47, 48, 49, 51, 52, 54, 56, 57 ],
[ 1, 3, 5, 6, 10, 11, 12, 13, 14, 17, 18, 20, 24, 27, 29, 33, 35, 38, 40, 41, 
  46, 47, 49, 51, 52, 54, 56, 61 ],
[ 1, 3, 5, 6, 10, 11, 12, 13, 14, 17, 18, 20, 24, 26, 27, 33, 35, 38, 40, 41, 
  46, 48, 49, 50, 52, 54, 56, 62 ],
[ 1, 3, 5, 6, 10, 11, 12, 13, 14, 16, 17, 20, 24, 26, 27, 28, 33, 37, 39, 40, 
  46, 48, 50, 51, 52, 55, 57, 63 ],
[ 1, 3, 5, 6, 9, 10, 14, 16, 17, 18, 19, 20, 21, 24, 26, 27, 30, 33, 36, 42, 
  44, 47, 48, 51, 54, 57, 60, 62 ],
[ 1, 3, 5, 6, 9, 10, 14, 15, 16, 17, 18, 20, 21, 22, 24, 26, 27, 30, 33, 35, 
  40, 47, 48, 51, 57, 58, 62, 64 ],
[ 1, 3, 5, 6, 9, 10, 13, 14, 17, 18, 19, 20, 21, 22, 24, 26, 27, 30, 36, 37, 
  41, 47, 48, 51, 54, 58, 62, 64 ],
[ 1, 3, 5, 6, 9, 10, 13, 14, 16, 17, 18, 19, 20, 21, 24, 26, 27, 30, 35, 36, 
  42, 47, 48, 51, 57, 58, 62, 64 ],
[ 1, 3, 5, 6, 9, 10, 11, 14, 16, 17, 20, 24, 26, 27, 31, 32, 33, 34, 35, 37, 
  39, 40, 46, 48, 51, 57, 62, 63 ],
[ 1, 3, 5, 6, 9, 10, 11, 14, 16, 17, 20, 24, 25, 26, 27, 31, 32, 33, 35, 37, 
  39, 40, 51, 53, 55, 57, 61, 62 ],
[ 1, 3, 5, 6, 9, 10, 11, 14, 16, 17, 19, 20, 24, 25, 26, 27, 31, 32, 33, 37, 
  39, 41, 51, 53, 54, 61, 62, 63 ],
[ 1, 3, 5, 6, 9, 10, 11, 14, 16, 17, 18, 19, 20, 24, 26, 27, 31, 32, 33, 37, 
  46, 48, 51, 53, 54, 57, 62, 63 ],
[ 1, 3, 5, 6, 9, 10, 11, 13, 14, 16, 17, 20, 24, 26, 27, 31, 32, 37, 39, 40, 
  46, 48, 51, 53, 54, 55, 57, 62 ],
[ 1, 3, 5, 6, 9, 10, 11, 12, 14, 16, 17, 20, 24, 26, 27, 33, 34, 37, 39, 40, 
  46, 48, 51, 52, 54, 55, 57, 62 ],
[ 1, 3, 5, 6, 9, 10, 11, 12, 14, 16, 17, 18, 20, 24, 26, 27, 33, 37, 40, 41, 
  46, 48, 51, 52, 53, 54, 62, 63 ],
[ 1, 3, 5, 6, 8, 10, 14, 16, 17, 18, 19, 20, 21, 24, 26, 27, 28, 32, 33, 36, 
  42, 48, 49, 50, 54, 57, 60, 64 ],
[ 1, 3, 5, 6, 8, 10, 14, 15, 16, 17, 19, 20, 21, 22, 24, 27, 28, 32, 33, 35, 
  39, 47, 49, 50, 57, 60, 61, 64 ],
[ 1, 3, 5, 6, 8, 9, 10, 14, 17, 20, 21, 22, 24, 28, 29, 32, 33, 35, 36, 37, 
  39, 40, 41, 47, 49, 60, 61, 64 ],
[ 1, 3, 5, 6, 8, 9, 10, 14, 16, 17, 18, 19, 20, 21, 24, 27, 29, 31, 36, 42, 
  45, 48, 49, 53, 57, 60, 61, 63 ],
[ 1, 3, 5, 6, 8, 9, 10, 14, 16, 17, 18, 19, 20, 21, 24, 27, 28, 31, 34, 36, 
  42, 48, 50, 55, 57, 59, 61, 64 ],
[ 1, 3, 5, 6, 8, 9, 10, 14, 15, 17, 18, 19, 20, 21, 24, 28, 29, 32, 33, 37, 
  42, 47, 49, 54, 57, 60, 61, 64 ],
[ 1, 3, 5, 6, 8, 9, 10, 14, 15, 16, 17, 18, 20, 21, 22, 24, 26, 28, 29, 32, 
  33, 35, 40, 48, 49, 57, 60, 64 ],
[ 1, 3, 5, 6, 8, 9, 10, 14, 15, 16, 17, 18, 19, 20, 21, 22, 24, 28, 29, 32, 
  33, 35, 41, 47, 49, 60, 61, 64 ],
[ 1, 3, 4, 5, 10, 14, 16, 17, 18, 22, 24, 26, 27, 28, 30, 31, 33, 34, 35, 37, 
  39, 42, 46, 48, 50, 51, 52, 63 ],
[ 1, 3, 4, 5, 10, 14, 16, 17, 18, 20, 21, 22, 23, 24, 27, 30, 31, 32, 37, 39, 
  42, 44, 45, 48, 51, 53, 54, 64 ],
[ 1, 3, 4, 5, 10, 14, 16, 17, 18, 20, 21, 22, 23, 24, 27, 30, 31, 32, 34, 35, 
  37, 39, 42, 48, 51, 58, 59, 64 ],
[ 1, 3, 4, 5, 10, 14, 15, 17, 19, 20, 21, 22, 23, 24, 27, 30, 31, 32, 36, 40, 
  42, 44, 45, 48, 51, 53, 54, 64 ],
[ 1, 3, 4, 5, 10, 14, 15, 17, 19, 20, 21, 22, 23, 24, 27, 30, 31, 32, 34, 35, 
  36, 40, 42, 48, 51, 58, 59, 64 ],
[ 1, 3, 4, 5, 10, 12, 14, 16, 17, 18, 22, 24, 25, 27, 28, 29, 30, 32, 33, 37, 
  39, 42, 47, 48, 53, 54, 62, 63 ],
[ 1, 3, 4, 5, 10, 12, 14, 16, 17, 18, 22, 24, 25, 26, 27, 28, 30, 32, 33, 37, 
  39, 42, 50, 51, 53, 54, 61, 63 ],
[ 1, 3, 4, 5, 7, 10, 14, 17, 18, 20, 22, 24, 26, 27, 28, 30, 31, 32, 35, 37, 
  41, 42, 43, 44, 54, 56, 58, 64 ],
[ 1, 3, 4, 5, 7, 10, 12, 14, 17, 20, 22, 23, 24, 26, 27, 28, 30, 35, 37, 39, 
  42, 44, 52, 54, 56, 57, 58, 60 ],
[ 1, 3, 4, 5, 7, 10, 12, 14, 15, 17, 21, 24, 25, 26, 27, 28, 30, 32, 33, 36, 
  41, 50, 51, 53, 54, 57, 61, 63 ],
[ 1, 3, 4, 5, 7, 10, 11, 14, 16, 17, 18, 20, 22, 23, 24, 26, 27, 28, 31, 35, 
  38, 41, 42, 44, 52, 54, 58, 60 ],
[ 1, 3, 4, 5, 7, 10, 11, 12, 14, 17, 18, 20, 22, 24, 27, 35, 37, 41, 42, 43, 
  44, 47, 49, 52, 54, 56, 58, 60 ],
[ 1, 3, 4, 5, 7, 10, 11, 12, 14, 15, 17, 21, 24, 25, 27, 29, 33, 36, 41, 47, 
  48, 49, 51, 52, 53, 54, 57, 63 ],
[ 1, 3, 4, 5, 7, 8, 10, 14, 17, 20, 21, 24, 28, 29, 30, 34, 37, 38, 40, 41, 
  42, 43, 46, 48, 50, 55, 58, 62 ],
[ 1, 3, 4, 5, 7, 8, 10, 14, 17, 20, 21, 24, 25, 29, 30, 34, 37, 38, 40, 41, 
  42, 43, 49, 50, 51, 55, 58, 61 ],
[ 1, 3, 4, 5, 7, 8, 10, 11, 14, 17, 20, 21, 22, 24, 28, 29, 34, 37, 40, 43, 
  44, 46, 50, 51, 56, 57, 61, 63 ],
[ 1, 3, 4, 5, 7, 8, 10, 11, 14, 17, 20, 21, 22, 24, 25, 29, 34, 37, 40, 43, 
  44, 48, 49, 50, 56, 57, 62, 63 ],
[ 1, 3, 4, 5, 6, 10, 14, 16, 17, 20, 21, 24, 26, 27, 28, 30, 31, 32, 33, 36, 
  41, 42, 44, 45, 54, 57, 60, 64 ],
[ 1, 3, 4, 5, 6, 10, 12, 14, 17, 20, 21, 22, 23, 24, 28, 29, 30, 32, 35, 36, 
  39, 43, 45, 56, 57, 59, 61, 63 ],
[ 1, 3, 4, 5, 6, 10, 12, 14, 15, 17, 20, 21, 22, 23, 24, 30, 32, 38, 39, 43, 
  45, 49, 50, 54, 55, 57, 59, 61 ],
[ 1, 3, 4, 5, 6, 10, 12, 13, 14, 16, 17, 20, 21, 24, 26, 27, 28, 30, 35, 36, 
  41, 42, 52, 57, 58, 59, 60, 64 ],
[ 1, 3, 4, 5, 6, 10, 11, 14, 17, 20, 21, 23, 24, 31, 32, 35, 36, 38, 39, 41, 
  42, 43, 45, 49, 50, 55, 59, 61 ],
[ 1, 3, 4, 5, 6, 10, 11, 14, 16, 17, 20, 24, 25, 26, 27, 29, 31, 32, 33, 37, 
  41, 49, 51, 53, 54, 57, 61, 63 ],
[ 1, 3, 4, 5, 6, 10, 11, 14, 15, 17, 20, 21, 23, 24, 28, 29, 31, 32, 39, 41, 
  42, 43, 45, 54, 56, 59, 61, 63 ],
[ 1, 3, 4, 5, 6, 10, 11, 12, 13, 14, 16, 17, 20, 21, 24, 27, 35, 36, 41, 42, 
  45, 47, 49, 52, 57, 58, 60, 64 ],
[ 1, 3, 4, 5, 6, 10, 11, 12, 13, 14, 15, 17, 20, 21, 24, 27, 35, 37, 41, 42, 
  44, 47, 49, 52, 57, 59, 60, 64 ],
[ 1, 3, 4, 5, 6, 9, 10, 14, 17, 20, 21, 24, 25, 27, 29, 35, 36, 38, 39, 41, 
  42, 47, 48, 50, 52, 55, 58, 59 ],
[ 1, 3, 4, 5, 6, 9, 10, 14, 15, 17, 20, 21, 24, 25, 27, 29, 39, 41, 42, 44, 
  45, 47, 48, 50, 52, 54, 56, 63 ],
[ 1, 3, 4, 5, 6, 8, 10, 14, 17, 20, 21, 24, 27, 28, 29, 31, 35, 36, 38, 39, 
  41, 42, 47, 48, 50, 55, 58, 64 ],
[ 1, 3, 4, 5, 6, 8, 10, 14, 17, 18, 20, 21, 24, 26, 27, 28, 29, 31, 36, 38, 
  42, 44, 50, 54, 57, 60, 61, 63 ],
[ 1, 3, 4, 5, 6, 8, 10, 12, 14, 17, 20, 21, 22, 24, 26, 27, 29, 35, 36, 39, 
  44, 48, 49, 50, 56, 57, 63, 64 ],
[ 1, 3, 4, 5, 6, 8, 10, 12, 14, 17, 18, 20, 21, 22, 24, 27, 29, 36, 41, 47, 
  49, 50, 54, 55, 56, 58, 60, 61 ],
[ 1, 3, 4, 5, 6, 7, 10, 14, 17, 20, 21, 24, 26, 27, 28, 30, 31, 32, 33, 36, 
  40, 44, 45, 55, 56, 57, 60, 64 ],
[ 1, 3, 4, 5, 6, 7, 10, 14, 17, 20, 21, 23, 24, 27, 30, 31, 32, 36, 37, 39, 
  40, 44, 45, 48, 51, 55, 63, 64 ],
[ 1, 3, 4, 5, 6, 7, 10, 14, 17, 18, 19, 20, 21, 23, 24, 27, 30, 31, 32, 36, 
  37, 48, 51, 55, 58, 59, 63, 64 ],
[ 1, 3, 4, 5, 6, 7, 10, 12, 14, 17, 20, 21, 23, 24, 27, 30, 36, 37, 39, 40, 
  44, 48, 51, 52, 55, 59, 60, 63 ],
[ 1, 3, 4, 5, 6, 7, 10, 12, 14, 17, 18, 19, 20, 21, 24, 27, 30, 36, 37, 43, 
  44, 48, 51, 52, 55, 59, 63, 64 ],
[ 1, 3, 4, 5, 6, 7, 10, 12, 14, 15, 17, 20, 21, 24, 26, 27, 28, 30, 33, 38, 
  40, 52, 55, 57, 58, 59, 60, 64 ],
[ 1, 3, 4, 5, 6, 7, 10, 11, 12, 14, 17, 20, 21, 24, 26, 27, 28, 32, 33, 36, 
  40, 55, 56, 57, 58, 59, 60, 64 ],
[ 1, 2, 8, 9, 10, 14, 17, 20, 21, 24, 26, 27, 28, 32, 33, 34, 35, 36, 37, 38, 
  39, 40, 41, 42, 47, 49, 52, 55 ],
[ 1, 2, 8, 9, 10, 14, 17, 18, 19, 20, 21, 24, 26, 27, 28, 32, 33, 36, 37, 38, 
  41, 42, 47, 49, 52, 53, 54, 55 ],
[ 1, 2, 8, 9, 10, 12, 14, 17, 20, 21, 24, 25, 27, 31, 33, 34, 35, 36, 37, 38, 
  39, 40, 41, 42, 46, 51, 55, 62 ],
[ 1, 2, 8, 9, 10, 12, 14, 16, 17, 19, 20, 21, 24, 25, 27, 31, 33, 34, 35, 36, 
  39, 42, 46, 51, 55, 56, 57, 62 ],
[ 1, 2, 8, 9, 10, 12, 14, 15, 17, 19, 20, 21, 22, 24, 25, 27, 31, 33, 37, 38, 
  39, 41, 46, 51, 53, 54, 62, 63 ],
[ 1, 2, 8, 9, 10, 11, 14, 17, 20, 21, 24, 26, 27, 30, 33, 34, 35, 36, 37, 38, 
  39, 40, 41, 42, 47, 51, 55, 62 ],
[ 1, 2, 8, 9, 10, 11, 14, 16, 17, 18, 20, 21, 22, 24, 26, 27, 30, 33, 36, 38, 
  40, 41, 47, 51, 53, 54, 62, 63 ],
[ 1, 2, 8, 9, 10, 11, 14, 16, 17, 18, 19, 20, 21, 24, 26, 27, 30, 33, 35, 36, 
  41, 42, 47, 51, 53, 56, 62, 63 ],
[ 1, 2, 8, 9, 10, 11, 12, 14, 17, 20, 21, 24, 27, 30, 31, 33, 34, 35, 36, 37, 
  38, 39, 40, 41, 42, 55, 60, 64 ],
[ 1, 2, 8, 9, 10, 11, 12, 14, 17, 19, 20, 21, 22, 24, 27, 30, 31, 33, 34, 36, 
  37, 39, 41, 54, 55, 56, 60, 64 ],
[ 1, 2, 8, 9, 10, 11, 12, 14, 17, 18, 20, 21, 22, 24, 27, 30, 31, 33, 35, 36, 
  37, 40, 41, 53, 55, 56, 60, 64 ],
[ 1, 2, 8, 9, 10, 11, 12, 14, 17, 18, 19, 20, 21, 24, 27, 30, 31, 33, 36, 37, 
  38, 41, 42, 53, 54, 55, 60, 64 ],
[ 1, 2, 8, 9, 10, 11, 12, 14, 16, 17, 18, 20, 21, 22, 24, 27, 30, 31, 33, 36, 
  38, 40, 41, 53, 54, 60, 63, 64 ],
[ 1, 2, 8, 9, 10, 11, 12, 14, 16, 17, 18, 19, 20, 21, 24, 27, 30, 31, 33, 35, 
  36, 41, 42, 53, 56, 60, 63, 64 ],
[ 1, 2, 8, 9, 10, 11, 12, 14, 15, 17, 19, 20, 21, 22, 24, 27, 30, 31, 33, 37, 
  38, 39, 41, 53, 54, 60, 63, 64 ],
[ 1, 2, 8, 9, 10, 11, 12, 14, 15, 17, 18, 19, 20, 21, 24, 27, 30, 31, 33, 34, 
  37, 41, 42, 54, 56, 60, 63, 64 ],
[ 1, 2, 8, 9, 10, 11, 12, 14, 15, 16, 17, 18, 19, 20, 21, 24, 27, 30, 31, 33, 
  34, 35, 38, 41, 42, 55, 60, 64 ],
[ 1, 2, 8, 9, 10, 11, 12, 13, 14, 17, 19, 20, 21, 22, 24, 27, 30, 31, 35, 36, 
  37, 39, 41, 53, 56, 60, 63, 64 ],
[ 1, 2, 8, 9, 10, 11, 12, 13, 14, 17, 18, 20, 21, 22, 24, 27, 30, 31, 34, 36, 
  37, 40, 41, 54, 56, 60, 63, 64 ],
[ 1, 2, 8, 9, 10, 11, 12, 13, 14, 16, 17, 18, 20, 21, 24, 27, 30, 31, 34, 35, 
  36, 40, 42, 56, 57, 60, 63, 64 ],
[ 1, 2, 8, 9, 10, 11, 12, 13, 14, 16, 17, 18, 20, 21, 22, 24, 27, 30, 31, 34, 
  35, 36, 38, 40, 41, 55, 60, 64 ],
[ 1, 2, 8, 9, 10, 11, 12, 13, 14, 15, 17, 19, 20, 21, 22, 24, 27, 30, 31, 34, 
  35, 37, 38, 39, 41, 55, 60, 64 ],
[ 1, 2, 7, 8, 9, 10, 14, 16, 17, 18, 19, 20, 24, 26, 27, 28, 32, 33, 36, 38, 
  42, 47, 49, 52, 53, 54, 57, 63 ],
[ 1, 2, 6, 8, 9, 10, 12, 14, 15, 16, 17, 18, 21, 24, 25, 27, 31, 33, 40, 41, 
  42, 46, 51, 53, 54, 56, 62, 63 ],
[ 1, 2, 6, 7, 8, 10, 11, 13, 14, 15, 17, 19, 22, 24, 27, 28, 29, 30, 33, 35, 
  37, 38, 39, 41, 48, 54, 61, 62 ],
[ 1, 2, 6, 7, 8, 9, 10, 11, 12, 14, 16, 17, 18, 22, 24, 27, 30, 31, 33, 34, 
  35, 36, 38, 40, 41, 60, 63, 64 ],
[ 1, 2, 6, 7, 8, 9, 10, 11, 12, 14, 16, 17, 18, 19, 22, 24, 27, 30, 31, 33, 
  34, 36, 38, 54, 55, 57, 60, 64 ],
[ 1, 2, 6, 7, 8, 9, 10, 11, 12, 14, 15, 17, 19, 22, 24, 27, 30, 31, 33, 34, 
  35, 37, 38, 39, 41, 60, 63, 64 ],
[ 1, 2, 6, 7, 8, 9, 10, 11, 12, 14, 15, 17, 18, 19, 22, 24, 27, 30, 31, 33, 
  35, 37, 38, 53, 55, 57, 60, 64 ],
[ 1, 2, 6, 7, 8, 9, 10, 11, 12, 13, 14, 16, 17, 18, 22, 24, 27, 30, 31, 36, 
  38, 40, 41, 53, 54, 55, 60, 64 ],
[ 1, 2, 6, 7, 8, 9, 10, 11, 12, 13, 14, 15, 17, 18, 19, 22, 24, 27, 30, 31, 
  34, 37, 38, 54, 57, 60, 63, 64 ],
[ 1, 2, 5, 6, 9, 10, 12, 14, 15, 17, 19, 20, 24, 25, 26, 27, 31, 33, 37, 38, 
  39, 41, 51, 53, 54, 61, 62, 63 ],
[ 1, 2, 3, 5, 10, 13, 14, 16, 17, 18, 20, 21, 22, 24, 27, 30, 32, 37, 40, 41, 
  42, 44, 45, 46, 49, 55, 59, 64 ],
[ 1, 2, 3, 5, 10, 12, 13, 14, 15, 17, 19, 20, 21, 22, 24, 27, 36, 39, 41, 42, 
  44, 47, 50, 52, 55, 58, 59, 60 ],
[ 1, 2, 3, 5, 9, 10, 12, 14, 17, 18, 20, 24, 26, 27, 29, 30, 34, 35, 36, 37, 
  40, 42, 48, 53, 55, 57, 61, 62 ],
[ 1, 2, 3, 5, 9, 10, 12, 14, 17, 18, 19, 20, 24, 26, 27, 29, 30, 34, 36, 37, 
  41, 42, 48, 53, 54, 61, 62, 63 ],
[ 1, 2, 3, 5, 9, 10, 12, 14, 15, 17, 20, 22, 24, 26, 27, 30, 34, 37, 39, 40, 
  48, 50, 51, 53, 54, 55, 57, 61 ],
[ 1, 2, 3, 5, 9, 10, 12, 14, 15, 17, 20, 22, 24, 26, 27, 29, 30, 34, 35, 37, 
  39, 40, 48, 53, 57, 61, 62, 63 ],
[ 1, 2, 3, 5, 7, 10, 14, 15, 17, 19, 21, 24, 27, 30, 31, 32, 33, 34, 36, 39, 
  41, 44, 45, 52, 54, 55, 61, 62 ],
[ 1, 2, 3, 5, 7, 10, 14, 15, 17, 18, 21, 24, 27, 30, 31, 32, 33, 35, 36, 40, 
  41, 44, 45, 52, 53, 55, 61, 62 ],
[ 1, 2, 3, 5, 7, 10, 13, 14, 15, 17, 19, 21, 24, 27, 30, 31, 32, 35, 36, 39, 
  41, 44, 45, 52, 53, 61, 62, 63 ],
[ 1, 2, 3, 5, 7, 10, 13, 14, 15, 17, 18, 21, 24, 27, 30, 31, 32, 34, 36, 40, 
  41, 44, 45, 52, 54, 61, 62, 63 ],
[ 1, 2, 3, 5, 7, 10, 11, 14, 17, 18, 19, 21, 24, 27, 30, 31, 33, 34, 38, 45, 
  46, 49, 52, 54, 55, 56, 57, 60 ],
[ 1, 2, 3, 5, 7, 10, 11, 13, 14, 17, 18, 19, 21, 24, 27, 30, 31, 35, 38, 45, 
  46, 49, 52, 53, 56, 57, 60, 63 ],
[ 1, 2, 3, 5, 6, 10, 12, 14, 17, 20, 21, 22, 23, 26, 27, 30, 34, 36, 37, 39, 
  40, 41, 43, 48, 50, 60, 63, 64 ],
[ 1, 2, 3, 5, 6, 10, 12, 14, 16, 17, 18, 19, 20, 21, 23, 26, 27, 30, 36, 42, 
  43, 48, 50, 53, 57, 60, 63, 64 ],
[ 1, 2, 3, 5, 6, 10, 11, 14, 16, 17, 18, 19, 20, 21, 23, 27, 31, 34, 36, 42, 
  43, 47, 50, 55, 57, 60, 61, 64 ],
[ 1, 2, 3, 4, 10, 11, 12, 14, 17, 20, 21, 23, 24, 25, 27, 29, 30, 31, 34, 35, 
  37, 39, 42, 55, 56, 57, 63, 64 ],
[ 1, 2, 3, 4, 8, 10, 11, 14, 17, 18, 20, 21, 24, 28, 30, 31, 32, 33, 35, 37, 
  41, 42, 50, 54, 56, 58, 60, 63 ],
[ 1, 2, 3, 4, 6, 8, 10, 11, 14, 17, 21, 22, 24, 28, 30, 31, 32, 33, 35, 37, 
  39, 50, 54, 56, 57, 58, 60, 63 ],
[ 1, 2, 3, 4, 6, 7, 10, 11, 12, 14, 17, 23, 24, 25, 27, 29, 30, 31, 37, 39, 
  42, 53, 54, 55, 56, 57, 63, 64 ],
[ 1, 2, 3, 4, 6, 7, 10, 11, 12, 14, 17, 18, 22, 24, 25, 27, 29, 30, 31, 35, 
  37, 38, 43, 53, 55, 57, 60, 63 ],
[ 1, 2, 3, 4, 6, 7, 8, 10, 11, 14, 17, 24, 29, 30, 31, 32, 33, 35, 37, 39, 
  42, 44, 49, 54, 56, 57, 63, 64 ],
[ 1, 2, 3, 4, 5, 10, 12, 14, 17, 20, 22, 24, 27, 28, 31, 34, 35, 36, 38, 39, 
  41, 46, 47, 50, 51, 54, 61, 63 ],
[ 1, 2, 3, 4, 5, 10, 12, 14, 17, 20, 22, 24, 25, 27, 31, 34, 35, 36, 38, 39, 
  41, 47, 48, 49, 50, 54, 62, 63 ],
[ 1, 2, 3, 4, 5, 10, 12, 14, 17, 18, 20, 22, 24, 27, 28, 31, 35, 36, 38, 46, 
  47, 50, 51, 53, 54, 55, 57, 61 ],
[ 1, 2, 3, 4, 5, 10, 12, 14, 17, 18, 20, 22, 24, 25, 27, 31, 35, 36, 38, 47, 
  48, 49, 50, 53, 54, 55, 57, 62 ],
[ 1, 2, 3, 4, 5, 7, 10, 14, 17, 20, 21, 24, 30, 32, 34, 37, 38, 40, 41, 42, 
  43, 44, 45, 46, 50, 55, 58, 62 ],
[ 1, 2, 3, 4, 5, 7, 10, 14, 16, 17, 20, 21, 23, 24, 29, 30, 32, 40, 41, 42, 
  44, 46, 51, 53, 56, 58, 59, 63 ],
[ 1, 2, 3, 4, 5, 7, 10, 14, 16, 17, 19, 20, 30, 31, 32, 34, 36, 39, 44, 45, 
  46, 47, 49, 50, 52, 54, 55, 63 ],
[ 1, 2, 3, 4, 5, 7, 10, 14, 16, 17, 19, 20, 28, 29, 30, 31, 32, 34, 36, 39, 
  46, 47, 52, 54, 55, 58, 59, 63 ],
[ 1, 2, 3, 4, 5, 7, 10, 14, 16, 17, 19, 20, 25, 26, 28, 29, 30, 31, 32, 34, 
  36, 39, 44, 45, 52, 54, 55, 63 ],
[ 1, 2, 3, 4, 5, 7, 10, 14, 16, 17, 19, 20, 23, 24, 30, 31, 32, 34, 36, 39, 
  49, 50, 52, 54, 55, 60, 61, 63 ],
[ 1, 2, 3, 4, 5, 7, 10, 14, 16, 17, 18, 20, 24, 27, 30, 31, 32, 35, 36, 40, 
  44, 45, 52, 53, 55, 61, 62, 63 ],
[ 1, 2, 3, 4, 5, 7, 10, 14, 15, 17, 19, 20, 24, 28, 29, 30, 31, 32, 35, 37, 
  39, 43, 52, 53, 55, 61, 63, 64 ],
[ 1, 2, 3, 4, 5, 7, 10, 14, 15, 17, 18, 20, 24, 27, 30, 31, 32, 34, 37, 40, 
  44, 45, 52, 54, 55, 61, 62, 63 ],
[ 1, 2, 3, 4, 5, 7, 10, 12, 14, 17, 20, 24, 25, 31, 32, 33, 36, 38, 40, 41, 
  44, 49, 51, 52, 53, 54, 59, 63 ],
[ 1, 2, 3, 4, 5, 7, 10, 12, 14, 15, 17, 20, 24, 26, 28, 29, 30, 33, 40, 41, 
  48, 49, 53, 54, 56, 61, 62, 63 ],
[ 1, 2, 3, 4, 5, 7, 10, 12, 14, 15, 17, 19, 20, 24, 26, 28, 30, 33, 48, 49, 
  50, 51, 53, 54, 56, 57, 61, 63 ],
[ 1, 2, 3, 4, 5, 6, 10, 14, 17, 20, 21, 24, 27, 31, 32, 35, 36, 38, 39, 41, 
  42, 44, 45, 47, 50, 55, 58, 64 ],
[ 1, 2, 3, 4, 5, 6, 10, 14, 15, 17, 18, 20, 21, 24, 27, 31, 32, 35, 42, 44, 
  45, 47, 50, 55, 56, 57, 58, 64 ]
];

