## Group: [64, 265]
## Difference Sets: 244
## Time:  1:11:48.151

return [
[ 1, 6, 7, 9, 11, 12, 14, 15, 17, 18, 20, 21, 22, 25, 26, 28, 30, 33, 36, 38, 
  39, 41, 43, 44, 45, 52, 53, 59 ],
[ 1, 5, 6, 7, 8, 11, 13, 15, 18, 20, 22, 23, 25, 27, 30, 31, 32, 34, 36, 37, 
  38, 39, 40, 41, 45, 49, 58, 59 ],
[ 1, 5, 6, 7, 8, 11, 13, 15, 16, 18, 20, 22, 25, 27, 30, 31, 32, 34, 36, 39, 
  40, 41, 43, 44, 45, 49, 56, 59 ],
[ 1, 5, 6, 7, 8, 11, 13, 15, 16, 18, 20, 22, 23, 25, 27, 30, 31, 32, 34, 36, 
  39, 40, 41, 43, 49, 56, 59, 60 ],
[ 1, 5, 6, 7, 8, 11, 13, 14, 15, 16, 17, 18, 20, 22, 25, 27, 30, 31, 32, 34, 
  37, 41, 44, 45, 49, 57, 58, 64 ],
[ 1, 5, 6, 7, 8, 11, 13, 14, 15, 16, 17, 18, 20, 22, 23, 25, 27, 30, 31, 32, 
  34, 37, 41, 49, 57, 58, 60, 64 ],
[ 1, 5, 6, 7, 8, 11, 12, 13, 15, 18, 20, 22, 23, 25, 27, 30, 34, 36, 37, 38, 
  39, 40, 41, 43, 49, 52, 59, 60 ],
[ 1, 3, 6, 7, 11, 12, 13, 14, 15, 16, 18, 20, 21, 22, 25, 27, 28, 30, 34, 39, 
  40, 44, 47, 52, 57, 59, 60, 64 ],
[ 1, 3, 6, 7, 10, 11, 13, 15, 17, 18, 20, 21, 22, 25, 26, 30, 32, 34, 36, 39, 
  41, 43, 44, 45, 49, 50, 56, 59 ],
[ 1, 3, 6, 7, 10, 11, 13, 15, 16, 17, 18, 20, 21, 22, 24, 25, 28, 30, 32, 34, 
  37, 39, 44, 45, 50, 57, 58, 64 ],
[ 1, 3, 6, 7, 10, 11, 13, 14, 15, 17, 18, 20, 21, 22, 25, 26, 27, 30, 32, 34, 
  37, 39, 41, 44, 45, 58, 62, 64 ],
[ 1, 3, 6, 7, 10, 11, 12, 14, 15, 16, 18, 20, 22, 25, 27, 28, 30, 34, 39, 40, 
  42, 44, 45, 47, 55, 57, 59, 64 ],
[ 1, 3, 6, 7, 10, 11, 12, 13, 15, 17, 18, 20, 22, 24, 28, 29, 30, 34, 36, 37, 
  39, 41, 42, 44, 47, 58, 59, 60 ],
[ 1, 3, 6, 7, 10, 11, 12, 13, 15, 17, 18, 20, 22, 23, 28, 29, 30, 34, 36, 37, 
  39, 41, 42, 45, 46, 58, 59, 61 ],
[ 1, 3, 6, 7, 9, 11, 12, 15, 17, 18, 20, 21, 22, 24, 25, 28, 30, 34, 36, 38, 
  39, 41, 43, 45, 52, 54, 58, 59 ],
[ 1, 3, 6, 7, 9, 11, 12, 13, 15, 16, 17, 18, 20, 21, 22, 25, 28, 30, 36, 39, 
  41, 43, 45, 46, 52, 54, 58, 64 ],
[ 1, 3, 6, 7, 9, 10, 11, 15, 18, 19, 20, 21, 22, 24, 25, 28, 30, 32, 33, 34, 
  38, 39, 43, 45, 56, 57, 58, 59 ],
[ 1, 3, 6, 7, 9, 10, 11, 15, 17, 18, 19, 20, 21, 22, 25, 28, 30, 32, 34, 37, 
  38, 40, 45, 53, 58, 59, 61, 64 ],
[ 1, 3, 6, 7, 9, 10, 11, 13, 15, 18, 19, 20, 21, 22, 25, 28, 30, 32, 33, 37, 
  38, 39, 43, 46, 57, 58, 59, 60 ],
[ 1, 3, 6, 7, 9, 10, 11, 13, 15, 17, 18, 19, 20, 21, 22, 25, 28, 30, 32, 38, 
  40, 47, 53, 56, 58, 59, 60, 64 ],
[ 1, 3, 5, 6, 7, 11, 13, 15, 18, 20, 22, 25, 26, 27, 30, 31, 32, 34, 36, 39, 
  40, 41, 43, 44, 45, 49, 56, 59 ],
[ 1, 3, 5, 6, 7, 11, 13, 15, 17, 18, 20, 22, 25, 26, 30, 31, 32, 34, 36, 39, 
  41, 43, 44, 45, 49, 50, 56, 59 ],
[ 1, 3, 5, 6, 7, 11, 13, 15, 17, 18, 20, 22, 25, 26, 27, 30, 31, 32, 34, 36, 
  41, 43, 44, 45, 49, 56, 57, 59 ],
[ 1, 3, 5, 6, 7, 11, 13, 15, 17, 18, 20, 22, 25, 26, 27, 30, 31, 32, 34, 36, 
  39, 41, 43, 44, 45, 56, 59, 62 ],
[ 1, 3, 5, 6, 7, 11, 13, 15, 17, 18, 20, 22, 23, 25, 26, 30, 31, 32, 34, 36, 
  39, 41, 43, 49, 50, 56, 59, 60 ],
[ 1, 3, 5, 6, 7, 11, 13, 15, 17, 18, 20, 22, 23, 25, 26, 27, 30, 31, 32, 34, 
  36, 41, 43, 49, 56, 57, 59, 60 ],
[ 1, 3, 5, 6, 7, 11, 13, 15, 17, 18, 20, 22, 23, 25, 26, 27, 30, 31, 32, 34, 
  36, 39, 41, 43, 56, 59, 60, 62 ],
[ 1, 3, 5, 6, 7, 11, 13, 15, 17, 18, 19, 20, 22, 25, 26, 30, 32, 34, 36, 37, 
  39, 43, 44, 49, 50, 52, 59, 60 ],
[ 1, 3, 5, 6, 7, 11, 13, 15, 17, 18, 19, 20, 22, 23, 25, 26, 30, 32, 34, 36, 
  37, 39, 45, 49, 50, 52, 58, 64 ],
[ 1, 3, 5, 6, 7, 11, 12, 13, 15, 17, 18, 20, 22, 25, 27, 30, 31, 34, 36, 39, 
  41, 43, 44, 45, 48, 50, 56, 64 ],
[ 1, 3, 5, 6, 7, 11, 12, 13, 15, 17, 18, 20, 22, 23, 25, 27, 30, 31, 34, 36, 
  39, 41, 48, 50, 56, 58, 59, 60 ],
[ 1, 3, 5, 6, 7, 11, 12, 13, 15, 17, 18, 20, 22, 23, 25, 26, 30, 34, 36, 39, 
  41, 45, 49, 50, 52, 56, 58, 59 ],
[ 1, 3, 5, 6, 7, 11, 12, 13, 15, 17, 18, 20, 22, 23, 25, 26, 30, 34, 36, 39, 
  41, 43, 45, 49, 50, 52, 56, 64 ],
[ 1, 3, 5, 6, 7, 11, 12, 13, 15, 17, 18, 20, 22, 23, 25, 26, 27, 30, 34, 36, 
  39, 41, 45, 52, 56, 58, 59, 62 ],
[ 1, 3, 5, 6, 7, 11, 12, 13, 15, 17, 18, 20, 22, 23, 25, 26, 27, 30, 34, 36, 
  39, 41, 43, 45, 52, 56, 62, 64 ],
[ 1, 3, 5, 6, 7, 11, 12, 13, 15, 17, 18, 19, 20, 22, 25, 27, 30, 34, 36, 37, 
  39, 44, 48, 50, 52, 58, 59, 60 ],
[ 1, 3, 5, 6, 7, 11, 12, 13, 15, 17, 18, 19, 20, 22, 25, 27, 30, 34, 36, 37, 
  39, 43, 44, 48, 50, 52, 60, 64 ],
[ 1, 3, 5, 6, 7, 11, 12, 13, 15, 17, 18, 19, 20, 22, 23, 25, 30, 34, 36, 37, 
  39, 45, 48, 49, 52, 58, 59, 62 ],
[ 1, 3, 5, 6, 7, 11, 12, 13, 15, 17, 18, 19, 20, 22, 23, 25, 30, 34, 36, 37, 
  39, 43, 45, 48, 49, 52, 62, 64 ],
[ 1, 3, 5, 6, 7, 8, 11, 15, 18, 20, 22, 25, 27, 31, 32, 34, 35, 36, 39, 40, 
  41, 43, 44, 45, 52, 56, 59, 62 ],
[ 1, 3, 5, 6, 7, 8, 11, 12, 15, 18, 20, 22, 25, 31, 34, 35, 36, 37, 39, 41, 
  43, 44, 49, 50, 52, 57, 59, 60 ],
[ 1, 3, 5, 6, 7, 8, 11, 12, 15, 18, 20, 22, 23, 25, 31, 34, 36, 37, 39, 40, 
  41, 43, 49, 52, 55, 59, 60, 62 ],
[ 1, 3, 5, 6, 7, 8, 11, 12, 15, 18, 19, 20, 22, 25, 27, 31, 34, 36, 37, 39, 
  44, 50, 52, 55, 57, 58, 59, 60 ],
[ 1, 3, 5, 6, 7, 8, 11, 12, 15, 18, 19, 20, 22, 25, 27, 31, 34, 36, 37, 39, 
  43, 44, 50, 52, 55, 57, 60, 64 ],
[ 1, 3, 4, 6, 7, 11, 14, 15, 18, 20, 22, 28, 29, 30, 31, 32, 34, 36, 40, 42, 
  43, 44, 45, 46, 47, 55, 57, 59 ],
[ 1, 3, 4, 6, 7, 11, 14, 15, 18, 20, 22, 25, 26, 28, 29, 30, 31, 32, 33, 36, 
  40, 42, 44, 54, 57, 58, 59, 60 ],
[ 1, 3, 4, 6, 7, 11, 14, 15, 18, 20, 22, 25, 26, 28, 29, 30, 31, 32, 33, 36, 
  40, 42, 43, 44, 54, 57, 60, 64 ],
[ 1, 3, 4, 6, 7, 11, 14, 15, 18, 20, 22, 24, 28, 29, 30, 31, 32, 34, 36, 40, 
  42, 43, 44, 45, 55, 57, 59, 61 ],
[ 1, 3, 4, 6, 7, 11, 14, 15, 18, 20, 21, 22, 25, 26, 28, 29, 30, 32, 33, 36, 
  40, 43, 44, 52, 57, 59, 60, 63 ],
[ 1, 3, 4, 6, 7, 11, 14, 15, 18, 20, 21, 22, 23, 28, 30, 31, 32, 34, 35, 36, 
  40, 43, 46, 51, 57, 59, 60, 61 ],
[ 1, 3, 4, 6, 7, 11, 12, 14, 15, 18, 20, 22, 25, 28, 30, 31, 33, 36, 40, 42, 
  43, 44, 45, 48, 51, 54, 57, 64 ],
[ 1, 3, 4, 6, 7, 11, 12, 14, 15, 18, 20, 22, 25, 26, 28, 29, 30, 36, 40, 42, 
  43, 44, 45, 52, 53, 57, 59, 63 ],
[ 1, 3, 4, 6, 7, 11, 12, 14, 15, 18, 20, 22, 25, 26, 28, 29, 30, 33, 36, 40, 
  42, 44, 45, 52, 54, 57, 58, 64 ],
[ 1, 3, 4, 6, 7, 11, 12, 14, 15, 18, 20, 22, 24, 28, 30, 31, 34, 36, 40, 42, 
  43, 44, 45, 47, 51, 55, 57, 64 ],
[ 1, 3, 4, 6, 7, 11, 12, 14, 15, 18, 20, 22, 23, 25, 28, 30, 31, 33, 36, 40, 
  42, 48, 51, 54, 57, 58, 59, 60 ],
[ 1, 3, 4, 6, 7, 11, 12, 14, 15, 18, 20, 21, 22, 25, 28, 30, 36, 40, 43, 44, 
  45, 48, 51, 52, 53, 54, 57, 59 ],
[ 1, 3, 4, 6, 7, 11, 12, 14, 15, 18, 20, 21, 22, 23, 25, 28, 30, 36, 40, 43, 
  48, 51, 52, 53, 54, 57, 59, 60 ],
[ 1, 3, 4, 6, 7, 10, 11, 15, 18, 20, 22, 25, 26, 28, 29, 30, 32, 33, 36, 37, 
  39, 40, 42, 44, 54, 59, 60, 64 ],
[ 1, 3, 4, 6, 7, 10, 11, 15, 18, 20, 22, 23, 25, 26, 28, 29, 30, 32, 36, 37, 
  39, 40, 42, 45, 53, 59, 63, 64 ],
[ 1, 3, 4, 6, 7, 10, 11, 15, 18, 20, 21, 22, 25, 28, 29, 30, 32, 33, 36, 37, 
  39, 44, 45, 48, 54, 57, 59, 64 ],
[ 1, 3, 4, 6, 7, 10, 11, 15, 18, 20, 21, 22, 25, 26, 28, 30, 32, 33, 36, 39, 
  40, 44, 45, 51, 54, 56, 59, 64 ],
[ 1, 3, 4, 6, 7, 10, 11, 15, 18, 20, 21, 22, 25, 26, 27, 30, 32, 34, 36, 39, 
  40, 44, 45, 50, 55, 56, 59, 64 ],
[ 1, 3, 4, 6, 7, 10, 11, 15, 18, 20, 21, 22, 24, 28, 29, 30, 32, 34, 36, 37, 
  39, 44, 45, 47, 55, 57, 59, 64 ],
[ 1, 3, 4, 6, 7, 10, 11, 15, 18, 20, 21, 22, 23, 25, 27, 28, 30, 32, 33, 36, 
  38, 41, 45, 47, 57, 59, 63, 64 ],
[ 1, 3, 4, 6, 7, 10, 11, 15, 18, 20, 21, 22, 23, 25, 26, 28, 29, 30, 32, 33, 
  36, 39, 45, 56, 57, 59, 63, 64 ],
[ 1, 3, 4, 6, 7, 10, 11, 15, 17, 18, 20, 22, 23, 25, 26, 28, 30, 32, 33, 36, 
  37, 40, 42, 51, 59, 60, 63, 64 ],
[ 1, 3, 4, 6, 7, 10, 11, 15, 17, 18, 20, 21, 22, 28, 29, 30, 32, 34, 36, 37, 
  40, 44, 45, 46, 55, 59, 61, 64 ],
[ 1, 3, 4, 6, 7, 10, 11, 15, 17, 18, 20, 21, 22, 25, 26, 28, 29, 30, 32, 33, 
  36, 40, 44, 56, 59, 60, 63, 64 ],
[ 1, 3, 4, 6, 7, 10, 11, 14, 15, 18, 20, 22, 25, 27, 30, 32, 34, 35, 37, 39, 
  40, 42, 44, 45, 48, 59, 62, 64 ],
[ 1, 3, 4, 6, 7, 10, 11, 14, 15, 18, 20, 21, 22, 25, 26, 30, 32, 34, 37, 39, 
  40, 44, 45, 49, 55, 59, 62, 64 ],
[ 1, 3, 4, 6, 7, 10, 11, 14, 15, 18, 20, 21, 22, 25, 26, 28, 30, 32, 37, 39, 
  40, 44, 45, 51, 53, 59, 63, 64 ],
[ 1, 3, 4, 6, 7, 10, 11, 14, 15, 18, 20, 21, 22, 23, 25, 28, 30, 32, 33, 38, 
  40, 41, 45, 49, 59, 61, 63, 64 ],
[ 1, 3, 4, 6, 7, 10, 11, 12, 15, 18, 20, 22, 25, 27, 28, 30, 33, 36, 38, 41, 
  42, 44, 45, 47, 54, 57, 59, 64 ],
[ 1, 3, 4, 6, 7, 10, 11, 12, 15, 18, 20, 22, 23, 25, 27, 30, 34, 36, 37, 39, 
  40, 42, 48, 50, 55, 59, 60, 64 ],
[ 1, 3, 4, 6, 7, 10, 11, 12, 15, 18, 20, 22, 23, 24, 28, 30, 34, 36, 37, 39, 
  40, 42, 47, 51, 55, 59, 60, 64 ],
[ 1, 3, 4, 6, 7, 10, 11, 12, 15, 17, 18, 20, 22, 24, 28, 30, 34, 36, 37, 42, 
  44, 45, 47, 51, 55, 57, 59, 64 ],
[ 1, 3, 4, 6, 7, 10, 11, 12, 14, 15, 18, 20, 22, 25, 28, 30, 33, 38, 40, 41, 
  42, 44, 45, 49, 54, 59, 61, 64 ],
[ 1, 3, 4, 5, 6, 7, 11, 15, 18, 20, 22, 25, 26, 27, 30, 32, 34, 35, 36, 37, 
  39, 40, 43, 44, 49, 52, 59, 60 ],
[ 1, 3, 4, 5, 6, 7, 11, 15, 18, 20, 22, 23, 25, 26, 27, 30, 32, 34, 35, 36, 
  37, 39, 40, 45, 49, 52, 58, 64 ],
[ 1, 3, 4, 5, 6, 7, 11, 12, 15, 18, 20, 22, 25, 27, 28, 30, 36, 38, 41, 43, 
  44, 45, 47, 52, 54, 57, 59, 63 ],
[ 1, 3, 4, 5, 6, 7, 11, 12, 15, 16, 18, 19, 20, 22, 25, 28, 30, 36, 43, 44, 
  45, 49, 52, 54, 57, 59, 61, 63 ],
[ 1, 3, 4, 5, 6, 7, 11, 12, 13, 15, 18, 20, 22, 25, 26, 30, 34, 36, 39, 43, 
  44, 45, 49, 50, 52, 56, 57, 59 ],
[ 1, 3, 4, 5, 6, 7, 11, 12, 13, 15, 18, 20, 22, 23, 25, 26, 30, 34, 36, 39, 
  43, 49, 50, 52, 56, 57, 59, 60 ],
[ 1, 2, 6, 7, 11, 14, 15, 17, 18, 20, 22, 25, 26, 28, 29, 30, 31, 33, 36, 38, 
  39, 41, 42, 45, 54, 58, 59, 60 ],
[ 1, 2, 6, 7, 11, 14, 15, 17, 18, 20, 22, 25, 26, 28, 29, 30, 31, 33, 36, 38, 
  39, 41, 42, 43, 45, 54, 60, 64 ],
[ 1, 2, 6, 7, 11, 14, 15, 17, 18, 20, 21, 22, 25, 26, 28, 29, 30, 33, 36, 38, 
  39, 41, 43, 45, 52, 59, 60, 63 ],
[ 1, 2, 6, 7, 11, 14, 15, 17, 18, 19, 20, 21, 22, 25, 26, 28, 30, 33, 36, 38, 
  39, 45, 51, 52, 54, 58, 59, 60 ],
[ 1, 2, 6, 7, 10, 11, 14, 15, 17, 18, 20, 21, 22, 25, 26, 28, 29, 31, 33, 36, 
  38, 39, 41, 45, 58, 60, 63, 64 ],
[ 1, 2, 6, 7, 9, 11, 15, 18, 20, 21, 22, 23, 25, 26, 28, 30, 33, 36, 37, 38, 
  39, 40, 41, 43, 44, 52, 53, 59 ],
[ 1, 2, 6, 7, 9, 11, 14, 15, 18, 20, 21, 22, 25, 26, 28, 30, 33, 36, 38, 39, 
  40, 41, 43, 44, 45, 52, 53, 59 ],
[ 1, 2, 6, 7, 9, 11, 14, 15, 18, 20, 21, 22, 23, 25, 26, 28, 30, 33, 36, 38, 
  39, 40, 41, 43, 52, 53, 59, 60 ],
[ 1, 2, 6, 7, 9, 11, 14, 15, 18, 19, 20, 21, 22, 23, 25, 26, 28, 30, 33, 36, 
  38, 39, 45, 52, 53, 57, 58, 59 ],
[ 1, 2, 6, 7, 9, 11, 14, 15, 16, 18, 20, 22, 25, 28, 30, 31, 33, 36, 39, 40, 
  41, 42, 43, 44, 45, 48, 53, 59 ],
[ 1, 2, 6, 7, 9, 11, 14, 15, 16, 18, 20, 22, 23, 25, 28, 30, 31, 33, 36, 39, 
  40, 41, 42, 43, 48, 53, 59, 60 ],
[ 1, 2, 6, 7, 9, 10, 11, 14, 15, 18, 20, 21, 22, 25, 26, 28, 31, 33, 36, 38, 
  39, 40, 41, 44, 45, 53, 58, 64 ],
[ 1, 2, 6, 7, 9, 10, 11, 14, 15, 18, 20, 21, 22, 23, 25, 26, 28, 31, 33, 36, 
  38, 39, 40, 41, 53, 58, 60, 64 ],
[ 1, 2, 6, 7, 9, 10, 11, 14, 15, 18, 19, 20, 21, 22, 25, 26, 28, 31, 33, 36, 
  38, 39, 44, 53, 57, 58, 59, 60 ],
[ 1, 2, 6, 7, 9, 10, 11, 14, 15, 16, 18, 20, 22, 25, 28, 33, 36, 39, 40, 41, 
  42, 43, 44, 45, 48, 52, 53, 59 ],
[ 1, 2, 6, 7, 9, 10, 11, 14, 15, 16, 18, 20, 22, 23, 25, 28, 33, 36, 39, 40, 
  41, 42, 43, 48, 52, 53, 59, 60 ],
[ 1, 2, 6, 7, 9, 10, 11, 14, 15, 16, 18, 20, 21, 22, 25, 26, 28, 33, 36, 39, 
  41, 43, 44, 52, 53, 57, 59, 60 ],
[ 1, 2, 6, 7, 9, 10, 11, 14, 15, 16, 18, 20, 21, 22, 23, 25, 26, 28, 33, 36, 
  39, 41, 45, 52, 53, 57, 58, 64 ],
[ 1, 2, 5, 6, 7, 11, 14, 15, 18, 20, 22, 25, 26, 28, 29, 30, 33, 36, 38, 39, 
  40, 41, 43, 44, 45, 52, 53, 59 ],
[ 1, 2, 5, 6, 7, 11, 14, 15, 18, 20, 22, 23, 25, 26, 28, 29, 30, 33, 36, 38, 
  39, 40, 41, 43, 52, 53, 59, 60 ],
[ 1, 2, 5, 6, 7, 11, 13, 15, 17, 18, 20, 22, 28, 29, 30, 31, 34, 36, 38, 40, 
  41, 43, 44, 45, 46, 47, 56, 58 ],
[ 1, 2, 5, 6, 7, 11, 13, 15, 17, 18, 20, 22, 23, 28, 29, 30, 31, 34, 36, 38, 
  40, 41, 43, 46, 47, 56, 58, 60 ],
[ 1, 2, 5, 6, 7, 9, 11, 15, 17, 18, 20, 22, 25, 26, 28, 30, 36, 37, 38, 39, 
  41, 43, 44, 45, 52, 53, 54, 59 ],
[ 1, 2, 5, 6, 7, 9, 11, 15, 17, 18, 20, 22, 23, 25, 26, 28, 30, 33, 36, 37, 
  38, 39, 41, 43, 52, 59, 60, 63 ],
[ 1, 2, 5, 6, 7, 8, 11, 14, 15, 16, 18, 20, 22, 25, 28, 30, 31, 36, 39, 40, 
  41, 43, 44, 45, 51, 53, 59, 63 ],
[ 1, 2, 5, 6, 7, 8, 11, 14, 15, 16, 18, 20, 22, 25, 28, 30, 31, 33, 36, 39, 
  40, 41, 44, 45, 51, 54, 58, 64 ],
[ 1, 2, 5, 6, 7, 8, 11, 14, 15, 16, 18, 20, 22, 23, 25, 28, 30, 31, 36, 39, 
  40, 41, 43, 51, 53, 59, 60, 63 ],
[ 1, 2, 5, 6, 7, 8, 11, 14, 15, 16, 18, 20, 22, 23, 25, 28, 30, 31, 33, 36, 
  39, 40, 41, 51, 54, 58, 60, 64 ],
[ 1, 2, 5, 6, 7, 8, 11, 13, 15, 17, 18, 19, 20, 21, 22, 24, 25, 28, 32, 36, 
  37, 44, 50, 53, 58, 60, 62, 63 ],
[ 1, 2, 4, 6, 7, 11, 14, 15, 18, 20, 22, 25, 26, 28, 30, 31, 33, 36, 38, 39, 
  40, 42, 43, 44, 45, 51, 53, 59 ],
[ 1, 2, 4, 6, 7, 11, 14, 15, 18, 20, 21, 22, 25, 26, 27, 30, 34, 36, 38, 39, 
  40, 43, 44, 45, 50, 52, 55, 58 ],
[ 1, 2, 4, 6, 7, 11, 14, 15, 18, 20, 21, 22, 23, 25, 27, 30, 32, 33, 36, 38, 
  39, 41, 43, 45, 47, 55, 58, 62 ],
[ 1, 2, 4, 6, 7, 11, 14, 15, 18, 20, 21, 22, 23, 25, 27, 30, 31, 34, 35, 36, 
  38, 39, 43, 48, 50, 57, 58, 60 ],
[ 1, 2, 4, 6, 7, 11, 14, 15, 18, 20, 21, 22, 23, 25, 26, 27, 30, 34, 36, 38, 
  39, 40, 43, 50, 52, 55, 58, 60 ],
[ 1, 2, 4, 6, 7, 11, 14, 15, 17, 18, 20, 22, 28, 29, 30, 31, 34, 36, 38, 40, 
  42, 43, 44, 45, 46, 47, 55, 58 ],
[ 1, 2, 4, 6, 7, 11, 14, 15, 17, 18, 20, 22, 25, 26, 30, 31, 34, 36, 38, 40, 
  42, 43, 44, 45, 49, 50, 55, 58 ],
[ 1, 2, 4, 6, 7, 11, 14, 15, 17, 18, 20, 22, 24, 28, 29, 30, 31, 34, 36, 38, 
  40, 42, 43, 44, 45, 55, 58, 61 ],
[ 1, 2, 4, 6, 7, 11, 14, 15, 17, 18, 20, 22, 23, 28, 29, 30, 31, 34, 36, 38, 
  40, 42, 43, 46, 47, 55, 58, 60 ],
[ 1, 2, 4, 6, 7, 11, 14, 15, 17, 18, 20, 22, 23, 25, 26, 30, 31, 34, 36, 38, 
  40, 42, 43, 49, 50, 55, 58, 60 ],
[ 1, 2, 4, 6, 7, 11, 14, 15, 17, 18, 20, 22, 23, 24, 28, 29, 30, 31, 34, 36, 
  38, 40, 42, 43, 55, 58, 60, 61 ],
[ 1, 2, 4, 6, 7, 11, 14, 15, 17, 18, 20, 21, 22, 23, 25, 30, 31, 34, 35, 36, 
  38, 40, 43, 48, 49, 58, 60, 62 ],
[ 1, 2, 4, 6, 7, 11, 14, 15, 16, 18, 20, 22, 25, 28, 30, 31, 33, 36, 39, 40, 
  42, 43, 44, 45, 48, 51, 54, 58 ],
[ 1, 2, 4, 6, 7, 11, 14, 15, 16, 18, 20, 22, 25, 27, 30, 32, 33, 36, 39, 41, 
  42, 43, 44, 45, 47, 50, 55, 58 ],
[ 1, 2, 4, 6, 7, 11, 14, 15, 16, 18, 20, 22, 25, 27, 30, 31, 34, 36, 39, 40, 
  42, 43, 44, 45, 48, 50, 55, 58 ],
[ 1, 2, 4, 6, 7, 11, 14, 15, 16, 18, 20, 22, 24, 28, 30, 31, 34, 36, 39, 40, 
  42, 43, 44, 45, 47, 51, 55, 58 ],
[ 1, 2, 4, 6, 7, 11, 14, 15, 16, 18, 20, 22, 23, 25, 28, 30, 31, 33, 36, 39, 
  40, 42, 43, 48, 51, 54, 58, 60 ],
[ 1, 2, 4, 6, 7, 11, 14, 15, 16, 18, 20, 22, 23, 25, 27, 30, 31, 34, 36, 39, 
  40, 42, 43, 48, 50, 55, 58, 60 ],
[ 1, 2, 4, 6, 7, 11, 14, 15, 16, 18, 20, 22, 23, 24, 28, 30, 31, 34, 36, 39, 
  40, 42, 43, 47, 51, 55, 58, 60 ],
[ 1, 2, 4, 6, 7, 11, 14, 15, 16, 18, 20, 21, 22, 25, 28, 30, 33, 36, 39, 40, 
  43, 44, 45, 48, 51, 52, 53, 59 ],
[ 1, 2, 4, 6, 7, 11, 14, 15, 16, 18, 20, 21, 22, 24, 28, 30, 34, 37, 39, 40, 
  43, 44, 45, 46, 51, 52, 55, 58 ],
[ 1, 2, 4, 6, 7, 11, 14, 15, 16, 18, 20, 21, 22, 23, 24, 28, 30, 34, 37, 39, 
  40, 43, 46, 51, 52, 55, 58, 60 ],
[ 1, 2, 4, 6, 7, 11, 14, 15, 16, 17, 18, 20, 22, 24, 28, 30, 31, 34, 36, 42, 
  43, 44, 45, 47, 51, 55, 57, 58 ],
[ 1, 2, 4, 6, 7, 11, 14, 15, 16, 17, 18, 20, 22, 23, 24, 28, 30, 31, 34, 36, 
  42, 43, 47, 51, 55, 57, 58, 60 ],
[ 1, 2, 4, 6, 7, 10, 11, 14, 15, 18, 20, 22, 25, 26, 28, 33, 36, 38, 39, 40, 
  42, 43, 44, 45, 51, 52, 53, 59 ],
[ 1, 2, 4, 6, 7, 10, 11, 14, 15, 18, 19, 20, 21, 22, 25, 32, 33, 35, 36, 38, 
  39, 43, 44, 49, 50, 58, 60, 61 ],
[ 1, 2, 4, 6, 7, 10, 11, 14, 15, 16, 18, 20, 22, 25, 28, 33, 36, 39, 40, 42, 
  43, 44, 45, 48, 51, 52, 54, 58 ],
[ 1, 2, 4, 6, 7, 10, 11, 14, 15, 16, 18, 20, 22, 25, 27, 34, 36, 39, 40, 42, 
  43, 44, 45, 48, 50, 52, 55, 58 ],
[ 1, 2, 4, 6, 7, 10, 11, 14, 15, 16, 18, 20, 22, 23, 25, 28, 33, 36, 39, 40, 
  42, 43, 48, 51, 52, 54, 58, 60 ],
[ 1, 2, 4, 6, 7, 10, 11, 14, 15, 16, 18, 20, 22, 23, 25, 27, 34, 36, 39, 40, 
  42, 43, 48, 50, 52, 55, 58, 60 ],
[ 1, 2, 4, 6, 7, 10, 11, 14, 15, 16, 18, 20, 21, 22, 25, 28, 31, 33, 36, 39, 
  40, 44, 45, 48, 51, 53, 58, 64 ],
[ 1, 2, 4, 6, 7, 10, 11, 14, 15, 16, 18, 20, 21, 22, 25, 26, 28, 33, 36, 39, 
  43, 44, 51, 52, 54, 57, 58, 60 ],
[ 1, 2, 4, 6, 7, 10, 11, 14, 15, 16, 18, 20, 21, 22, 23, 25, 26, 28, 36, 39, 
  43, 45, 51, 52, 53, 57, 58, 63 ],
[ 1, 2, 4, 6, 7, 10, 11, 14, 15, 16, 18, 19, 20, 22, 23, 25, 32, 33, 35, 36, 
  39, 42, 43, 49, 58, 60, 61, 62 ],
[ 1, 2, 4, 6, 7, 8, 11, 15, 16, 18, 20, 21, 22, 25, 30, 35, 36, 39, 43, 44, 
  45, 49, 50, 52, 55, 56, 57, 59 ],
[ 1, 2, 4, 6, 7, 8, 11, 15, 16, 18, 20, 21, 22, 23, 25, 30, 35, 36, 39, 43, 
  49, 50, 52, 55, 56, 57, 59, 60 ],
[ 1, 2, 4, 5, 6, 7, 11, 15, 16, 18, 20, 22, 25, 30, 32, 33, 36, 39, 41, 43, 
  44, 45, 47, 50, 55, 56, 59, 62 ],
[ 1, 2, 4, 5, 6, 7, 11, 15, 16, 18, 20, 22, 23, 25, 30, 32, 36, 41, 43, 44, 
  47, 49, 50, 54, 55, 56, 57, 59 ],
[ 1, 2, 4, 5, 6, 7, 11, 15, 16, 18, 20, 22, 23, 25, 27, 30, 32, 33, 36, 39, 
  41, 43, 44, 47, 55, 56, 59, 62 ],
[ 1, 2, 4, 5, 6, 7, 11, 14, 15, 16, 18, 20, 22, 25, 30, 32, 33, 37, 39, 41, 
  44, 45, 47, 50, 55, 58, 62, 64 ],
[ 1, 2, 4, 5, 6, 7, 11, 14, 15, 16, 18, 20, 22, 23, 25, 30, 32, 37, 41, 44, 
  47, 49, 50, 54, 55, 57, 58, 64 ],
[ 1, 2, 4, 5, 6, 7, 11, 14, 15, 16, 18, 20, 22, 23, 25, 27, 30, 32, 33, 37, 
  39, 41, 44, 47, 55, 58, 62, 64 ],
[ 1, 2, 3, 6, 11, 13, 15, 16, 17, 18, 20, 22, 24, 25, 28, 29, 32, 33, 34, 37, 
  40, 41, 46, 50, 52, 61, 62, 63 ],
[ 1, 2, 3, 6, 11, 12, 13, 15, 17, 18, 20, 22, 24, 25, 28, 29, 31, 33, 34, 38, 
  40, 41, 46, 50, 56, 61, 62, 63 ],
[ 1, 2, 3, 6, 11, 12, 13, 14, 15, 18, 20, 22, 23, 25, 27, 28, 30, 31, 34, 38, 
  39, 40, 43, 52, 54, 55, 57, 61 ],
[ 1, 2, 3, 6, 11, 12, 13, 14, 15, 16, 18, 20, 22, 25, 27, 28, 30, 31, 34, 39, 
  40, 43, 44, 47, 52, 55, 57, 63 ],
[ 1, 2, 3, 6, 10, 11, 13, 14, 15, 16, 18, 20, 22, 23, 25, 27, 28, 31, 32, 34, 
  39, 40, 47, 52, 55, 57, 58, 63 ],
[ 1, 2, 3, 6, 9, 11, 15, 16, 17, 18, 19, 20, 22, 24, 25, 28, 32, 33, 34, 37, 
  39, 46, 49, 50, 52, 54, 55, 61 ],
[ 1, 2, 3, 6, 9, 11, 13, 15, 16, 17, 18, 19, 20, 22, 24, 25, 28, 32, 35, 37, 
  39, 46, 49, 50, 52, 53, 61, 63 ],
[ 1, 2, 3, 5, 6, 11, 15, 16, 18, 20, 22, 23, 25, 28, 29, 31, 32, 39, 40, 41, 
  42, 43, 44, 46, 54, 56, 59, 63 ],
[ 1, 2, 3, 5, 6, 11, 15, 16, 18, 19, 20, 22, 23, 25, 27, 31, 32, 34, 35, 39, 
  42, 43, 45, 46, 49, 56, 57, 58 ],
[ 1, 2, 3, 5, 6, 11, 15, 16, 18, 19, 20, 21, 22, 24, 25, 27, 32, 34, 35, 37, 
  39, 43, 44, 49, 52, 57, 58, 60 ],
[ 1, 2, 3, 5, 6, 11, 15, 16, 17, 18, 20, 22, 25, 28, 29, 31, 32, 33, 39, 41, 
  42, 43, 44, 45, 46, 53, 56, 59 ],
[ 1, 2, 3, 5, 6, 11, 15, 16, 17, 18, 20, 22, 23, 25, 31, 32, 34, 35, 39, 41, 
  42, 43, 44, 46, 49, 50, 56, 59 ],
[ 1, 2, 3, 5, 6, 11, 15, 16, 17, 18, 20, 22, 23, 25, 28, 29, 31, 32, 39, 41, 
  42, 43, 44, 46, 53, 54, 56, 59 ],
[ 1, 2, 3, 5, 6, 11, 15, 16, 17, 18, 19, 20, 22, 23, 25, 28, 31, 32, 33, 39, 
  42, 43, 44, 46, 51, 54, 56, 64 ],
[ 1, 2, 3, 5, 6, 11, 15, 16, 17, 18, 19, 20, 22, 23, 25, 27, 31, 32, 34, 39, 
  42, 43, 44, 46, 50, 55, 56, 64 ],
[ 1, 2, 3, 5, 6, 11, 13, 15, 16, 18, 20, 22, 23, 25, 31, 32, 34, 39, 40, 41, 
  42, 43, 46, 50, 56, 59, 60, 62 ],
[ 1, 2, 3, 5, 6, 11, 13, 15, 16, 18, 19, 20, 22, 23, 25, 31, 32, 34, 39, 42, 
  43, 45, 46, 50, 56, 57, 62, 64 ],
[ 1, 2, 3, 5, 6, 11, 13, 15, 16, 18, 19, 20, 22, 23, 25, 27, 31, 32, 34, 39, 
  42, 43, 45, 46, 56, 57, 58, 62 ],
[ 1, 2, 3, 5, 6, 11, 13, 15, 16, 18, 19, 20, 21, 22, 24, 25, 32, 34, 37, 39, 
  44, 50, 52, 57, 58, 59, 60, 62 ],
[ 1, 2, 3, 5, 6, 11, 13, 15, 16, 18, 19, 20, 21, 22, 24, 25, 32, 34, 37, 39, 
  43, 44, 49, 50, 52, 57, 58, 60 ],
[ 1, 2, 3, 5, 6, 11, 13, 15, 16, 17, 18, 19, 20, 22, 23, 25, 31, 32, 35, 39, 
  42, 43, 44, 46, 49, 56, 62, 64 ],
[ 1, 2, 3, 5, 6, 11, 12, 15, 18, 20, 21, 22, 23, 24, 25, 28, 29, 31, 38, 39, 
  40, 41, 44, 54, 56, 58, 63, 64 ],
[ 1, 2, 3, 5, 6, 11, 12, 15, 17, 18, 20, 22, 23, 25, 28, 29, 37, 38, 39, 41, 
  42, 43, 44, 46, 52, 53, 54, 59 ],
[ 1, 2, 3, 5, 6, 11, 12, 15, 17, 18, 20, 22, 23, 25, 28, 29, 33, 37, 38, 39, 
  41, 42, 43, 46, 52, 53, 59, 60 ],
[ 1, 2, 3, 5, 6, 11, 12, 15, 17, 18, 19, 20, 22, 23, 25, 28, 33, 37, 38, 39, 
  42, 43, 44, 46, 51, 52, 54, 64 ],
[ 1, 2, 3, 5, 6, 9, 11, 15, 16, 18, 19, 20, 22, 23, 25, 28, 31, 32, 39, 42, 
  43, 45, 46, 54, 56, 57, 63, 64 ],
[ 1, 2, 3, 5, 6, 9, 11, 15, 16, 18, 19, 20, 21, 22, 24, 25, 28, 32, 37, 39, 
  44, 52, 54, 57, 58, 59, 60, 63 ],
[ 1, 2, 3, 5, 6, 7, 11, 15, 18, 19, 20, 22, 28, 30, 32, 33, 34, 38, 39, 43, 
  45, 46, 47, 50, 56, 57, 59, 60 ],
[ 1, 2, 3, 5, 6, 7, 11, 15, 17, 18, 20, 22, 23, 28, 30, 32, 33, 36, 38, 39, 
  41, 45, 46, 47, 50, 55, 58, 59 ],
[ 1, 2, 3, 5, 6, 7, 11, 15, 17, 18, 20, 22, 23, 28, 30, 32, 33, 34, 38, 39, 
  41, 43, 45, 46, 47, 50, 56, 64 ],
[ 1, 2, 3, 5, 6, 7, 11, 15, 17, 18, 20, 22, 23, 24, 28, 30, 32, 33, 36, 38, 
  39, 41, 43, 45, 50, 55, 61, 64 ],
[ 1, 2, 3, 5, 6, 7, 11, 15, 17, 18, 20, 22, 23, 24, 28, 30, 32, 33, 34, 38, 
  39, 41, 45, 50, 56, 58, 59, 61 ],
[ 1, 2, 3, 5, 6, 7, 11, 15, 17, 18, 19, 20, 22, 28, 30, 32, 33, 34, 38, 40, 
  45, 46, 47, 50, 56, 58, 60, 64 ],
[ 1, 2, 3, 4, 6, 11, 15, 18, 19, 20, 22, 24, 25, 28, 30, 31, 32, 33, 37, 38, 
  39, 45, 50, 52, 53, 55, 59, 63 ],
[ 1, 2, 3, 4, 6, 11, 15, 16, 18, 20, 22, 24, 25, 27, 28, 32, 33, 35, 37, 39, 
  40, 46, 50, 51, 52, 55, 61, 63 ],
[ 1, 2, 3, 4, 6, 11, 15, 16, 18, 20, 21, 22, 25, 27, 29, 30, 32, 33, 36, 37, 
  41, 43, 44, 49, 52, 54, 55, 58 ],
[ 1, 2, 3, 4, 6, 11, 15, 16, 17, 18, 20, 22, 25, 28, 30, 31, 32, 33, 37, 41, 
  45, 46, 50, 52, 53, 54, 55, 64 ],
[ 1, 2, 3, 4, 6, 11, 15, 16, 17, 18, 20, 22, 24, 25, 28, 30, 31, 32, 33, 41, 
  45, 50, 52, 53, 55, 56, 59, 63 ],
[ 1, 2, 3, 4, 6, 11, 15, 16, 17, 18, 20, 22, 24, 25, 28, 30, 31, 32, 33, 35, 
  41, 50, 52, 53, 54, 56, 60, 64 ],
[ 1, 2, 3, 4, 6, 11, 15, 16, 17, 18, 20, 22, 24, 25, 27, 28, 32, 35, 37, 46, 
  50, 51, 52, 53, 54, 55, 57, 61 ],
[ 1, 2, 3, 4, 6, 11, 15, 16, 17, 18, 20, 22, 23, 24, 25, 28, 30, 31, 32, 34, 
  41, 43, 50, 52, 53, 54, 56, 63 ],
[ 1, 2, 3, 4, 6, 11, 14, 15, 18, 19, 20, 22, 23, 25, 28, 30, 31, 32, 33, 34, 
  38, 40, 47, 49, 52, 54, 58, 63 ],
[ 1, 2, 3, 4, 6, 11, 13, 15, 18, 19, 20, 22, 24, 25, 28, 30, 31, 32, 33, 37, 
  38, 39, 44, 50, 52, 54, 58, 63 ],
[ 1, 2, 3, 4, 6, 11, 13, 15, 16, 18, 20, 22, 25, 27, 28, 30, 31, 32, 33, 36, 
  40, 41, 44, 47, 52, 54, 58, 63 ],
[ 1, 2, 3, 4, 6, 11, 13, 15, 16, 17, 18, 20, 22, 25, 28, 30, 31, 32, 37, 41, 
  43, 44, 46, 50, 52, 53, 54, 63 ],
[ 1, 2, 3, 4, 6, 11, 13, 14, 15, 18, 19, 20, 22, 25, 27, 28, 30, 31, 32, 33, 
  38, 44, 47, 52, 54, 57, 58, 63 ],
[ 1, 2, 3, 4, 6, 11, 12, 15, 18, 20, 22, 24, 25, 28, 30, 31, 35, 38, 39, 40, 
  43, 51, 52, 53, 54, 55, 56, 59 ],
[ 1, 2, 3, 4, 6, 11, 12, 15, 18, 20, 22, 24, 25, 28, 30, 31, 33, 35, 38, 39, 
  41, 50, 52, 53, 54, 56, 59, 60 ],
[ 1, 2, 3, 4, 6, 11, 12, 15, 18, 19, 20, 22, 24, 25, 28, 30, 31, 33, 35, 38, 
  39, 45, 52, 53, 56, 59, 62, 63 ],
[ 1, 2, 3, 4, 6, 11, 12, 15, 17, 18, 20, 22, 24, 25, 28, 29, 30, 31, 33, 34, 
  38, 40, 43, 52, 55, 56, 58, 63 ],
[ 1, 2, 3, 4, 6, 11, 12, 15, 17, 18, 19, 20, 22, 24, 25, 28, 30, 31, 33, 38, 
  50, 52, 53, 55, 56, 59, 60, 63 ],
[ 1, 2, 3, 4, 6, 11, 12, 14, 15, 18, 20, 21, 22, 25, 27, 30, 33, 35, 38, 41, 
  43, 44, 49, 51, 52, 54, 56, 58 ],
[ 1, 2, 3, 4, 6, 11, 12, 14, 15, 18, 19, 20, 22, 25, 27, 28, 30, 31, 33, 34, 
  38, 40, 44, 52, 54, 58, 61, 63 ],
[ 1, 2, 3, 4, 6, 11, 12, 13, 15, 18, 20, 22, 25, 27, 28, 30, 31, 33, 36, 38, 
  41, 43, 44, 47, 52, 54, 57, 63 ],
[ 1, 2, 3, 4, 6, 11, 12, 13, 15, 18, 20, 22, 24, 25, 28, 30, 31, 33, 38, 39, 
  41, 43, 44, 50, 52, 54, 56, 63 ],
[ 1, 2, 3, 4, 6, 11, 12, 13, 15, 17, 18, 20, 22, 25, 28, 30, 31, 33, 37, 38, 
  41, 43, 44, 46, 52, 54, 62, 63 ],
[ 1, 2, 3, 4, 6, 11, 12, 13, 15, 16, 17, 18, 19, 20, 22, 24, 25, 28, 30, 31, 
  33, 37, 43, 44, 50, 52, 54, 63 ],
[ 1, 2, 3, 4, 6, 11, 12, 13, 14, 15, 16, 18, 19, 20, 22, 25, 27, 28, 30, 31, 
  33, 40, 43, 44, 47, 52, 54, 63 ],
[ 1, 2, 3, 4, 6, 10, 11, 15, 16, 18, 20, 22, 25, 27, 29, 30, 32, 36, 37, 41, 
  42, 43, 44, 49, 53, 54, 55, 59 ],
[ 1, 2, 3, 4, 6, 10, 11, 15, 16, 18, 20, 21, 22, 25, 27, 29, 30, 32, 33, 36, 
  41, 44, 50, 55, 56, 59, 63, 64 ],
[ 1, 2, 3, 4, 6, 10, 11, 14, 15, 16, 18, 20, 22, 25, 27, 29, 30, 32, 33, 41, 
  42, 43, 44, 49, 55, 56, 59, 63 ],
[ 1, 2, 3, 4, 6, 10, 11, 14, 15, 16, 18, 20, 21, 22, 25, 29, 30, 32, 33, 37, 
  41, 44, 49, 55, 59, 62, 63, 64 ],
[ 1, 2, 3, 4, 6, 10, 11, 13, 15, 18, 20, 22, 26, 28, 30, 31, 32, 33, 34, 38, 
  39, 40, 43, 46, 51, 56, 59, 63 ],
[ 1, 2, 3, 4, 6, 7, 11, 15, 18, 20, 21, 22, 25, 27, 28, 30, 36, 38, 41, 43, 
  44, 45, 47, 52, 54, 57, 59, 63 ],
[ 1, 2, 3, 4, 6, 7, 11, 15, 18, 20, 21, 22, 23, 24, 25, 27, 30, 36, 38, 41, 
  43, 51, 52, 54, 57, 59, 60, 63 ],
[ 1, 2, 3, 4, 6, 7, 11, 15, 16, 18, 20, 21, 22, 25, 27, 29, 30, 36, 40, 41, 
  44, 45, 46, 52, 54, 58, 63, 64 ],
[ 1, 2, 3, 4, 6, 7, 11, 15, 16, 18, 19, 20, 21, 22, 25, 28, 30, 36, 43, 44, 
  45, 49, 52, 54, 57, 59, 61, 63 ],
[ 1, 2, 3, 4, 5, 6, 11, 15, 18, 20, 22, 24, 25, 28, 31, 32, 33, 35, 38, 39, 
  41, 42, 45, 50, 56, 58, 59, 64 ],
[ 1, 2, 3, 4, 5, 6, 11, 15, 18, 20, 21, 22, 23, 25, 29, 32, 33, 36, 38, 41, 
  43, 47, 52, 55, 57, 58, 59, 62 ],
[ 1, 2, 3, 4, 5, 6, 11, 15, 18, 20, 21, 22, 23, 25, 29, 31, 32, 33, 36, 38, 
  41, 43, 50, 55, 57, 58, 61, 64 ],
[ 1, 2, 3, 4, 5, 6, 11, 15, 18, 19, 20, 22, 24, 25, 28, 32, 33, 35, 37, 38, 
  39, 42, 50, 52, 58, 59, 60, 64 ],
[ 1, 2, 3, 4, 5, 6, 11, 15, 18, 19, 20, 21, 22, 23, 25, 28, 31, 32, 34, 38, 
  39, 43, 46, 50, 56, 58, 59, 63 ],
[ 1, 2, 3, 4, 5, 6, 11, 15, 16, 18, 20, 22, 25, 29, 31, 32, 36, 40, 41, 42, 
  43, 44, 50, 53, 55, 58, 59, 61 ],
[ 1, 2, 3, 4, 5, 6, 11, 15, 16, 18, 20, 22, 24, 25, 28, 31, 32, 37, 39, 41, 
  42, 45, 50, 53, 55, 58, 59, 64 ],
[ 1, 2, 3, 4, 5, 6, 11, 15, 16, 18, 20, 22, 23, 25, 28, 31, 32, 34, 39, 41, 
  42, 43, 46, 50, 54, 56, 58, 59 ],
[ 1, 2, 3, 4, 5, 6, 11, 15, 16, 18, 20, 22, 23, 25, 27, 28, 32, 34, 36, 40, 
  41, 42, 43, 47, 52, 58, 59, 63 ],
[ 1, 2, 3, 4, 5, 6, 11, 15, 16, 18, 19, 20, 22, 25, 28, 31, 32, 33, 35, 39, 
  42, 45, 46, 56, 58, 59, 62, 64 ],
[ 1, 2, 3, 4, 5, 6, 11, 15, 16, 18, 19, 20, 21, 22, 25, 27, 28, 32, 34, 36, 
  40, 43, 44, 52, 58, 59, 61, 63 ],
[ 1, 2, 3, 4, 5, 6, 11, 15, 16, 18, 19, 20, 21, 22, 24, 25, 28, 32, 34, 37, 
  39, 43, 44, 52, 58, 59, 62, 63 ],
[ 1, 2, 3, 4, 5, 6, 11, 15, 16, 17, 18, 20, 22, 25, 28, 32, 36, 40, 43, 44, 
  45, 46, 47, 49, 51, 54, 56, 57 ],
[ 1, 2, 3, 4, 5, 6, 11, 13, 15, 18, 20, 22, 23, 25, 28, 31, 32, 37, 38, 39, 
  41, 42, 43, 46, 50, 58, 59, 63 ],
[ 1, 2, 3, 4, 5, 6, 11, 13, 15, 18, 20, 22, 23, 25, 28, 31, 32, 36, 38, 40, 
  41, 42, 43, 47, 49, 58, 59, 63 ],
[ 1, 2, 3, 4, 5, 6, 11, 13, 15, 18, 20, 21, 22, 23, 25, 27, 28, 32, 36, 38, 
  41, 43, 47, 52, 57, 58, 59, 63 ],
[ 1, 2, 3, 4, 5, 6, 11, 13, 15, 18, 19, 20, 22, 24, 25, 28, 32, 37, 38, 39, 
  42, 43, 44, 50, 52, 54, 58, 64 ],
[ 1, 2, 3, 4, 5, 6, 11, 13, 15, 18, 19, 20, 21, 22, 25, 28, 31, 32, 36, 38, 
  40, 43, 44, 49, 58, 59, 61, 63 ],
[ 1, 2, 3, 4, 5, 6, 11, 13, 15, 16, 18, 20, 22, 25, 27, 28, 32, 36, 40, 41, 
  42, 43, 44, 47, 52, 54, 58, 64 ],
[ 1, 2, 3, 4, 5, 6, 11, 13, 15, 16, 18, 20, 21, 22, 25, 28, 31, 32, 37, 39, 
  41, 43, 44, 46, 58, 59, 62, 63 ],
[ 1, 2, 3, 4, 5, 6, 11, 13, 15, 16, 18, 19, 20, 22, 23, 25, 28, 31, 32, 39, 
  42, 43, 46, 54, 56, 58, 62, 64 ],
[ 1, 2, 3, 4, 5, 6, 11, 13, 15, 16, 18, 19, 20, 22, 23, 25, 28, 31, 32, 36, 
  42, 43, 49, 54, 57, 58, 61, 64 ],
[ 1, 2, 3, 4, 5, 6, 11, 13, 15, 16, 18, 19, 20, 21, 22, 23, 25, 28, 32, 39, 
  43, 46, 52, 56, 58, 59, 62, 63 ]
];

