## Group: [64, 253]
## Difference Sets: 750
## Time:  0:11:42.713

return [
[ 1, 8, 9, 10, 13, 14, 15, 17, 18, 19, 20, 21, 22, 24, 25, 27, 29, 30, 31, 
  33, 37, 38, 46, 50, 52, 55, 57, 63 ],
[ 1, 8, 9, 10, 13, 14, 15, 17, 18, 19, 20, 21, 22, 24, 25, 27, 29, 30, 31, 
  33, 34, 37, 38, 46, 50, 52, 53, 57 ],
[ 1, 8, 9, 10, 11, 13, 14, 17, 18, 19, 20, 21, 22, 24, 25, 27, 29, 31, 32, 
  33, 36, 37, 46, 50, 55, 56, 57, 63 ],
[ 1, 8, 9, 10, 11, 13, 14, 17, 18, 19, 20, 21, 22, 24, 25, 27, 29, 31, 32, 
  33, 34, 36, 37, 46, 50, 53, 56, 57 ],
[ 1, 7, 8, 9, 10, 13, 14, 16, 17, 19, 20, 24, 25, 27, 29, 30, 31, 33, 36, 38, 
  39, 41, 42, 46, 50, 52, 55, 63 ],
[ 1, 7, 8, 9, 10, 13, 14, 16, 17, 19, 20, 24, 25, 27, 29, 30, 31, 33, 34, 36, 
  38, 39, 41, 42, 46, 50, 52, 53 ],
[ 1, 7, 8, 9, 10, 13, 14, 15, 16, 17, 19, 20, 24, 25, 27, 29, 30, 31, 33, 39, 
  41, 42, 46, 50, 52, 55, 56, 63 ],
[ 1, 7, 8, 9, 10, 13, 14, 15, 16, 17, 19, 20, 24, 25, 27, 29, 30, 31, 33, 34, 
  39, 41, 42, 46, 50, 52, 53, 56 ],
[ 1, 7, 8, 9, 10, 12, 13, 14, 17, 19, 20, 24, 25, 27, 29, 30, 32, 33, 36, 37, 
  39, 41, 42, 46, 50, 55, 56, 63 ],
[ 1, 7, 8, 9, 10, 12, 13, 14, 17, 19, 20, 24, 25, 27, 29, 30, 32, 33, 34, 36, 
  37, 39, 41, 42, 46, 50, 53, 56 ],
[ 1, 7, 8, 9, 10, 12, 13, 14, 17, 18, 19, 20, 24, 25, 27, 29, 30, 32, 33, 36, 
  37, 42, 46, 50, 55, 56, 57, 63 ],
[ 1, 7, 8, 9, 10, 12, 13, 14, 17, 18, 19, 20, 24, 25, 27, 29, 30, 32, 33, 34, 
  36, 37, 42, 46, 50, 53, 56, 57 ],
[ 1, 6, 7, 8, 9, 10, 12, 13, 14, 15, 17, 19, 22, 24, 25, 27, 29, 30, 32, 33, 
  37, 38, 39, 41, 46, 50, 55, 63 ],
[ 1, 6, 7, 8, 9, 10, 12, 13, 14, 15, 17, 19, 22, 24, 25, 27, 29, 30, 32, 33, 
  34, 37, 38, 39, 41, 46, 50, 53 ],
[ 1, 6, 7, 8, 9, 10, 12, 13, 14, 15, 17, 18, 19, 22, 24, 25, 27, 29, 30, 32, 
  33, 37, 38, 46, 50, 55, 57, 63 ],
[ 1, 6, 7, 8, 9, 10, 12, 13, 14, 15, 17, 18, 19, 22, 24, 25, 27, 29, 30, 32, 
  33, 34, 37, 38, 46, 50, 53, 57 ],
[ 1, 6, 7, 8, 9, 10, 11, 13, 14, 16, 17, 19, 22, 24, 25, 27, 29, 31, 32, 33, 
  36, 38, 39, 41, 46, 50, 55, 63 ],
[ 1, 6, 7, 8, 9, 10, 11, 13, 14, 16, 17, 19, 22, 24, 25, 27, 29, 31, 32, 33, 
  34, 36, 38, 39, 41, 46, 50, 53 ],
[ 1, 6, 7, 8, 9, 10, 11, 13, 14, 15, 16, 17, 19, 22, 24, 25, 27, 29, 31, 32, 
  33, 39, 41, 46, 50, 55, 56, 63 ],
[ 1, 6, 7, 8, 9, 10, 11, 13, 14, 15, 16, 17, 19, 22, 24, 25, 27, 29, 31, 32, 
  33, 34, 39, 41, 46, 50, 53, 56 ],
[ 1, 5, 8, 9, 10, 14, 16, 17, 19, 22, 24, 26, 27, 28, 30, 31, 33, 34, 36, 38, 
  39, 41, 42, 47, 49, 52, 54, 55 ],
[ 1, 5, 8, 9, 10, 14, 16, 17, 18, 22, 24, 26, 27, 28, 30, 31, 33, 35, 36, 38, 
  40, 41, 42, 47, 49, 52, 53, 55 ],
[ 1, 5, 8, 9, 10, 14, 16, 17, 18, 19, 22, 24, 26, 27, 28, 30, 31, 33, 34, 36, 
  38, 42, 47, 49, 52, 54, 55, 57 ],
[ 1, 5, 8, 9, 10, 12, 14, 17, 19, 22, 24, 26, 27, 28, 30, 32, 33, 34, 36, 37, 
  39, 41, 42, 47, 49, 54, 55, 56 ],
[ 1, 5, 8, 9, 10, 12, 14, 17, 18, 19, 22, 24, 26, 27, 28, 30, 32, 33, 34, 36, 
  37, 42, 47, 49, 54, 55, 56, 57 ],
[ 1, 5, 8, 9, 10, 12, 14, 15, 17, 19, 22, 24, 26, 27, 28, 30, 32, 33, 37, 38, 
  39, 41, 42, 47, 49, 53, 54, 63 ],
[ 1, 5, 8, 9, 10, 12, 14, 15, 17, 18, 19, 22, 24, 26, 27, 28, 30, 32, 33, 37, 
  38, 42, 47, 49, 53, 54, 57, 63 ],
[ 1, 5, 8, 9, 10, 12, 13, 14, 16, 17, 19, 20, 24, 27, 29, 30, 32, 33, 34, 36, 
  39, 42, 48, 50, 55, 56, 57, 61 ],
[ 1, 5, 8, 9, 10, 12, 13, 14, 16, 17, 19, 20, 24, 26, 27, 28, 30, 32, 33, 34, 
  36, 39, 42, 47, 49, 55, 56, 57 ],
[ 1, 5, 8, 9, 10, 12, 13, 14, 16, 17, 18, 19, 20, 24, 27, 29, 30, 32, 33, 36, 
  41, 42, 48, 50, 53, 56, 61, 63 ],
[ 1, 5, 8, 9, 10, 12, 13, 14, 16, 17, 18, 19, 20, 24, 26, 27, 28, 30, 32, 33, 
  36, 41, 42, 47, 49, 53, 56, 63 ],
[ 1, 5, 8, 9, 10, 11, 14, 16, 17, 22, 24, 26, 27, 28, 31, 32, 33, 35, 36, 38, 
  39, 40, 42, 47, 49, 53, 55, 57 ],
[ 1, 5, 8, 9, 10, 11, 14, 16, 17, 19, 22, 24, 26, 27, 28, 31, 32, 33, 36, 38, 
  39, 41, 42, 47, 49, 53, 54, 63 ],
[ 1, 5, 8, 9, 10, 11, 14, 16, 17, 18, 19, 22, 24, 26, 27, 28, 31, 32, 33, 36, 
  38, 42, 47, 49, 53, 54, 57, 63 ],
[ 1, 5, 8, 9, 10, 11, 12, 14, 17, 19, 22, 24, 26, 27, 28, 33, 34, 36, 37, 39, 
  41, 42, 47, 49, 52, 54, 55, 56 ],
[ 1, 5, 8, 9, 10, 11, 12, 14, 17, 18, 19, 22, 24, 26, 27, 28, 33, 34, 36, 37, 
  42, 47, 49, 52, 54, 55, 56, 57 ],
[ 1, 5, 8, 9, 10, 11, 12, 14, 15, 17, 19, 22, 24, 26, 27, 28, 33, 37, 38, 39, 
  41, 42, 47, 49, 52, 53, 54, 63 ],
[ 1, 5, 8, 9, 10, 11, 12, 14, 15, 17, 18, 19, 22, 24, 26, 27, 28, 33, 37, 38, 
  42, 47, 49, 52, 53, 54, 57, 63 ],
[ 1, 5, 8, 9, 10, 11, 12, 13, 14, 17, 20, 24, 27, 29, 33, 34, 36, 37, 38, 39, 
  40, 41, 42, 48, 50, 52, 55, 61 ],
[ 1, 5, 8, 9, 10, 11, 12, 13, 14, 17, 20, 24, 26, 27, 28, 33, 34, 36, 37, 38, 
  39, 40, 41, 42, 47, 49, 52, 55 ],
[ 1, 5, 8, 9, 10, 11, 12, 13, 14, 17, 18, 20, 24, 27, 29, 33, 34, 36, 37, 38, 
  40, 42, 48, 50, 52, 55, 57, 61 ],
[ 1, 5, 8, 9, 10, 11, 12, 13, 14, 17, 18, 20, 24, 26, 27, 28, 33, 34, 36, 37, 
  38, 40, 42, 47, 49, 52, 55, 57 ],
[ 1, 5, 7, 8, 9, 10, 14, 16, 17, 19, 21, 24, 27, 28, 30, 31, 33, 34, 36, 38, 
  39, 41, 48, 49, 52, 54, 55, 61 ],
[ 1, 5, 7, 8, 9, 10, 14, 16, 17, 19, 21, 24, 25, 27, 28, 30, 31, 33, 34, 36, 
  38, 39, 41, 46, 49, 52, 54, 55 ],
[ 1, 5, 7, 8, 9, 10, 14, 16, 17, 18, 21, 24, 27, 28, 30, 31, 33, 35, 36, 38, 
  40, 41, 48, 49, 52, 53, 55, 61 ],
[ 1, 5, 7, 8, 9, 10, 14, 16, 17, 18, 21, 24, 25, 27, 28, 30, 31, 33, 35, 36, 
  38, 40, 41, 46, 49, 52, 53, 55 ],
[ 1, 5, 7, 8, 9, 10, 14, 16, 17, 18, 19, 21, 24, 27, 28, 30, 31, 33, 34, 36, 
  38, 48, 49, 52, 54, 55, 57, 61 ],
[ 1, 5, 7, 8, 9, 10, 14, 16, 17, 18, 19, 21, 24, 25, 27, 28, 30, 31, 33, 34, 
  36, 38, 46, 49, 52, 54, 55, 57 ],
[ 1, 5, 7, 8, 9, 10, 12, 14, 17, 19, 21, 24, 27, 28, 30, 32, 33, 34, 36, 37, 
  39, 41, 48, 49, 54, 55, 56, 61 ],
[ 1, 5, 7, 8, 9, 10, 12, 14, 17, 19, 21, 24, 25, 27, 28, 30, 32, 33, 34, 36, 
  37, 39, 41, 46, 49, 54, 55, 56 ],
[ 1, 5, 7, 8, 9, 10, 12, 14, 15, 17, 19, 21, 24, 27, 28, 30, 32, 33, 37, 38, 
  39, 41, 48, 49, 53, 54, 61, 63 ],
[ 1, 5, 7, 8, 9, 10, 12, 14, 15, 17, 19, 21, 24, 25, 27, 28, 30, 32, 33, 37, 
  38, 39, 41, 46, 49, 53, 54, 63 ],
[ 1, 5, 7, 8, 9, 10, 12, 13, 14, 16, 20, 21, 24, 27, 28, 30, 32, 33, 34, 36, 
  39, 42, 43, 45, 49, 55, 56, 57 ],
[ 1, 5, 7, 8, 9, 10, 12, 13, 14, 16, 20, 21, 23, 24, 27, 28, 30, 32, 33, 34, 
  36, 39, 42, 49, 55, 56, 57, 59 ],
[ 1, 5, 7, 8, 9, 10, 11, 14, 16, 17, 21, 24, 27, 28, 31, 32, 33, 35, 36, 38, 
  39, 40, 48, 49, 53, 55, 57, 61 ],
[ 1, 5, 7, 8, 9, 10, 11, 14, 16, 17, 21, 24, 25, 27, 28, 31, 32, 33, 35, 36, 
  38, 39, 40, 46, 49, 53, 55, 57 ],
[ 1, 5, 7, 8, 9, 10, 11, 14, 16, 17, 19, 21, 24, 27, 28, 31, 32, 33, 36, 38, 
  39, 41, 48, 49, 53, 54, 61, 63 ],
[ 1, 5, 7, 8, 9, 10, 11, 14, 16, 17, 19, 21, 24, 25, 27, 28, 31, 32, 33, 36, 
  38, 39, 41, 46, 49, 53, 54, 63 ],
[ 1, 5, 7, 8, 9, 10, 11, 14, 16, 17, 18, 19, 21, 24, 27, 28, 31, 32, 33, 36, 
  38, 48, 49, 53, 54, 57, 61, 63 ],
[ 1, 5, 7, 8, 9, 10, 11, 14, 16, 17, 18, 19, 21, 24, 25, 27, 28, 31, 32, 33, 
  36, 38, 46, 49, 53, 54, 57, 63 ],
[ 1, 5, 7, 8, 9, 10, 11, 12, 14, 17, 19, 21, 24, 27, 28, 33, 34, 36, 37, 39, 
  41, 48, 49, 52, 54, 55, 56, 61 ],
[ 1, 5, 7, 8, 9, 10, 11, 12, 14, 17, 19, 21, 24, 25, 27, 28, 33, 34, 36, 37, 
  39, 41, 46, 49, 52, 54, 55, 56 ],
[ 1, 5, 7, 8, 9, 10, 11, 12, 14, 15, 17, 19, 21, 24, 27, 28, 33, 37, 38, 39, 
  41, 48, 49, 52, 53, 54, 61, 63 ],
[ 1, 5, 7, 8, 9, 10, 11, 12, 14, 15, 17, 19, 21, 24, 25, 27, 28, 33, 37, 38, 
  39, 41, 46, 49, 52, 53, 54, 63 ],
[ 1, 5, 7, 8, 9, 10, 11, 12, 13, 14, 17, 20, 21, 24, 27, 28, 33, 34, 36, 37, 
  38, 40, 42, 49, 52, 55, 58, 60 ],
[ 1, 5, 7, 8, 9, 10, 11, 12, 13, 14, 17, 20, 21, 24, 27, 28, 33, 34, 36, 37, 
  38, 40, 42, 44, 49, 52, 55, 64 ],
[ 1, 5, 6, 9, 10, 13, 14, 16, 17, 19, 20, 24, 25, 27, 29, 30, 31, 33, 36, 38, 
  39, 41, 47, 48, 50, 52, 55, 63 ],
[ 1, 5, 6, 9, 10, 13, 14, 16, 17, 19, 20, 24, 25, 27, 29, 30, 31, 33, 34, 36, 
  38, 39, 41, 47, 48, 50, 52, 53 ],
[ 1, 5, 6, 9, 10, 13, 14, 16, 17, 18, 19, 20, 24, 25, 27, 29, 30, 31, 33, 36, 
  38, 47, 48, 50, 52, 55, 57, 63 ],
[ 1, 5, 6, 9, 10, 13, 14, 16, 17, 18, 19, 20, 24, 25, 27, 29, 30, 31, 33, 34, 
  36, 38, 47, 48, 50, 52, 53, 57 ],
[ 1, 5, 6, 9, 10, 13, 14, 15, 16, 17, 19, 20, 24, 25, 27, 29, 30, 31, 33, 39, 
  41, 47, 48, 50, 52, 55, 56, 63 ],
[ 1, 5, 6, 9, 10, 13, 14, 15, 16, 17, 19, 20, 24, 25, 27, 29, 30, 31, 33, 34, 
  39, 41, 47, 48, 50, 52, 53, 56 ],
[ 1, 5, 6, 9, 10, 13, 14, 15, 16, 17, 18, 19, 20, 24, 25, 27, 29, 30, 31, 33, 
  47, 48, 50, 52, 55, 56, 57, 63 ],
[ 1, 5, 6, 9, 10, 13, 14, 15, 16, 17, 18, 19, 20, 24, 25, 27, 29, 30, 31, 33, 
  34, 47, 48, 50, 52, 53, 56, 57 ],
[ 1, 5, 6, 9, 10, 12, 13, 14, 17, 19, 20, 24, 25, 27, 29, 30, 32, 33, 36, 37, 
  39, 41, 47, 48, 50, 55, 56, 63 ],
[ 1, 5, 6, 9, 10, 12, 13, 14, 17, 19, 20, 24, 25, 27, 29, 30, 32, 33, 34, 36, 
  37, 39, 41, 47, 48, 50, 53, 56 ],
[ 1, 5, 6, 9, 10, 12, 13, 14, 17, 18, 19, 20, 24, 25, 27, 29, 30, 32, 33, 36, 
  37, 47, 48, 50, 55, 56, 57, 63 ],
[ 1, 5, 6, 9, 10, 12, 13, 14, 17, 18, 19, 20, 24, 25, 27, 29, 30, 32, 33, 34, 
  36, 37, 47, 48, 50, 53, 56, 57 ],
[ 1, 5, 6, 9, 10, 12, 13, 14, 15, 17, 19, 20, 24, 27, 29, 30, 32, 33, 37, 38, 
  39, 41, 46, 47, 50, 55, 61, 63 ],
[ 1, 5, 6, 9, 10, 12, 13, 14, 15, 17, 19, 20, 24, 27, 29, 30, 32, 33, 34, 37, 
  38, 39, 41, 46, 47, 50, 53, 61 ],
[ 1, 5, 6, 9, 10, 12, 13, 14, 15, 17, 18, 19, 20, 24, 27, 29, 30, 32, 33, 37, 
  38, 46, 47, 50, 55, 57, 61, 63 ],
[ 1, 5, 6, 9, 10, 12, 13, 14, 15, 17, 18, 19, 20, 24, 27, 29, 30, 32, 33, 34, 
  37, 38, 46, 47, 50, 53, 57, 61 ],
[ 1, 5, 6, 9, 10, 11, 13, 14, 16, 17, 19, 20, 24, 27, 29, 31, 32, 33, 36, 38, 
  39, 41, 46, 47, 50, 55, 61, 63 ],
[ 1, 5, 6, 9, 10, 11, 13, 14, 16, 17, 19, 20, 24, 27, 29, 31, 32, 33, 34, 36, 
  38, 39, 41, 46, 47, 50, 53, 61 ],
[ 1, 5, 6, 9, 10, 11, 13, 14, 16, 17, 18, 19, 20, 24, 27, 29, 31, 32, 33, 36, 
  38, 46, 47, 50, 55, 57, 61, 63 ],
[ 1, 5, 6, 9, 10, 11, 13, 14, 16, 17, 18, 19, 20, 24, 27, 29, 31, 32, 33, 34, 
  36, 38, 46, 47, 50, 53, 57, 61 ],
[ 1, 5, 6, 9, 10, 11, 13, 14, 15, 16, 17, 19, 20, 24, 27, 29, 31, 32, 33, 39, 
  41, 46, 47, 50, 55, 56, 61, 63 ],
[ 1, 5, 6, 9, 10, 11, 13, 14, 15, 16, 17, 19, 20, 24, 27, 29, 31, 32, 33, 34, 
  39, 41, 46, 47, 50, 53, 56, 61 ],
[ 1, 5, 6, 9, 10, 11, 13, 14, 15, 16, 17, 18, 19, 20, 24, 27, 29, 31, 32, 33, 
  46, 47, 50, 55, 56, 57, 61, 63 ],
[ 1, 5, 6, 9, 10, 11, 13, 14, 15, 16, 17, 18, 19, 20, 24, 27, 29, 31, 32, 33, 
  34, 46, 47, 50, 53, 56, 57, 61 ],
[ 1, 5, 6, 8, 9, 10, 14, 16, 17, 19, 20, 24, 26, 27, 28, 30, 31, 33, 34, 36, 
  38, 39, 41, 47, 49, 52, 54, 55 ],
[ 1, 5, 6, 8, 9, 10, 14, 16, 17, 18, 20, 24, 26, 27, 28, 30, 31, 33, 35, 36, 
  38, 40, 41, 47, 49, 52, 53, 55 ],
[ 1, 5, 6, 8, 9, 10, 14, 16, 17, 18, 19, 20, 24, 26, 27, 28, 30, 31, 33, 34, 
  36, 38, 47, 49, 52, 54, 55, 57 ],
[ 1, 5, 6, 8, 9, 10, 12, 14, 17, 19, 20, 24, 26, 27, 28, 30, 32, 33, 34, 36, 
  37, 39, 41, 47, 49, 54, 55, 56 ],
[ 1, 5, 6, 8, 9, 10, 12, 14, 17, 18, 19, 20, 24, 26, 27, 28, 30, 32, 33, 34, 
  36, 37, 47, 49, 54, 55, 56, 57 ],
[ 1, 5, 6, 8, 9, 10, 12, 14, 15, 17, 19, 20, 24, 26, 27, 28, 30, 32, 33, 37, 
  38, 39, 41, 47, 49, 53, 54, 63 ],
[ 1, 5, 6, 8, 9, 10, 12, 14, 15, 17, 18, 19, 20, 24, 26, 27, 28, 30, 32, 33, 
  37, 38, 47, 49, 53, 54, 57, 63 ],
[ 1, 5, 6, 8, 9, 10, 11, 14, 16, 17, 20, 24, 26, 27, 28, 31, 32, 33, 35, 36, 
  38, 39, 40, 47, 49, 53, 55, 57 ],
[ 1, 5, 6, 8, 9, 10, 11, 14, 16, 17, 19, 20, 24, 26, 27, 28, 31, 32, 33, 36, 
  38, 39, 41, 47, 49, 53, 54, 63 ],
[ 1, 5, 6, 8, 9, 10, 11, 14, 16, 17, 18, 19, 20, 24, 26, 27, 28, 31, 32, 33, 
  36, 38, 47, 49, 53, 54, 57, 63 ],
[ 1, 5, 6, 8, 9, 10, 11, 12, 14, 17, 19, 20, 24, 26, 27, 28, 33, 34, 36, 37, 
  39, 41, 47, 49, 52, 54, 55, 56 ],
[ 1, 5, 6, 8, 9, 10, 11, 12, 14, 17, 18, 19, 20, 24, 26, 27, 28, 33, 34, 36, 
  37, 47, 49, 52, 54, 55, 56, 57 ],
[ 1, 5, 6, 8, 9, 10, 11, 12, 14, 15, 17, 19, 20, 24, 26, 27, 28, 33, 37, 38, 
  39, 41, 47, 49, 52, 53, 54, 63 ],
[ 1, 5, 6, 8, 9, 10, 11, 12, 14, 15, 17, 18, 19, 20, 24, 26, 27, 28, 33, 37, 
  38, 47, 49, 52, 53, 54, 57, 63 ],
[ 1, 5, 6, 7, 9, 10, 12, 13, 14, 16, 20, 21, 24, 27, 28, 30, 32, 33, 34, 36, 
  39, 41, 43, 47, 49, 55, 56, 59 ],
[ 1, 5, 6, 7, 9, 10, 12, 13, 14, 16, 20, 21, 23, 24, 27, 28, 30, 32, 33, 36, 
  39, 41, 45, 47, 49, 53, 56, 63 ],
[ 1, 5, 6, 7, 9, 10, 11, 12, 13, 14, 17, 19, 20, 21, 24, 27, 28, 33, 36, 37, 
  38, 44, 47, 49, 52, 53, 60, 63 ],
[ 1, 5, 6, 7, 9, 10, 11, 12, 13, 14, 17, 19, 20, 21, 24, 27, 28, 33, 34, 36, 
  37, 38, 47, 49, 52, 55, 58, 64 ],
[ 1, 5, 6, 7, 8, 9, 10, 13, 14, 20, 21, 24, 27, 30, 31, 32, 33, 34, 36, 37, 
  38, 39, 41, 43, 45, 49, 55, 62 ],
[ 1, 5, 6, 7, 8, 9, 10, 13, 14, 17, 19, 20, 21, 24, 27, 30, 31, 32, 33, 34, 
  36, 37, 38, 44, 49, 55, 62, 64 ],
[ 1, 5, 6, 7, 8, 9, 10, 13, 14, 15, 20, 21, 23, 24, 27, 30, 31, 32, 33, 34, 
  37, 39, 41, 49, 55, 56, 59, 62 ],
[ 1, 5, 6, 7, 8, 9, 10, 13, 14, 15, 17, 19, 20, 21, 24, 27, 30, 31, 32, 33, 
  34, 37, 49, 55, 56, 58, 60, 62 ],
[ 1, 5, 6, 7, 8, 9, 10, 12, 13, 14, 16, 20, 21, 24, 27, 30, 33, 34, 36, 39, 
  41, 43, 45, 49, 52, 55, 56, 62 ],
[ 1, 5, 6, 7, 8, 9, 10, 12, 13, 14, 16, 17, 19, 20, 21, 24, 27, 30, 33, 34, 
  36, 44, 49, 52, 55, 56, 62, 64 ],
[ 1, 5, 6, 7, 8, 9, 10, 12, 13, 14, 15, 16, 20, 21, 24, 27, 30, 33, 38, 39, 
  41, 43, 45, 49, 52, 53, 62, 63 ],
[ 1, 5, 6, 7, 8, 9, 10, 12, 13, 14, 15, 16, 17, 19, 20, 21, 24, 27, 30, 33, 
  38, 44, 49, 52, 53, 62, 63, 64 ],
[ 1, 4, 8, 9, 10, 14, 15, 17, 19, 20, 21, 22, 24, 27, 28, 30, 31, 33, 35, 37, 
  38, 40, 48, 49, 52, 53, 55, 61 ],
[ 1, 4, 8, 9, 10, 14, 15, 17, 19, 20, 21, 22, 24, 27, 28, 30, 31, 33, 34, 35, 
  37, 38, 40, 48, 49, 52, 61, 63 ],
[ 1, 4, 8, 9, 10, 14, 15, 17, 19, 20, 21, 22, 24, 25, 27, 28, 30, 31, 33, 35, 
  37, 38, 40, 46, 49, 52, 53, 55 ],
[ 1, 4, 8, 9, 10, 14, 15, 17, 19, 20, 21, 22, 24, 25, 27, 28, 30, 31, 33, 34, 
  35, 37, 38, 40, 46, 49, 52, 63 ],
[ 1, 4, 8, 9, 10, 13, 14, 15, 17, 19, 20, 21, 22, 24, 27, 28, 30, 31, 33, 37, 
  38, 40, 46, 48, 49, 52, 53, 55 ],
[ 1, 4, 8, 9, 10, 13, 14, 15, 17, 19, 20, 21, 22, 24, 25, 27, 28, 30, 31, 33, 
  37, 38, 40, 49, 52, 53, 55, 61 ],
[ 1, 4, 8, 9, 10, 11, 14, 17, 19, 20, 21, 22, 24, 27, 28, 31, 32, 33, 35, 36, 
  37, 40, 48, 49, 53, 55, 56, 61 ],
[ 1, 4, 8, 9, 10, 11, 14, 17, 19, 20, 21, 22, 24, 27, 28, 31, 32, 33, 34, 35, 
  36, 37, 40, 48, 49, 56, 61, 63 ],
[ 1, 4, 8, 9, 10, 11, 14, 17, 19, 20, 21, 22, 24, 25, 27, 28, 31, 32, 33, 35, 
  36, 37, 40, 46, 49, 53, 55, 56 ],
[ 1, 4, 8, 9, 10, 11, 14, 17, 19, 20, 21, 22, 24, 25, 27, 28, 31, 32, 33, 34, 
  35, 36, 37, 40, 46, 49, 56, 63 ],
[ 1, 4, 8, 9, 10, 11, 13, 14, 17, 19, 20, 21, 22, 24, 27, 28, 31, 32, 33, 36, 
  37, 40, 46, 48, 49, 53, 55, 56 ],
[ 1, 4, 8, 9, 10, 11, 13, 14, 17, 19, 20, 21, 22, 24, 25, 27, 28, 31, 32, 33, 
  36, 37, 40, 49, 53, 55, 56, 61 ],
[ 1, 4, 7, 8, 9, 10, 14, 16, 17, 19, 20, 24, 27, 28, 30, 31, 33, 35, 36, 38, 
  40, 42, 48, 49, 52, 53, 55, 61 ],
[ 1, 4, 7, 8, 9, 10, 14, 16, 17, 19, 20, 24, 25, 27, 28, 30, 31, 33, 35, 36, 
  38, 40, 42, 46, 49, 52, 53, 55 ],
[ 1, 4, 6, 9, 10, 13, 14, 15, 17, 19, 20, 21, 24, 25, 26, 27, 28, 30, 31, 33, 
  37, 38, 40, 49, 52, 53, 55, 61 ],
[ 1, 4, 6, 9, 10, 11, 13, 14, 17, 19, 20, 21, 24, 25, 26, 27, 28, 31, 32, 33, 
  36, 37, 40, 49, 53, 55, 56, 61 ],
[ 1, 4, 6, 8, 9, 10, 14, 15, 17, 19, 20, 21, 24, 25, 27, 30, 31, 33, 35, 37, 
  38, 40, 46, 49, 51, 52, 53, 55 ],
[ 1, 4, 6, 8, 9, 10, 13, 14, 15, 17, 19, 20, 21, 27, 28, 30, 31, 33, 37, 38, 
  40, 46, 47, 48, 49, 52, 53, 55 ],
[ 1, 4, 6, 8, 9, 10, 13, 14, 15, 17, 19, 20, 21, 24, 27, 30, 31, 33, 37, 38, 
  40, 46, 48, 49, 51, 52, 53, 55 ],
[ 1, 4, 6, 8, 9, 10, 13, 14, 15, 17, 19, 20, 21, 24, 25, 27, 30, 31, 33, 34, 
  37, 38, 40, 49, 51, 52, 61, 63 ],
[ 1, 4, 6, 8, 9, 10, 11, 14, 17, 19, 20, 21, 24, 25, 27, 31, 32, 33, 35, 36, 
  37, 40, 46, 49, 51, 53, 55, 56 ],
[ 1, 4, 6, 8, 9, 10, 11, 14, 17, 19, 20, 21, 24, 25, 27, 28, 31, 32, 33, 35, 
  36, 37, 40, 46, 53, 55, 56, 62 ],
[ 1, 4, 6, 8, 9, 10, 11, 13, 14, 17, 19, 20, 21, 24, 27, 31, 32, 33, 36, 37, 
  40, 46, 48, 49, 51, 53, 55, 56 ],
[ 1, 4, 6, 8, 9, 10, 11, 13, 14, 17, 19, 20, 21, 24, 25, 27, 31, 32, 33, 34, 
  36, 37, 40, 49, 51, 56, 61, 63 ],
[ 1, 4, 6, 7, 8, 9, 10, 11, 14, 16, 17, 19, 22, 24, 27, 28, 31, 32, 33, 35, 
  36, 38, 40, 48, 49, 53, 55, 61 ],
[ 1, 4, 6, 7, 8, 9, 10, 11, 14, 16, 17, 19, 22, 24, 25, 27, 28, 31, 32, 33, 
  35, 36, 38, 40, 46, 49, 53, 55 ],
[ 1, 4, 5, 8, 10, 14, 16, 17, 22, 24, 26, 27, 28, 30, 31, 33, 35, 36, 38, 41, 
  42, 47, 50, 51, 52, 53, 55, 57 ],
[ 1, 4, 5, 8, 10, 14, 16, 17, 22, 24, 26, 27, 28, 29, 30, 31, 32, 33, 36, 41, 
  42, 47, 51, 53, 54, 55, 56, 57 ],
[ 1, 4, 5, 8, 10, 14, 15, 16, 17, 22, 24, 26, 27, 28, 30, 31, 33, 34, 35, 41, 
  42, 47, 50, 51, 52, 56, 57, 63 ],
[ 1, 4, 5, 8, 10, 12, 14, 15, 17, 22, 24, 26, 27, 29, 30, 32, 33, 37, 38, 41, 
  42, 47, 49, 51, 53, 54, 57, 63 ],
[ 1, 4, 5, 8, 10, 12, 13, 14, 15, 17, 22, 24, 26, 27, 29, 30, 32, 34, 35, 37, 
  38, 41, 42, 47, 49, 51, 55, 57 ],
[ 1, 4, 5, 6, 9, 10, 14, 16, 17, 19, 20, 24, 25, 27, 28, 30, 31, 33, 35, 36, 
  38, 40, 47, 48, 49, 52, 53, 55 ],
[ 1, 4, 5, 6, 9, 10, 14, 16, 17, 18, 20, 24, 25, 27, 29, 30, 31, 33, 35, 36, 
  38, 39, 47, 48, 50, 52, 53, 55 ],
[ 1, 4, 5, 6, 9, 10, 14, 15, 16, 17, 19, 20, 24, 25, 27, 28, 30, 31, 33, 34, 
  35, 40, 47, 48, 49, 52, 56, 63 ],
[ 1, 4, 5, 6, 9, 10, 14, 15, 16, 17, 18, 20, 24, 25, 27, 29, 30, 31, 33, 34, 
  35, 39, 47, 48, 50, 52, 56, 63 ],
[ 1, 4, 5, 6, 9, 10, 11, 14, 16, 17, 19, 20, 24, 27, 28, 31, 32, 33, 35, 36, 
  38, 40, 46, 47, 49, 53, 55, 61 ],
[ 1, 4, 5, 6, 9, 10, 11, 14, 16, 17, 18, 20, 24, 27, 29, 31, 32, 33, 35, 36, 
  38, 39, 46, 47, 50, 53, 55, 61 ],
[ 1, 4, 5, 6, 9, 10, 11, 14, 15, 16, 17, 19, 20, 24, 27, 28, 31, 32, 33, 34, 
  35, 40, 46, 47, 49, 56, 61, 63 ],
[ 1, 4, 5, 6, 9, 10, 11, 14, 15, 16, 17, 18, 20, 24, 27, 29, 31, 32, 33, 34, 
  35, 39, 46, 47, 50, 56, 61, 63 ],
[ 1, 4, 5, 6, 8, 10, 14, 16, 17, 18, 20, 24, 26, 27, 28, 30, 31, 33, 35, 36, 
  38, 39, 47, 50, 51, 52, 53, 55 ],
[ 1, 4, 5, 6, 8, 10, 14, 16, 17, 18, 20, 24, 26, 27, 28, 29, 30, 31, 32, 33, 
  36, 39, 47, 51, 53, 54, 55, 56 ],
[ 1, 4, 5, 6, 8, 10, 14, 15, 16, 17, 18, 20, 24, 26, 27, 28, 30, 31, 33, 34, 
  35, 39, 47, 50, 51, 52, 56, 63 ],
[ 1, 4, 5, 6, 8, 10, 12, 14, 15, 17, 18, 20, 24, 26, 27, 29, 30, 32, 33, 37, 
  38, 39, 47, 49, 51, 53, 54, 63 ],
[ 1, 4, 5, 6, 8, 10, 12, 13, 14, 15, 17, 18, 20, 24, 26, 27, 29, 30, 32, 34, 
  35, 37, 38, 39, 47, 49, 51, 55 ],
[ 1, 4, 5, 6, 7, 8, 10, 14, 16, 17, 20, 21, 24, 27, 28, 30, 31, 33, 35, 36, 
  38, 44, 50, 51, 52, 53, 55, 58 ],
[ 1, 4, 5, 6, 7, 8, 10, 14, 16, 17, 20, 21, 24, 27, 28, 29, 30, 31, 32, 33, 
  36, 44, 51, 53, 54, 55, 56, 58 ],
[ 1, 4, 5, 6, 7, 8, 10, 14, 15, 17, 20, 21, 24, 27, 29, 30, 31, 32, 33, 34, 
  35, 37, 44, 49, 55, 56, 58, 62 ],
[ 1, 4, 5, 6, 7, 8, 10, 14, 15, 16, 17, 20, 21, 24, 27, 29, 30, 31, 32, 33, 
  38, 44, 49, 53, 54, 55, 58, 62 ],
[ 1, 4, 5, 6, 7, 8, 10, 14, 15, 16, 17, 20, 21, 24, 27, 28, 30, 31, 33, 34, 
  35, 44, 50, 51, 52, 56, 58, 63 ],
[ 1, 4, 5, 6, 7, 8, 10, 13, 14, 17, 20, 21, 24, 27, 28, 29, 30, 31, 32, 36, 
  37, 38, 44, 51, 53, 54, 58, 63 ],
[ 1, 4, 5, 6, 7, 8, 10, 12, 14, 15, 17, 20, 21, 24, 27, 29, 30, 32, 33, 37, 
  38, 44, 49, 51, 53, 54, 58, 63 ],
[ 1, 4, 5, 6, 7, 8, 10, 12, 13, 14, 15, 17, 20, 21, 24, 27, 29, 30, 32, 34, 
  35, 37, 38, 44, 49, 51, 55, 58 ],
[ 1, 3, 7, 9, 10, 12, 13, 14, 17, 19, 20, 24, 27, 29, 30, 32, 33, 38, 39, 41, 
  42, 46, 47, 50, 55, 56, 61, 63 ],
[ 1, 3, 7, 9, 10, 12, 13, 14, 15, 17, 19, 20, 24, 27, 29, 30, 32, 33, 34, 36, 
  39, 41, 42, 46, 47, 50, 53, 61 ],
[ 1, 3, 6, 7, 9, 10, 12, 13, 14, 17, 19, 22, 24, 25, 27, 29, 30, 32, 33, 38, 
  39, 41, 47, 48, 50, 55, 56, 63 ],
[ 1, 3, 6, 7, 9, 10, 12, 13, 14, 15, 17, 19, 22, 24, 25, 27, 29, 30, 32, 33, 
  34, 36, 39, 41, 47, 48, 50, 53 ],
[ 1, 3, 4, 5, 9, 10, 14, 17, 20, 22, 24, 25, 27, 29, 30, 31, 34, 35, 36, 38, 
  39, 41, 47, 48, 50, 52, 54, 63 ],
[ 1, 3, 4, 5, 9, 10, 14, 15, 17, 20, 22, 24, 25, 27, 29, 30, 31, 35, 39, 41, 
  47, 48, 50, 52, 53, 54, 55, 56 ],
[ 1, 3, 4, 5, 9, 10, 11, 14, 17, 20, 22, 24, 27, 29, 31, 32, 34, 35, 36, 38, 
  39, 41, 46, 47, 50, 54, 61, 63 ],
[ 1, 3, 4, 5, 9, 10, 11, 14, 15, 17, 20, 22, 24, 27, 29, 31, 32, 35, 39, 41, 
  46, 47, 50, 53, 54, 55, 56, 61 ],
[ 1, 2, 8, 10, 12, 13, 14, 17, 18, 20, 21, 22, 24, 27, 28, 29, 31, 33, 34, 
  36, 37, 40, 41, 46, 48, 49, 53, 56 ],
[ 1, 2, 8, 10, 12, 13, 14, 17, 18, 20, 21, 22, 24, 25, 27, 29, 31, 33, 36, 
  37, 40, 41, 46, 49, 51, 55, 56, 63 ],
[ 1, 2, 8, 10, 12, 13, 14, 17, 18, 20, 21, 22, 24, 25, 27, 29, 31, 33, 34, 
  36, 37, 40, 41, 46, 49, 51, 53, 56 ],
[ 1, 2, 8, 10, 12, 13, 14, 17, 18, 20, 21, 22, 24, 25, 27, 28, 29, 31, 33, 
  36, 37, 40, 41, 46, 55, 56, 62, 63 ],
[ 1, 2, 8, 10, 12, 13, 14, 17, 18, 20, 21, 22, 24, 25, 27, 28, 29, 31, 33, 
  34, 36, 37, 40, 41, 46, 53, 56, 62 ],
[ 1, 2, 8, 10, 12, 13, 14, 17, 18, 19, 20, 21, 22, 24, 25, 27, 28, 31, 33, 
  36, 37, 46, 50, 51, 55, 56, 57, 63 ],
[ 1, 2, 8, 10, 12, 13, 14, 17, 18, 19, 20, 21, 22, 24, 25, 27, 28, 31, 33, 
  34, 36, 37, 46, 50, 51, 53, 56, 57 ],
[ 1, 2, 8, 10, 12, 13, 14, 15, 17, 20, 21, 22, 24, 27, 28, 29, 31, 33, 34, 
  37, 38, 39, 40, 46, 48, 49, 53, 57 ],
[ 1, 2, 8, 10, 12, 13, 14, 15, 17, 20, 21, 22, 24, 25, 27, 29, 31, 33, 37, 
  38, 39, 40, 46, 49, 51, 55, 57, 63 ],
[ 1, 2, 8, 10, 12, 13, 14, 15, 17, 20, 21, 22, 24, 25, 27, 29, 31, 33, 34, 
  37, 38, 39, 40, 46, 49, 51, 53, 57 ],
[ 1, 2, 8, 10, 12, 13, 14, 15, 17, 20, 21, 22, 24, 25, 27, 28, 29, 31, 33, 
  37, 38, 39, 40, 46, 55, 57, 62, 63 ],
[ 1, 2, 8, 10, 12, 13, 14, 15, 17, 20, 21, 22, 24, 25, 27, 28, 29, 31, 33, 
  34, 37, 38, 39, 40, 46, 53, 57, 62 ],
[ 1, 2, 8, 10, 12, 13, 14, 15, 17, 18, 19, 20, 21, 22, 24, 25, 27, 31, 33, 
  37, 38, 46, 49, 50, 55, 57, 62, 63 ],
[ 1, 2, 8, 10, 12, 13, 14, 15, 17, 18, 19, 20, 21, 22, 24, 25, 27, 31, 33, 
  34, 37, 38, 46, 49, 50, 53, 57, 62 ],
[ 1, 2, 8, 10, 11, 12, 14, 17, 18, 20, 21, 22, 23, 24, 30, 31, 33, 35, 36, 
  37, 40, 41, 43, 51, 53, 55, 56, 62 ],
[ 1, 2, 8, 10, 11, 12, 14, 17, 18, 20, 21, 22, 23, 24, 30, 31, 33, 34, 35, 
  36, 37, 40, 41, 43, 51, 56, 62, 63 ],
[ 1, 2, 8, 10, 11, 12, 14, 17, 18, 19, 20, 21, 23, 24, 30, 31, 33, 36, 37, 
  38, 41, 42, 43, 51, 53, 54, 55, 62 ],
[ 1, 2, 8, 10, 11, 12, 14, 17, 18, 19, 20, 21, 22, 23, 24, 30, 31, 33, 34, 
  36, 37, 43, 51, 54, 55, 56, 57, 62 ],
[ 1, 2, 8, 10, 11, 12, 14, 16, 17, 19, 20, 21, 23, 24, 30, 31, 33, 34, 35, 
  36, 39, 42, 43, 51, 55, 56, 57, 62 ],
[ 1, 2, 8, 10, 11, 12, 14, 16, 17, 18, 19, 20, 21, 23, 24, 30, 31, 33, 35, 
  36, 41, 42, 43, 51, 53, 56, 62, 63 ],
[ 1, 2, 8, 10, 11, 12, 14, 15, 17, 20, 21, 22, 23, 24, 30, 31, 33, 35, 37, 
  38, 39, 40, 43, 51, 53, 55, 57, 62 ],
[ 1, 2, 8, 10, 11, 12, 14, 15, 17, 20, 21, 22, 23, 24, 30, 31, 33, 34, 35, 
  37, 38, 39, 40, 43, 51, 57, 62, 63 ],
[ 1, 2, 8, 10, 11, 12, 14, 15, 17, 18, 19, 20, 21, 23, 24, 30, 31, 33, 34, 
  37, 41, 42, 43, 51, 54, 56, 62, 63 ],
[ 1, 2, 8, 10, 11, 12, 14, 15, 17, 18, 19, 20, 21, 22, 23, 24, 30, 31, 33, 
  37, 38, 43, 51, 53, 54, 57, 62, 63 ],
[ 1, 2, 8, 10, 11, 12, 14, 15, 16, 17, 19, 20, 21, 23, 24, 30, 31, 33, 35, 
  38, 39, 42, 43, 51, 53, 57, 62, 63 ],
[ 1, 2, 8, 10, 11, 12, 14, 15, 16, 17, 18, 19, 20, 21, 23, 24, 30, 31, 33, 
  34, 35, 38, 41, 42, 43, 51, 55, 62 ],
[ 1, 2, 8, 10, 11, 12, 13, 14, 17, 19, 20, 21, 23, 24, 30, 31, 35, 36, 37, 
  38, 39, 42, 43, 51, 53, 55, 57, 62 ],
[ 1, 2, 8, 10, 11, 12, 13, 14, 17, 18, 20, 21, 22, 23, 24, 30, 31, 34, 36, 
  37, 40, 41, 43, 51, 54, 56, 62, 63 ],
[ 1, 2, 8, 10, 11, 12, 13, 14, 15, 17, 20, 21, 22, 23, 24, 30, 31, 34, 37, 
  38, 39, 40, 43, 51, 54, 57, 62, 63 ],
[ 1, 2, 8, 10, 11, 12, 13, 14, 15, 17, 19, 20, 21, 23, 24, 30, 31, 34, 35, 
  37, 39, 42, 43, 51, 56, 57, 62, 63 ],
[ 1, 2, 8, 9, 10, 12, 14, 17, 18, 20, 21, 22, 24, 25, 27, 28, 31, 33, 35, 36, 
  37, 40, 41, 46, 49, 53, 55, 56 ],
[ 1, 2, 8, 9, 10, 12, 14, 17, 18, 20, 21, 22, 24, 25, 27, 28, 31, 33, 34, 35, 
  36, 37, 40, 41, 46, 49, 56, 63 ],
[ 1, 2, 8, 9, 10, 12, 14, 17, 18, 19, 20, 21, 24, 25, 27, 28, 31, 33, 36, 37, 
  38, 41, 42, 46, 49, 53, 54, 55 ],
[ 1, 2, 8, 9, 10, 12, 14, 17, 18, 19, 20, 21, 22, 24, 25, 27, 28, 31, 33, 34, 
  36, 37, 46, 49, 54, 55, 56, 57 ],
[ 1, 2, 8, 9, 10, 12, 14, 16, 17, 19, 20, 21, 24, 25, 27, 28, 31, 33, 34, 35, 
  36, 39, 42, 46, 49, 55, 56, 57 ],
[ 1, 2, 8, 9, 10, 12, 14, 16, 17, 18, 19, 20, 21, 24, 25, 27, 28, 31, 33, 35, 
  36, 41, 42, 46, 49, 53, 56, 63 ],
[ 1, 2, 8, 9, 10, 12, 14, 15, 17, 20, 21, 22, 24, 25, 27, 28, 31, 33, 35, 37, 
  38, 39, 40, 46, 49, 53, 55, 57 ],
[ 1, 2, 8, 9, 10, 12, 14, 15, 17, 20, 21, 22, 24, 25, 27, 28, 31, 33, 34, 35, 
  37, 38, 39, 40, 46, 49, 57, 63 ],
[ 1, 2, 8, 9, 10, 12, 14, 15, 17, 18, 19, 20, 21, 24, 25, 27, 28, 31, 33, 34, 
  37, 41, 42, 46, 49, 54, 56, 63 ],
[ 1, 2, 8, 9, 10, 12, 14, 15, 17, 18, 19, 20, 21, 22, 24, 25, 27, 28, 31, 33, 
  37, 38, 46, 49, 53, 54, 57, 63 ],
[ 1, 2, 8, 9, 10, 12, 13, 14, 17, 18, 20, 21, 22, 24, 27, 31, 33, 36, 37, 40, 
  41, 46, 48, 49, 51, 55, 56, 63 ],
[ 1, 2, 8, 9, 10, 12, 13, 14, 17, 18, 20, 21, 22, 24, 27, 28, 31, 33, 36, 37, 
  40, 41, 46, 48, 49, 53, 55, 56 ],
[ 1, 2, 8, 9, 10, 12, 13, 14, 17, 18, 20, 21, 22, 24, 27, 28, 31, 33, 34, 36, 
  37, 40, 41, 46, 48, 49, 56, 63 ],
[ 1, 2, 8, 9, 10, 12, 13, 14, 17, 18, 20, 21, 22, 24, 25, 27, 28, 31, 36, 37, 
  40, 41, 46, 49, 53, 54, 55, 56 ],
[ 1, 2, 8, 9, 10, 12, 13, 14, 17, 18, 20, 21, 22, 24, 25, 27, 28, 31, 34, 36, 
  37, 40, 41, 46, 49, 54, 56, 63 ],
[ 1, 2, 8, 9, 10, 12, 13, 14, 15, 17, 20, 21, 22, 24, 27, 31, 33, 37, 38, 39, 
  40, 46, 48, 49, 51, 55, 57, 63 ],
[ 1, 2, 8, 9, 10, 12, 13, 14, 15, 17, 20, 21, 22, 24, 27, 28, 31, 33, 37, 38, 
  39, 40, 46, 48, 49, 53, 55, 57 ],
[ 1, 2, 8, 9, 10, 12, 13, 14, 15, 17, 20, 21, 22, 24, 27, 28, 31, 33, 34, 37, 
  38, 39, 40, 46, 48, 49, 57, 63 ],
[ 1, 2, 8, 9, 10, 12, 13, 14, 15, 17, 20, 21, 22, 24, 25, 27, 28, 31, 37, 38, 
  39, 40, 46, 49, 53, 54, 55, 57 ],
[ 1, 2, 8, 9, 10, 12, 13, 14, 15, 17, 20, 21, 22, 24, 25, 27, 28, 31, 34, 37, 
  38, 39, 40, 46, 49, 54, 57, 63 ],
[ 1, 2, 8, 9, 10, 11, 14, 17, 18, 19, 20, 21, 24, 26, 27, 28, 30, 33, 36, 37, 
  38, 41, 42, 47, 49, 53, 54, 55 ],
[ 1, 2, 8, 9, 10, 11, 14, 16, 17, 19, 20, 21, 24, 26, 27, 28, 30, 33, 34, 35, 
  36, 39, 42, 47, 49, 55, 56, 57 ],
[ 1, 2, 8, 9, 10, 11, 14, 16, 17, 18, 19, 20, 21, 24, 26, 27, 28, 30, 33, 35, 
  36, 41, 42, 47, 49, 53, 56, 63 ],
[ 1, 2, 8, 9, 10, 11, 13, 14, 17, 19, 20, 21, 24, 26, 27, 28, 30, 35, 36, 37, 
  38, 39, 42, 47, 49, 53, 55, 57 ],
[ 1, 2, 7, 8, 10, 12, 13, 14, 17, 19, 20, 24, 28, 30, 31, 32, 33, 34, 36, 37, 
  39, 41, 42, 43, 45, 49, 53, 56 ],
[ 1, 2, 7, 8, 10, 12, 13, 14, 16, 17, 20, 24, 28, 30, 31, 32, 33, 34, 36, 38, 
  39, 40, 42, 43, 45, 49, 53, 57 ],
[ 1, 2, 7, 8, 10, 12, 13, 14, 16, 17, 19, 20, 24, 25, 27, 31, 33, 36, 38, 39, 
  41, 42, 46, 49, 50, 55, 62, 63 ],
[ 1, 2, 7, 8, 10, 12, 13, 14, 16, 17, 19, 20, 24, 25, 27, 31, 33, 34, 36, 38, 
  39, 41, 42, 46, 49, 50, 53, 62 ],
[ 1, 2, 7, 8, 10, 12, 13, 14, 15, 16, 17, 19, 20, 24, 25, 27, 31, 33, 39, 41, 
  42, 46, 49, 50, 55, 56, 62, 63 ],
[ 1, 2, 7, 8, 10, 12, 13, 14, 15, 16, 17, 19, 20, 24, 25, 27, 31, 33, 34, 39, 
  41, 42, 46, 49, 50, 53, 56, 62 ],
[ 1, 2, 7, 8, 10, 11, 12, 14, 16, 17, 20, 23, 24, 30, 31, 33, 35, 36, 38, 39, 
  40, 42, 43, 51, 53, 55, 57, 62 ],
[ 1, 2, 7, 8, 10, 11, 12, 14, 16, 17, 19, 20, 23, 24, 30, 31, 33, 36, 38, 39, 
  41, 42, 43, 51, 53, 54, 62, 63 ],
[ 1, 2, 7, 8, 10, 11, 12, 14, 16, 17, 18, 19, 20, 23, 24, 30, 31, 33, 36, 38, 
  42, 43, 51, 53, 54, 57, 62, 63 ],
[ 1, 2, 7, 8, 10, 11, 12, 14, 15, 16, 17, 20, 23, 24, 30, 31, 33, 34, 35, 39, 
  40, 42, 43, 51, 56, 57, 62, 63 ],
[ 1, 2, 7, 8, 10, 11, 12, 14, 15, 16, 17, 19, 20, 23, 24, 30, 31, 33, 39, 41, 
  42, 43, 51, 53, 54, 56, 62, 63 ],
[ 1, 2, 7, 8, 10, 11, 12, 14, 15, 16, 17, 18, 19, 20, 23, 24, 30, 31, 33, 42, 
  43, 51, 53, 54, 56, 57, 62, 63 ],
[ 1, 2, 7, 8, 10, 11, 12, 13, 14, 16, 17, 18, 19, 20, 23, 24, 30, 31, 34, 35, 
  36, 38, 42, 43, 51, 55, 57, 62 ],
[ 1, 2, 7, 8, 10, 11, 12, 13, 14, 15, 16, 17, 19, 20, 23, 24, 30, 31, 34, 35, 
  39, 41, 42, 43, 51, 55, 56, 62 ],
[ 1, 2, 7, 8, 9, 10, 12, 14, 17, 20, 22, 24, 25, 27, 28, 31, 33, 34, 36, 37, 
  38, 39, 40, 41, 46, 49, 54, 63 ],
[ 1, 2, 7, 8, 9, 10, 12, 14, 17, 18, 20, 22, 24, 25, 27, 28, 31, 33, 36, 37, 
  38, 40, 46, 49, 53, 54, 55, 57 ],
[ 1, 2, 7, 8, 9, 10, 12, 14, 16, 17, 20, 24, 25, 27, 28, 31, 33, 35, 36, 38, 
  39, 40, 42, 46, 49, 53, 55, 57 ],
[ 1, 2, 7, 8, 9, 10, 12, 14, 16, 17, 19, 20, 24, 25, 27, 28, 31, 33, 36, 38, 
  39, 41, 42, 46, 49, 53, 54, 63 ],
[ 1, 2, 7, 8, 9, 10, 12, 14, 16, 17, 18, 20, 22, 24, 25, 27, 28, 31, 33, 35, 
  36, 40, 46, 49, 53, 56, 57, 63 ],
[ 1, 2, 7, 8, 9, 10, 12, 14, 16, 17, 18, 19, 20, 24, 25, 27, 28, 31, 33, 36, 
  38, 42, 46, 49, 53, 54, 57, 63 ],
[ 1, 2, 7, 8, 9, 10, 12, 14, 15, 16, 17, 20, 24, 25, 27, 28, 31, 33, 34, 35, 
  39, 40, 42, 46, 49, 56, 57, 63 ],
[ 1, 2, 7, 8, 9, 10, 12, 14, 15, 16, 17, 19, 20, 24, 25, 27, 28, 31, 33, 39, 
  41, 42, 46, 49, 53, 54, 56, 63 ],
[ 1, 2, 7, 8, 9, 10, 12, 14, 15, 16, 17, 18, 20, 22, 24, 25, 27, 28, 31, 33, 
  34, 35, 38, 40, 46, 49, 55, 57 ],
[ 1, 2, 7, 8, 9, 10, 12, 14, 15, 16, 17, 18, 19, 20, 24, 25, 27, 28, 31, 33, 
  42, 46, 49, 53, 54, 56, 57, 63 ],
[ 1, 2, 7, 8, 9, 10, 12, 13, 14, 17, 18, 19, 20, 24, 27, 30, 31, 32, 33, 36, 
  37, 42, 55, 56, 57, 58, 60, 63 ],
[ 1, 2, 7, 8, 9, 10, 12, 13, 14, 16, 17, 20, 24, 27, 30, 31, 32, 33, 36, 38, 
  39, 40, 42, 55, 57, 58, 60, 63 ],
[ 1, 2, 7, 8, 9, 10, 12, 13, 14, 16, 17, 19, 20, 24, 25, 27, 28, 31, 34, 35, 
  36, 38, 39, 41, 42, 46, 49, 55 ],
[ 1, 2, 7, 8, 9, 10, 12, 13, 14, 16, 17, 18, 19, 20, 24, 25, 27, 28, 31, 34, 
  35, 36, 38, 42, 46, 49, 55, 57 ],
[ 1, 2, 7, 8, 9, 10, 12, 13, 14, 15, 16, 17, 19, 20, 24, 25, 27, 28, 31, 34, 
  35, 39, 41, 42, 46, 49, 55, 56 ],
[ 1, 2, 7, 8, 9, 10, 12, 13, 14, 15, 16, 17, 18, 19, 20, 24, 25, 27, 28, 31, 
  34, 35, 42, 46, 49, 55, 56, 57 ],
[ 1, 2, 7, 8, 9, 10, 11, 14, 16, 17, 20, 24, 26, 27, 28, 30, 33, 35, 36, 38, 
  39, 40, 42, 47, 49, 53, 55, 57 ],
[ 1, 2, 7, 8, 9, 10, 11, 14, 16, 17, 19, 20, 24, 26, 27, 28, 30, 33, 36, 38, 
  39, 41, 42, 47, 49, 53, 54, 63 ],
[ 1, 2, 7, 8, 9, 10, 11, 14, 16, 17, 18, 19, 20, 24, 26, 27, 28, 30, 33, 36, 
  38, 42, 47, 49, 53, 54, 57, 63 ],
[ 1, 2, 6, 8, 10, 11, 12, 14, 17, 19, 21, 23, 24, 30, 31, 33, 34, 36, 37, 39, 
  41, 42, 43, 51, 54, 55, 56, 62 ],
[ 1, 2, 6, 8, 10, 11, 12, 14, 17, 18, 21, 23, 24, 30, 31, 33, 35, 36, 37, 40, 
  41, 42, 43, 51, 53, 55, 56, 62 ],
[ 1, 2, 6, 8, 10, 11, 12, 14, 17, 18, 21, 23, 24, 30, 31, 33, 34, 35, 36, 37, 
  40, 41, 42, 43, 51, 56, 62, 63 ],
[ 1, 2, 6, 8, 10, 11, 12, 14, 15, 17, 21, 23, 24, 30, 31, 33, 35, 37, 38, 39, 
  40, 42, 43, 51, 53, 55, 57, 62 ],
[ 1, 2, 6, 8, 10, 11, 12, 14, 15, 17, 21, 23, 24, 30, 31, 33, 34, 35, 37, 38, 
  39, 40, 42, 43, 51, 57, 62, 63 ],
[ 1, 2, 6, 8, 10, 11, 12, 14, 15, 17, 19, 21, 23, 24, 30, 31, 33, 37, 38, 39, 
  41, 42, 43, 51, 53, 54, 62, 63 ],
[ 1, 2, 6, 8, 10, 11, 12, 13, 14, 17, 18, 21, 23, 24, 30, 31, 36, 37, 40, 41, 
  42, 43, 51, 53, 54, 55, 56, 62 ],
[ 1, 2, 6, 8, 10, 11, 12, 13, 14, 15, 17, 21, 23, 24, 30, 31, 37, 38, 39, 40, 
  42, 43, 51, 53, 54, 55, 57, 62 ],
[ 1, 2, 6, 8, 9, 10, 12, 14, 17, 19, 21, 24, 25, 27, 28, 31, 33, 34, 36, 37, 
  39, 41, 42, 46, 49, 54, 55, 56 ],
[ 1, 2, 6, 8, 9, 10, 12, 14, 17, 18, 21, 24, 25, 27, 28, 31, 33, 35, 36, 37, 
  40, 41, 42, 46, 49, 53, 55, 56 ],
[ 1, 2, 6, 8, 9, 10, 12, 14, 17, 18, 21, 24, 25, 27, 28, 31, 33, 34, 35, 36, 
  37, 40, 41, 42, 46, 49, 56, 63 ],
[ 1, 2, 6, 8, 9, 10, 12, 14, 15, 17, 21, 24, 25, 27, 28, 31, 33, 35, 37, 38, 
  39, 40, 42, 46, 49, 53, 55, 57 ],
[ 1, 2, 6, 8, 9, 10, 12, 14, 15, 17, 21, 24, 25, 27, 28, 31, 33, 34, 35, 37, 
  38, 39, 40, 42, 46, 49, 57, 63 ],
[ 1, 2, 6, 8, 9, 10, 12, 14, 15, 17, 19, 21, 24, 25, 27, 28, 31, 33, 37, 38, 
  39, 41, 42, 46, 49, 53, 54, 63 ],
[ 1, 2, 6, 8, 9, 10, 12, 13, 14, 17, 18, 21, 24, 25, 27, 28, 31, 36, 37, 40, 
  41, 42, 46, 49, 53, 54, 55, 56 ],
[ 1, 2, 6, 8, 9, 10, 12, 13, 14, 17, 18, 21, 24, 25, 27, 28, 31, 34, 36, 37, 
  40, 41, 42, 46, 49, 54, 56, 63 ],
[ 1, 2, 6, 8, 9, 10, 12, 13, 14, 15, 17, 21, 24, 25, 27, 28, 31, 37, 38, 39, 
  40, 42, 46, 49, 53, 54, 55, 57 ],
[ 1, 2, 6, 8, 9, 10, 12, 13, 14, 15, 17, 21, 24, 25, 27, 28, 31, 34, 37, 38, 
  39, 40, 42, 46, 49, 54, 57, 63 ],
[ 1, 2, 6, 7, 8, 10, 12, 13, 14, 16, 17, 19, 22, 24, 25, 27, 28, 31, 33, 36, 
  38, 39, 41, 46, 50, 51, 55, 63 ],
[ 1, 2, 6, 7, 8, 10, 12, 13, 14, 16, 17, 19, 22, 24, 25, 27, 28, 31, 33, 34, 
  36, 38, 39, 41, 46, 50, 51, 53 ],
[ 1, 2, 6, 7, 8, 10, 12, 13, 14, 16, 17, 18, 22, 24, 28, 30, 31, 32, 33, 34, 
  36, 38, 40, 41, 43, 45, 49, 53 ],
[ 1, 2, 6, 7, 8, 10, 12, 13, 14, 15, 17, 19, 22, 24, 28, 30, 31, 32, 33, 34, 
  37, 38, 39, 41, 43, 45, 49, 53 ],
[ 1, 2, 6, 7, 8, 10, 12, 13, 14, 15, 16, 17, 19, 22, 24, 25, 27, 28, 31, 33, 
  39, 41, 46, 50, 51, 55, 56, 63 ],
[ 1, 2, 6, 7, 8, 10, 12, 13, 14, 15, 16, 17, 19, 22, 24, 25, 27, 28, 31, 33, 
  34, 39, 41, 46, 50, 51, 53, 56 ],
[ 1, 2, 6, 7, 8, 10, 11, 12, 14, 16, 17, 19, 22, 23, 24, 30, 31, 33, 34, 36, 
  38, 39, 41, 43, 51, 54, 55, 62 ],
[ 1, 2, 6, 7, 8, 10, 11, 12, 14, 16, 17, 18, 22, 23, 24, 30, 31, 33, 35, 36, 
  38, 40, 41, 43, 51, 53, 55, 62 ],
[ 1, 2, 6, 7, 8, 10, 11, 12, 14, 16, 17, 18, 19, 22, 23, 24, 30, 31, 33, 34, 
  36, 38, 43, 51, 54, 55, 57, 62 ],
[ 1, 2, 6, 7, 8, 10, 11, 12, 14, 15, 16, 17, 19, 22, 23, 24, 30, 31, 33, 34, 
  39, 41, 43, 51, 54, 55, 56, 62 ],
[ 1, 2, 6, 7, 8, 10, 11, 12, 14, 15, 16, 17, 18, 22, 23, 24, 30, 31, 33, 34, 
  35, 40, 41, 43, 51, 56, 62, 63 ],
[ 1, 2, 6, 7, 8, 10, 11, 12, 14, 15, 16, 17, 18, 19, 22, 23, 24, 30, 31, 33, 
  34, 43, 51, 54, 55, 56, 57, 62 ],
[ 1, 2, 6, 7, 8, 10, 11, 12, 13, 14, 16, 17, 18, 19, 22, 23, 24, 30, 31, 35, 
  36, 38, 43, 51, 53, 57, 62, 63 ],
[ 1, 2, 6, 7, 8, 10, 11, 12, 13, 14, 15, 16, 17, 19, 22, 23, 24, 30, 31, 35, 
  39, 41, 43, 51, 53, 56, 62, 63 ],
[ 1, 2, 6, 7, 8, 9, 10, 12, 14, 16, 17, 19, 22, 24, 25, 27, 28, 31, 33, 34, 
  36, 38, 39, 41, 46, 49, 54, 55 ],
[ 1, 2, 6, 7, 8, 9, 10, 12, 14, 16, 17, 18, 22, 24, 25, 27, 28, 31, 33, 35, 
  36, 38, 40, 41, 46, 49, 53, 55 ],
[ 1, 2, 6, 7, 8, 9, 10, 12, 14, 16, 17, 18, 19, 22, 24, 25, 27, 28, 31, 33, 
  34, 36, 38, 46, 49, 54, 55, 57 ],
[ 1, 2, 6, 7, 8, 9, 10, 12, 14, 15, 16, 17, 19, 22, 24, 25, 27, 28, 31, 33, 
  34, 39, 41, 46, 49, 54, 55, 56 ],
[ 1, 2, 6, 7, 8, 9, 10, 12, 14, 15, 16, 17, 18, 22, 24, 25, 27, 28, 31, 33, 
  34, 35, 40, 41, 46, 49, 56, 63 ],
[ 1, 2, 6, 7, 8, 9, 10, 12, 14, 15, 16, 17, 18, 19, 22, 24, 25, 27, 28, 31, 
  33, 34, 46, 49, 54, 55, 56, 57 ],
[ 1, 2, 6, 7, 8, 9, 10, 12, 13, 14, 16, 17, 19, 22, 24, 25, 27, 28, 31, 35, 
  36, 38, 39, 41, 46, 49, 53, 63 ],
[ 1, 2, 6, 7, 8, 9, 10, 12, 13, 14, 16, 17, 18, 22, 24, 27, 30, 31, 32, 33, 
  36, 38, 40, 41, 55, 58, 60, 63 ],
[ 1, 2, 6, 7, 8, 9, 10, 12, 13, 14, 16, 17, 18, 19, 22, 24, 25, 27, 28, 31, 
  35, 36, 38, 46, 49, 53, 57, 63 ],
[ 1, 2, 6, 7, 8, 9, 10, 12, 13, 14, 15, 17, 18, 19, 22, 24, 27, 30, 31, 32, 
  33, 37, 38, 55, 57, 58, 60, 63 ],
[ 1, 2, 6, 7, 8, 9, 10, 12, 13, 14, 15, 16, 17, 19, 22, 24, 25, 27, 28, 31, 
  35, 39, 41, 46, 49, 53, 56, 63 ],
[ 1, 2, 6, 7, 8, 9, 10, 12, 13, 14, 15, 16, 17, 18, 19, 22, 24, 25, 27, 28, 
  31, 35, 46, 49, 53, 56, 57, 63 ],
[ 1, 2, 6, 7, 8, 9, 10, 11, 14, 16, 17, 19, 22, 24, 26, 27, 28, 30, 33, 34, 
  36, 38, 39, 41, 47, 49, 54, 55 ],
[ 1, 2, 6, 7, 8, 9, 10, 11, 14, 16, 17, 18, 22, 24, 26, 27, 28, 30, 33, 35, 
  36, 38, 40, 41, 47, 49, 53, 55 ],
[ 1, 2, 6, 7, 8, 9, 10, 11, 14, 16, 17, 18, 19, 22, 24, 26, 27, 28, 30, 33, 
  34, 36, 38, 47, 49, 54, 55, 57 ],
[ 1, 2, 5, 10, 12, 13, 14, 17, 18, 20, 22, 24, 26, 27, 28, 29, 31, 33, 34, 
  36, 37, 40, 41, 46, 48, 49, 53, 56 ],
[ 1, 2, 5, 10, 12, 13, 14, 16, 17, 19, 22, 24, 28, 30, 31, 33, 36, 38, 39, 
  41, 42, 43, 47, 51, 52, 55, 59, 63 ],
[ 1, 2, 5, 10, 12, 13, 14, 16, 17, 19, 22, 24, 28, 30, 31, 33, 34, 36, 38, 
  39, 41, 42, 43, 47, 51, 52, 53, 59 ],
[ 1, 2, 5, 10, 12, 13, 14, 16, 17, 19, 22, 24, 27, 30, 31, 33, 36, 38, 39, 
  41, 42, 44, 47, 50, 52, 55, 60, 63 ],
[ 1, 2, 5, 10, 12, 13, 14, 16, 17, 19, 22, 24, 27, 30, 31, 33, 34, 36, 38, 
  39, 41, 42, 44, 47, 50, 52, 53, 60 ],
[ 1, 2, 5, 10, 12, 13, 14, 16, 17, 19, 22, 23, 24, 30, 31, 33, 36, 38, 39, 
  41, 42, 45, 47, 49, 52, 55, 62, 63 ],
[ 1, 2, 5, 10, 12, 13, 14, 16, 17, 19, 20, 23, 24, 28, 30, 31, 32, 33, 34, 
  36, 38, 39, 42, 45, 47, 49, 53, 57 ],
[ 1, 2, 5, 10, 12, 13, 14, 16, 17, 18, 19, 22, 24, 28, 30, 31, 33, 36, 38, 
  42, 43, 47, 51, 52, 55, 57, 59, 63 ],
[ 1, 2, 5, 10, 12, 13, 14, 16, 17, 18, 19, 22, 24, 28, 30, 31, 33, 34, 36, 
  38, 42, 43, 47, 51, 52, 53, 57, 59 ],
[ 1, 2, 5, 10, 12, 13, 14, 16, 17, 18, 19, 22, 24, 27, 30, 31, 33, 36, 38, 
  42, 44, 47, 50, 52, 55, 57, 60, 63 ],
[ 1, 2, 5, 10, 12, 13, 14, 16, 17, 18, 19, 22, 24, 27, 30, 31, 33, 34, 36, 
  38, 42, 44, 47, 50, 52, 53, 57, 60 ],
[ 1, 2, 5, 10, 12, 13, 14, 16, 17, 18, 19, 22, 23, 24, 30, 31, 33, 34, 36, 
  38, 42, 45, 47, 49, 52, 53, 57, 62 ],
[ 1, 2, 5, 10, 12, 13, 14, 15, 17, 20, 22, 24, 26, 27, 28, 29, 31, 33, 34, 
  37, 38, 39, 40, 46, 48, 49, 53, 57 ],
[ 1, 2, 5, 10, 12, 13, 14, 15, 16, 17, 19, 22, 24, 28, 30, 31, 33, 39, 41, 
  42, 43, 47, 51, 52, 55, 56, 59, 63 ],
[ 1, 2, 5, 10, 12, 13, 14, 15, 16, 17, 19, 22, 24, 28, 30, 31, 33, 34, 39, 
  41, 42, 43, 47, 51, 52, 53, 56, 59 ],
[ 1, 2, 5, 10, 12, 13, 14, 15, 16, 17, 19, 22, 24, 27, 30, 31, 33, 39, 41, 
  42, 44, 47, 50, 52, 55, 56, 60, 63 ],
[ 1, 2, 5, 10, 12, 13, 14, 15, 16, 17, 19, 22, 24, 27, 30, 31, 33, 34, 39, 
  41, 42, 44, 47, 50, 52, 53, 56, 60 ],
[ 1, 2, 5, 10, 12, 13, 14, 15, 16, 17, 19, 22, 23, 24, 30, 31, 33, 34, 39, 
  41, 42, 45, 47, 49, 52, 53, 56, 62 ],
[ 1, 2, 5, 10, 12, 13, 14, 15, 16, 17, 18, 19, 22, 24, 28, 30, 31, 33, 42, 
  43, 47, 51, 52, 55, 56, 57, 59, 63 ],
[ 1, 2, 5, 10, 12, 13, 14, 15, 16, 17, 18, 19, 22, 24, 28, 30, 31, 33, 34, 
  42, 43, 47, 51, 52, 53, 56, 57, 59 ],
[ 1, 2, 5, 10, 12, 13, 14, 15, 16, 17, 18, 19, 22, 24, 27, 30, 31, 33, 42, 
  44, 47, 50, 52, 55, 56, 57, 60, 63 ],
[ 1, 2, 5, 10, 12, 13, 14, 15, 16, 17, 18, 19, 22, 24, 27, 30, 31, 33, 34, 
  42, 44, 47, 50, 52, 53, 56, 57, 60 ],
[ 1, 2, 5, 10, 12, 13, 14, 15, 16, 17, 18, 19, 22, 23, 24, 30, 31, 33, 42, 
  45, 47, 49, 52, 55, 56, 57, 62, 63 ],
[ 1, 2, 5, 10, 11, 13, 14, 15, 17, 20, 21, 22, 23, 24, 26, 27, 28, 31, 35, 
  37, 42, 43, 49, 51, 55, 56, 57, 63 ],
[ 1, 2, 5, 10, 11, 13, 14, 15, 17, 18, 21, 22, 23, 24, 26, 27, 30, 31, 35, 
  37, 41, 43, 49, 52, 55, 56, 57, 63 ],
[ 1, 2, 5, 10, 11, 12, 13, 14, 16, 17, 20, 22, 24, 25, 27, 28, 30, 33, 35, 
  38, 39, 40, 43, 44, 52, 54, 56, 57 ],
[ 1, 2, 5, 10, 11, 12, 13, 14, 16, 17, 19, 20, 23, 24, 28, 31, 33, 34, 36, 
  38, 39, 42, 45, 47, 49, 52, 53, 57 ],
[ 1, 2, 5, 9, 10, 12, 13, 14, 17, 20, 21, 22, 23, 24, 26, 28, 30, 35, 36, 37, 
  38, 42, 43, 49, 55, 57, 62, 63 ],
[ 1, 2, 5, 9, 10, 12, 13, 14, 17, 18, 20, 22, 24, 26, 28, 31, 33, 34, 36, 37, 
  40, 41, 46, 48, 49, 50, 53, 56 ],
[ 1, 2, 5, 9, 10, 12, 13, 14, 17, 18, 20, 22, 24, 26, 27, 31, 33, 36, 37, 40, 
  41, 46, 48, 49, 51, 55, 56, 63 ],
[ 1, 2, 5, 9, 10, 12, 13, 14, 17, 18, 20, 22, 24, 26, 27, 28, 31, 33, 36, 37, 
  40, 41, 46, 48, 55, 56, 62, 63 ],
[ 1, 2, 5, 9, 10, 12, 13, 14, 17, 18, 20, 22, 24, 26, 27, 28, 31, 33, 36, 37, 
  40, 41, 46, 48, 49, 53, 55, 56 ],
[ 1, 2, 5, 9, 10, 12, 13, 14, 17, 18, 20, 22, 24, 26, 27, 28, 31, 33, 34, 36, 
  37, 40, 41, 46, 48, 49, 56, 63 ],
[ 1, 2, 5, 9, 10, 12, 13, 14, 16, 17, 20, 24, 27, 30, 31, 32, 33, 36, 38, 39, 
  40, 41, 42, 44, 47, 55, 60, 63 ],
[ 1, 2, 5, 9, 10, 12, 13, 14, 16, 17, 19, 22, 24, 29, 30, 31, 33, 36, 38, 39, 
  41, 42, 47, 52, 55, 58, 63, 64 ],
[ 1, 2, 5, 9, 10, 12, 13, 14, 16, 17, 18, 19, 22, 24, 29, 30, 31, 33, 34, 36, 
  38, 42, 47, 52, 53, 57, 58, 64 ],
[ 1, 2, 5, 9, 10, 12, 13, 14, 15, 17, 20, 22, 24, 26, 27, 31, 33, 37, 38, 39, 
  40, 46, 48, 49, 51, 55, 57, 63 ],
[ 1, 2, 5, 9, 10, 12, 13, 14, 15, 17, 20, 22, 24, 26, 27, 28, 31, 33, 37, 38, 
  39, 40, 46, 48, 49, 53, 55, 57 ],
[ 1, 2, 5, 9, 10, 12, 13, 14, 15, 17, 20, 22, 24, 26, 27, 28, 31, 33, 34, 37, 
  38, 39, 40, 46, 48, 49, 57, 63 ],
[ 1, 2, 5, 9, 10, 12, 13, 14, 15, 16, 17, 19, 22, 24, 29, 30, 31, 33, 34, 39, 
  41, 42, 47, 52, 53, 56, 58, 64 ],
[ 1, 2, 5, 9, 10, 12, 13, 14, 15, 16, 17, 18, 19, 22, 24, 29, 30, 31, 33, 42, 
  47, 52, 55, 56, 57, 58, 63, 64 ],
[ 1, 2, 5, 9, 10, 11, 12, 13, 14, 17, 18, 21, 22, 23, 24, 26, 28, 30, 32, 35, 
  36, 37, 38, 41, 43, 55, 57, 63 ],
[ 1, 2, 5, 9, 10, 11, 12, 13, 14, 16, 17, 20, 24, 27, 31, 33, 36, 38, 39, 40, 
  41, 42, 44, 47, 52, 55, 60, 63 ],
[ 1, 2, 5, 8, 10, 12, 14, 17, 18, 20, 22, 24, 25, 27, 28, 29, 31, 33, 35, 36, 
  37, 40, 41, 49, 55, 56, 61, 63 ],
[ 1, 2, 5, 8, 10, 12, 14, 17, 18, 19, 20, 23, 24, 28, 30, 31, 32, 33, 36, 37, 
  38, 41, 42, 49, 54, 55, 59, 63 ],
[ 1, 2, 5, 8, 10, 12, 14, 15, 17, 20, 22, 24, 25, 27, 28, 29, 31, 33, 35, 37, 
  38, 39, 40, 49, 55, 57, 61, 63 ],
[ 1, 2, 5, 8, 10, 12, 14, 15, 17, 18, 20, 24, 27, 29, 30, 31, 32, 33, 34, 35, 
  37, 39, 40, 42, 55, 56, 60, 64 ],
[ 1, 2, 5, 8, 10, 12, 14, 15, 17, 18, 19, 20, 24, 28, 30, 31, 32, 33, 37, 41, 
  42, 43, 45, 49, 54, 55, 56, 63 ],
[ 1, 2, 5, 8, 10, 12, 14, 15, 16, 17, 20, 23, 24, 28, 30, 31, 32, 33, 38, 39, 
  40, 41, 42, 49, 54, 55, 59, 63 ],
[ 1, 2, 5, 8, 10, 12, 14, 15, 16, 17, 18, 20, 24, 28, 30, 31, 32, 33, 38, 40, 
  42, 43, 45, 49, 54, 55, 57, 63 ],
[ 1, 2, 5, 8, 10, 12, 14, 15, 16, 17, 18, 20, 24, 27, 29, 30, 31, 32, 33, 38, 
  39, 40, 42, 53, 54, 55, 60, 64 ],
[ 1, 2, 5, 8, 10, 12, 13, 14, 17, 20, 24, 28, 30, 31, 32, 33, 34, 36, 37, 38, 
  39, 40, 41, 42, 43, 45, 49, 55 ],
[ 1, 2, 5, 8, 10, 12, 13, 14, 17, 18, 20, 23, 24, 28, 30, 31, 32, 33, 34, 36, 
  37, 38, 40, 42, 49, 55, 57, 59 ],
[ 1, 2, 5, 8, 10, 12, 13, 14, 17, 18, 20, 22, 24, 27, 28, 29, 31, 36, 37, 40, 
  41, 46, 48, 49, 54, 55, 56, 63 ],
[ 1, 2, 5, 8, 10, 12, 13, 14, 17, 18, 20, 22, 24, 27, 28, 29, 31, 33, 34, 36, 
  37, 40, 41, 46, 48, 49, 56, 63 ],
[ 1, 2, 5, 8, 10, 12, 13, 14, 17, 18, 20, 22, 24, 25, 27, 28, 29, 31, 33, 36, 
  37, 40, 41, 49, 53, 55, 56, 61 ],
[ 1, 2, 5, 8, 10, 12, 13, 14, 16, 17, 19, 20, 24, 28, 30, 31, 32, 33, 34, 36, 
  39, 42, 43, 45, 49, 55, 56, 57 ],
[ 1, 2, 5, 8, 10, 12, 13, 14, 16, 17, 18, 19, 20, 24, 28, 30, 31, 32, 33, 36, 
  41, 42, 43, 45, 49, 53, 56, 63 ],
[ 1, 2, 5, 8, 10, 12, 13, 14, 15, 17, 20, 22, 24, 27, 28, 29, 31, 37, 38, 39, 
  40, 46, 48, 49, 54, 55, 57, 63 ],
[ 1, 2, 5, 8, 10, 12, 13, 14, 15, 17, 20, 22, 24, 27, 28, 29, 31, 33, 34, 37, 
  38, 39, 40, 46, 48, 49, 57, 63 ],
[ 1, 2, 5, 8, 10, 12, 13, 14, 15, 17, 20, 22, 24, 25, 27, 28, 29, 31, 33, 37, 
  38, 39, 40, 49, 53, 55, 57, 61 ],
[ 1, 2, 5, 8, 10, 11, 13, 14, 17, 18, 20, 21, 23, 24, 30, 31, 32, 35, 36, 37, 
  38, 39, 43, 50, 51, 53, 55, 57 ],
[ 1, 2, 5, 8, 10, 11, 13, 14, 15, 17, 18, 20, 21, 23, 24, 30, 31, 32, 34, 35, 
  37, 39, 43, 50, 51, 56, 57, 63 ],
[ 1, 2, 5, 8, 10, 11, 12, 14, 17, 18, 20, 24, 27, 29, 31, 33, 34, 35, 36, 37, 
  38, 39, 40, 42, 52, 55, 60, 64 ],
[ 1, 2, 5, 8, 10, 11, 12, 14, 16, 17, 18, 20, 24, 27, 31, 32, 33, 35, 36, 38, 
  39, 40, 42, 50, 53, 55, 60, 64 ],
[ 1, 2, 5, 8, 10, 11, 12, 14, 15, 16, 17, 18, 20, 24, 27, 31, 32, 33, 34, 35, 
  39, 40, 42, 50, 56, 60, 63, 64 ],
[ 1, 2, 5, 8, 10, 11, 12, 14, 15, 16, 17, 18, 20, 24, 27, 29, 31, 33, 34, 38, 
  39, 40, 42, 52, 54, 60, 63, 64 ],
[ 1, 2, 5, 8, 10, 11, 12, 13, 14, 16, 17, 18, 20, 24, 27, 31, 32, 34, 36, 38, 
  39, 40, 42, 50, 54, 60, 63, 64 ],
[ 1, 2, 5, 8, 10, 11, 12, 13, 14, 15, 16, 17, 18, 20, 24, 27, 31, 32, 39, 40, 
  42, 50, 53, 54, 55, 56, 60, 64 ],
[ 1, 2, 5, 8, 9, 10, 12, 14, 17, 20, 24, 27, 30, 31, 32, 34, 35, 36, 37, 38, 
  39, 40, 41, 42, 44, 54, 55, 64 ],
[ 1, 2, 5, 8, 9, 10, 12, 14, 17, 18, 20, 24, 27, 30, 31, 32, 34, 35, 36, 37, 
  38, 40, 42, 54, 55, 57, 58, 60 ],
[ 1, 2, 5, 8, 9, 10, 12, 14, 17, 18, 19, 20, 24, 27, 30, 31, 32, 33, 36, 37, 
  38, 41, 42, 44, 54, 55, 63, 64 ],
[ 1, 2, 5, 8, 9, 10, 12, 14, 16, 17, 19, 20, 24, 27, 30, 31, 32, 34, 35, 36, 
  39, 42, 54, 55, 56, 57, 58, 60 ],
[ 1, 2, 5, 8, 9, 10, 12, 14, 16, 17, 18, 19, 20, 24, 27, 30, 31, 32, 35, 36, 
  41, 42, 53, 54, 56, 58, 60, 63 ],
[ 1, 2, 5, 8, 9, 10, 12, 14, 15, 17, 18, 19, 20, 24, 27, 30, 31, 32, 33, 37, 
  41, 42, 54, 55, 56, 58, 60, 63 ],
[ 1, 2, 5, 8, 9, 10, 12, 14, 15, 16, 17, 20, 24, 27, 30, 31, 32, 33, 38, 39, 
  40, 41, 42, 54, 55, 58, 60, 63 ],
[ 1, 2, 5, 8, 9, 10, 12, 14, 15, 16, 17, 18, 20, 24, 27, 30, 31, 32, 33, 38, 
  40, 42, 44, 54, 55, 57, 63, 64 ],
[ 1, 2, 5, 7, 10, 11, 14, 17, 18, 19, 21, 23, 24, 27, 28, 30, 31, 32, 33, 34, 
  35, 36, 37, 39, 48, 53, 56, 64 ],
[ 1, 2, 5, 7, 9, 10, 12, 14, 18, 20, 21, 22, 23, 24, 27, 28, 30, 33, 34, 36, 
  37, 38, 39, 50, 53, 54, 60, 61 ],
[ 1, 2, 5, 7, 9, 10, 11, 14, 20, 21, 22, 23, 24, 27, 28, 30, 33, 34, 36, 37, 
  38, 39, 41, 45, 47, 49, 54, 63 ],
[ 1, 2, 5, 7, 9, 10, 11, 14, 18, 20, 21, 24, 26, 27, 28, 30, 33, 34, 36, 37, 
  38, 41, 42, 43, 45, 49, 54, 63 ],
[ 1, 2, 5, 7, 9, 10, 11, 14, 18, 20, 21, 23, 24, 26, 27, 28, 30, 33, 36, 37, 
  38, 41, 42, 49, 53, 54, 55, 59 ],
[ 1, 2, 5, 7, 9, 10, 11, 14, 18, 20, 21, 22, 23, 24, 27, 28, 30, 33, 36, 37, 
  38, 45, 47, 49, 53, 54, 55, 57 ],
[ 1, 2, 5, 7, 9, 10, 11, 14, 16, 20, 21, 23, 24, 27, 28, 30, 33, 35, 36, 38, 
  39, 42, 45, 47, 49, 53, 55, 57 ],
[ 1, 2, 5, 7, 9, 10, 11, 14, 16, 20, 21, 23, 24, 26, 27, 28, 30, 33, 34, 35, 
  36, 39, 42, 49, 55, 56, 57, 59 ],
[ 1, 2, 5, 7, 9, 10, 11, 14, 16, 18, 20, 21, 24, 27, 28, 30, 33, 35, 36, 38, 
  41, 42, 43, 47, 49, 53, 55, 59 ],
[ 1, 2, 5, 7, 9, 10, 11, 14, 16, 18, 20, 21, 23, 24, 26, 27, 28, 30, 33, 35, 
  36, 41, 42, 49, 53, 56, 59, 63 ],
[ 1, 2, 5, 7, 9, 10, 11, 14, 16, 18, 20, 21, 22, 24, 27, 28, 30, 33, 34, 35, 
  36, 43, 47, 49, 55, 56, 57, 59 ],
[ 1, 2, 5, 7, 9, 10, 11, 14, 16, 18, 20, 21, 22, 23, 24, 27, 28, 30, 33, 35, 
  36, 45, 47, 49, 53, 56, 57, 63 ],
[ 1, 2, 5, 7, 9, 10, 11, 14, 16, 17, 21, 24, 25, 27, 28, 30, 33, 35, 36, 38, 
  39, 40, 47, 48, 49, 53, 55, 57 ],
[ 1, 2, 5, 7, 9, 10, 11, 14, 16, 17, 20, 21, 24, 27, 28, 30, 33, 35, 36, 38, 
  40, 42, 44, 47, 49, 53, 55, 60 ],
[ 1, 2, 5, 7, 9, 10, 11, 14, 16, 17, 19, 21, 24, 27, 28, 30, 33, 34, 36, 38, 
  39, 41, 46, 47, 49, 54, 55, 61 ],
[ 1, 2, 5, 7, 9, 10, 11, 14, 16, 17, 19, 21, 24, 25, 27, 28, 30, 33, 36, 38, 
  39, 41, 47, 48, 49, 53, 54, 63 ],
[ 1, 2, 5, 7, 9, 10, 11, 14, 16, 17, 18, 21, 24, 27, 28, 30, 33, 35, 36, 38, 
  40, 41, 46, 47, 49, 53, 55, 61 ],
[ 1, 2, 5, 7, 9, 10, 11, 14, 16, 17, 18, 19, 21, 24, 27, 28, 30, 33, 34, 36, 
  38, 46, 47, 49, 54, 55, 57, 61 ],
[ 1, 2, 5, 7, 9, 10, 11, 14, 16, 17, 18, 19, 21, 24, 25, 27, 28, 30, 33, 36, 
  38, 47, 48, 49, 53, 54, 57, 63 ],
[ 1, 2, 5, 7, 9, 10, 11, 14, 15, 18, 20, 21, 22, 23, 24, 27, 29, 31, 33, 34, 
  37, 39, 49, 53, 54, 56, 60, 61 ],
[ 1, 2, 5, 7, 9, 10, 11, 13, 14, 16, 17, 20, 21, 24, 27, 28, 30, 34, 36, 38, 
  40, 42, 44, 47, 49, 54, 60, 63 ],
[ 1, 2, 5, 7, 8, 10, 11, 13, 14, 16, 17, 18, 20, 23, 24, 29, 30, 31, 36, 39, 
  41, 43, 51, 52, 53, 54, 56, 63 ],
[ 1, 2, 5, 7, 8, 10, 11, 13, 14, 15, 16, 17, 18, 20, 23, 24, 29, 30, 31, 34, 
  38, 39, 41, 43, 51, 52, 54, 55 ],
[ 1, 2, 5, 7, 8, 9, 10, 14, 20, 21, 22, 24, 27, 28, 30, 33, 34, 36, 37, 38, 
  39, 41, 45, 51, 52, 54, 59, 63 ],
[ 1, 2, 5, 7, 8, 9, 10, 14, 20, 21, 22, 24, 27, 28, 30, 32, 33, 34, 36, 37, 
  39, 41, 45, 54, 55, 56, 59, 62 ],
[ 1, 2, 5, 7, 8, 9, 10, 14, 18, 20, 21, 22, 24, 27, 30, 32, 33, 34, 36, 37, 
  45, 49, 51, 54, 55, 56, 57, 59 ],
[ 1, 2, 5, 7, 8, 9, 10, 14, 18, 20, 21, 22, 24, 27, 28, 30, 33, 36, 37, 38, 
  45, 51, 52, 53, 54, 55, 57, 59 ],
[ 1, 2, 5, 7, 8, 9, 10, 14, 16, 18, 20, 21, 22, 24, 27, 30, 33, 34, 35, 36, 
  45, 49, 52, 55, 56, 57, 59, 62 ],
[ 1, 2, 5, 7, 8, 9, 10, 14, 16, 18, 20, 21, 22, 24, 27, 28, 30, 33, 35, 36, 
  45, 51, 52, 53, 56, 57, 59, 63 ],
[ 1, 2, 5, 7, 8, 9, 10, 14, 15, 20, 21, 22, 24, 27, 28, 30, 32, 33, 37, 38, 
  39, 41, 45, 53, 54, 59, 62, 63 ],
[ 1, 2, 5, 7, 8, 9, 10, 14, 15, 18, 20, 21, 22, 24, 27, 30, 32, 33, 37, 38, 
  45, 49, 51, 53, 54, 57, 59, 63 ],
[ 1, 2, 5, 6, 10, 12, 13, 14, 16, 17, 19, 20, 24, 28, 30, 31, 33, 36, 38, 39, 
  41, 43, 47, 51, 52, 55, 59, 63 ],
[ 1, 2, 5, 6, 10, 12, 13, 14, 16, 17, 19, 20, 24, 28, 30, 31, 33, 34, 36, 38, 
  39, 41, 43, 47, 51, 52, 53, 59 ],
[ 1, 2, 5, 6, 10, 12, 13, 14, 16, 17, 19, 20, 24, 27, 30, 31, 33, 36, 38, 39, 
  41, 44, 47, 50, 52, 55, 60, 63 ],
[ 1, 2, 5, 6, 10, 12, 13, 14, 16, 17, 19, 20, 24, 27, 30, 31, 33, 34, 36, 38, 
  39, 41, 44, 47, 50, 52, 53, 60 ],
[ 1, 2, 5, 6, 10, 12, 13, 14, 16, 17, 19, 20, 24, 27, 28, 31, 33, 36, 38, 39, 
  41, 46, 47, 50, 51, 55, 61, 63 ],
[ 1, 2, 5, 6, 10, 12, 13, 14, 16, 17, 19, 20, 24, 27, 28, 31, 33, 34, 36, 38, 
  39, 41, 46, 47, 50, 51, 53, 61 ],
[ 1, 2, 5, 6, 10, 12, 13, 14, 16, 17, 19, 20, 24, 25, 27, 31, 33, 36, 38, 39, 
  41, 47, 48, 49, 50, 55, 62, 63 ],
[ 1, 2, 5, 6, 10, 12, 13, 14, 16, 17, 19, 20, 24, 25, 27, 31, 33, 34, 36, 38, 
  39, 41, 47, 48, 49, 50, 53, 62 ],
[ 1, 2, 5, 6, 10, 12, 13, 14, 16, 17, 19, 20, 23, 24, 30, 31, 33, 34, 36, 38, 
  39, 41, 45, 47, 49, 52, 53, 62 ],
[ 1, 2, 5, 6, 10, 12, 13, 14, 16, 17, 18, 19, 20, 24, 28, 30, 31, 33, 36, 38, 
  43, 47, 51, 52, 55, 57, 59, 63 ],
[ 1, 2, 5, 6, 10, 12, 13, 14, 16, 17, 18, 19, 20, 24, 28, 30, 31, 33, 34, 36, 
  38, 43, 47, 51, 52, 53, 57, 59 ],
[ 1, 2, 5, 6, 10, 12, 13, 14, 16, 17, 18, 19, 20, 24, 27, 30, 31, 33, 36, 38, 
  44, 47, 50, 52, 55, 57, 60, 63 ],
[ 1, 2, 5, 6, 10, 12, 13, 14, 16, 17, 18, 19, 20, 24, 27, 30, 31, 33, 34, 36, 
  38, 44, 47, 50, 52, 53, 57, 60 ],
[ 1, 2, 5, 6, 10, 12, 13, 14, 16, 17, 18, 19, 20, 24, 27, 28, 31, 33, 36, 38, 
  46, 47, 50, 51, 55, 57, 61, 63 ],
[ 1, 2, 5, 6, 10, 12, 13, 14, 16, 17, 18, 19, 20, 24, 27, 28, 31, 33, 34, 36, 
  38, 46, 47, 50, 51, 53, 57, 61 ],
[ 1, 2, 5, 6, 10, 12, 13, 14, 16, 17, 18, 19, 20, 24, 25, 27, 31, 33, 36, 38, 
  47, 48, 49, 50, 55, 57, 62, 63 ],
[ 1, 2, 5, 6, 10, 12, 13, 14, 16, 17, 18, 19, 20, 24, 25, 27, 31, 33, 34, 36, 
  38, 47, 48, 49, 50, 53, 57, 62 ],
[ 1, 2, 5, 6, 10, 12, 13, 14, 16, 17, 18, 19, 20, 23, 24, 30, 31, 33, 36, 38, 
  45, 47, 49, 52, 55, 57, 62, 63 ],
[ 1, 2, 5, 6, 10, 12, 13, 14, 15, 16, 17, 19, 20, 24, 28, 30, 31, 33, 39, 41, 
  43, 47, 51, 52, 55, 56, 59, 63 ],
[ 1, 2, 5, 6, 10, 12, 13, 14, 15, 16, 17, 19, 20, 24, 28, 30, 31, 33, 34, 39, 
  41, 43, 47, 51, 52, 53, 56, 59 ],
[ 1, 2, 5, 6, 10, 12, 13, 14, 15, 16, 17, 19, 20, 24, 27, 30, 31, 33, 39, 41, 
  44, 47, 50, 52, 55, 56, 60, 63 ],
[ 1, 2, 5, 6, 10, 12, 13, 14, 15, 16, 17, 19, 20, 24, 27, 30, 31, 33, 34, 39, 
  41, 44, 47, 50, 52, 53, 56, 60 ],
[ 1, 2, 5, 6, 10, 12, 13, 14, 15, 16, 17, 19, 20, 24, 27, 28, 31, 33, 39, 41, 
  46, 47, 50, 51, 55, 56, 61, 63 ],
[ 1, 2, 5, 6, 10, 12, 13, 14, 15, 16, 17, 19, 20, 24, 27, 28, 31, 33, 34, 39, 
  41, 46, 47, 50, 51, 53, 56, 61 ],
[ 1, 2, 5, 6, 10, 12, 13, 14, 15, 16, 17, 19, 20, 24, 25, 27, 31, 33, 39, 41, 
  47, 48, 49, 50, 55, 56, 62, 63 ],
[ 1, 2, 5, 6, 10, 12, 13, 14, 15, 16, 17, 19, 20, 24, 25, 27, 31, 33, 34, 39, 
  41, 47, 48, 49, 50, 53, 56, 62 ],
[ 1, 2, 5, 6, 10, 12, 13, 14, 15, 16, 17, 19, 20, 23, 24, 30, 31, 33, 39, 41, 
  45, 47, 49, 52, 55, 56, 62, 63 ],
[ 1, 2, 5, 6, 10, 12, 13, 14, 15, 16, 17, 18, 19, 20, 24, 28, 30, 31, 33, 43, 
  47, 51, 52, 55, 56, 57, 59, 63 ],
[ 1, 2, 5, 6, 10, 12, 13, 14, 15, 16, 17, 18, 19, 20, 24, 28, 30, 31, 33, 34, 
  43, 47, 51, 52, 53, 56, 57, 59 ],
[ 1, 2, 5, 6, 10, 12, 13, 14, 15, 16, 17, 18, 19, 20, 24, 27, 30, 31, 33, 44, 
  47, 50, 52, 55, 56, 57, 60, 63 ],
[ 1, 2, 5, 6, 10, 12, 13, 14, 15, 16, 17, 18, 19, 20, 24, 27, 30, 31, 33, 34, 
  44, 47, 50, 52, 53, 56, 57, 60 ],
[ 1, 2, 5, 6, 10, 12, 13, 14, 15, 16, 17, 18, 19, 20, 24, 27, 28, 31, 33, 46, 
  47, 50, 51, 55, 56, 57, 61, 63 ],
[ 1, 2, 5, 6, 10, 12, 13, 14, 15, 16, 17, 18, 19, 20, 24, 27, 28, 31, 33, 34, 
  46, 47, 50, 51, 53, 56, 57, 61 ],
[ 1, 2, 5, 6, 10, 12, 13, 14, 15, 16, 17, 18, 19, 20, 24, 25, 27, 31, 33, 47, 
  48, 49, 50, 55, 56, 57, 62, 63 ],
[ 1, 2, 5, 6, 10, 12, 13, 14, 15, 16, 17, 18, 19, 20, 24, 25, 27, 31, 33, 34, 
  47, 48, 49, 50, 53, 56, 57, 62 ],
[ 1, 2, 5, 6, 10, 12, 13, 14, 15, 16, 17, 18, 19, 20, 23, 24, 30, 31, 33, 34, 
  45, 47, 49, 52, 53, 56, 57, 62 ],
[ 1, 2, 5, 6, 9, 10, 12, 14, 16, 17, 20, 24, 25, 27, 28, 31, 33, 35, 36, 38, 
  39, 40, 47, 48, 49, 53, 55, 57 ],
[ 1, 2, 5, 6, 9, 10, 12, 14, 16, 17, 19, 20, 24, 27, 28, 31, 33, 34, 36, 38, 
  39, 41, 46, 47, 49, 54, 55, 61 ],
[ 1, 2, 5, 6, 9, 10, 12, 14, 16, 17, 19, 20, 24, 25, 27, 28, 31, 33, 36, 38, 
  39, 41, 47, 48, 49, 53, 54, 63 ],
[ 1, 2, 5, 6, 9, 10, 12, 14, 16, 17, 18, 20, 24, 27, 28, 31, 33, 35, 36, 38, 
  40, 41, 46, 47, 49, 53, 55, 61 ],
[ 1, 2, 5, 6, 9, 10, 12, 14, 16, 17, 18, 19, 20, 24, 27, 28, 31, 33, 34, 36, 
  38, 46, 47, 49, 54, 55, 57, 61 ],
[ 1, 2, 5, 6, 9, 10, 12, 14, 16, 17, 18, 19, 20, 24, 25, 27, 28, 31, 33, 36, 
  38, 47, 48, 49, 53, 54, 57, 63 ],
[ 1, 2, 5, 6, 9, 10, 12, 14, 15, 16, 17, 20, 24, 25, 27, 28, 31, 33, 34, 35, 
  39, 40, 47, 48, 49, 56, 57, 63 ],
[ 1, 2, 5, 6, 9, 10, 12, 14, 15, 16, 17, 19, 20, 24, 27, 28, 31, 33, 34, 39, 
  41, 46, 47, 49, 54, 55, 56, 61 ],
[ 1, 2, 5, 6, 9, 10, 12, 14, 15, 16, 17, 19, 20, 24, 25, 27, 28, 31, 33, 39, 
  41, 47, 48, 49, 53, 54, 56, 63 ],
[ 1, 2, 5, 6, 9, 10, 12, 14, 15, 16, 17, 18, 20, 24, 27, 28, 31, 33, 34, 35, 
  40, 41, 46, 47, 49, 56, 61, 63 ],
[ 1, 2, 5, 6, 9, 10, 12, 14, 15, 16, 17, 18, 19, 20, 24, 27, 28, 31, 33, 34, 
  46, 47, 49, 54, 55, 56, 57, 61 ],
[ 1, 2, 5, 6, 9, 10, 12, 14, 15, 16, 17, 18, 19, 20, 24, 25, 27, 28, 31, 33, 
  47, 48, 49, 53, 54, 56, 57, 63 ],
[ 1, 2, 5, 6, 9, 10, 12, 13, 14, 16, 17, 19, 20, 24, 29, 31, 33, 34, 36, 38, 
  39, 41, 46, 47, 49, 53, 61, 62 ],
[ 1, 2, 5, 6, 9, 10, 12, 13, 14, 16, 17, 19, 20, 24, 29, 30, 31, 33, 34, 36, 
  38, 39, 41, 47, 52, 53, 58, 64 ],
[ 1, 2, 5, 6, 9, 10, 12, 13, 14, 16, 17, 19, 20, 24, 25, 28, 29, 31, 33, 34, 
  36, 38, 39, 41, 47, 48, 51, 53 ],
[ 1, 2, 5, 6, 9, 10, 12, 13, 14, 16, 17, 18, 19, 20, 24, 29, 31, 33, 36, 38, 
  46, 47, 49, 55, 57, 61, 62, 63 ],
[ 1, 2, 5, 6, 9, 10, 12, 13, 14, 16, 17, 18, 19, 20, 24, 29, 30, 31, 33, 36, 
  38, 47, 52, 55, 57, 58, 63, 64 ],
[ 1, 2, 5, 6, 9, 10, 12, 13, 14, 16, 17, 18, 19, 20, 24, 25, 28, 29, 31, 33, 
  36, 38, 47, 48, 51, 55, 57, 63 ],
[ 1, 2, 5, 6, 9, 10, 12, 13, 14, 15, 16, 17, 19, 20, 24, 29, 31, 33, 39, 41, 
  46, 47, 49, 55, 56, 61, 62, 63 ],
[ 1, 2, 5, 6, 9, 10, 12, 13, 14, 15, 16, 17, 19, 20, 24, 29, 30, 31, 33, 39, 
  41, 47, 52, 55, 56, 58, 63, 64 ],
[ 1, 2, 5, 6, 9, 10, 12, 13, 14, 15, 16, 17, 19, 20, 24, 25, 28, 29, 31, 33, 
  39, 41, 47, 48, 51, 55, 56, 63 ],
[ 1, 2, 5, 6, 9, 10, 12, 13, 14, 15, 16, 17, 18, 19, 20, 24, 29, 31, 33, 34, 
  46, 47, 49, 53, 56, 57, 61, 62 ],
[ 1, 2, 5, 6, 9, 10, 12, 13, 14, 15, 16, 17, 18, 19, 20, 24, 29, 30, 31, 33, 
  34, 47, 52, 53, 56, 57, 58, 64 ],
[ 1, 2, 5, 6, 9, 10, 12, 13, 14, 15, 16, 17, 18, 19, 20, 24, 25, 28, 29, 31, 
  33, 34, 47, 48, 51, 53, 56, 57 ],
[ 1, 2, 5, 6, 9, 10, 11, 12, 14, 16, 17, 18, 20, 21, 22, 24, 26, 27, 33, 34, 
  36, 49, 50, 53, 54, 56, 60, 64 ],
[ 1, 2, 5, 6, 9, 10, 11, 12, 13, 14, 15, 16, 17, 18, 20, 21, 22, 24, 26, 27, 
  34, 35, 38, 49, 50, 53, 60, 64 ],
[ 1, 2, 5, 6, 8, 10, 13, 14, 17, 18, 20, 21, 22, 23, 24, 30, 31, 35, 36, 37, 
  38, 43, 49, 50, 51, 53, 55, 62 ],
[ 1, 2, 5, 6, 8, 10, 13, 14, 15, 17, 18, 20, 21, 22, 23, 24, 30, 31, 34, 35, 
  37, 43, 49, 50, 51, 56, 62, 63 ],
[ 1, 2, 5, 6, 8, 10, 12, 14, 17, 19, 20, 24, 28, 30, 31, 32, 33, 34, 36, 37, 
  39, 41, 43, 45, 49, 54, 55, 56 ],
[ 1, 2, 5, 6, 8, 10, 12, 14, 16, 17, 20, 24, 28, 30, 31, 32, 33, 34, 36, 38, 
  39, 40, 43, 45, 49, 54, 55, 57 ],
[ 1, 2, 5, 6, 8, 10, 12, 14, 16, 17, 20, 21, 23, 24, 29, 30, 33, 34, 35, 36, 
  39, 42, 43, 49, 51, 55, 56, 62 ],
[ 1, 2, 5, 6, 8, 10, 12, 14, 16, 17, 18, 20, 24, 28, 30, 31, 32, 33, 36, 38, 
  40, 41, 43, 45, 49, 53, 54, 63 ],
[ 1, 2, 5, 6, 8, 10, 12, 14, 15, 17, 19, 20, 24, 28, 30, 31, 32, 33, 37, 38, 
  39, 41, 43, 45, 49, 53, 54, 63 ],
[ 1, 2, 5, 6, 8, 10, 12, 14, 15, 16, 17, 20, 21, 23, 24, 29, 30, 33, 35, 38, 
  39, 42, 43, 49, 51, 53, 62, 63 ],
[ 1, 2, 5, 6, 8, 10, 12, 13, 14, 17, 18, 19, 20, 24, 27, 30, 31, 33, 34, 36, 
  37, 38, 50, 52, 55, 57, 58, 60 ],
[ 1, 2, 5, 6, 8, 10, 12, 13, 14, 17, 18, 19, 20, 24, 27, 30, 31, 33, 34, 36, 
  37, 38, 44, 50, 52, 55, 57, 64 ],
[ 1, 2, 5, 6, 8, 10, 12, 13, 14, 16, 17, 19, 20, 24, 30, 31, 33, 34, 36, 39, 
  41, 43, 45, 49, 52, 55, 56, 62 ],
[ 1, 2, 5, 6, 8, 10, 12, 13, 14, 16, 17, 19, 20, 23, 24, 30, 31, 33, 34, 36, 
  39, 41, 49, 52, 55, 56, 59, 62 ],
[ 1, 2, 5, 6, 8, 9, 10, 12, 14, 17, 18, 19, 20, 24, 27, 30, 31, 32, 33, 34, 
  36, 37, 54, 55, 56, 57, 58, 60 ],
[ 1, 2, 5, 6, 8, 9, 10, 12, 14, 16, 17, 20, 24, 27, 30, 31, 32, 33, 34, 36, 
  38, 39, 40, 54, 55, 57, 58, 60 ],
[ 1, 2, 5, 6, 8, 9, 10, 12, 14, 16, 17, 18, 20, 24, 27, 30, 31, 32, 33, 36, 
  38, 40, 41, 53, 54, 58, 60, 63 ],
[ 1, 2, 5, 6, 8, 9, 10, 12, 14, 15, 17, 18, 19, 20, 24, 27, 30, 31, 32, 33, 
  37, 38, 53, 54, 57, 58, 60, 63 ],
[ 1, 2, 5, 6, 7, 9, 10, 14, 20, 21, 24, 25, 27, 28, 29, 30, 31, 33, 34, 36, 
  37, 38, 41, 45, 54, 57, 63, 64 ],
[ 1, 2, 5, 6, 7, 9, 10, 14, 15, 20, 21, 24, 25, 27, 28, 29, 30, 31, 33, 37, 
  41, 45, 53, 54, 55, 56, 57, 64 ],
[ 1, 2, 5, 6, 7, 9, 10, 12, 14, 16, 20, 21, 24, 27, 29, 30, 33, 34, 35, 36, 
  41, 46, 49, 55, 56, 57, 59, 64 ],
[ 1, 2, 5, 6, 7, 9, 10, 12, 14, 15, 16, 20, 21, 24, 27, 29, 30, 33, 35, 38, 
  41, 46, 49, 53, 57, 59, 63, 64 ],
[ 1, 2, 4, 7, 9, 10, 11, 14, 16, 17, 19, 20, 24, 27, 28, 30, 33, 35, 36, 38, 
  40, 42, 46, 47, 49, 53, 55, 61 ],
[ 1, 2, 4, 6, 7, 9, 10, 11, 14, 16, 17, 19, 22, 24, 25, 27, 28, 30, 33, 35, 
  36, 38, 40, 47, 48, 49, 53, 55 ],
[ 1, 2, 4, 5, 10, 12, 14, 17, 22, 24, 26, 28, 30, 31, 33, 34, 36, 37, 38, 41, 
  42, 43, 45, 51, 52, 54, 57, 63 ],
[ 1, 2, 4, 5, 10, 12, 14, 17, 22, 23, 24, 26, 28, 30, 31, 33, 36, 37, 38, 41, 
  42, 51, 52, 53, 54, 55, 57, 59 ],
[ 1, 2, 4, 5, 10, 12, 14, 16, 17, 22, 24, 28, 30, 31, 33, 35, 36, 38, 41, 42, 
  43, 47, 51, 52, 53, 55, 57, 59 ],
[ 1, 2, 4, 5, 10, 12, 14, 16, 17, 22, 24, 27, 30, 31, 33, 35, 36, 38, 41, 42, 
  44, 47, 50, 52, 53, 55, 57, 60 ],
[ 1, 2, 4, 5, 10, 12, 14, 16, 17, 22, 24, 27, 29, 30, 31, 32, 33, 36, 41, 42, 
  44, 47, 53, 54, 55, 56, 57, 60 ],
[ 1, 2, 4, 5, 10, 12, 14, 16, 17, 22, 23, 24, 30, 31, 33, 35, 36, 38, 41, 42, 
  45, 47, 49, 52, 53, 55, 57, 62 ],
[ 1, 2, 4, 5, 10, 12, 14, 15, 17, 22, 24, 27, 29, 30, 31, 32, 33, 35, 37, 41, 
  42, 44, 47, 53, 56, 57, 60, 63 ],
[ 1, 2, 4, 5, 10, 12, 14, 15, 17, 20, 22, 23, 24, 28, 30, 31, 32, 33, 36, 37, 
  39, 41, 45, 47, 54, 55, 62, 63 ],
[ 1, 2, 4, 5, 10, 12, 14, 15, 17, 18, 20, 22, 23, 24, 30, 31, 32, 33, 36, 37, 
  45, 47, 49, 51, 54, 55, 57, 63 ],
[ 1, 2, 4, 5, 10, 12, 14, 15, 16, 17, 22, 24, 28, 30, 31, 33, 34, 35, 41, 42, 
  43, 47, 51, 52, 56, 57, 59, 63 ],
[ 1, 2, 4, 5, 10, 12, 14, 15, 16, 17, 22, 24, 27, 30, 31, 33, 34, 35, 41, 42, 
  44, 47, 50, 52, 56, 57, 60, 63 ],
[ 1, 2, 4, 5, 10, 12, 14, 15, 16, 17, 22, 23, 24, 30, 31, 33, 34, 35, 41, 42, 
  45, 47, 49, 52, 56, 57, 62, 63 ],
[ 1, 2, 4, 5, 10, 12, 14, 15, 16, 17, 20, 23, 24, 26, 28, 30, 31, 33, 35, 36, 
  39, 42, 51, 52, 55, 57, 59, 63 ],
[ 1, 2, 4, 5, 10, 12, 14, 15, 16, 17, 18, 20, 23, 24, 26, 30, 31, 33, 35, 36, 
  41, 42, 49, 52, 55, 59, 62, 63 ],
[ 1, 2, 4, 5, 10, 12, 14, 15, 16, 17, 18, 20, 22, 24, 28, 30, 31, 33, 35, 36, 
  43, 47, 51, 52, 55, 57, 59, 63 ],
[ 1, 2, 4, 5, 10, 12, 14, 15, 16, 17, 18, 20, 22, 24, 27, 30, 31, 33, 35, 36, 
  44, 47, 50, 52, 55, 57, 60, 63 ],
[ 1, 2, 4, 5, 10, 12, 14, 15, 16, 17, 18, 20, 22, 23, 24, 30, 31, 33, 35, 36, 
  45, 47, 49, 52, 55, 57, 62, 63 ],
[ 1, 2, 4, 5, 10, 12, 13, 14, 17, 20, 22, 24, 28, 30, 32, 33, 35, 36, 37, 39, 
  41, 43, 48, 50, 52, 54, 56, 60 ],
[ 1, 2, 4, 5, 10, 12, 13, 14, 16, 17, 22, 24, 27, 30, 31, 34, 36, 38, 41, 42, 
  44, 47, 50, 52, 54, 57, 60, 63 ],
[ 1, 2, 4, 5, 10, 12, 13, 14, 15, 16, 17, 22, 24, 27, 30, 31, 41, 42, 44, 47, 
  50, 52, 53, 54, 55, 56, 57, 60 ],
[ 1, 2, 4, 5, 10, 12, 13, 14, 15, 16, 17, 20, 22, 24, 27, 30, 31, 36, 39, 41, 
  44, 47, 50, 52, 54, 55, 60, 63 ],
[ 1, 2, 4, 5, 10, 11, 12, 14, 17, 20, 22, 23, 24, 30, 31, 33, 34, 36, 37, 38, 
  39, 41, 45, 47, 51, 54, 62, 63 ],
[ 1, 2, 4, 5, 10, 11, 12, 14, 17, 18, 20, 24, 26, 30, 31, 33, 34, 36, 37, 38, 
  41, 42, 43, 45, 51, 54, 62, 63 ],
[ 1, 2, 4, 5, 10, 11, 12, 14, 17, 18, 20, 23, 24, 26, 30, 31, 33, 36, 37, 38, 
  41, 42, 51, 53, 54, 55, 59, 62 ],
[ 1, 2, 4, 5, 10, 11, 12, 14, 17, 18, 20, 22, 23, 24, 30, 31, 33, 36, 37, 38, 
  45, 47, 51, 53, 54, 55, 57, 62 ],
[ 1, 2, 4, 5, 10, 11, 12, 14, 16, 17, 20, 23, 24, 30, 31, 33, 35, 36, 38, 39, 
  42, 45, 47, 51, 53, 55, 57, 62 ],
[ 1, 2, 4, 5, 10, 11, 12, 14, 16, 17, 20, 23, 24, 26, 30, 31, 33, 34, 35, 36, 
  39, 42, 51, 55, 56, 57, 59, 62 ],
[ 1, 2, 4, 5, 10, 11, 12, 14, 16, 17, 18, 20, 24, 30, 31, 33, 35, 36, 38, 41, 
  42, 43, 47, 51, 53, 55, 59, 62 ],
[ 1, 2, 4, 5, 10, 11, 12, 14, 16, 17, 18, 20, 23, 24, 26, 30, 31, 33, 35, 36, 
  41, 42, 51, 53, 56, 59, 62, 63 ],
[ 1, 2, 4, 5, 10, 11, 12, 14, 15, 16, 17, 20, 23, 24, 30, 31, 33, 34, 35, 39, 
  42, 45, 47, 51, 56, 57, 62, 63 ],
[ 1, 2, 4, 5, 10, 11, 12, 14, 15, 16, 17, 20, 21, 24, 26, 27, 28, 30, 33, 34, 
  38, 39, 40, 52, 53, 54, 60, 64 ],
[ 1, 2, 4, 5, 10, 11, 12, 14, 15, 16, 17, 18, 20, 24, 30, 31, 33, 34, 35, 41, 
  42, 43, 47, 51, 56, 59, 62, 63 ],
[ 1, 2, 4, 5, 10, 11, 12, 14, 15, 16, 17, 18, 20, 22, 24, 31, 32, 33, 35, 36, 
  43, 47, 49, 55, 57, 59, 62, 63 ],
[ 1, 2, 4, 5, 10, 11, 12, 14, 15, 16, 17, 18, 20, 22, 24, 27, 31, 32, 33, 35, 
  36, 47, 50, 55, 57, 58, 63, 64 ],
[ 1, 2, 4, 5, 10, 11, 12, 14, 15, 16, 17, 18, 20, 22, 23, 24, 28, 31, 32, 33, 
  35, 36, 45, 47, 51, 55, 57, 63 ],
[ 1, 2, 4, 5, 10, 11, 12, 13, 14, 16, 17, 20, 21, 24, 26, 27, 28, 30, 34, 35, 
  36, 39, 40, 52, 53, 56, 60, 64 ],
[ 1, 2, 4, 5, 10, 11, 12, 13, 14, 15, 16, 17, 20, 22, 24, 27, 31, 32, 36, 39, 
  41, 47, 50, 54, 55, 58, 63, 64 ],
[ 1, 2, 4, 5, 8, 10, 14, 17, 20, 22, 24, 26, 28, 29, 30, 33, 34, 36, 37, 38, 
  39, 41, 47, 50, 51, 52, 54, 63 ],
[ 1, 2, 4, 5, 8, 10, 14, 17, 20, 22, 24, 26, 28, 29, 30, 32, 33, 34, 36, 37, 
  39, 41, 47, 50, 54, 55, 56, 62 ],
[ 1, 2, 4, 5, 8, 10, 14, 17, 18, 20, 22, 24, 26, 29, 30, 32, 33, 34, 36, 37, 
  47, 49, 50, 51, 54, 55, 56, 57 ],
[ 1, 2, 4, 5, 8, 10, 14, 16, 17, 18, 20, 22, 24, 26, 29, 30, 33, 34, 35, 36, 
  47, 49, 50, 52, 55, 56, 57, 62 ],
[ 1, 2, 4, 5, 8, 10, 14, 15, 17, 20, 22, 24, 26, 28, 29, 30, 32, 33, 37, 38, 
  39, 41, 47, 50, 53, 54, 62, 63 ],
[ 1, 2, 4, 5, 8, 10, 14, 15, 17, 18, 20, 22, 24, 26, 29, 30, 32, 33, 37, 38, 
  47, 49, 50, 51, 53, 54, 57, 63 ],
[ 1, 2, 4, 5, 7, 10, 11, 12, 14, 16, 17, 20, 21, 22, 24, 25, 27, 28, 33, 36, 
  43, 44, 49, 54, 55, 56, 62, 63 ],
[ 1, 2, 4, 5, 7, 10, 11, 12, 13, 14, 15, 16, 17, 20, 21, 22, 24, 25, 27, 28, 
  35, 38, 43, 44, 49, 55, 62, 63 ],
[ 1, 2, 4, 5, 6, 10, 12, 14, 17, 18, 20, 24, 26, 28, 30, 31, 33, 34, 36, 37, 
  38, 39, 43, 45, 51, 52, 54, 63 ],
[ 1, 2, 4, 5, 6, 10, 12, 14, 17, 18, 20, 23, 24, 26, 28, 30, 31, 33, 36, 37, 
  38, 39, 51, 52, 53, 54, 55, 59 ],
[ 1, 2, 4, 5, 6, 10, 12, 14, 16, 17, 18, 20, 24, 28, 30, 31, 33, 35, 36, 38, 
  39, 43, 47, 51, 52, 53, 55, 59 ],
[ 1, 2, 4, 5, 6, 10, 12, 14, 16, 17, 18, 20, 24, 27, 30, 31, 33, 35, 36, 38, 
  39, 44, 47, 50, 52, 53, 55, 60 ],
[ 1, 2, 4, 5, 6, 10, 12, 14, 16, 17, 18, 20, 24, 27, 29, 30, 31, 32, 33, 36, 
  39, 44, 47, 53, 54, 55, 56, 60 ],
[ 1, 2, 4, 5, 6, 10, 12, 14, 16, 17, 18, 20, 24, 27, 28, 31, 33, 35, 36, 38, 
  39, 46, 47, 50, 51, 53, 55, 61 ],
[ 1, 2, 4, 5, 6, 10, 12, 14, 16, 17, 18, 20, 24, 25, 27, 31, 33, 35, 36, 38, 
  39, 47, 48, 49, 50, 53, 55, 62 ],
[ 1, 2, 4, 5, 6, 10, 12, 14, 16, 17, 18, 20, 23, 24, 30, 31, 33, 35, 36, 38, 
  39, 45, 47, 49, 52, 53, 55, 62 ],
[ 1, 2, 4, 5, 6, 10, 12, 14, 15, 17, 18, 20, 24, 27, 29, 30, 31, 32, 33, 35, 
  37, 39, 44, 47, 53, 56, 60, 63 ],
[ 1, 2, 4, 5, 6, 10, 12, 14, 15, 16, 17, 18, 20, 24, 28, 30, 31, 33, 34, 35, 
  39, 43, 47, 51, 52, 56, 59, 63 ],
[ 1, 2, 4, 5, 6, 10, 12, 14, 15, 16, 17, 18, 20, 24, 27, 30, 31, 33, 34, 35, 
  39, 44, 47, 50, 52, 56, 60, 63 ],
[ 1, 2, 4, 5, 6, 10, 12, 14, 15, 16, 17, 18, 20, 24, 27, 28, 31, 33, 34, 35, 
  39, 46, 47, 50, 51, 56, 61, 63 ],
[ 1, 2, 4, 5, 6, 10, 12, 14, 15, 16, 17, 18, 20, 24, 25, 27, 31, 33, 34, 35, 
  39, 47, 48, 49, 50, 56, 62, 63 ],
[ 1, 2, 4, 5, 6, 10, 12, 14, 15, 16, 17, 18, 20, 23, 24, 30, 31, 33, 34, 35, 
  39, 45, 47, 49, 52, 56, 62, 63 ],
[ 1, 2, 4, 5, 6, 10, 12, 13, 14, 16, 17, 18, 20, 24, 27, 30, 31, 34, 36, 38, 
  39, 44, 47, 50, 52, 54, 60, 63 ],
[ 1, 2, 4, 5, 6, 10, 12, 13, 14, 15, 16, 17, 18, 20, 24, 27, 30, 31, 39, 44, 
  47, 50, 52, 53, 54, 55, 56, 60 ],
[ 1, 2, 3, 10, 11, 12, 13, 14, 17, 18, 19, 20, 21, 24, 25, 28, 30, 31, 33, 
  36, 37, 41, 42, 49, 53, 54, 59, 60 ],
[ 1, 2, 3, 7, 10, 11, 12, 13, 14, 16, 17, 18, 20, 22, 24, 28, 30, 31, 33, 35, 
  36, 40, 46, 49, 53, 57, 59, 64 ],
[ 1, 2, 3, 7, 8, 10, 14, 15, 17, 20, 24, 26, 27, 28, 29, 30, 32, 33, 35, 39, 
  40, 42, 47, 49, 55, 56, 57, 63 ],
[ 1, 2, 3, 7, 8, 10, 12, 13, 14, 17, 20, 22, 24, 30, 31, 33, 34, 36, 38, 39, 
  40, 41, 45, 49, 52, 59, 62, 63 ],
[ 1, 2, 3, 7, 8, 10, 12, 13, 14, 17, 18, 20, 22, 24, 30, 31, 33, 36, 38, 40, 
  45, 49, 52, 53, 55, 57, 59, 62 ],
[ 1, 2, 3, 6, 10, 11, 12, 13, 14, 17, 19, 21, 22, 24, 25, 28, 30, 31, 33, 36, 
  37, 39, 49, 53, 54, 57, 59, 60 ],
[ 1, 2, 3, 6, 7, 10, 11, 12, 13, 14, 16, 17, 24, 28, 30, 31, 33, 35, 36, 39, 
  40, 41, 42, 46, 49, 53, 59, 64 ],
[ 1, 2, 3, 6, 7, 8, 10, 14, 15, 17, 18, 22, 24, 26, 27, 28, 29, 30, 32, 33, 
  35, 40, 41, 47, 49, 55, 56, 63 ],
[ 1, 2, 3, 5, 10, 14, 15, 17, 20, 21, 23, 24, 29, 30, 31, 32, 33, 34, 35, 37, 
  39, 41, 48, 51, 52, 54, 57, 58 ],
[ 1, 2, 3, 5, 10, 12, 14, 16, 17, 18, 20, 21, 29, 30, 32, 33, 34, 35, 39, 45, 
  47, 49, 52, 54, 56, 57, 60, 61 ],
[ 1, 2, 3, 5, 10, 12, 14, 16, 17, 18, 20, 21, 26, 29, 30, 32, 33, 35, 38, 39, 
  49, 52, 53, 54, 57, 59, 60, 61 ],
[ 1, 2, 3, 5, 10, 12, 14, 16, 17, 18, 20, 21, 26, 29, 30, 32, 33, 35, 36, 39, 
  48, 49, 52, 54, 55, 57, 59, 64 ],
[ 1, 2, 3, 5, 10, 12, 14, 16, 17, 18, 20, 21, 23, 24, 29, 30, 32, 33, 35, 38, 
  39, 48, 49, 52, 53, 54, 57, 64 ],
[ 1, 2, 3, 5, 10, 12, 14, 16, 17, 18, 20, 21, 23, 24, 29, 30, 32, 33, 35, 36, 
  39, 49, 52, 54, 55, 57, 60, 61 ],
[ 1, 2, 3, 5, 10, 12, 14, 15, 16, 17, 18, 20, 21, 29, 30, 32, 33, 35, 39, 45, 
  47, 48, 49, 52, 54, 57, 63, 64 ],
[ 1, 2, 3, 5, 10, 12, 13, 14, 17, 20, 21, 23, 29, 30, 32, 33, 34, 35, 37, 39, 
  41, 47, 48, 52, 56, 57, 62, 64 ],
[ 1, 2, 3, 5, 10, 12, 13, 14, 17, 20, 21, 23, 24, 29, 30, 32, 34, 35, 36, 37, 
  39, 41, 48, 52, 54, 57, 58, 62 ],
[ 1, 2, 3, 5, 10, 12, 13, 14, 17, 18, 20, 21, 23, 24, 29, 30, 32, 35, 37, 38, 
  39, 49, 52, 53, 54, 57, 60, 61 ],
[ 1, 2, 3, 5, 10, 12, 13, 14, 17, 18, 20, 21, 23, 24, 29, 30, 32, 35, 36, 37, 
  39, 48, 49, 52, 54, 55, 57, 64 ],
[ 1, 2, 3, 5, 10, 11, 14, 17, 21, 23, 24, 30, 31, 32, 35, 36, 38, 39, 41, 42, 
  45, 47, 50, 51, 53, 54, 55, 57 ],
[ 1, 2, 3, 5, 10, 11, 14, 15, 17, 21, 23, 24, 30, 31, 32, 34, 35, 39, 41, 42, 
  45, 47, 50, 51, 54, 56, 57, 63 ],
[ 1, 2, 3, 5, 10, 11, 13, 14, 17, 20, 21, 24, 25, 28, 30, 31, 32, 35, 37, 39, 
  41, 45, 50, 54, 55, 56, 57, 58 ],
[ 1, 2, 3, 5, 10, 11, 13, 14, 17, 20, 21, 23, 27, 28, 31, 32, 33, 35, 36, 37, 
  39, 41, 47, 48, 52, 55, 57, 64 ],
[ 1, 2, 3, 5, 10, 11, 13, 14, 16, 17, 20, 21, 24, 25, 28, 29, 30, 31, 35, 39, 
  41, 45, 52, 54, 56, 57, 58, 63 ],
[ 1, 2, 3, 5, 10, 11, 12, 14, 17, 21, 24, 25, 27, 29, 35, 36, 38, 39, 41, 42, 
  47, 48, 50, 53, 54, 55, 57, 62 ],
[ 1, 2, 3, 5, 10, 11, 12, 14, 17, 18, 20, 21, 24, 25, 27, 29, 35, 36, 38, 39, 
  47, 48, 50, 53, 54, 55, 57, 62 ],
[ 1, 2, 3, 5, 10, 11, 12, 14, 16, 17, 20, 24, 25, 27, 29, 30, 31, 33, 38, 39, 
  40, 41, 42, 43, 44, 53, 55, 63 ],
[ 1, 2, 3, 5, 10, 11, 12, 14, 15, 17, 20, 21, 23, 27, 30, 32, 33, 34, 35, 37, 
  39, 41, 47, 48, 54, 57, 62, 64 ],
[ 1, 2, 3, 5, 10, 11, 12, 13, 14, 17, 19, 20, 23, 24, 28, 30, 31, 33, 35, 37, 
  38, 39, 42, 44, 46, 57, 62, 63 ],
[ 1, 2, 3, 5, 10, 11, 12, 13, 14, 17, 18, 20, 24, 25, 27, 29, 30, 31, 34, 37, 
  40, 42, 43, 44, 55, 56, 57, 63 ],
[ 1, 2, 3, 5, 10, 11, 12, 13, 14, 17, 18, 19, 20, 24, 28, 30, 31, 33, 37, 38, 
  41, 42, 43, 46, 54, 55, 58, 62 ],
[ 1, 2, 3, 5, 10, 11, 12, 13, 14, 16, 17, 20, 21, 26, 27, 32, 33, 35, 36, 39, 
  41, 43, 49, 52, 57, 60, 61, 63 ],
[ 1, 2, 3, 5, 9, 10, 14, 17, 21, 25, 26, 27, 29, 31, 33, 34, 36, 38, 39, 41, 
  42, 47, 51, 52, 54, 55, 57, 61 ],
[ 1, 2, 3, 5, 9, 10, 14, 15, 17, 18, 20, 21, 24, 26, 27, 29, 31, 33, 34, 39, 
  48, 51, 52, 54, 55, 56, 57, 61 ],
[ 1, 2, 3, 5, 7, 10, 14, 17, 20, 22, 24, 28, 29, 30, 31, 34, 35, 36, 38, 41, 
  42, 43, 47, 51, 54, 59, 62, 63 ],
[ 1, 2, 3, 5, 7, 10, 14, 17, 20, 22, 24, 27, 29, 30, 31, 34, 35, 36, 38, 41, 
  42, 44, 47, 50, 54, 60, 62, 63 ],
[ 1, 2, 3, 5, 7, 10, 14, 17, 18, 20, 28, 29, 30, 31, 32, 33, 34, 35, 37, 38, 
  39, 41, 47, 52, 54, 59, 61, 64 ],
[ 1, 2, 3, 5, 7, 10, 14, 17, 18, 20, 26, 28, 29, 30, 31, 32, 33, 35, 37, 39, 
  41, 45, 52, 53, 54, 56, 61, 64 ],
[ 1, 2, 3, 5, 7, 10, 14, 17, 18, 20, 26, 28, 29, 30, 31, 32, 33, 35, 36, 37, 
  39, 41, 45, 52, 54, 61, 63, 64 ],
[ 1, 2, 3, 5, 7, 10, 14, 17, 18, 20, 24, 28, 29, 30, 31, 32, 33, 34, 35, 37, 
  38, 39, 41, 43, 52, 54, 61, 64 ],
[ 1, 2, 3, 5, 7, 10, 14, 15, 20, 21, 23, 24, 27, 28, 29, 30, 32, 33, 35, 39, 
  42, 45, 47, 49, 55, 56, 57, 63 ],
[ 1, 2, 3, 5, 7, 10, 14, 15, 18, 20, 21, 24, 27, 28, 29, 30, 32, 33, 35, 41, 
  42, 43, 47, 49, 55, 56, 59, 63 ],
[ 1, 2, 3, 5, 7, 10, 14, 15, 17, 21, 24, 25, 27, 28, 29, 30, 32, 33, 35, 39, 
  40, 47, 48, 49, 55, 56, 57, 63 ],
[ 1, 2, 3, 5, 7, 10, 14, 15, 17, 20, 22, 24, 28, 29, 30, 31, 35, 41, 42, 43, 
  47, 51, 53, 54, 55, 56, 59, 62 ],
[ 1, 2, 3, 5, 7, 10, 14, 15, 17, 20, 22, 24, 27, 29, 30, 31, 35, 41, 42, 44, 
  47, 50, 53, 54, 55, 56, 60, 62 ],
[ 1, 2, 3, 5, 7, 10, 14, 15, 17, 20, 21, 24, 27, 28, 29, 30, 32, 33, 35, 40, 
  42, 44, 47, 49, 55, 56, 60, 63 ],
[ 1, 2, 3, 5, 7, 10, 14, 15, 17, 18, 21, 24, 27, 28, 29, 30, 32, 33, 35, 40, 
  41, 46, 47, 49, 55, 56, 61, 63 ],
[ 1, 2, 3, 5, 7, 10, 14, 15, 17, 18, 20, 28, 29, 30, 31, 32, 33, 35, 37, 39, 
  41, 47, 52, 54, 55, 59, 61, 64 ],
[ 1, 2, 3, 5, 7, 10, 14, 15, 17, 18, 20, 24, 29, 30, 31, 32, 33, 34, 35, 37, 
  41, 43, 51, 52, 54, 57, 58, 61 ],
[ 1, 2, 3, 5, 7, 10, 14, 15, 17, 18, 20, 24, 28, 29, 30, 31, 32, 33, 35, 37, 
  39, 41, 43, 52, 54, 55, 61, 64 ],
[ 1, 2, 3, 5, 7, 10, 13, 14, 20, 21, 23, 24, 27, 28, 29, 30, 32, 36, 38, 39, 
  42, 45, 47, 49, 54, 55, 57, 63 ],
[ 1, 2, 3, 5, 7, 10, 13, 14, 18, 20, 21, 24, 27, 28, 29, 30, 32, 36, 38, 41, 
  42, 43, 47, 49, 54, 55, 59, 63 ],
[ 1, 2, 3, 5, 7, 10, 13, 14, 17, 20, 21, 24, 27, 28, 29, 30, 32, 36, 38, 40, 
  42, 44, 47, 49, 54, 55, 60, 63 ],
[ 1, 2, 3, 5, 7, 10, 13, 14, 17, 18, 21, 24, 27, 28, 29, 30, 32, 36, 38, 40, 
  41, 46, 47, 49, 54, 55, 61, 63 ],
[ 1, 2, 3, 5, 7, 10, 13, 14, 17, 18, 20, 29, 30, 31, 32, 33, 34, 37, 38, 41, 
  43, 47, 51, 52, 54, 57, 61, 64 ],
[ 1, 2, 3, 5, 7, 10, 12, 13, 14, 17, 18, 20, 24, 29, 30, 32, 34, 35, 36, 37, 
  41, 43, 52, 54, 57, 58, 61, 62 ],
[ 1, 2, 3, 5, 7, 10, 12, 13, 14, 17, 18, 20, 23, 26, 29, 30, 32, 33, 34, 35, 
  37, 41, 48, 52, 56, 57, 60, 62 ],
[ 1, 2, 3, 5, 7, 10, 11, 14, 17, 20, 21, 24, 27, 28, 29, 33, 35, 36, 38, 40, 
  42, 44, 47, 49, 52, 55, 60, 63 ],
[ 1, 2, 3, 5, 7, 10, 11, 14, 17, 18, 20, 29, 30, 31, 33, 35, 36, 37, 39, 41, 
  47, 48, 51, 52, 54, 59, 60, 63 ],
[ 1, 2, 3, 5, 7, 10, 11, 14, 17, 18, 20, 29, 30, 31, 33, 34, 35, 37, 38, 39, 
  41, 46, 47, 51, 52, 54, 58, 59 ],
[ 1, 2, 3, 5, 7, 10, 11, 14, 17, 18, 20, 24, 29, 30, 31, 33, 35, 36, 37, 39, 
  41, 43, 48, 51, 52, 54, 60, 63 ],
[ 1, 2, 3, 5, 7, 10, 11, 14, 17, 18, 20, 24, 29, 30, 31, 33, 34, 35, 37, 38, 
  39, 41, 43, 46, 51, 52, 54, 58 ],
[ 1, 2, 3, 5, 7, 10, 11, 14, 17, 18, 20, 24, 28, 29, 30, 31, 33, 35, 37, 38, 
  41, 46, 52, 54, 55, 57, 58, 59 ],
[ 1, 2, 3, 5, 7, 10, 11, 14, 16, 17, 18, 20, 24, 28, 30, 31, 32, 33, 35, 38, 
  41, 46, 50, 54, 57, 58, 59, 63 ],
[ 1, 2, 3, 5, 7, 10, 11, 14, 15, 17, 18, 20, 29, 30, 31, 33, 35, 37, 39, 41, 
  47, 51, 52, 54, 55, 59, 61, 64 ],
[ 1, 2, 3, 5, 7, 10, 11, 14, 15, 17, 18, 20, 24, 29, 30, 31, 33, 35, 37, 39, 
  41, 43, 51, 52, 54, 55, 61, 64 ],
[ 1, 2, 3, 5, 7, 10, 11, 13, 14, 17, 21, 24, 27, 28, 30, 31, 32, 33, 34, 36, 
  38, 39, 40, 45, 48, 57, 58, 63 ],
[ 1, 2, 3, 5, 7, 10, 11, 13, 14, 17, 18, 20, 24, 28, 30, 31, 32, 33, 35, 36, 
  37, 41, 43, 50, 55, 57, 58, 61 ],
[ 1, 2, 3, 5, 7, 10, 11, 13, 14, 15, 17, 20, 21, 24, 27, 28, 29, 40, 42, 44, 
  47, 49, 52, 54, 55, 56, 60, 63 ],
[ 1, 2, 3, 5, 7, 10, 11, 13, 14, 15, 17, 18, 20, 24, 28, 29, 30, 31, 33, 37, 
  41, 43, 52, 54, 55, 57, 58, 61 ],
[ 1, 2, 3, 5, 7, 10, 11, 12, 14, 15, 17, 18, 20, 23, 26, 27, 30, 32, 33, 34, 
  35, 37, 41, 48, 54, 57, 60, 62 ],
[ 1, 2, 3, 5, 7, 10, 11, 12, 13, 14, 17, 20, 21, 24, 27, 28, 33, 36, 38, 40, 
  42, 44, 48, 49, 53, 55, 59, 62 ],
[ 1, 2, 3, 5, 7, 10, 11, 12, 13, 14, 17, 20, 21, 24, 25, 27, 28, 33, 36, 38, 
  40, 42, 49, 53, 55, 59, 60, 62 ],
[ 1, 2, 3, 5, 7, 10, 11, 12, 13, 14, 17, 18, 20, 25, 26, 27, 30, 32, 33, 34, 
  37, 38, 41, 45, 54, 57, 60, 62 ],
[ 1, 2, 3, 5, 7, 10, 11, 12, 13, 14, 16, 17, 18, 20, 27, 32, 33, 35, 36, 41, 
  43, 47, 49, 52, 57, 61, 63, 64 ],
[ 1, 2, 3, 5, 7, 10, 11, 12, 13, 14, 16, 17, 18, 20, 24, 27, 32, 35, 41, 43, 
  49, 52, 54, 56, 57, 58, 61, 63 ],
[ 1, 2, 3, 5, 7, 9, 10, 13, 14, 20, 21, 24, 27, 28, 29, 30, 31, 33, 34, 36, 
  38, 39, 42, 45, 48, 57, 58, 63 ],
[ 1, 2, 3, 5, 7, 9, 10, 13, 14, 20, 21, 24, 25, 27, 28, 29, 30, 31, 33, 34, 
  36, 38, 39, 42, 45, 57, 63, 64 ],
[ 1, 2, 3, 5, 6, 10, 12, 14, 17, 20, 21, 27, 29, 32, 34, 37, 38, 39, 42, 45, 
  47, 48, 49, 50, 53, 54, 55, 64 ],
[ 1, 2, 3, 5, 6, 10, 12, 14, 17, 20, 21, 27, 29, 30, 34, 37, 38, 39, 42, 44, 
  45, 46, 47, 50, 51, 53, 54, 55 ],
[ 1, 2, 3, 5, 6, 10, 12, 14, 17, 20, 21, 27, 28, 29, 34, 37, 38, 39, 42, 45, 
  47, 50, 52, 53, 54, 55, 60, 61 ],
[ 1, 2, 3, 5, 6, 10, 12, 14, 17, 20, 21, 24, 27, 28, 29, 30, 34, 37, 38, 42, 
  44, 45, 46, 50, 54, 55, 57, 63 ],
[ 1, 2, 3, 5, 6, 10, 12, 14, 17, 20, 21, 24, 25, 27, 28, 29, 30, 34, 35, 37, 
  42, 44, 50, 55, 56, 57, 59, 63 ],
[ 1, 2, 3, 5, 6, 10, 12, 14, 17, 20, 21, 23, 27, 29, 33, 34, 37, 38, 42, 47, 
  50, 51, 52, 53, 55, 57, 60, 61 ],
[ 1, 2, 3, 5, 6, 10, 12, 14, 17, 20, 21, 23, 24, 27, 29, 32, 34, 37, 38, 39, 
  42, 48, 49, 50, 53, 54, 55, 64 ],
[ 1, 2, 3, 5, 6, 10, 12, 14, 17, 20, 21, 23, 24, 27, 29, 30, 34, 37, 38, 39, 
  42, 44, 46, 50, 51, 53, 54, 55 ],
[ 1, 2, 3, 5, 6, 10, 12, 14, 17, 20, 21, 23, 24, 27, 28, 29, 34, 37, 38, 39, 
  42, 50, 52, 53, 54, 55, 60, 61 ],
[ 1, 2, 3, 5, 6, 10, 12, 14, 17, 20, 21, 22, 23, 27, 29, 32, 33, 34, 37, 41, 
  47, 48, 50, 53, 56, 62, 63, 64 ],
[ 1, 2, 3, 5, 6, 10, 12, 14, 17, 20, 21, 22, 23, 24, 27, 29, 32, 34, 36, 37, 
  41, 48, 50, 53, 54, 58, 62, 63 ],
[ 1, 2, 3, 5, 6, 10, 12, 14, 17, 18, 20, 21, 22, 27, 29, 32, 34, 37, 45, 47, 
  48, 49, 50, 53, 54, 56, 63, 64 ],
[ 1, 2, 3, 5, 6, 10, 12, 14, 17, 18, 20, 21, 22, 27, 29, 30, 34, 37, 44, 45, 
  46, 47, 50, 51, 53, 54, 56, 63 ],
[ 1, 2, 3, 5, 6, 10, 12, 14, 17, 18, 20, 21, 22, 27, 28, 29, 36, 37, 45, 47, 
  50, 52, 53, 54, 55, 60, 61, 63 ],
[ 1, 2, 3, 5, 6, 10, 12, 14, 17, 18, 20, 21, 22, 27, 28, 29, 34, 37, 45, 47, 
  50, 52, 53, 54, 56, 60, 61, 63 ],
[ 1, 2, 3, 5, 6, 10, 12, 14, 17, 18, 20, 21, 22, 26, 27, 29, 32, 36, 37, 49, 
  50, 53, 54, 55, 59, 60, 61, 63 ],
[ 1, 2, 3, 5, 6, 10, 12, 14, 17, 18, 20, 21, 22, 23, 24, 27, 29, 32, 36, 37, 
  48, 49, 50, 53, 54, 55, 63, 64 ],
[ 1, 2, 3, 5, 6, 10, 12, 14, 17, 18, 20, 21, 22, 23, 24, 27, 29, 30, 36, 37, 
  50, 51, 53, 54, 55, 60, 61, 63 ],
[ 1, 2, 3, 5, 6, 10, 12, 14, 16, 17, 20, 21, 27, 29, 33, 34, 38, 42, 43, 47, 
  48, 50, 51, 52, 53, 57, 60, 63 ],
[ 1, 2, 3, 5, 6, 10, 12, 14, 16, 17, 20, 21, 27, 29, 32, 35, 36, 39, 42, 45, 
  47, 48, 49, 50, 53, 55, 63, 64 ],
[ 1, 2, 3, 5, 6, 10, 12, 14, 16, 17, 20, 21, 26, 27, 29, 30, 35, 36, 39, 42, 
  48, 50, 51, 53, 55, 59, 63, 64 ],
[ 1, 2, 3, 5, 6, 10, 12, 14, 16, 17, 20, 21, 26, 27, 28, 29, 35, 36, 39, 42, 
  48, 50, 52, 53, 55, 59, 63, 64 ],
[ 1, 2, 3, 5, 6, 10, 12, 14, 16, 17, 20, 21, 23, 24, 27, 29, 32, 35, 36, 39, 
  42, 48, 49, 50, 53, 55, 63, 64 ],
[ 1, 2, 3, 5, 6, 10, 12, 14, 16, 17, 20, 21, 22, 27, 29, 32, 33, 34, 41, 43, 
  47, 50, 53, 55, 56, 61, 62, 64 ],
[ 1, 2, 3, 5, 6, 10, 12, 14, 16, 17, 20, 21, 22, 24, 27, 29, 32, 34, 36, 41, 
  43, 50, 53, 54, 55, 58, 61, 62 ],
[ 1, 2, 3, 5, 6, 10, 12, 14, 16, 17, 18, 20, 21, 22, 23, 24, 27, 29, 32, 34, 
  35, 38, 48, 49, 50, 53, 55, 64 ],
[ 1, 2, 3, 5, 6, 10, 12, 14, 15, 17, 20, 21, 23, 24, 27, 29, 34, 37, 42, 44, 
  50, 51, 52, 53, 54, 55, 57, 61 ],
[ 1, 2, 3, 5, 6, 10, 12, 14, 15, 17, 20, 21, 23, 24, 27, 29, 30, 34, 37, 39, 
  42, 50, 51, 54, 55, 60, 61, 63 ],
[ 1, 2, 3, 5, 6, 10, 12, 14, 15, 17, 20, 21, 23, 24, 27, 28, 29, 34, 37, 39, 
  42, 50, 52, 54, 55, 60, 61, 63 ],
[ 1, 2, 3, 5, 6, 10, 12, 14, 15, 17, 20, 21, 23, 24, 27, 28, 29, 30, 33, 34, 
  37, 42, 44, 50, 55, 57, 61, 63 ],
[ 1, 2, 3, 5, 6, 10, 11, 12, 14, 16, 17, 20, 21, 22, 24, 27, 29, 34, 41, 46, 
  49, 50, 54, 55, 56, 58, 59, 63 ],
[ 1, 2, 3, 5, 6, 10, 11, 12, 14, 16, 17, 20, 21, 22, 24, 27, 29, 33, 34, 36, 
  41, 43, 49, 50, 55, 58, 61, 63 ],
[ 1, 2, 3, 5, 6, 10, 11, 12, 14, 16, 17, 20, 21, 22, 24, 25, 27, 29, 34, 35, 
  38, 41, 45, 49, 50, 55, 58, 63 ],
[ 1, 2, 3, 5, 6, 10, 11, 12, 13, 14, 15, 16, 17, 20, 21, 22, 23, 24, 27, 29, 
  34, 41, 48, 49, 50, 55, 58, 63 ],
[ 1, 2, 3, 5, 6, 9, 10, 14, 17, 20, 21, 24, 27, 29, 31, 32, 34, 35, 37, 42, 
  43, 44, 48, 49, 55, 56, 57, 63 ],
[ 1, 2, 3, 5, 6, 9, 10, 14, 16, 17, 20, 21, 23, 24, 27, 29, 31, 32, 35, 42, 
  44, 49, 53, 55, 56, 57, 61, 63 ],
[ 1, 2, 3, 5, 6, 9, 10, 14, 15, 17, 20, 21, 26, 27, 29, 31, 32, 33, 34, 37, 
  42, 43, 48, 49, 55, 57, 63, 64 ],
[ 1, 2, 3, 5, 6, 9, 10, 12, 14, 17, 20, 21, 27, 30, 34, 35, 36, 37, 42, 43, 
  47, 48, 50, 51, 53, 55, 57, 60 ],
[ 1, 2, 3, 5, 6, 9, 10, 12, 14, 17, 20, 21, 27, 30, 33, 34, 37, 38, 42, 45, 
  46, 47, 50, 51, 53, 55, 57, 60 ],
[ 1, 2, 3, 5, 6, 9, 10, 12, 14, 16, 17, 20, 21, 26, 27, 30, 34, 35, 36, 42, 
  43, 48, 50, 51, 53, 57, 63, 64 ],
[ 1, 2, 3, 4, 7, 10, 14, 15, 17, 19, 20, 24, 27, 28, 29, 30, 32, 33, 35, 40, 
  42, 46, 47, 49, 55, 56, 61, 63 ],
[ 1, 2, 3, 4, 7, 10, 13, 14, 17, 19, 20, 24, 27, 28, 29, 30, 32, 36, 38, 40, 
  42, 46, 47, 49, 54, 55, 61, 63 ],
[ 1, 2, 3, 4, 6, 10, 12, 14, 17, 19, 20, 21, 24, 27, 30, 32, 33, 36, 38, 40, 
  43, 48, 51, 52, 53, 54, 60, 63 ],
[ 1, 2, 3, 4, 6, 7, 10, 14, 15, 17, 19, 22, 24, 25, 27, 28, 29, 30, 32, 33, 
  35, 40, 47, 48, 49, 55, 56, 63 ],
[ 1, 2, 3, 4, 6, 7, 10, 12, 14, 16, 17, 22, 24, 25, 27, 30, 32, 35, 37, 39, 
  41, 43, 44, 51, 52, 53, 54, 55 ],
[ 1, 2, 3, 4, 6, 7, 10, 11, 13, 14, 17, 19, 22, 24, 27, 28, 30, 31, 32, 33, 
  34, 36, 38, 40, 45, 48, 58, 63 ],
[ 1, 2, 3, 4, 5, 10, 14, 17, 21, 24, 25, 28, 29, 30, 31, 34, 35, 36, 38, 40, 
  42, 47, 48, 51, 54, 57, 62, 63 ],
[ 1, 2, 3, 4, 5, 10, 14, 17, 20, 21, 26, 28, 29, 30, 31, 32, 34, 35, 37, 38, 
  39, 40, 45, 52, 53, 61, 63, 64 ],
[ 1, 2, 3, 4, 5, 10, 14, 17, 20, 21, 24, 28, 29, 30, 31, 32, 34, 35, 37, 38, 
  39, 40, 43, 48, 52, 53, 60, 63 ],
[ 1, 2, 3, 4, 5, 10, 14, 17, 20, 21, 24, 25, 28, 29, 30, 31, 34, 35, 36, 38, 
  39, 40, 47, 48, 51, 54, 62, 63 ],
[ 1, 2, 3, 4, 5, 10, 14, 17, 19, 21, 25, 26, 27, 31, 33, 34, 36, 38, 41, 42, 
  47, 49, 51, 52, 54, 55, 61, 62 ],
[ 1, 2, 3, 4, 5, 10, 14, 15, 17, 18, 19, 20, 21, 24, 26, 27, 31, 33, 34, 48, 
  49, 51, 52, 54, 55, 56, 61, 62 ],
[ 1, 2, 3, 4, 5, 10, 12, 14, 17, 20, 22, 24, 28, 30, 31, 34, 35, 36, 38, 39, 
  41, 43, 47, 51, 52, 54, 59, 63 ],
[ 1, 2, 3, 4, 5, 10, 12, 14, 17, 20, 22, 24, 28, 30, 31, 33, 35, 37, 39, 41, 
  43, 48, 51, 52, 53, 54, 56, 60 ],
[ 1, 2, 3, 4, 5, 10, 12, 14, 17, 20, 22, 24, 27, 30, 31, 34, 35, 37, 39, 41, 
  43, 48, 50, 52, 53, 55, 56, 60 ],
[ 1, 2, 3, 4, 5, 10, 12, 14, 17, 20, 22, 24, 27, 30, 31, 34, 35, 36, 38, 39, 
  41, 44, 47, 50, 52, 54, 60, 63 ],
[ 1, 2, 3, 4, 5, 10, 12, 14, 17, 20, 22, 24, 27, 28, 31, 34, 35, 36, 38, 39, 
  41, 46, 47, 50, 51, 54, 61, 63 ],
[ 1, 2, 3, 4, 5, 10, 12, 14, 17, 20, 22, 24, 25, 27, 31, 34, 35, 36, 38, 39, 
  41, 47, 48, 49, 50, 54, 62, 63 ],
[ 1, 2, 3, 4, 5, 10, 12, 14, 17, 20, 22, 23, 24, 30, 31, 34, 35, 36, 38, 39, 
  41, 45, 47, 49, 52, 54, 62, 63 ],
[ 1, 2, 3, 4, 5, 10, 12, 14, 17, 20, 21, 28, 30, 32, 34, 35, 37, 39, 40, 47, 
  48, 50, 52, 53, 55, 56, 59, 60 ],
[ 1, 2, 3, 4, 5, 10, 12, 14, 17, 20, 21, 26, 30, 32, 33, 34, 37, 38, 40, 43, 
  48, 50, 51, 52, 53, 55, 57, 64 ],
[ 1, 2, 3, 4, 5, 10, 12, 14, 17, 20, 21, 26, 28, 30, 32, 34, 35, 36, 37, 39, 
  40, 45, 50, 52, 55, 61, 63, 64 ],
[ 1, 2, 3, 4, 5, 10, 12, 14, 17, 20, 21, 24, 30, 32, 34, 35, 36, 37, 40, 43, 
  44, 48, 50, 51, 52, 53, 55, 57 ],
[ 1, 2, 3, 4, 5, 10, 12, 14, 17, 20, 21, 24, 28, 30, 32, 34, 35, 36, 37, 39, 
  40, 43, 48, 50, 52, 55, 60, 63 ],
[ 1, 2, 3, 4, 5, 10, 12, 14, 17, 20, 21, 23, 24, 27, 28, 30, 32, 34, 37, 38, 
  40, 44, 52, 54, 55, 57, 61, 63 ],
[ 1, 2, 3, 4, 5, 10, 12, 14, 17, 19, 20, 21, 23, 29, 30, 32, 33, 34, 37, 41, 
  47, 48, 52, 53, 56, 62, 63, 64 ],
[ 1, 2, 3, 4, 5, 10, 12, 14, 17, 18, 20, 22, 24, 27, 30, 31, 35, 36, 38, 44, 
  47, 50, 52, 53, 54, 55, 57, 60 ],
[ 1, 2, 3, 4, 5, 10, 12, 14, 17, 18, 20, 22, 24, 27, 28, 31, 35, 36, 38, 46, 
  47, 50, 51, 53, 54, 55, 57, 61 ],
[ 1, 2, 3, 4, 5, 10, 12, 14, 17, 18, 20, 22, 24, 25, 27, 31, 35, 36, 38, 47, 
  48, 49, 50, 53, 54, 55, 57, 62 ],
[ 1, 2, 3, 4, 5, 10, 12, 14, 16, 17, 20, 22, 24, 28, 30, 32, 33, 37, 39, 41, 
  43, 48, 50, 52, 53, 54, 60, 63 ],
[ 1, 2, 3, 4, 5, 10, 12, 14, 16, 17, 20, 22, 24, 27, 30, 31, 34, 38, 39, 41, 
  43, 48, 50, 52, 53, 54, 60, 63 ],
[ 1, 2, 3, 4, 5, 10, 12, 14, 16, 17, 20, 21, 24, 28, 30, 32, 34, 38, 39, 40, 
  43, 48, 50, 52, 53, 54, 60, 63 ],
[ 1, 2, 3, 4, 5, 10, 12, 14, 16, 17, 20, 21, 24, 27, 28, 30, 32, 38, 40, 43, 
  44, 48, 52, 53, 54, 55, 57, 63 ],
[ 1, 2, 3, 4, 5, 10, 12, 14, 16, 17, 20, 21, 23, 24, 30, 32, 34, 35, 36, 40, 
  44, 50, 51, 52, 53, 57, 61, 63 ],
[ 1, 2, 3, 4, 5, 10, 12, 14, 16, 17, 18, 20, 22, 23, 24, 30, 31, 33, 35, 38, 
  48, 49, 52, 53, 54, 57, 62, 64 ],
[ 1, 2, 3, 4, 5, 10, 12, 14, 15, 17, 20, 22, 24, 28, 30, 31, 35, 39, 41, 43, 
  47, 51, 52, 53, 54, 55, 56, 59 ],
[ 1, 2, 3, 4, 5, 10, 12, 14, 15, 17, 20, 22, 24, 27, 30, 31, 35, 39, 41, 44, 
  47, 50, 52, 53, 54, 55, 56, 60 ],
[ 1, 2, 3, 4, 5, 10, 12, 14, 15, 17, 20, 22, 23, 24, 30, 31, 35, 39, 41, 45, 
  47, 49, 52, 53, 54, 55, 56, 62 ],
[ 1, 2, 3, 4, 5, 10, 12, 14, 15, 17, 20, 21, 23, 27, 28, 30, 32, 33, 34, 37, 
  40, 47, 52, 55, 57, 60, 61, 63 ],
[ 1, 2, 3, 4, 5, 10, 12, 14, 15, 17, 18, 20, 22, 24, 27, 30, 31, 34, 35, 44, 
  47, 50, 52, 54, 56, 57, 60, 63 ],
[ 1, 2, 3, 4, 5, 10, 12, 14, 15, 16, 17, 20, 21, 27, 28, 30, 32, 33, 40, 43, 
  47, 48, 52, 53, 55, 57, 60, 63 ],
[ 1, 2, 3, 4, 5, 10, 11, 14, 17, 21, 24, 29, 30, 31, 32, 34, 35, 36, 38, 40, 
  42, 44, 47, 54, 57, 60, 62, 63 ],
[ 1, 2, 3, 4, 5, 10, 11, 14, 17, 20, 21, 25, 29, 30, 31, 34, 35, 37, 38, 39, 
  40, 44, 47, 51, 52, 53, 59, 63 ],
[ 1, 2, 3, 4, 5, 10, 11, 14, 16, 17, 20, 21, 24, 25, 29, 30, 31, 34, 39, 40, 
  43, 44, 51, 52, 53, 54, 55, 56 ],
[ 1, 2, 3, 4, 5, 10, 11, 14, 15, 17, 21, 24, 29, 30, 31, 32, 35, 40, 42, 44, 
  47, 53, 54, 55, 56, 57, 60, 62 ],
[ 1, 2, 3, 4, 5, 7, 10, 14, 17, 20, 23, 30, 31, 32, 33, 34, 37, 38, 40, 41, 
  47, 50, 52, 53, 55, 60, 61, 62 ],
[ 1, 2, 3, 4, 5, 7, 10, 14, 17, 20, 23, 24, 27, 30, 31, 32, 34, 37, 38, 40, 
  41, 44, 49, 52, 54, 55, 61, 63 ],
[ 1, 2, 3, 4, 5, 7, 10, 14, 17, 19, 20, 28, 29, 30, 31, 32, 34, 35, 37, 38, 
  39, 47, 52, 53, 59, 61, 63, 64 ],
[ 1, 2, 3, 4, 5, 7, 10, 14, 17, 19, 20, 26, 29, 30, 31, 32, 33, 34, 37, 43, 
  51, 52, 53, 56, 57, 60, 61, 63 ],
[ 1, 2, 3, 4, 5, 7, 10, 14, 17, 19, 20, 24, 28, 29, 30, 31, 32, 34, 35, 37, 
  38, 39, 43, 52, 53, 61, 63, 64 ],
[ 1, 2, 3, 4, 5, 7, 10, 14, 16, 17, 20, 24, 27, 30, 31, 32, 38, 40, 41, 43, 
  44, 48, 49, 52, 53, 54, 55, 63 ],
[ 1, 2, 3, 4, 5, 7, 10, 14, 16, 17, 19, 20, 26, 28, 29, 30, 31, 32, 34, 36, 
  39, 45, 48, 52, 54, 55, 60, 63 ],
[ 1, 2, 3, 4, 5, 7, 10, 14, 15, 17, 20, 23, 27, 30, 31, 32, 33, 34, 37, 40, 
  41, 47, 49, 52, 55, 60, 61, 63 ],
[ 1, 2, 3, 4, 5, 7, 10, 14, 15, 17, 20, 23, 24, 30, 31, 32, 34, 37, 40, 41, 
  44, 50, 52, 53, 54, 55, 61, 62 ],
[ 1, 2, 3, 4, 5, 7, 10, 14, 15, 17, 19, 20, 24, 28, 29, 30, 31, 32, 35, 37, 
  39, 43, 52, 53, 55, 61, 63, 64 ],
[ 1, 2, 3, 4, 5, 7, 10, 12, 14, 17, 19, 20, 28, 30, 32, 34, 35, 36, 37, 39, 
  47, 50, 52, 55, 59, 61, 63, 64 ],
[ 1, 2, 3, 4, 5, 7, 10, 12, 14, 17, 19, 20, 26, 28, 30, 32, 34, 35, 37, 39, 
  45, 48, 50, 52, 53, 55, 56, 60 ],
[ 1, 2, 3, 4, 5, 7, 10, 12, 14, 17, 19, 20, 24, 28, 30, 32, 34, 35, 36, 37, 
  39, 43, 50, 52, 55, 61, 63, 64 ],
[ 1, 2, 3, 4, 5, 7, 10, 12, 14, 16, 17, 19, 20, 24, 28, 30, 32, 34, 38, 39, 
  43, 50, 52, 53, 54, 61, 63, 64 ],
[ 1, 2, 3, 4, 5, 7, 10, 11, 14, 17, 20, 27, 30, 31, 34, 35, 36, 37, 40, 41, 
  43, 47, 48, 52, 53, 55, 60, 62 ],
[ 1, 2, 3, 4, 5, 7, 10, 11, 14, 17, 20, 27, 30, 31, 33, 34, 37, 38, 40, 41, 
  45, 46, 47, 52, 53, 55, 60, 62 ],
[ 1, 2, 3, 4, 5, 7, 10, 11, 14, 17, 20, 24, 30, 31, 34, 37, 38, 40, 41, 44, 
  45, 46, 49, 50, 52, 54, 55, 63 ],
[ 1, 2, 3, 4, 5, 7, 10, 11, 14, 17, 20, 24, 25, 30, 31, 34, 35, 37, 40, 41, 
  44, 49, 50, 52, 55, 56, 59, 63 ],
[ 1, 2, 3, 4, 5, 7, 10, 11, 14, 17, 19, 20, 29, 30, 31, 34, 35, 37, 38, 39, 
  46, 47, 51, 52, 53, 58, 59, 63 ],
[ 1, 2, 3, 4, 5, 7, 10, 11, 14, 17, 19, 20, 24, 29, 30, 31, 34, 35, 37, 38, 
  39, 43, 46, 51, 52, 53, 58, 63 ],
[ 1, 2, 3, 4, 5, 7, 10, 11, 14, 16, 17, 20, 26, 27, 30, 31, 34, 35, 36, 40, 
  41, 43, 48, 52, 53, 62, 63, 64 ],
[ 1, 2, 3, 4, 5, 7, 10, 11, 14, 16, 17, 19, 20, 26, 29, 30, 31, 34, 36, 39, 
  45, 48, 51, 52, 54, 55, 60, 63 ],
[ 1, 2, 3, 4, 5, 7, 10, 11, 14, 15, 17, 20, 23, 24, 30, 31, 33, 34, 37, 40, 
  41, 44, 49, 50, 52, 55, 61, 63 ],
[ 1, 2, 3, 4, 5, 7, 10, 11, 14, 15, 17, 19, 20, 24, 29, 30, 31, 35, 37, 39, 
  43, 51, 52, 53, 55, 61, 63, 64 ]
];

