## Group: [64, 260]
## Difference Sets: 30
## Time: 25:51:42.956

return [
[ 1, 3, 4, 5, 6, 7, 11, 15, 18, 20, 22, 23, 25, 28, 30, 31, 32, 36, 38, 39, 
  41, 43, 45, 47, 50, 54, 63, 64 ],
[ 1, 3, 4, 5, 6, 7, 11, 15, 18, 20, 22, 23, 25, 28, 30, 31, 32, 36, 37, 39, 
  40, 43, 45, 48, 51, 54, 63, 64 ],
[ 1, 3, 4, 5, 6, 7, 11, 15, 18, 20, 22, 23, 25, 26, 28, 29, 30, 31, 32, 36, 
  39, 43, 45, 54, 56, 57, 63, 64 ],
[ 1, 3, 4, 5, 6, 7, 11, 15, 17, 18, 20, 22, 25, 26, 28, 29, 30, 32, 36, 37, 
  43, 44, 52, 54, 57, 59, 60, 63 ],
[ 1, 3, 4, 5, 6, 7, 11, 15, 17, 18, 20, 22, 25, 26, 28, 29, 30, 31, 32, 36, 
  40, 43, 44, 54, 56, 60, 63, 64 ],
[ 1, 3, 4, 5, 6, 7, 11, 15, 17, 18, 19, 20, 22, 23, 25, 28, 30, 31, 32, 36, 
  38, 47, 50, 54, 58, 60, 63, 64 ],
[ 1, 3, 4, 5, 6, 7, 11, 15, 16, 18, 19, 20, 22, 23, 25, 28, 30, 31, 32, 36, 
  39, 43, 45, 54, 61, 62, 63, 64 ],
[ 1, 3, 4, 5, 6, 7, 11, 15, 16, 17, 18, 20, 22, 25, 28, 30, 31, 32, 36, 41, 
  43, 44, 45, 54, 59, 61, 62, 63 ],
[ 1, 3, 4, 5, 6, 7, 11, 12, 15, 18, 20, 22, 23, 25, 28, 30, 36, 37, 39, 40, 
  43, 48, 51, 52, 54, 59, 60, 63 ],
[ 1, 3, 4, 5, 6, 7, 11, 12, 15, 18, 20, 22, 23, 25, 26, 28, 29, 30, 36, 39, 
  43, 52, 54, 56, 57, 59, 60, 63 ],
[ 1, 3, 4, 5, 6, 7, 11, 12, 15, 17, 18, 20, 22, 25, 28, 30, 36, 37, 43, 44, 
  45, 48, 51, 52, 54, 57, 59, 63 ],
[ 1, 3, 4, 5, 6, 7, 11, 12, 15, 17, 18, 20, 22, 25, 28, 30, 31, 36, 40, 43, 
  44, 45, 48, 51, 54, 56, 63, 64 ],
[ 1, 2, 8, 9, 10, 11, 12, 15, 18, 20, 22, 25, 28, 30, 32, 33, 34, 35, 36, 37, 
  38, 39, 40, 41, 42, 54, 59, 64 ],
[ 1, 2, 8, 9, 10, 11, 12, 15, 18, 19, 20, 21, 22, 25, 28, 30, 32, 33, 34, 36, 
  38, 39, 40, 54, 55, 56, 59, 64 ],
[ 1, 2, 8, 9, 10, 11, 12, 15, 16, 17, 18, 20, 21, 22, 25, 28, 30, 32, 34, 36, 
  37, 40, 41, 53, 55, 59, 63, 64 ],
[ 1, 2, 8, 9, 10, 11, 12, 14, 15, 17, 18, 20, 22, 25, 28, 30, 32, 33, 34, 35, 
  38, 41, 42, 54, 56, 57, 59, 64 ],
[ 1, 2, 6, 11, 12, 13, 14, 15, 16, 18, 19, 20, 21, 25, 28, 30, 32, 33, 34, 
  36, 40, 43, 48, 51, 52, 57, 59, 63 ],
[ 1, 2, 6, 9, 10, 11, 12, 13, 14, 15, 16, 18, 19, 20, 21, 25, 29, 31, 32, 33, 
  34, 36, 40, 43, 48, 57, 59, 63 ],
[ 1, 2, 6, 7, 11, 14, 15, 17, 18, 20, 22, 25, 26, 28, 29, 30, 31, 33, 36, 38, 
  39, 41, 42, 43, 45, 54, 60, 64 ],
[ 1, 2, 6, 7, 9, 11, 14, 15, 17, 18, 20, 22, 25, 26, 30, 31, 33, 36, 38, 39, 
  41, 42, 45, 51, 54, 58, 59, 60 ],
[ 1, 2, 6, 7, 8, 9, 11, 15, 17, 18, 20, 22, 25, 28, 30, 31, 33, 36, 37, 38, 
  41, 42, 45, 54, 57, 58, 59, 60 ],
[ 1, 2, 3, 6, 7, 11, 15, 18, 20, 21, 22, 23, 24, 27, 28, 30, 32, 34, 38, 39, 
  40, 41, 45, 46, 54, 56, 59, 64 ],
[ 1, 2, 3, 6, 7, 11, 15, 17, 18, 19, 20, 22, 23, 24, 28, 30, 32, 34, 37, 38, 
  40, 42, 46, 49, 54, 59, 60, 64 ],
[ 1, 2, 3, 6, 7, 11, 15, 16, 18, 19, 20, 22, 23, 24, 27, 28, 30, 32, 34, 39, 
  40, 42, 45, 46, 56, 59, 63, 64 ],
[ 1, 2, 3, 6, 7, 10, 11, 15, 18, 20, 22, 25, 28, 29, 30, 33, 37, 39, 40, 41, 
  42, 43, 44, 45, 48, 56, 59, 63 ],
[ 1, 2, 3, 6, 7, 10, 11, 15, 17, 18, 19, 20, 22, 23, 24, 27, 28, 32, 34, 38, 
  40, 42, 46, 56, 59, 60, 63, 64 ],
[ 1, 2, 3, 4, 6, 11, 15, 16, 17, 18, 20, 22, 25, 28, 30, 31, 32, 33, 35, 36, 
  37, 42, 50, 51, 55, 58, 59, 64 ],
[ 1, 2, 3, 4, 6, 11, 15, 16, 17, 18, 20, 21, 22, 25, 29, 30, 32, 34, 36, 37, 
  43, 49, 51, 52, 54, 55, 59, 64 ],
[ 1, 2, 3, 4, 6, 11, 12, 15, 18, 20, 22, 24, 28, 30, 32, 35, 36, 37, 38, 40, 
  42, 43, 44, 49, 50, 55, 59, 63 ],
[ 1, 2, 3, 4, 6, 11, 12, 15, 17, 18, 20, 21, 25, 28, 30, 32, 35, 36, 37, 43, 
  48, 51, 52, 53, 54, 55, 57, 59 ]
];

