## Group: [64, 29]
## Difference Sets: 284
## Time:  0:11:44.714

return [
[ 1, 4, 5, 7, 12, 14, 15, 19, 21, 22, 25, 26, 27, 28, 29, 31, 32, 34, 36, 37, 
  39, 41, 43, 45, 47, 56, 57, 60 ],
[ 1, 4, 5, 7, 12, 14, 15, 19, 21, 22, 24, 26, 27, 28, 29, 31, 32, 34, 36, 37, 
  39, 41, 44, 45, 48, 56, 57, 59 ],
[ 1, 4, 5, 7, 11, 12, 14, 15, 19, 21, 22, 26, 27, 29, 31, 34, 36, 37, 39, 41, 
  43, 44, 45, 47, 48, 51, 56, 57 ],
[ 1, 4, 5, 7, 11, 12, 14, 15, 19, 21, 22, 24, 25, 26, 27, 29, 31, 34, 36, 37, 
  39, 41, 45, 51, 56, 57, 59, 60 ],
[ 1, 4, 5, 7, 9, 12, 14, 19, 21, 22, 23, 24, 25, 26, 28, 31, 32, 36, 37, 38, 
  39, 41, 43, 50, 55, 56, 57, 60 ],
[ 1, 4, 5, 7, 9, 12, 14, 19, 21, 22, 23, 24, 25, 26, 27, 31, 32, 36, 37, 38, 
  39, 41, 44, 51, 55, 56, 57, 59 ],
[ 1, 4, 5, 7, 9, 12, 14, 15, 19, 21, 22, 23, 25, 26, 28, 31, 32, 34, 36, 37, 
  39, 41, 47, 50, 56, 57, 59, 60 ],
[ 1, 4, 5, 7, 9, 12, 14, 15, 19, 21, 22, 23, 24, 26, 27, 31, 32, 34, 36, 37, 
  39, 41, 48, 51, 56, 57, 59, 60 ],
[ 1, 4, 5, 7, 9, 10, 12, 14, 19, 21, 22, 23, 25, 26, 32, 36, 37, 38, 39, 41, 
  43, 44, 47, 50, 51, 55, 56, 57 ],
[ 1, 4, 5, 7, 9, 10, 12, 14, 15, 19, 21, 22, 23, 26, 32, 34, 36, 37, 39, 41, 
  43, 47, 48, 50, 51, 56, 57, 60 ],
[ 1, 3, 7, 10, 12, 15, 16, 17, 18, 21, 22, 25, 26, 27, 29, 31, 32, 33, 36, 
  37, 39, 44, 45, 50, 51, 55, 56, 57 ],
[ 1, 3, 7, 10, 12, 15, 16, 17, 18, 20, 21, 22, 25, 26, 27, 29, 31, 32, 33, 
  37, 42, 44, 45, 50, 51, 53, 55, 63 ],
[ 1, 3, 7, 10, 12, 14, 16, 17, 18, 22, 25, 26, 27, 29, 31, 32, 34, 36, 37, 
  38, 39, 40, 42, 44, 45, 50, 51, 63 ],
[ 1, 3, 7, 10, 12, 14, 16, 17, 18, 20, 22, 25, 26, 27, 29, 31, 32, 34, 37, 
  38, 40, 44, 45, 50, 51, 53, 56, 57 ],
[ 1, 3, 7, 10, 11, 12, 15, 16, 17, 18, 21, 22, 26, 27, 28, 29, 31, 33, 36, 
  37, 39, 45, 48, 50, 55, 56, 57, 60 ],
[ 1, 3, 7, 10, 11, 12, 15, 16, 17, 18, 20, 21, 22, 26, 27, 28, 29, 31, 33, 
  37, 42, 45, 48, 50, 53, 55, 60, 63 ],
[ 1, 3, 7, 10, 11, 12, 14, 16, 17, 18, 22, 26, 27, 28, 29, 31, 34, 36, 37, 
  38, 39, 40, 42, 45, 48, 50, 60, 63 ],
[ 1, 3, 7, 10, 11, 12, 14, 16, 17, 18, 20, 22, 26, 27, 28, 29, 31, 34, 37, 
  38, 40, 45, 48, 50, 53, 56, 57, 60 ],
[ 1, 3, 7, 9, 10, 12, 15, 16, 21, 22, 23, 25, 26, 27, 28, 31, 32, 34, 36, 37, 
  39, 40, 41, 50, 54, 56, 57, 60 ],
[ 1, 3, 7, 9, 10, 12, 15, 16, 20, 21, 22, 23, 25, 26, 27, 28, 31, 32, 34, 37, 
  40, 41, 42, 50, 53, 54, 60, 63 ],
[ 1, 3, 7, 9, 10, 12, 14, 16, 17, 22, 23, 25, 26, 27, 28, 31, 32, 36, 37, 38, 
  40, 41, 42, 50, 53, 55, 57, 60 ],
[ 1, 3, 7, 9, 10, 11, 12, 15, 16, 21, 22, 23, 26, 27, 31, 34, 36, 37, 39, 40, 
  41, 44, 48, 50, 51, 54, 56, 57 ],
[ 1, 3, 7, 9, 10, 11, 12, 15, 16, 20, 21, 22, 23, 26, 27, 31, 34, 37, 40, 41, 
  42, 44, 48, 50, 51, 53, 54, 63 ],
[ 1, 3, 7, 9, 10, 11, 12, 14, 16, 17, 22, 23, 26, 27, 31, 36, 37, 38, 40, 41, 
  42, 44, 48, 50, 51, 53, 55, 57 ],
[ 1, 3, 6, 7, 12, 14, 16, 18, 20, 21, 22, 25, 26, 27, 28, 29, 31, 32, 33, 40, 
  41, 42, 43, 45, 47, 53, 60, 63 ],
[ 1, 3, 6, 7, 12, 14, 16, 18, 20, 21, 22, 24, 26, 27, 28, 29, 31, 32, 33, 40, 
  41, 42, 44, 45, 48, 53, 59, 63 ],
[ 1, 3, 6, 7, 11, 12, 14, 16, 18, 20, 21, 22, 26, 27, 29, 31, 33, 40, 41, 42, 
  43, 44, 45, 47, 48, 51, 53, 63 ],
[ 1, 3, 6, 7, 11, 12, 14, 16, 18, 20, 21, 22, 24, 25, 26, 27, 29, 31, 33, 40, 
  41, 42, 45, 51, 53, 59, 60, 63 ],
[ 1, 3, 6, 7, 10, 12, 16, 17, 21, 25, 26, 27, 29, 31, 32, 33, 34, 36, 37, 38, 
  39, 41, 44, 45, 50, 51, 56, 57 ],
[ 1, 3, 6, 7, 10, 12, 16, 17, 21, 22, 25, 26, 27, 29, 31, 32, 33, 34, 36, 37, 
  39, 42, 44, 45, 50, 51, 55, 63 ],
[ 1, 3, 6, 7, 10, 12, 16, 17, 20, 21, 25, 26, 27, 29, 31, 32, 33, 34, 37, 38, 
  41, 42, 44, 45, 50, 51, 53, 63 ],
[ 1, 3, 6, 7, 10, 12, 14, 16, 17, 21, 22, 25, 26, 27, 29, 31, 32, 34, 39, 42, 
  44, 45, 50, 51, 53, 54, 55, 56 ],
[ 1, 3, 6, 7, 10, 12, 13, 16, 17, 21, 22, 25, 26, 29, 31, 32, 33, 35, 36, 37, 
  39, 42, 44, 45, 49, 51, 62, 63 ],
[ 1, 3, 6, 7, 10, 12, 13, 16, 17, 20, 21, 22, 25, 26, 29, 31, 32, 33, 35, 37, 
  44, 45, 49, 51, 53, 56, 57, 62 ],
[ 1, 3, 6, 7, 10, 11, 12, 16, 17, 21, 26, 27, 28, 29, 31, 33, 34, 36, 37, 38, 
  39, 41, 45, 48, 50, 56, 57, 60 ],
[ 1, 3, 6, 7, 10, 11, 12, 16, 17, 21, 22, 26, 27, 28, 29, 31, 33, 34, 36, 37, 
  39, 42, 45, 48, 50, 55, 60, 63 ],
[ 1, 3, 6, 7, 10, 11, 12, 16, 17, 20, 21, 26, 27, 28, 29, 31, 33, 34, 37, 38, 
  41, 42, 45, 48, 50, 53, 60, 63 ],
[ 1, 3, 6, 7, 10, 11, 12, 14, 16, 17, 21, 22, 26, 27, 28, 29, 31, 34, 39, 42, 
  45, 48, 50, 53, 54, 55, 56, 60 ],
[ 1, 3, 6, 7, 9, 12, 16, 18, 20, 21, 22, 23, 24, 25, 26, 28, 31, 32, 37, 40, 
  41, 42, 43, 50, 53, 54, 60, 63 ],
[ 1, 3, 6, 7, 9, 12, 16, 18, 20, 21, 22, 23, 24, 25, 26, 27, 31, 32, 37, 40, 
  41, 42, 44, 51, 53, 54, 59, 63 ],
[ 1, 3, 6, 7, 9, 12, 14, 16, 18, 20, 21, 22, 23, 25, 26, 28, 31, 32, 33, 40, 
  41, 42, 47, 50, 53, 59, 60, 63 ],
[ 1, 3, 6, 7, 9, 12, 14, 16, 18, 20, 21, 22, 23, 24, 26, 27, 31, 32, 33, 40, 
  41, 42, 48, 51, 53, 59, 60, 63 ],
[ 1, 3, 6, 7, 9, 11, 12, 16, 18, 20, 21, 22, 23, 24, 26, 31, 37, 40, 41, 42, 
  43, 44, 48, 50, 51, 53, 54, 63 ],
[ 1, 3, 6, 7, 9, 11, 12, 14, 16, 18, 20, 21, 22, 23, 26, 31, 33, 40, 41, 42, 
  44, 47, 48, 50, 51, 53, 59, 63 ],
[ 1, 3, 6, 7, 9, 10, 12, 16, 21, 22, 23, 25, 26, 27, 28, 31, 32, 34, 36, 37, 
  40, 42, 50, 53, 54, 55, 57, 60 ],
[ 1, 3, 6, 7, 9, 10, 12, 16, 18, 20, 21, 22, 23, 25, 26, 32, 37, 40, 41, 42, 
  43, 44, 47, 50, 51, 53, 54, 63 ],
[ 1, 3, 6, 7, 9, 10, 12, 14, 16, 21, 22, 23, 25, 26, 27, 28, 31, 32, 33, 34, 
  40, 42, 50, 55, 56, 57, 60, 63 ],
[ 1, 3, 6, 7, 9, 10, 12, 14, 16, 18, 20, 21, 22, 23, 26, 32, 33, 40, 41, 42, 
  43, 47, 48, 50, 51, 53, 60, 63 ],
[ 1, 3, 6, 7, 9, 10, 12, 13, 16, 21, 22, 23, 25, 26, 28, 31, 32, 35, 36, 37, 
  40, 42, 49, 53, 54, 57, 60, 62 ],
[ 1, 3, 6, 7, 9, 10, 12, 13, 16, 20, 21, 22, 23, 25, 26, 28, 31, 32, 35, 37, 
  39, 40, 49, 54, 56, 60, 62, 63 ],
[ 1, 3, 6, 7, 9, 10, 11, 12, 16, 21, 22, 23, 26, 27, 31, 34, 36, 37, 40, 42, 
  44, 48, 50, 51, 53, 54, 55, 57 ],
[ 1, 3, 6, 7, 9, 10, 11, 12, 14, 16, 21, 22, 23, 26, 27, 31, 33, 34, 40, 42, 
  44, 48, 50, 51, 55, 56, 57, 63 ],
[ 1, 3, 5, 7, 10, 12, 16, 18, 21, 22, 25, 26, 27, 29, 31, 32, 33, 34, 36, 38, 
  39, 42, 44, 45, 50, 51, 54, 63 ],
[ 1, 3, 5, 7, 10, 12, 16, 18, 20, 21, 22, 25, 26, 27, 29, 31, 32, 33, 34, 38, 
  44, 45, 50, 51, 53, 54, 56, 57 ],
[ 1, 3, 5, 7, 10, 11, 12, 16, 18, 21, 22, 26, 27, 28, 29, 31, 33, 34, 36, 38, 
  39, 42, 45, 48, 50, 54, 60, 63 ],
[ 1, 3, 5, 7, 10, 11, 12, 16, 18, 20, 21, 22, 26, 27, 28, 29, 31, 33, 34, 38, 
  45, 48, 50, 53, 54, 56, 57, 60 ],
[ 1, 3, 5, 7, 9, 10, 12, 16, 21, 22, 23, 25, 26, 27, 28, 31, 32, 33, 36, 38, 
  41, 42, 50, 53, 54, 55, 57, 60 ],
[ 1, 3, 5, 7, 9, 10, 11, 12, 16, 21, 22, 23, 26, 27, 31, 33, 36, 38, 41, 42, 
  44, 48, 50, 51, 53, 54, 55, 57 ],
[ 1, 3, 5, 6, 7, 12, 16, 18, 21, 22, 25, 26, 27, 28, 29, 31, 32, 33, 36, 41, 
  42, 43, 45, 47, 53, 54, 57, 60 ],
[ 1, 3, 5, 6, 7, 12, 16, 18, 21, 22, 24, 26, 27, 28, 29, 31, 32, 33, 36, 41, 
  42, 44, 45, 48, 53, 54, 57, 59 ],
[ 1, 3, 5, 6, 7, 12, 16, 17, 21, 22, 25, 26, 27, 28, 29, 31, 32, 34, 36, 40, 
  42, 43, 45, 47, 53, 55, 57, 60 ],
[ 1, 3, 5, 6, 7, 12, 16, 17, 21, 22, 24, 26, 27, 28, 29, 31, 32, 34, 36, 40, 
  42, 44, 45, 48, 53, 55, 57, 59 ],
[ 1, 3, 5, 6, 7, 11, 12, 16, 18, 21, 22, 26, 27, 29, 31, 33, 36, 41, 42, 43, 
  44, 45, 47, 48, 51, 53, 54, 57 ],
[ 1, 3, 5, 6, 7, 11, 12, 16, 18, 21, 22, 24, 25, 26, 27, 29, 31, 33, 36, 41, 
  42, 45, 51, 53, 54, 57, 59, 60 ],
[ 1, 3, 5, 6, 7, 11, 12, 16, 17, 21, 22, 26, 27, 29, 31, 34, 36, 40, 42, 43, 
  44, 45, 47, 48, 51, 53, 55, 57 ],
[ 1, 3, 5, 6, 7, 11, 12, 16, 17, 21, 22, 24, 25, 26, 27, 29, 31, 34, 36, 40, 
  42, 45, 51, 53, 55, 57, 59, 60 ],
[ 1, 3, 5, 6, 7, 9, 12, 16, 18, 21, 22, 23, 25, 26, 28, 31, 32, 33, 36, 41, 
  42, 47, 50, 53, 54, 57, 59, 60 ],
[ 1, 3, 5, 6, 7, 9, 12, 16, 18, 21, 22, 23, 24, 26, 27, 31, 32, 33, 36, 41, 
  42, 48, 51, 53, 54, 57, 59, 60 ],
[ 1, 3, 5, 6, 7, 9, 12, 16, 18, 21, 22, 23, 24, 25, 26, 28, 31, 32, 33, 41, 
  42, 43, 50, 54, 56, 57, 60, 63 ],
[ 1, 3, 5, 6, 7, 9, 12, 16, 18, 21, 22, 23, 24, 25, 26, 27, 31, 32, 33, 41, 
  42, 44, 51, 54, 56, 57, 59, 63 ],
[ 1, 3, 5, 6, 7, 9, 12, 16, 17, 21, 22, 23, 25, 26, 28, 31, 32, 34, 36, 40, 
  42, 47, 50, 53, 55, 57, 59, 60 ],
[ 1, 3, 5, 6, 7, 9, 12, 16, 17, 21, 22, 23, 24, 26, 27, 31, 32, 34, 36, 40, 
  42, 48, 51, 53, 55, 57, 59, 60 ],
[ 1, 3, 5, 6, 7, 9, 12, 16, 17, 21, 22, 23, 24, 25, 26, 28, 31, 32, 34, 40, 
  42, 43, 50, 55, 56, 57, 60, 63 ],
[ 1, 3, 5, 6, 7, 9, 12, 16, 17, 21, 22, 23, 24, 25, 26, 27, 31, 32, 34, 40, 
  42, 44, 51, 55, 56, 57, 59, 63 ],
[ 1, 3, 5, 6, 7, 9, 11, 12, 16, 18, 21, 22, 23, 26, 31, 33, 36, 41, 42, 44, 
  47, 48, 50, 51, 53, 54, 57, 59 ],
[ 1, 3, 5, 6, 7, 9, 11, 12, 16, 18, 21, 22, 23, 24, 26, 31, 33, 41, 42, 43, 
  44, 48, 50, 51, 54, 56, 57, 63 ],
[ 1, 3, 5, 6, 7, 9, 10, 12, 16, 18, 21, 22, 23, 26, 32, 33, 36, 41, 42, 43, 
  47, 48, 50, 51, 53, 54, 57, 60 ],
[ 1, 3, 5, 6, 7, 9, 10, 12, 16, 18, 21, 22, 23, 25, 26, 32, 33, 41, 42, 43, 
  44, 47, 50, 51, 54, 56, 57, 63 ],
[ 1, 3, 5, 6, 7, 9, 10, 12, 16, 17, 21, 22, 23, 26, 32, 34, 36, 40, 42, 43, 
  47, 48, 50, 51, 53, 55, 57, 60 ],
[ 1, 3, 5, 6, 7, 9, 10, 12, 16, 17, 21, 22, 23, 25, 26, 32, 34, 40, 42, 43, 
  44, 47, 50, 51, 55, 56, 57, 63 ],
[ 1, 2, 10, 11, 12, 13, 16, 18, 19, 21, 22, 24, 31, 32, 34, 36, 37, 38, 40, 
  42, 43, 47, 49, 53, 54, 57, 59, 62 ],
[ 1, 2, 10, 11, 12, 13, 16, 18, 19, 21, 22, 24, 27, 31, 32, 34, 36, 37, 38, 
  40, 42, 47, 50, 53, 54, 57, 58, 64 ],
[ 1, 2, 10, 11, 12, 13, 16, 18, 19, 20, 21, 22, 24, 31, 32, 34, 37, 38, 39, 
  40, 43, 47, 49, 54, 56, 59, 62, 63 ],
[ 1, 2, 10, 11, 12, 13, 16, 18, 19, 20, 21, 22, 24, 27, 31, 32, 34, 37, 38, 
  39, 40, 47, 50, 54, 56, 58, 63, 64 ],
[ 1, 2, 10, 11, 12, 13, 16, 17, 19, 21, 22, 24, 31, 32, 33, 36, 37, 38, 41, 
  42, 43, 47, 49, 53, 55, 57, 59, 62 ],
[ 1, 2, 10, 11, 12, 13, 16, 17, 19, 21, 22, 24, 27, 31, 32, 33, 36, 37, 38, 
  41, 42, 47, 50, 53, 55, 57, 58, 64 ],
[ 1, 2, 10, 11, 12, 13, 16, 17, 19, 20, 21, 22, 24, 31, 32, 33, 37, 38, 39, 
  41, 43, 47, 49, 55, 56, 59, 62, 63 ],
[ 1, 2, 10, 11, 12, 13, 16, 17, 19, 20, 21, 22, 24, 27, 31, 32, 33, 37, 38, 
  39, 41, 47, 50, 55, 56, 58, 63, 64 ],
[ 1, 2, 10, 11, 12, 13, 15, 16, 19, 21, 22, 24, 31, 32, 34, 37, 39, 40, 41, 
  42, 43, 47, 49, 53, 54, 56, 59, 62 ],
[ 1, 2, 10, 11, 12, 13, 15, 16, 19, 21, 22, 24, 27, 31, 32, 34, 37, 39, 40, 
  41, 42, 47, 50, 53, 54, 56, 58, 64 ],
[ 1, 2, 10, 11, 12, 13, 15, 16, 19, 20, 21, 22, 24, 31, 32, 34, 36, 37, 40, 
  41, 43, 47, 49, 54, 57, 59, 62, 63 ],
[ 1, 2, 10, 11, 12, 13, 15, 16, 19, 20, 21, 22, 24, 27, 31, 32, 34, 36, 37, 
  40, 41, 47, 50, 54, 57, 58, 63, 64 ],
[ 1, 2, 10, 11, 12, 13, 14, 16, 19, 21, 22, 24, 27, 31, 32, 33, 38, 39, 40, 
  41, 42, 47, 50, 53, 55, 56, 58, 64 ],
[ 1, 2, 10, 11, 12, 13, 14, 16, 19, 20, 21, 22, 24, 27, 31, 32, 33, 36, 38, 
  40, 41, 47, 50, 55, 57, 58, 63, 64 ],
[ 1, 2, 8, 10, 12, 13, 16, 18, 19, 21, 22, 25, 26, 27, 28, 31, 34, 36, 37, 
  38, 40, 42, 48, 50, 51, 53, 54, 57 ],
[ 1, 2, 8, 10, 12, 13, 16, 18, 19, 20, 21, 22, 25, 26, 27, 28, 31, 34, 37, 
  38, 39, 40, 48, 50, 51, 54, 56, 63 ],
[ 1, 2, 8, 10, 12, 13, 16, 17, 19, 21, 22, 25, 26, 27, 28, 31, 33, 36, 37, 
  38, 41, 42, 48, 50, 51, 53, 55, 57 ],
[ 1, 2, 8, 10, 12, 13, 15, 16, 19, 21, 22, 25, 26, 27, 28, 31, 34, 37, 39, 
  40, 41, 42, 48, 50, 51, 53, 54, 56 ],
[ 1, 2, 8, 10, 12, 13, 15, 16, 19, 20, 21, 22, 25, 26, 27, 28, 31, 34, 36, 
  37, 40, 41, 48, 50, 51, 54, 57, 63 ],
[ 1, 2, 8, 10, 12, 13, 15, 16, 17, 19, 21, 22, 25, 26, 27, 28, 31, 33, 34, 
  37, 41, 42, 48, 50, 51, 56, 57, 63 ],
[ 1, 2, 8, 10, 12, 13, 14, 16, 18, 19, 21, 22, 25, 26, 27, 28, 31, 33, 34, 
  38, 40, 42, 48, 50, 51, 56, 57, 63 ],
[ 1, 2, 8, 10, 12, 13, 14, 16, 18, 19, 20, 21, 22, 25, 26, 27, 28, 31, 33, 
  34, 36, 38, 39, 40, 48, 50, 51, 53 ],
[ 1, 2, 8, 10, 11, 12, 13, 16, 18, 19, 21, 22, 26, 28, 31, 32, 34, 36, 37, 
  38, 40, 42, 43, 51, 53, 54, 57, 59 ],
[ 1, 2, 8, 10, 11, 12, 13, 16, 18, 19, 21, 22, 26, 27, 31, 32, 34, 36, 37, 
  38, 40, 42, 44, 50, 53, 54, 57, 60 ],
[ 1, 2, 8, 10, 11, 12, 13, 16, 18, 19, 21, 22, 23, 26, 31, 32, 34, 36, 37, 
  38, 40, 42, 45, 49, 53, 54, 57, 62 ],
[ 1, 2, 8, 10, 11, 12, 13, 16, 18, 19, 20, 21, 22, 26, 28, 31, 32, 34, 37, 
  38, 39, 40, 43, 51, 54, 56, 59, 63 ],
[ 1, 2, 8, 10, 11, 12, 13, 16, 18, 19, 20, 21, 22, 26, 27, 31, 32, 34, 37, 
  38, 39, 40, 44, 50, 54, 56, 60, 63 ],
[ 1, 2, 8, 10, 11, 12, 13, 16, 18, 19, 20, 21, 22, 23, 26, 31, 32, 34, 37, 
  38, 39, 40, 45, 49, 54, 56, 62, 63 ],
[ 1, 2, 8, 10, 11, 12, 13, 16, 17, 19, 21, 22, 26, 28, 31, 32, 33, 36, 37, 
  38, 41, 42, 43, 51, 53, 55, 57, 59 ],
[ 1, 2, 8, 10, 11, 12, 13, 16, 17, 19, 21, 22, 26, 27, 31, 32, 33, 36, 37, 
  38, 41, 42, 44, 50, 53, 55, 57, 60 ],
[ 1, 2, 8, 10, 11, 12, 13, 16, 17, 19, 21, 22, 23, 26, 31, 32, 33, 36, 37, 
  38, 41, 42, 45, 49, 53, 55, 57, 62 ],
[ 1, 2, 8, 10, 11, 12, 13, 16, 17, 19, 20, 21, 22, 26, 28, 31, 32, 33, 37, 
  38, 39, 41, 43, 51, 55, 56, 59, 63 ],
[ 1, 2, 8, 10, 11, 12, 13, 15, 16, 19, 21, 22, 26, 28, 31, 32, 34, 37, 39, 
  40, 41, 42, 43, 51, 53, 54, 56, 59 ],
[ 1, 2, 8, 10, 11, 12, 13, 15, 16, 19, 21, 22, 26, 27, 31, 32, 34, 37, 39, 
  40, 41, 42, 44, 50, 53, 54, 56, 60 ],
[ 1, 2, 8, 10, 11, 12, 13, 15, 16, 19, 21, 22, 23, 26, 31, 32, 34, 37, 39, 
  40, 41, 42, 45, 49, 53, 54, 56, 62 ],
[ 1, 2, 8, 10, 11, 12, 13, 15, 16, 19, 20, 21, 22, 26, 28, 31, 32, 34, 36, 
  37, 40, 41, 43, 51, 54, 57, 59, 63 ],
[ 1, 2, 8, 10, 11, 12, 13, 15, 16, 19, 20, 21, 22, 26, 27, 31, 32, 34, 36, 
  37, 40, 41, 44, 50, 54, 57, 60, 63 ],
[ 1, 2, 8, 10, 11, 12, 13, 15, 16, 17, 19, 21, 22, 26, 28, 31, 32, 33, 34, 
  37, 41, 42, 43, 51, 56, 57, 59, 63 ],
[ 1, 2, 8, 10, 11, 12, 13, 15, 16, 17, 19, 21, 22, 26, 27, 31, 32, 33, 34, 
  37, 41, 42, 44, 50, 56, 57, 60, 63 ],
[ 1, 2, 8, 10, 11, 12, 13, 15, 16, 17, 19, 20, 21, 22, 26, 28, 31, 32, 33, 
  34, 36, 37, 39, 41, 43, 51, 53, 59 ],
[ 1, 2, 8, 10, 11, 12, 13, 14, 16, 19, 21, 22, 26, 28, 31, 32, 33, 38, 39, 
  40, 41, 42, 43, 51, 53, 55, 56, 59 ],
[ 1, 2, 8, 10, 11, 12, 13, 14, 16, 19, 20, 21, 22, 26, 28, 31, 32, 33, 36, 
  38, 40, 41, 43, 51, 55, 57, 59, 63 ],
[ 1, 2, 8, 10, 11, 12, 13, 14, 16, 18, 19, 21, 22, 26, 28, 31, 32, 33, 34, 
  38, 40, 42, 43, 51, 56, 57, 59, 63 ],
[ 1, 2, 8, 10, 11, 12, 13, 14, 16, 18, 19, 21, 22, 26, 27, 31, 32, 33, 34, 
  38, 40, 42, 44, 50, 56, 57, 60, 63 ],
[ 1, 2, 8, 10, 11, 12, 13, 14, 16, 18, 19, 20, 21, 22, 26, 28, 31, 32, 33, 
  34, 36, 38, 39, 40, 43, 51, 53, 59 ],
[ 1, 2, 8, 10, 11, 12, 13, 14, 16, 18, 19, 20, 21, 22, 26, 27, 31, 32, 33, 
  34, 36, 38, 39, 40, 44, 50, 53, 60 ],
[ 1, 2, 8, 9, 10, 12, 13, 16, 18, 19, 21, 22, 25, 26, 29, 31, 34, 36, 37, 38, 
  40, 42, 48, 49, 53, 54, 57, 62 ],
[ 1, 2, 8, 9, 10, 12, 13, 16, 18, 19, 20, 21, 22, 25, 26, 29, 31, 34, 37, 38, 
  39, 40, 48, 49, 54, 56, 62, 63 ],
[ 1, 2, 8, 9, 10, 12, 13, 16, 17, 19, 21, 22, 25, 26, 29, 31, 33, 36, 37, 38, 
  41, 42, 48, 49, 53, 55, 57, 62 ],
[ 1, 2, 8, 9, 10, 12, 13, 15, 16, 19, 21, 22, 25, 26, 29, 31, 34, 37, 39, 40, 
  41, 42, 48, 49, 53, 54, 56, 62 ],
[ 1, 2, 8, 9, 10, 12, 13, 14, 16, 19, 21, 22, 25, 26, 29, 31, 33, 38, 39, 40, 
  41, 42, 48, 49, 53, 55, 56, 62 ],
[ 1, 2, 8, 9, 10, 11, 12, 13, 16, 18, 19, 21, 22, 26, 29, 31, 32, 34, 36, 37, 
  38, 40, 42, 53, 54, 57, 58, 64 ],
[ 1, 2, 8, 9, 10, 11, 12, 13, 16, 18, 19, 20, 21, 22, 26, 29, 31, 32, 34, 37, 
  38, 39, 40, 54, 56, 58, 63, 64 ],
[ 1, 2, 8, 9, 10, 11, 12, 13, 16, 17, 19, 21, 22, 26, 29, 31, 32, 33, 36, 37, 
  38, 41, 42, 53, 55, 57, 58, 64 ],
[ 1, 2, 8, 9, 10, 11, 12, 13, 16, 17, 19, 20, 21, 22, 26, 29, 31, 32, 33, 37, 
  38, 39, 41, 55, 56, 58, 63, 64 ],
[ 1, 2, 8, 9, 10, 11, 12, 13, 15, 16, 19, 21, 22, 26, 29, 31, 32, 34, 37, 39, 
  40, 41, 42, 53, 54, 56, 58, 64 ],
[ 1, 2, 8, 9, 10, 11, 12, 13, 15, 16, 19, 20, 21, 22, 26, 29, 31, 32, 34, 36, 
  37, 40, 41, 54, 57, 58, 63, 64 ],
[ 1, 2, 8, 9, 10, 11, 12, 13, 15, 16, 17, 19, 21, 22, 26, 29, 31, 32, 33, 34, 
  37, 41, 42, 56, 57, 58, 63, 64 ],
[ 1, 2, 8, 9, 10, 11, 12, 13, 15, 16, 17, 19, 20, 21, 22, 26, 29, 31, 32, 33, 
  34, 36, 37, 39, 41, 53, 58, 64 ],
[ 1, 2, 8, 9, 10, 11, 12, 13, 14, 16, 19, 21, 22, 26, 29, 31, 32, 33, 38, 39, 
  40, 41, 42, 53, 55, 56, 58, 64 ],
[ 1, 2, 8, 9, 10, 11, 12, 13, 14, 16, 19, 20, 21, 22, 26, 29, 31, 32, 33, 36, 
  38, 40, 41, 55, 57, 58, 63, 64 ],
[ 1, 2, 8, 9, 10, 11, 12, 13, 14, 16, 18, 19, 21, 22, 26, 29, 31, 32, 33, 34, 
  38, 40, 42, 56, 57, 58, 63, 64 ],
[ 1, 2, 8, 9, 10, 11, 12, 13, 14, 16, 18, 19, 20, 21, 22, 26, 29, 31, 32, 33, 
  34, 36, 38, 39, 40, 53, 58, 64 ],
[ 1, 2, 6, 10, 11, 12, 13, 16, 18, 19, 21, 24, 31, 32, 37, 38, 39, 40, 42, 
  43, 47, 49, 53, 54, 55, 56, 59, 62 ],
[ 1, 2, 6, 10, 11, 12, 13, 16, 18, 19, 20, 21, 24, 31, 32, 36, 37, 38, 40, 
  43, 47, 49, 54, 55, 57, 59, 62, 63 ],
[ 1, 2, 6, 8, 10, 11, 12, 13, 16, 18, 19, 21, 26, 28, 31, 32, 37, 38, 39, 40, 
  42, 43, 51, 53, 54, 55, 56, 59 ],
[ 1, 2, 6, 8, 10, 11, 12, 13, 16, 18, 19, 21, 23, 26, 31, 32, 37, 38, 39, 40, 
  42, 45, 49, 53, 54, 55, 56, 62 ],
[ 1, 2, 6, 8, 10, 11, 12, 13, 16, 18, 19, 20, 21, 26, 28, 31, 32, 36, 37, 38, 
  40, 43, 51, 54, 55, 57, 59, 63 ],
[ 1, 2, 6, 8, 10, 11, 12, 13, 14, 15, 16, 18, 19, 21, 26, 28, 31, 32, 33, 34, 
  39, 40, 42, 43, 51, 53, 56, 59 ],
[ 1, 2, 6, 8, 10, 11, 12, 13, 14, 15, 16, 18, 19, 20, 21, 26, 28, 31, 32, 33, 
  34, 36, 40, 43, 51, 57, 59, 63 ],
[ 1, 2, 6, 8, 9, 10, 11, 12, 13, 16, 18, 19, 21, 26, 29, 31, 32, 37, 38, 39, 
  40, 42, 53, 54, 55, 56, 58, 64 ],
[ 1, 2, 6, 8, 9, 10, 11, 12, 13, 16, 18, 19, 20, 21, 26, 29, 31, 32, 36, 37, 
  38, 40, 54, 55, 57, 58, 63, 64 ],
[ 1, 2, 6, 8, 9, 10, 11, 12, 13, 14, 15, 16, 18, 19, 21, 26, 29, 31, 32, 33, 
  34, 39, 40, 42, 53, 56, 58, 64 ],
[ 1, 2, 6, 8, 9, 10, 11, 12, 13, 14, 15, 16, 18, 19, 20, 21, 26, 29, 31, 32, 
  33, 34, 36, 40, 57, 58, 63, 64 ],
[ 1, 2, 5, 8, 10, 11, 12, 13, 14, 16, 19, 22, 26, 28, 31, 32, 36, 38, 40, 41, 
  42, 43, 51, 53, 54, 55, 57, 59 ],
[ 1, 2, 5, 8, 10, 11, 12, 13, 14, 16, 19, 22, 23, 26, 31, 32, 36, 38, 40, 41, 
  42, 45, 49, 53, 54, 55, 57, 62 ],
[ 1, 2, 5, 8, 10, 11, 12, 13, 14, 16, 19, 20, 22, 26, 28, 31, 32, 38, 39, 40, 
  41, 43, 51, 54, 55, 56, 59, 63 ],
[ 1, 2, 5, 8, 10, 11, 12, 13, 14, 15, 16, 19, 22, 26, 28, 31, 32, 34, 40, 41, 
  42, 43, 51, 54, 56, 57, 59, 63 ],
[ 1, 2, 5, 8, 10, 11, 12, 13, 14, 15, 16, 19, 20, 22, 26, 28, 31, 32, 34, 36, 
  39, 40, 41, 43, 51, 53, 54, 59 ],
[ 1, 2, 5, 8, 9, 10, 12, 13, 14, 16, 19, 22, 25, 26, 29, 31, 36, 38, 40, 41, 
  42, 48, 49, 53, 54, 55, 57, 62 ],
[ 1, 2, 5, 8, 9, 10, 11, 12, 13, 14, 16, 19, 22, 26, 29, 31, 32, 36, 38, 40, 
  41, 42, 53, 54, 55, 57, 58, 64 ],
[ 1, 2, 5, 8, 9, 10, 11, 12, 13, 14, 16, 19, 20, 22, 26, 29, 31, 32, 38, 39, 
  40, 41, 54, 55, 56, 58, 63, 64 ],
[ 1, 2, 5, 8, 9, 10, 11, 12, 13, 14, 15, 16, 19, 22, 26, 29, 31, 32, 34, 40, 
  41, 42, 54, 56, 57, 58, 63, 64 ],
[ 1, 2, 5, 8, 9, 10, 11, 12, 13, 14, 15, 16, 19, 20, 22, 26, 29, 31, 32, 34, 
  36, 39, 40, 41, 53, 54, 58, 64 ],
[ 1, 2, 4, 8, 10, 11, 12, 16, 17, 21, 22, 26, 28, 31, 32, 33, 35, 36, 37, 38, 
  39, 41, 42, 43, 51, 55, 59, 63 ],
[ 1, 2, 4, 8, 10, 11, 12, 16, 17, 20, 21, 22, 26, 28, 31, 32, 33, 35, 37, 38, 
  41, 43, 51, 53, 55, 56, 57, 59 ],
[ 1, 2, 4, 8, 10, 11, 12, 14, 16, 17, 21, 22, 26, 28, 31, 32, 35, 38, 39, 41, 
  42, 43, 51, 53, 54, 55, 56, 59 ],
[ 1, 2, 4, 8, 10, 11, 12, 14, 16, 17, 20, 21, 22, 26, 28, 31, 32, 35, 36, 38, 
  41, 43, 51, 54, 55, 57, 59, 63 ],
[ 1, 2, 4, 8, 9, 10, 11, 12, 16, 17, 21, 22, 26, 29, 31, 32, 33, 35, 36, 37, 
  38, 39, 41, 42, 55, 58, 63, 64 ],
[ 1, 2, 4, 8, 9, 10, 11, 12, 16, 17, 20, 21, 22, 26, 29, 31, 32, 33, 35, 37, 
  38, 41, 53, 55, 56, 57, 58, 64 ],
[ 1, 2, 4, 8, 9, 10, 11, 12, 14, 16, 17, 21, 22, 26, 29, 31, 32, 35, 38, 39, 
  41, 42, 53, 54, 55, 56, 58, 64 ],
[ 1, 2, 4, 8, 9, 10, 11, 12, 14, 16, 17, 20, 21, 22, 26, 29, 31, 32, 35, 36, 
  38, 41, 54, 55, 57, 58, 63, 64 ],
[ 1, 2, 4, 7, 8, 12, 18, 19, 21, 22, 25, 26, 32, 34, 36, 37, 38, 39, 40, 42, 
  44, 46, 49, 51, 54, 61, 62, 63 ],
[ 1, 2, 4, 7, 8, 12, 18, 19, 21, 22, 25, 26, 30, 32, 34, 36, 37, 38, 39, 40, 
  42, 44, 51, 52, 54, 58, 63, 64 ],
[ 1, 2, 4, 7, 8, 12, 18, 19, 21, 22, 24, 25, 26, 27, 32, 34, 36, 37, 38, 39, 
  40, 42, 44, 47, 50, 51, 54, 63 ],
[ 1, 2, 4, 7, 8, 12, 17, 19, 21, 22, 25, 26, 32, 33, 36, 37, 38, 39, 41, 42, 
  44, 46, 49, 51, 55, 61, 62, 63 ],
[ 1, 2, 4, 7, 8, 12, 17, 19, 21, 22, 25, 26, 30, 32, 33, 36, 37, 38, 39, 41, 
  42, 44, 51, 52, 55, 58, 63, 64 ],
[ 1, 2, 4, 7, 8, 12, 17, 19, 21, 22, 24, 25, 26, 27, 32, 33, 36, 37, 38, 39, 
  41, 42, 44, 47, 50, 51, 55, 63 ],
[ 1, 2, 4, 7, 8, 12, 17, 19, 20, 21, 22, 25, 26, 32, 33, 37, 38, 41, 44, 46, 
  49, 51, 53, 55, 56, 57, 61, 62 ],
[ 1, 2, 4, 7, 8, 12, 17, 19, 20, 21, 22, 25, 26, 30, 32, 33, 37, 38, 41, 44, 
  51, 52, 53, 55, 56, 57, 58, 64 ],
[ 1, 2, 4, 7, 8, 12, 17, 19, 20, 21, 22, 24, 25, 26, 27, 32, 33, 37, 38, 41, 
  44, 47, 50, 51, 53, 55, 56, 57 ],
[ 1, 2, 4, 7, 8, 12, 15, 18, 19, 21, 22, 25, 26, 32, 37, 39, 40, 42, 44, 46, 
  49, 51, 53, 54, 55, 56, 61, 62 ],
[ 1, 2, 4, 7, 8, 12, 15, 18, 19, 21, 22, 25, 26, 30, 32, 37, 39, 40, 42, 44, 
  51, 52, 53, 54, 55, 56, 58, 64 ],
[ 1, 2, 4, 7, 8, 12, 15, 18, 19, 21, 22, 24, 25, 26, 27, 32, 37, 39, 40, 42, 
  44, 47, 50, 51, 53, 54, 55, 56 ],
[ 1, 2, 4, 7, 8, 12, 15, 17, 19, 21, 22, 26, 32, 33, 34, 36, 37, 39, 41, 42, 
  46, 48, 49, 51, 60, 61, 62, 63 ],
[ 1, 2, 4, 7, 8, 12, 15, 17, 19, 21, 22, 26, 30, 32, 33, 34, 36, 37, 39, 41, 
  42, 48, 51, 52, 58, 60, 63, 64 ],
[ 1, 2, 4, 7, 8, 12, 15, 17, 19, 21, 22, 24, 26, 27, 32, 33, 34, 36, 37, 39, 
  41, 42, 47, 48, 50, 51, 60, 63 ],
[ 1, 2, 4, 7, 8, 12, 15, 17, 19, 20, 21, 22, 26, 32, 33, 34, 37, 41, 46, 48, 
  49, 51, 53, 56, 57, 60, 61, 62 ],
[ 1, 2, 4, 7, 8, 12, 15, 17, 19, 20, 21, 22, 26, 30, 32, 33, 34, 37, 41, 48, 
  51, 52, 53, 56, 57, 58, 60, 64 ],
[ 1, 2, 4, 7, 8, 12, 15, 17, 19, 20, 21, 22, 24, 26, 27, 32, 33, 34, 37, 41, 
  47, 48, 50, 51, 53, 56, 57, 60 ],
[ 1, 2, 4, 7, 8, 12, 15, 17, 18, 19, 21, 22, 26, 32, 33, 36, 37, 42, 46, 48, 
  49, 51, 53, 55, 57, 60, 61, 62 ],
[ 1, 2, 4, 7, 8, 12, 15, 17, 18, 19, 21, 22, 26, 30, 32, 33, 36, 37, 42, 48, 
  51, 52, 53, 55, 57, 58, 60, 64 ],
[ 1, 2, 4, 7, 8, 12, 15, 17, 18, 19, 21, 22, 25, 26, 32, 33, 37, 42, 44, 46, 
  49, 51, 55, 56, 57, 61, 62, 63 ],
[ 1, 2, 4, 7, 8, 12, 15, 17, 18, 19, 21, 22, 25, 26, 30, 32, 33, 37, 42, 44, 
  51, 52, 55, 56, 57, 58, 63, 64 ],
[ 1, 2, 4, 7, 8, 12, 15, 17, 18, 19, 21, 22, 24, 26, 27, 32, 33, 36, 37, 42, 
  47, 48, 50, 51, 53, 55, 57, 60 ],
[ 1, 2, 4, 7, 8, 12, 15, 17, 18, 19, 21, 22, 24, 25, 26, 27, 32, 33, 37, 42, 
  44, 47, 50, 51, 55, 56, 57, 63 ],
[ 1, 2, 4, 7, 8, 11, 12, 18, 19, 21, 22, 24, 26, 31, 32, 34, 36, 37, 38, 39, 
  40, 42, 43, 44, 50, 54, 60, 63 ],
[ 1, 2, 4, 7, 8, 11, 12, 18, 19, 20, 21, 22, 24, 26, 31, 32, 34, 37, 38, 40, 
  43, 44, 50, 53, 54, 56, 57, 60 ],
[ 1, 2, 4, 7, 8, 11, 12, 17, 19, 21, 22, 24, 26, 31, 32, 33, 36, 37, 38, 39, 
  41, 42, 43, 44, 50, 55, 60, 63 ],
[ 1, 2, 4, 7, 8, 11, 12, 17, 19, 20, 21, 22, 24, 26, 31, 32, 33, 37, 38, 41, 
  43, 44, 50, 53, 55, 56, 57, 60 ],
[ 1, 2, 4, 7, 8, 11, 12, 15, 18, 19, 21, 22, 24, 26, 31, 32, 37, 39, 40, 42, 
  43, 44, 50, 53, 54, 55, 56, 60 ],
[ 1, 2, 4, 7, 8, 11, 12, 15, 18, 19, 20, 21, 22, 24, 26, 31, 32, 36, 37, 40, 
  43, 44, 50, 54, 55, 57, 60, 63 ],
[ 1, 2, 4, 7, 8, 11, 12, 15, 17, 19, 21, 22, 26, 31, 32, 33, 34, 36, 37, 39, 
  41, 42, 44, 47, 50, 59, 60, 63 ],
[ 1, 2, 4, 7, 8, 11, 12, 15, 17, 19, 20, 21, 22, 26, 31, 32, 33, 34, 37, 41, 
  44, 47, 50, 53, 56, 57, 59, 60 ],
[ 1, 2, 4, 7, 8, 11, 12, 15, 17, 18, 19, 21, 22, 26, 31, 32, 33, 36, 37, 42, 
  44, 47, 50, 53, 55, 57, 59, 60 ],
[ 1, 2, 4, 7, 8, 11, 12, 15, 17, 18, 19, 21, 22, 24, 26, 31, 32, 33, 37, 42, 
  43, 44, 50, 55, 56, 57, 60, 63 ],
[ 1, 2, 4, 7, 8, 10, 12, 18, 19, 21, 22, 25, 26, 31, 32, 34, 36, 37, 38, 39, 
  40, 42, 43, 44, 51, 54, 59, 63 ],
[ 1, 2, 4, 7, 8, 10, 12, 17, 19, 21, 22, 25, 26, 31, 32, 33, 36, 37, 38, 39, 
  41, 42, 43, 44, 51, 55, 59, 63 ],
[ 1, 2, 4, 7, 8, 10, 12, 17, 19, 20, 21, 22, 25, 26, 31, 32, 33, 37, 38, 41, 
  43, 44, 51, 53, 55, 56, 57, 59 ],
[ 1, 2, 4, 7, 8, 10, 12, 15, 18, 19, 21, 22, 25, 26, 31, 32, 37, 39, 40, 42, 
  43, 44, 51, 53, 54, 55, 56, 59 ],
[ 1, 2, 4, 7, 8, 10, 12, 15, 17, 19, 21, 22, 26, 31, 32, 33, 34, 36, 37, 39, 
  41, 42, 43, 48, 51, 59, 60, 63 ],
[ 1, 2, 4, 7, 8, 10, 12, 15, 17, 19, 20, 21, 22, 26, 31, 32, 33, 34, 37, 41, 
  43, 48, 51, 53, 56, 57, 59, 60 ],
[ 1, 2, 4, 7, 8, 10, 12, 15, 17, 18, 19, 21, 22, 26, 31, 32, 33, 36, 37, 42, 
  43, 48, 51, 53, 55, 57, 59, 60 ],
[ 1, 2, 4, 7, 8, 10, 12, 15, 17, 18, 19, 21, 22, 25, 26, 31, 32, 33, 37, 42, 
  43, 44, 51, 55, 56, 57, 59, 63 ],
[ 1, 2, 4, 6, 7, 8, 11, 12, 17, 19, 21, 26, 31, 32, 33, 34, 36, 37, 38, 41, 
  42, 44, 47, 50, 53, 57, 59, 60 ],
[ 1, 2, 4, 6, 7, 8, 11, 12, 17, 19, 21, 24, 26, 31, 32, 33, 34, 37, 38, 41, 
  42, 43, 44, 50, 56, 57, 60, 63 ],
[ 1, 2, 3, 7, 9, 12, 15, 16, 21, 22, 25, 27, 28, 29, 31, 32, 34, 36, 37, 39, 
  40, 41, 43, 47, 54, 56, 57, 60 ],
[ 1, 2, 3, 7, 9, 12, 15, 16, 21, 22, 24, 27, 28, 29, 31, 32, 34, 36, 37, 39, 
  40, 41, 44, 48, 54, 56, 57, 59 ],
[ 1, 2, 3, 7, 9, 12, 15, 16, 20, 21, 22, 25, 27, 28, 29, 31, 32, 34, 37, 40, 
  41, 42, 43, 47, 53, 54, 60, 63 ],
[ 1, 2, 3, 7, 9, 12, 15, 16, 20, 21, 22, 24, 27, 28, 29, 31, 32, 34, 37, 40, 
  41, 42, 44, 48, 53, 54, 59, 63 ],
[ 1, 2, 3, 7, 9, 12, 15, 16, 17, 18, 21, 22, 25, 29, 31, 32, 33, 36, 37, 39, 
  44, 47, 50, 51, 55, 56, 57, 59 ],
[ 1, 2, 3, 7, 9, 12, 15, 16, 17, 18, 21, 22, 24, 29, 31, 32, 33, 36, 37, 39, 
  43, 48, 50, 51, 55, 56, 57, 60 ],
[ 1, 2, 3, 7, 9, 12, 15, 16, 17, 18, 20, 21, 22, 25, 29, 31, 32, 33, 37, 42, 
  44, 47, 50, 51, 53, 55, 59, 63 ],
[ 1, 2, 3, 7, 9, 12, 15, 16, 17, 18, 20, 21, 22, 24, 29, 31, 32, 33, 37, 42, 
  43, 48, 50, 51, 53, 55, 60, 63 ],
[ 1, 2, 3, 7, 9, 12, 14, 16, 17, 22, 25, 27, 28, 29, 31, 32, 36, 37, 38, 40, 
  41, 42, 43, 47, 53, 55, 57, 60 ],
[ 1, 2, 3, 7, 9, 12, 14, 16, 17, 22, 24, 27, 28, 29, 31, 32, 36, 37, 38, 40, 
  41, 42, 44, 48, 53, 55, 57, 59 ],
[ 1, 2, 3, 7, 9, 12, 14, 16, 17, 20, 22, 25, 27, 28, 29, 31, 32, 37, 38, 39, 
  40, 41, 43, 47, 55, 56, 60, 63 ],
[ 1, 2, 3, 7, 9, 12, 14, 16, 17, 20, 22, 24, 27, 28, 29, 31, 32, 37, 38, 39, 
  40, 41, 44, 48, 55, 56, 59, 63 ],
[ 1, 2, 3, 7, 9, 12, 14, 16, 17, 18, 22, 25, 29, 31, 32, 34, 36, 37, 38, 39, 
  40, 42, 44, 47, 50, 51, 59, 63 ],
[ 1, 2, 3, 7, 9, 12, 14, 16, 17, 18, 22, 24, 29, 31, 32, 34, 36, 37, 38, 39, 
  40, 42, 43, 48, 50, 51, 60, 63 ],
[ 1, 2, 3, 7, 9, 12, 14, 16, 17, 18, 20, 22, 25, 29, 31, 32, 34, 37, 38, 40, 
  44, 47, 50, 51, 53, 56, 57, 59 ],
[ 1, 2, 3, 7, 9, 12, 14, 16, 17, 18, 20, 22, 24, 29, 31, 32, 34, 37, 38, 40, 
  43, 48, 50, 51, 53, 56, 57, 60 ],
[ 1, 2, 3, 7, 9, 11, 12, 15, 16, 21, 22, 27, 29, 31, 34, 36, 37, 39, 40, 41, 
  43, 44, 47, 48, 51, 54, 56, 57 ],
[ 1, 2, 3, 7, 9, 11, 12, 15, 16, 21, 22, 24, 25, 27, 29, 31, 34, 36, 37, 39, 
  40, 41, 51, 54, 56, 57, 59, 60 ],
[ 1, 2, 3, 7, 9, 11, 12, 15, 16, 20, 21, 22, 27, 29, 31, 34, 37, 40, 41, 42, 
  43, 44, 47, 48, 51, 53, 54, 63 ],
[ 1, 2, 3, 7, 9, 11, 12, 15, 16, 20, 21, 22, 24, 25, 27, 29, 31, 34, 37, 40, 
  41, 42, 51, 53, 54, 59, 60, 63 ],
[ 1, 2, 3, 7, 9, 11, 12, 15, 16, 17, 18, 21, 22, 28, 29, 31, 33, 36, 37, 39, 
  47, 48, 50, 55, 56, 57, 59, 60 ],
[ 1, 2, 3, 7, 9, 11, 12, 15, 16, 17, 18, 21, 22, 24, 25, 28, 29, 31, 33, 36, 
  37, 39, 43, 44, 50, 55, 56, 57 ],
[ 1, 2, 3, 7, 9, 11, 12, 15, 16, 17, 18, 20, 21, 22, 28, 29, 31, 33, 37, 42, 
  47, 48, 50, 53, 55, 59, 60, 63 ],
[ 1, 2, 3, 7, 9, 11, 12, 15, 16, 17, 18, 20, 21, 22, 24, 25, 28, 29, 31, 33, 
  37, 42, 43, 44, 50, 53, 55, 63 ],
[ 1, 2, 3, 7, 9, 11, 12, 14, 16, 17, 18, 22, 28, 29, 31, 34, 36, 37, 38, 39, 
  40, 42, 47, 48, 50, 59, 60, 63 ],
[ 1, 2, 3, 7, 9, 11, 12, 14, 16, 17, 18, 22, 24, 25, 28, 29, 31, 34, 36, 37, 
  38, 39, 40, 42, 43, 44, 50, 63 ],
[ 1, 2, 3, 7, 9, 11, 12, 14, 16, 17, 18, 20, 22, 28, 29, 31, 34, 37, 38, 40, 
  47, 48, 50, 53, 56, 57, 59, 60 ],
[ 1, 2, 3, 7, 9, 11, 12, 14, 16, 17, 18, 20, 22, 24, 25, 28, 29, 31, 34, 37, 
  38, 40, 43, 44, 50, 53, 56, 57 ],
[ 1, 2, 3, 6, 7, 9, 12, 16, 21, 22, 28, 29, 32, 34, 36, 37, 40, 42, 44, 46, 
  48, 49, 52, 53, 54, 55, 57, 64 ],
[ 1, 2, 3, 6, 7, 9, 12, 16, 21, 22, 28, 29, 30, 32, 34, 36, 37, 40, 42, 44, 
  48, 53, 54, 55, 57, 58, 61, 62 ],
[ 1, 2, 3, 6, 7, 9, 12, 16, 21, 22, 25, 28, 29, 32, 34, 36, 37, 40, 42, 49, 
  52, 53, 54, 55, 57, 58, 60, 61 ],
[ 1, 2, 3, 6, 7, 9, 12, 16, 21, 22, 25, 28, 29, 30, 32, 34, 36, 37, 40, 42, 
  46, 53, 54, 55, 57, 60, 62, 64 ],
[ 1, 2, 3, 6, 7, 9, 12, 16, 21, 22, 25, 27, 28, 29, 31, 32, 34, 36, 37, 40, 
  42, 43, 47, 53, 54, 55, 57, 60 ],
[ 1, 2, 3, 6, 7, 9, 12, 16, 21, 22, 24, 27, 28, 29, 31, 32, 34, 36, 37, 40, 
  42, 44, 48, 53, 54, 55, 57, 59 ],
[ 1, 2, 3, 6, 7, 9, 12, 16, 20, 21, 22, 25, 27, 28, 29, 31, 32, 34, 37, 39, 
  40, 43, 47, 54, 55, 56, 60, 63 ],
[ 1, 2, 3, 6, 7, 9, 12, 16, 20, 21, 22, 24, 27, 28, 29, 31, 32, 34, 37, 39, 
  40, 44, 48, 54, 55, 56, 59, 63 ],
[ 1, 2, 3, 6, 7, 9, 12, 16, 17, 21, 25, 29, 31, 32, 33, 34, 36, 37, 38, 39, 
  41, 44, 47, 50, 51, 56, 57, 59 ],
[ 1, 2, 3, 6, 7, 9, 12, 16, 17, 21, 24, 29, 31, 32, 33, 34, 36, 37, 38, 39, 
  41, 43, 48, 50, 51, 56, 57, 60 ],
[ 1, 2, 3, 6, 7, 9, 12, 16, 17, 21, 22, 29, 32, 33, 34, 36, 37, 39, 42, 46, 
  48, 51, 52, 55, 58, 60, 62, 63 ],
[ 1, 2, 3, 6, 7, 9, 12, 16, 17, 21, 22, 29, 30, 32, 33, 34, 36, 37, 39, 42, 
  48, 49, 51, 55, 60, 61, 63, 64 ],
[ 1, 2, 3, 6, 7, 9, 12, 16, 17, 21, 22, 25, 29, 32, 33, 34, 36, 37, 39, 42, 
  44, 51, 52, 55, 61, 62, 63, 64 ],
[ 1, 2, 3, 6, 7, 9, 12, 16, 17, 21, 22, 25, 29, 31, 32, 33, 34, 36, 37, 39, 
  42, 44, 47, 50, 51, 55, 59, 63 ],
[ 1, 2, 3, 6, 7, 9, 12, 16, 17, 21, 22, 25, 29, 30, 32, 33, 34, 36, 37, 39, 
  42, 44, 46, 49, 51, 55, 58, 63 ],
[ 1, 2, 3, 6, 7, 9, 12, 16, 17, 21, 22, 24, 29, 31, 32, 33, 34, 36, 37, 39, 
  42, 43, 48, 50, 51, 55, 60, 63 ],
[ 1, 2, 3, 6, 7, 9, 12, 16, 17, 20, 21, 25, 29, 31, 32, 33, 34, 37, 38, 41, 
  42, 44, 47, 50, 51, 53, 59, 63 ],
[ 1, 2, 3, 6, 7, 9, 12, 16, 17, 20, 21, 24, 29, 31, 32, 33, 34, 37, 38, 41, 
  42, 43, 48, 50, 51, 53, 60, 63 ],
[ 1, 2, 3, 6, 7, 9, 12, 16, 17, 20, 21, 22, 25, 29, 31, 32, 33, 34, 37, 44, 
  47, 50, 51, 53, 55, 56, 57, 59 ],
[ 1, 2, 3, 6, 7, 9, 12, 16, 17, 20, 21, 22, 24, 29, 31, 32, 33, 34, 37, 43, 
  48, 50, 51, 53, 55, 56, 57, 60 ],
[ 1, 2, 3, 6, 7, 9, 11, 12, 16, 17, 21, 28, 29, 31, 33, 34, 36, 37, 38, 39, 
  41, 47, 48, 50, 56, 57, 59, 60 ],
[ 1, 2, 3, 6, 7, 9, 11, 12, 16, 17, 21, 24, 25, 28, 29, 31, 33, 34, 36, 37, 
  38, 39, 41, 43, 44, 50, 56, 57 ],
[ 1, 2, 3, 6, 7, 9, 11, 12, 16, 17, 20, 21, 28, 29, 31, 33, 34, 37, 38, 41, 
  42, 47, 48, 50, 53, 59, 60, 63 ],
[ 1, 2, 3, 6, 7, 9, 11, 12, 16, 17, 20, 21, 24, 25, 28, 29, 31, 33, 34, 37, 
  38, 41, 42, 43, 44, 50, 53, 63 ],
[ 1, 2, 3, 5, 7, 9, 12, 16, 21, 22, 25, 27, 28, 29, 31, 32, 33, 36, 38, 41, 
  42, 43, 47, 53, 54, 55, 57, 60 ],
[ 1, 2, 3, 5, 7, 9, 12, 16, 21, 22, 24, 27, 28, 29, 31, 32, 33, 36, 38, 41, 
  42, 44, 48, 53, 54, 55, 57, 59 ],
[ 1, 2, 3, 5, 7, 9, 12, 16, 20, 21, 22, 25, 27, 28, 29, 31, 32, 33, 38, 39, 
  41, 43, 47, 54, 55, 56, 60, 63 ],
[ 1, 2, 3, 5, 7, 9, 12, 16, 20, 21, 22, 24, 27, 28, 29, 31, 32, 33, 38, 39, 
  41, 44, 48, 54, 55, 56, 59, 63 ],
[ 1, 2, 3, 5, 7, 9, 12, 16, 18, 21, 22, 25, 29, 31, 32, 33, 34, 36, 38, 39, 
  42, 44, 47, 50, 51, 54, 59, 63 ],
[ 1, 2, 3, 5, 7, 9, 12, 16, 18, 21, 22, 24, 29, 31, 32, 33, 34, 36, 38, 39, 
  42, 43, 48, 50, 51, 54, 60, 63 ],
[ 1, 2, 3, 5, 7, 9, 12, 16, 18, 20, 21, 22, 25, 29, 31, 32, 33, 34, 38, 44, 
  47, 50, 51, 53, 54, 56, 57, 59 ],
[ 1, 2, 3, 5, 7, 9, 12, 16, 18, 20, 21, 22, 24, 29, 31, 32, 33, 34, 38, 43, 
  48, 50, 51, 53, 54, 56, 57, 60 ],
[ 1, 2, 3, 5, 7, 9, 11, 12, 16, 18, 21, 22, 28, 29, 31, 33, 34, 36, 38, 39, 
  42, 47, 48, 50, 54, 59, 60, 63 ],
[ 1, 2, 3, 5, 7, 9, 11, 12, 16, 18, 21, 22, 24, 25, 28, 29, 31, 33, 34, 36, 
  38, 39, 42, 43, 44, 50, 54, 63 ],
[ 1, 2, 3, 5, 7, 9, 11, 12, 16, 18, 20, 21, 22, 28, 29, 31, 33, 34, 38, 47, 
  48, 50, 53, 54, 56, 57, 59, 60 ],
[ 1, 2, 3, 5, 7, 9, 11, 12, 16, 18, 20, 21, 22, 24, 25, 28, 29, 31, 33, 34, 
  38, 43, 44, 50, 53, 54, 56, 57 ],
[ 1, 2, 3, 4, 7, 11, 12, 16, 19, 21, 27, 31, 32, 34, 36, 37, 40, 42, 43, 46, 
  47, 49, 52, 53, 54, 55, 57, 64 ],
[ 1, 2, 3, 4, 7, 11, 12, 16, 19, 20, 21, 27, 31, 32, 34, 37, 39, 40, 43, 46, 
  47, 49, 52, 54, 55, 56, 63, 64 ],
[ 1, 2, 3, 4, 7, 11, 12, 16, 17, 19, 21, 31, 32, 33, 34, 36, 37, 39, 42, 46, 
  47, 50, 52, 55, 58, 59, 62, 63 ],
[ 1, 2, 3, 4, 7, 11, 12, 16, 17, 19, 20, 21, 31, 32, 33, 34, 37, 46, 47, 50, 
  52, 53, 55, 56, 57, 58, 59, 62 ]
];

