## Group: [64, 254]
## Difference Sets: 474
## Time:  0:10:02.852

return [
[ 1, 2, 3, 4, 5, 6, 7, 8, 9, 10, 11, 12, 13, 16, 17, 28, 30, 32, 36, 37, 39, 
  40, 44, 53, 55, 59, 61, 63 ],
[ 1, 2, 3, 4, 5, 6, 7, 8, 9, 10, 11, 12, 13, 16, 18, 20, 22, 27, 34, 37, 46, 
  49, 50, 53, 56, 59, 60, 63 ],
[ 1, 2, 3, 4, 5, 6, 7, 8, 9, 10, 11, 12, 14, 16, 17, 32, 35, 36, 39, 40, 44, 
  51, 52, 53, 55, 59, 61, 63 ],
[ 1, 2, 3, 4, 5, 6, 7, 8, 9, 10, 11, 12, 14, 18, 22, 26, 27, 34, 42, 45, 46, 
  50, 58, 59, 60, 61, 62, 63 ],
[ 1, 2, 3, 4, 5, 6, 7, 8, 9, 10, 11, 12, 14, 18, 22, 26, 27, 42, 44, 45, 46, 
  50, 53, 55, 59, 61, 62, 64 ],
[ 1, 2, 3, 4, 5, 6, 7, 8, 9, 10, 11, 13, 14, 15, 19, 21, 22, 26, 28, 30, 34, 
  50, 53, 54, 56, 58, 62, 64 ],
[ 1, 2, 3, 4, 5, 6, 7, 8, 9, 10, 11, 13, 14, 15, 19, 21, 22, 26, 28, 30, 50, 
  54, 55, 56, 58, 62, 63, 64 ],
[ 1, 2, 3, 4, 5, 6, 7, 8, 9, 10, 11, 13, 14, 15, 19, 28, 30, 31, 34, 37, 40, 
  41, 45, 52, 53, 58, 61, 63 ],
[ 1, 2, 3, 4, 5, 6, 7, 8, 9, 10, 11, 13, 14, 15, 19, 28, 31, 34, 36, 37, 40, 
  41, 45, 49, 56, 58, 61, 62 ],
[ 1, 2, 3, 4, 5, 6, 7, 8, 9, 10, 11, 13, 14, 15, 20, 21, 28, 29, 37, 40, 45, 
  51, 52, 53, 55, 61, 63, 64 ],
[ 1, 2, 3, 4, 5, 6, 7, 8, 9, 10, 11, 13, 14, 15, 20, 29, 31, 34, 35, 42, 44, 
  47, 49, 50, 55, 56, 57, 58 ],
[ 1, 2, 3, 4, 5, 6, 7, 8, 9, 10, 11, 13, 14, 16, 20, 21, 28, 29, 32, 36, 40, 
  48, 53, 55, 59, 62, 63, 64 ],
[ 1, 2, 3, 4, 5, 6, 7, 8, 9, 10, 11, 13, 14, 16, 20, 21, 28, 29, 36, 40, 51, 
  52, 53, 55, 59, 60, 61, 63 ],
[ 1, 2, 3, 4, 5, 6, 7, 8, 9, 10, 11, 13, 14, 19, 21, 22, 26, 28, 38, 49, 50, 
  52, 53, 54, 55, 56, 58, 64 ],
[ 1, 2, 3, 4, 5, 6, 7, 8, 9, 10, 11, 13, 14, 19, 21, 22, 26, 38, 50, 51, 52, 
  53, 54, 55, 56, 58, 62, 64 ],
[ 1, 2, 3, 4, 5, 6, 7, 8, 9, 10, 11, 13, 14, 19, 30, 31, 32, 34, 36, 37, 40, 
  41, 45, 49, 53, 55, 58, 61 ],
[ 1, 2, 3, 4, 5, 6, 7, 8, 9, 10, 11, 13, 14, 20, 22, 29, 31, 35, 36, 41, 44, 
  47, 49, 50, 53, 55, 56, 58 ],
[ 1, 2, 3, 4, 5, 6, 7, 8, 9, 10, 11, 13, 15, 16, 17, 20, 21, 28, 29, 32, 44, 
  47, 49, 53, 54, 56, 63, 64 ],
[ 1, 2, 3, 4, 5, 6, 7, 8, 9, 10, 11, 13, 15, 16, 18, 22, 29, 31, 33, 42, 44, 
  47, 49, 50, 53, 56, 58, 63 ],
[ 1, 2, 3, 4, 5, 6, 7, 8, 9, 10, 11, 13, 15, 16, 18, 27, 29, 31, 36, 37, 39, 
  41, 48, 49, 56, 58, 59, 63 ],
[ 1, 2, 3, 4, 5, 6, 7, 8, 9, 10, 11, 13, 15, 16, 19, 21, 22, 27, 30, 44, 47, 
  51, 53, 54, 56, 62, 63, 64 ],
[ 1, 2, 3, 4, 5, 6, 7, 8, 9, 10, 11, 13, 15, 16, 20, 27, 29, 31, 34, 37, 39, 
  42, 48, 49, 55, 58, 59, 63 ],
[ 1, 2, 3, 4, 5, 6, 7, 8, 9, 10, 11, 13, 15, 17, 20, 21, 26, 28, 29, 32, 37, 
  49, 53, 54, 55, 56, 58, 64 ],
[ 1, 2, 3, 4, 5, 6, 7, 8, 9, 10, 11, 13, 15, 19, 21, 22, 26, 27, 30, 37, 51, 
  53, 54, 55, 56, 58, 62, 64 ],
[ 1, 2, 3, 4, 5, 6, 7, 8, 9, 10, 11, 13, 15, 19, 21, 22, 26, 33, 34, 37, 50, 
  51, 52, 53, 56, 58, 62, 64 ],
[ 1, 2, 3, 4, 5, 6, 7, 8, 9, 10, 11, 13, 15, 19, 28, 30, 31, 33, 34, 36, 40, 
  41, 45, 52, 54, 56, 58, 61 ],
[ 1, 2, 3, 4, 5, 6, 7, 8, 9, 10, 11, 13, 15, 19, 28, 31, 33, 34, 40, 41, 45, 
  49, 53, 54, 58, 61, 62, 63 ],
[ 1, 2, 3, 4, 5, 6, 7, 8, 9, 10, 11, 13, 15, 20, 21, 24, 29, 40, 44, 45, 47, 
  49, 52, 55, 60, 61, 62, 64 ],
[ 1, 2, 3, 4, 5, 6, 7, 8, 9, 10, 11, 13, 15, 20, 21, 25, 29, 40, 43, 45, 48, 
  49, 52, 55, 59, 61, 62, 64 ],
[ 1, 2, 3, 4, 5, 6, 7, 8, 9, 10, 11, 13, 15, 20, 25, 29, 31, 34, 35, 38, 39, 
  42, 43, 50, 54, 56, 58, 62 ],
[ 1, 2, 3, 4, 5, 6, 7, 8, 9, 10, 11, 13, 16, 18, 20, 22, 25, 27, 29, 31, 34, 
  37, 49, 53, 56, 59, 63, 64 ],
[ 1, 2, 3, 4, 5, 6, 7, 8, 9, 10, 11, 13, 16, 22, 25, 29, 31, 34, 37, 41, 42, 
  43, 50, 53, 56, 58, 62, 63 ],
[ 1, 2, 3, 4, 5, 6, 7, 8, 9, 10, 11, 13, 17, 20, 21, 26, 28, 29, 32, 34, 36, 
  37, 38, 49, 54, 58, 63, 64 ],
[ 1, 2, 3, 4, 5, 6, 7, 8, 9, 10, 11, 13, 17, 20, 21, 28, 29, 32, 34, 35, 36, 
  37, 47, 49, 56, 58, 60, 63 ],
[ 1, 2, 3, 4, 5, 6, 7, 8, 9, 10, 11, 13, 17, 21, 25, 29, 32, 35, 36, 38, 42, 
  49, 51, 54, 56, 58, 59, 63 ],
[ 1, 2, 3, 4, 5, 6, 7, 8, 9, 10, 11, 13, 18, 25, 29, 31, 34, 35, 39, 41, 43, 
  50, 53, 54, 56, 58, 62, 63 ],
[ 1, 2, 3, 4, 5, 6, 7, 8, 9, 10, 11, 13, 19, 21, 22, 26, 27, 30, 34, 36, 37, 
  38, 51, 54, 58, 62, 63, 64 ],
[ 1, 2, 3, 4, 5, 6, 7, 8, 9, 10, 11, 13, 19, 21, 22, 27, 30, 34, 35, 36, 37, 
  47, 51, 56, 58, 60, 62, 63 ],
[ 1, 2, 3, 4, 5, 6, 7, 8, 9, 10, 11, 13, 19, 24, 25, 26, 28, 31, 36, 40, 41, 
  48, 49, 53, 58, 59, 61, 62 ],
[ 1, 2, 3, 4, 5, 6, 7, 8, 9, 10, 11, 13, 19, 24, 25, 28, 30, 31, 40, 41, 45, 
  47, 52, 56, 58, 60, 63, 64 ],
[ 1, 2, 3, 4, 5, 6, 7, 8, 9, 10, 11, 13, 19, 24, 30, 31, 32, 36, 40, 41, 44, 
  45, 47, 49, 53, 58, 60, 61 ],
[ 1, 2, 3, 4, 5, 6, 7, 8, 9, 10, 11, 14, 15, 16, 17, 18, 19, 31, 32, 45, 52, 
  53, 54, 55, 58, 61, 62, 63 ],
[ 1, 2, 3, 4, 5, 6, 7, 8, 9, 10, 11, 14, 15, 16, 20, 29, 31, 34, 35, 39, 42, 
  43, 48, 50, 55, 62, 63, 64 ],
[ 1, 2, 3, 4, 5, 6, 7, 8, 9, 10, 11, 14, 15, 18, 19, 23, 31, 40, 45, 46, 47, 
  49, 51, 56, 60, 61, 62, 64 ],
[ 1, 2, 3, 4, 5, 6, 7, 8, 9, 10, 11, 14, 15, 18, 19, 25, 31, 40, 43, 47, 48, 
  49, 51, 56, 59, 60, 62, 64 ],
[ 1, 2, 3, 4, 5, 6, 7, 8, 9, 10, 11, 14, 15, 18, 23, 29, 31, 41, 44, 45, 46, 
  47, 49, 50, 56, 57, 58, 61 ],
[ 1, 2, 3, 4, 5, 6, 7, 8, 9, 10, 11, 14, 15, 18, 25, 29, 31, 34, 37, 38, 39, 
  41, 43, 50, 54, 56, 58, 62 ],
[ 1, 2, 3, 4, 5, 6, 7, 8, 9, 10, 11, 14, 15, 18, 25, 29, 31, 41, 43, 44, 47, 
  48, 49, 50, 56, 57, 58, 59 ],
[ 1, 2, 3, 4, 5, 6, 7, 8, 9, 10, 11, 14, 15, 19, 21, 22, 26, 28, 30, 33, 34, 
  35, 50, 53, 56, 58, 62, 64 ],
[ 1, 2, 3, 4, 5, 6, 7, 8, 9, 10, 11, 14, 15, 20, 29, 31, 33, 42, 44, 47, 49, 
  50, 53, 54, 56, 57, 58, 63 ],
[ 1, 2, 3, 4, 5, 6, 7, 8, 9, 10, 11, 14, 18, 22, 25, 26, 27, 29, 31, 42, 45, 
  53, 55, 58, 59, 61, 62, 64 ],
[ 1, 2, 3, 4, 5, 6, 7, 8, 9, 10, 11, 14, 21, 23, 25, 26, 29, 30, 34, 40, 42, 
  48, 49, 53, 58, 59, 60, 62 ],
[ 1, 2, 3, 4, 5, 6, 7, 8, 9, 10, 11, 14, 21, 23, 25, 28, 29, 30, 34, 40, 42, 
  45, 47, 51, 53, 58, 61, 64 ],
[ 1, 2, 3, 4, 5, 6, 7, 8, 9, 10, 11, 15, 16, 17, 18, 19, 28, 31, 33, 37, 38, 
  45, 46, 49, 53, 56, 62, 64 ],
[ 1, 2, 3, 4, 5, 6, 7, 8, 9, 10, 11, 15, 18, 20, 22, 23, 24, 26, 29, 31, 50, 
  54, 58, 60, 61, 62, 63, 64 ],
[ 1, 2, 3, 4, 5, 6, 7, 8, 9, 10, 11, 15, 18, 20, 22, 23, 26, 27, 29, 31, 44, 
  47, 49, 54, 58, 61, 63, 64 ],
[ 1, 2, 3, 4, 5, 6, 7, 8, 9, 10, 11, 15, 18, 23, 26, 27, 29, 31, 39, 41, 46, 
  47, 48, 49, 54, 58, 61, 63 ],
[ 1, 2, 3, 4, 5, 6, 7, 8, 9, 10, 11, 15, 18, 23, 29, 31, 39, 41, 43, 45, 50, 
  54, 58, 60, 61, 62, 63, 64 ],
[ 1, 2, 3, 4, 5, 6, 7, 8, 9, 10, 11, 15, 20, 21, 23, 24, 26, 28, 29, 32, 40, 
  44, 53, 54, 58, 61, 62, 64 ],
[ 1, 2, 3, 4, 5, 6, 7, 8, 9, 10, 11, 15, 20, 23, 25, 29, 31, 39, 42, 43, 45, 
  48, 50, 54, 60, 61, 62, 63 ],
[ 1, 2, 3, 4, 5, 6, 7, 8, 9, 10, 11, 15, 20, 23, 26, 27, 29, 31, 39, 42, 44, 
  47, 48, 49, 54, 58, 60, 63 ],
[ 1, 2, 3, 4, 5, 6, 7, 8, 9, 10, 11, 15, 22, 23, 26, 27, 29, 31, 41, 42, 46, 
  47, 49, 54, 58, 60, 63, 64 ],
[ 1, 2, 3, 4, 5, 6, 7, 8, 9, 10, 11, 15, 22, 26, 29, 31, 41, 42, 45, 47, 50, 
  54, 58, 60, 61, 62, 63, 64 ],
[ 1, 2, 3, 4, 5, 6, 7, 8, 9, 10, 11, 16, 17, 20, 21, 23, 25, 28, 29, 32, 47, 
  49, 53, 58, 59, 60, 61, 63 ],
[ 1, 2, 3, 4, 5, 6, 7, 8, 9, 10, 11, 16, 17, 20, 21, 23, 28, 29, 32, 44, 46, 
  47, 48, 49, 53, 59, 63, 64 ],
[ 1, 2, 3, 4, 5, 6, 7, 8, 9, 10, 11, 16, 19, 21, 22, 23, 25, 27, 30, 47, 51, 
  53, 58, 59, 60, 61, 62, 63 ],
[ 1, 2, 3, 4, 5, 6, 7, 8, 9, 10, 11, 16, 19, 21, 22, 23, 25, 27, 46, 47, 49, 
  51, 52, 53, 59, 60, 63, 64 ],
[ 1, 2, 3, 4, 5, 6, 7, 8, 9, 10, 11, 16, 19, 21, 22, 23, 27, 30, 44, 46, 47, 
  48, 51, 53, 59, 62, 63, 64 ],
[ 1, 2, 3, 4, 5, 6, 7, 8, 9, 10, 11, 16, 19, 21, 22, 23, 27, 44, 47, 48, 49, 
  51, 52, 53, 58, 59, 61, 63 ],
[ 1, 2, 3, 4, 5, 6, 7, 8, 9, 10, 11, 16, 19, 21, 22, 24, 25, 27, 28, 45, 52, 
  53, 58, 59, 60, 61, 62, 63 ],
[ 1, 2, 3, 4, 5, 6, 7, 8, 9, 10, 11, 16, 19, 21, 22, 24, 27, 28, 44, 45, 46, 
  48, 52, 53, 59, 62, 63, 64 ],
[ 1, 2, 3, 4, 5, 6, 7, 8, 9, 10, 11, 17, 18, 19, 24, 26, 31, 32, 35, 36, 44, 
  48, 52, 58, 59, 62, 63, 64 ],
[ 1, 2, 3, 4, 5, 6, 7, 8, 9, 10, 11, 17, 18, 19, 25, 26, 28, 31, 35, 43, 46, 
  47, 48, 49, 53, 56, 62, 64 ],
[ 1, 2, 3, 4, 5, 6, 7, 8, 9, 10, 11, 17, 20, 21, 23, 25, 26, 28, 29, 32, 34, 
  37, 49, 58, 59, 61, 63, 64 ],
[ 1, 2, 3, 4, 5, 6, 7, 8, 9, 10, 11, 17, 20, 21, 23, 28, 29, 32, 34, 37, 45, 
  46, 47, 49, 58, 60, 61, 63 ],
[ 1, 2, 3, 4, 5, 6, 7, 8, 9, 10, 11, 17, 21, 23, 25, 29, 32, 38, 42, 45, 46, 
  49, 51, 54, 58, 59, 61, 63 ],
[ 1, 2, 3, 4, 5, 6, 7, 8, 9, 10, 11, 19, 21, 22, 23, 25, 26, 27, 30, 34, 37, 
  51, 58, 59, 61, 62, 63, 64 ],
[ 1, 2, 3, 4, 5, 6, 7, 8, 9, 10, 12, 13, 14, 15, 18, 20, 22, 35, 37, 48, 49, 
  51, 52, 54, 58, 59, 62, 63 ],
[ 1, 2, 3, 4, 5, 6, 7, 8, 9, 10, 12, 13, 14, 18, 30, 32, 35, 36, 37, 39, 41, 
  44, 52, 54, 55, 59, 61, 62 ],
[ 1, 2, 3, 4, 5, 6, 7, 8, 9, 10, 12, 13, 14, 20, 28, 32, 35, 36, 37, 39, 42, 
  44, 51, 54, 55, 59, 61, 62 ],
[ 1, 2, 3, 4, 5, 6, 7, 8, 9, 10, 12, 13, 15, 16, 17, 28, 30, 36, 37, 38, 39, 
  40, 44, 49, 55, 59, 61, 62 ],
[ 1, 2, 3, 4, 5, 6, 7, 8, 9, 10, 12, 13, 15, 16, 18, 20, 22, 33, 37, 46, 49, 
  51, 52, 54, 59, 60, 62, 63 ],
[ 1, 2, 3, 4, 5, 6, 7, 8, 9, 10, 12, 13, 16, 18, 25, 27, 28, 30, 36, 37, 38, 
  39, 41, 50, 53, 56, 59, 64 ],
[ 1, 2, 3, 4, 5, 6, 7, 8, 9, 10, 12, 13, 16, 18, 25, 30, 32, 33, 36, 37, 39, 
  41, 52, 54, 55, 59, 62, 64 ],
[ 1, 2, 3, 4, 5, 6, 7, 8, 9, 10, 12, 13, 16, 20, 25, 28, 32, 33, 36, 37, 39, 
  42, 51, 54, 55, 59, 62, 64 ],
[ 1, 2, 3, 4, 5, 6, 7, 8, 9, 10, 12, 13, 17, 28, 32, 35, 36, 39, 40, 44, 51, 
  53, 54, 55, 59, 61, 62, 63 ],
[ 1, 2, 3, 4, 5, 6, 7, 8, 9, 10, 12, 13, 18, 27, 32, 35, 36, 39, 41, 44, 50, 
  53, 54, 55, 59, 61, 62, 63 ],
[ 1, 2, 3, 4, 5, 6, 7, 8, 9, 10, 12, 13, 22, 25, 27, 28, 30, 35, 36, 38, 41, 
  42, 50, 53, 54, 56, 59, 64 ],
[ 1, 2, 3, 4, 5, 6, 7, 8, 9, 10, 12, 14, 15, 16, 20, 27, 34, 35, 39, 42, 48, 
  50, 51, 52, 55, 58, 59, 63 ],
[ 1, 2, 3, 4, 5, 6, 7, 8, 9, 10, 12, 15, 17, 23, 26, 28, 32, 36, 37, 40, 46, 
  49, 51, 57, 59, 60, 61, 64 ],
[ 1, 2, 3, 4, 5, 6, 7, 8, 9, 10, 12, 15, 18, 20, 22, 23, 24, 45, 47, 48, 49, 
  51, 52, 54, 58, 59, 62, 63 ],
[ 1, 2, 3, 4, 5, 6, 7, 8, 9, 10, 12, 15, 18, 20, 22, 34, 36, 48, 49, 51, 52, 
  54, 55, 56, 58, 59, 62, 63 ],
[ 1, 2, 3, 4, 5, 6, 7, 8, 9, 10, 12, 15, 18, 20, 22, 44, 46, 48, 49, 51, 52, 
  54, 58, 59, 60, 61, 62, 63 ],
[ 1, 2, 3, 4, 5, 6, 7, 8, 9, 10, 12, 15, 18, 23, 24, 30, 32, 35, 37, 38, 41, 
  49, 52, 53, 54, 57, 59, 63 ],
[ 1, 2, 3, 4, 5, 6, 7, 8, 9, 10, 12, 15, 18, 23, 26, 27, 32, 36, 37, 41, 46, 
  49, 50, 57, 59, 60, 61, 64 ],
[ 1, 2, 3, 4, 5, 6, 7, 8, 9, 10, 12, 15, 18, 30, 32, 36, 38, 39, 41, 44, 52, 
  53, 54, 55, 59, 61, 62, 63 ],
[ 1, 2, 3, 4, 5, 6, 7, 8, 9, 10, 12, 15, 20, 23, 24, 28, 32, 35, 37, 38, 42, 
  49, 51, 53, 54, 57, 59, 63 ],
[ 1, 2, 3, 4, 5, 6, 7, 8, 9, 10, 12, 15, 20, 28, 32, 36, 38, 39, 42, 44, 51, 
  53, 54, 55, 59, 61, 62, 63 ],
[ 1, 2, 3, 4, 5, 6, 7, 8, 9, 10, 12, 18, 20, 22, 23, 26, 34, 43, 47, 48, 49, 
  51, 52, 54, 56, 58, 59, 62 ],
[ 1, 2, 3, 4, 5, 6, 7, 8, 9, 10, 12, 18, 23, 24, 30, 32, 34, 35, 36, 37, 41, 
  49, 52, 54, 55, 56, 57, 59 ],
[ 1, 2, 3, 4, 5, 6, 7, 8, 9, 10, 12, 18, 23, 24, 30, 32, 35, 37, 41, 44, 46, 
  49, 52, 54, 57, 59, 60, 61 ],
[ 1, 2, 3, 4, 5, 6, 7, 8, 9, 10, 13, 14, 15, 18, 19, 28, 31, 35, 40, 47, 48, 
  49, 51, 52, 53, 56, 61, 63 ],
[ 1, 2, 3, 4, 5, 6, 7, 8, 9, 10, 13, 14, 15, 18, 29, 31, 35, 41, 47, 48, 50, 
  51, 52, 53, 56, 57, 61, 63 ],
[ 1, 2, 3, 4, 5, 6, 7, 8, 9, 10, 13, 14, 15, 19, 28, 30, 31, 36, 37, 38, 40, 
  41, 45, 49, 51, 53, 58, 61 ],
[ 1, 2, 3, 4, 5, 6, 7, 8, 9, 10, 13, 16, 18, 20, 22, 25, 29, 31, 32, 34, 37, 
  43, 49, 50, 53, 56, 58, 63 ],
[ 1, 2, 3, 4, 5, 6, 7, 8, 9, 10, 13, 18, 28, 29, 31, 34, 35, 39, 41, 43, 50, 
  52, 53, 54, 56, 60, 61, 63 ],
[ 1, 2, 3, 4, 5, 6, 7, 8, 9, 10, 14, 20, 22, 23, 26, 29, 31, 32, 41, 48, 50, 
  53, 55, 58, 59, 61, 62, 64 ],
[ 1, 2, 3, 4, 5, 6, 7, 8, 9, 10, 16, 19, 21, 22, 23, 25, 27, 28, 32, 47, 49, 
  52, 53, 58, 59, 60, 61, 63 ],
[ 1, 2, 3, 4, 5, 6, 7, 8, 9, 10, 16, 19, 21, 22, 23, 27, 28, 32, 44, 46, 47, 
  48, 49, 52, 53, 59, 63, 64 ],
[ 1, 2, 3, 4, 5, 6, 7, 8, 9, 10, 19, 21, 22, 23, 25, 26, 27, 28, 32, 34, 37, 
  49, 52, 58, 59, 61, 63, 64 ],
[ 1, 2, 3, 4, 5, 6, 7, 8, 9, 11, 12, 13, 14, 15, 18, 25, 30, 31, 35, 37, 39, 
  41, 43, 52, 54, 58, 62, 63 ],
[ 1, 2, 3, 4, 5, 6, 7, 8, 9, 11, 12, 13, 14, 15, 20, 25, 28, 31, 35, 37, 39, 
  42, 43, 51, 54, 58, 62, 63 ],
[ 1, 2, 3, 4, 5, 6, 7, 8, 9, 11, 12, 13, 14, 16, 20, 21, 32, 34, 40, 43, 46, 
  50, 51, 53, 56, 60, 62, 63 ],
[ 1, 2, 3, 4, 5, 6, 7, 8, 9, 11, 12, 13, 14, 18, 25, 26, 30, 31, 41, 43, 46, 
  49, 52, 54, 57, 58, 59, 60 ],
[ 1, 2, 3, 4, 5, 6, 7, 8, 9, 11, 12, 13, 14, 20, 25, 26, 28, 31, 42, 43, 46, 
  49, 51, 54, 57, 58, 59, 60 ],
[ 1, 2, 3, 4, 5, 6, 7, 8, 9, 11, 12, 13, 15, 16, 18, 30, 31, 33, 37, 39, 41, 
  43, 52, 54, 60, 61, 62, 63 ],
[ 1, 2, 3, 4, 5, 6, 7, 8, 9, 11, 12, 13, 15, 16, 20, 28, 31, 33, 37, 39, 42, 
  43, 51, 54, 60, 61, 62, 63 ],
[ 1, 2, 3, 4, 5, 6, 7, 8, 9, 11, 12, 13, 15, 17, 21, 32, 33, 35, 36, 42, 50, 
  51, 56, 59, 60, 61, 62, 63 ],
[ 1, 2, 3, 4, 5, 6, 7, 8, 9, 11, 12, 14, 15, 16, 18, 30, 31, 33, 35, 39, 41, 
  43, 44, 46, 52, 54, 62, 63 ],
[ 1, 2, 3, 4, 5, 6, 7, 8, 9, 11, 12, 14, 15, 16, 20, 28, 31, 33, 35, 39, 42, 
  43, 44, 46, 51, 54, 62, 63 ],
[ 1, 2, 3, 4, 5, 6, 7, 8, 9, 11, 12, 14, 18, 25, 26, 30, 31, 33, 35, 41, 43, 
  44, 46, 49, 52, 57, 59, 64 ],
[ 1, 2, 3, 4, 5, 6, 7, 8, 9, 11, 12, 14, 20, 25, 26, 28, 31, 33, 35, 42, 43, 
  44, 46, 49, 51, 57, 59, 64 ],
[ 1, 2, 3, 4, 5, 6, 7, 8, 9, 11, 12, 14, 21, 23, 25, 27, 32, 34, 40, 42, 45, 
  47, 51, 53, 58, 61, 62, 64 ],
[ 1, 2, 3, 4, 5, 6, 7, 8, 9, 11, 13, 14, 22, 29, 30, 34, 35, 37, 41, 42, 43, 
  50, 52, 54, 56, 60, 61, 62 ],
[ 1, 2, 3, 4, 5, 6, 7, 8, 9, 11, 13, 16, 22, 25, 29, 30, 33, 34, 37, 41, 42, 
  43, 50, 52, 54, 56, 58, 62 ],
[ 1, 2, 3, 4, 5, 6, 7, 8, 9, 11, 14, 16, 18, 20, 22, 25, 29, 30, 33, 34, 35, 
  43, 50, 52, 54, 56, 58, 62 ],
[ 1, 2, 3, 4, 5, 6, 7, 8, 9, 11, 15, 18, 20, 22, 23, 24, 26, 29, 30, 43, 50, 
  52, 54, 59, 60, 61, 62, 63 ],
[ 1, 2, 3, 4, 5, 6, 7, 8, 9, 11, 15, 22, 26, 29, 30, 41, 42, 43, 45, 47, 50, 
  52, 54, 59, 60, 61, 62, 63 ],
[ 1, 2, 3, 4, 5, 6, 7, 8, 9, 11, 18, 20, 22, 23, 24, 25, 26, 29, 30, 34, 43, 
  50, 52, 54, 56, 58, 59, 62 ],
[ 1, 2, 3, 4, 5, 6, 7, 8, 9, 12, 13, 15, 17, 21, 24, 26, 30, 42, 48, 50, 51, 
  52, 55, 58, 59, 60, 62, 64 ],
[ 1, 2, 3, 4, 5, 6, 7, 8, 9, 12, 14, 21, 23, 25, 26, 27, 30, 34, 40, 42, 48, 
  51, 52, 53, 58, 59, 60, 62 ],
[ 1, 2, 3, 4, 5, 6, 7, 8, 9, 12, 15, 17, 21, 23, 24, 26, 30, 42, 44, 48, 50, 
  51, 52, 53, 54, 58, 60, 62 ],
[ 1, 2, 3, 4, 5, 6, 7, 8, 9, 13, 14, 15, 18, 19, 24, 26, 30, 38, 40, 46, 47, 
  48, 53, 54, 60, 62, 63, 64 ],
[ 1, 2, 3, 4, 5, 6, 7, 8, 9, 13, 14, 15, 18, 19, 24, 26, 38, 40, 47, 48, 49, 
  52, 53, 54, 58, 60, 61, 63 ],
[ 1, 2, 3, 4, 5, 6, 7, 8, 9, 13, 14, 15, 18, 19, 26, 30, 36, 38, 40, 43, 46, 
  48, 54, 56, 59, 60, 62, 64 ],
[ 1, 2, 3, 4, 5, 6, 7, 8, 9, 13, 14, 15, 18, 19, 26, 36, 38, 40, 43, 48, 49, 
  52, 54, 56, 58, 59, 60, 61 ],
[ 1, 2, 3, 4, 5, 6, 7, 8, 9, 13, 14, 18, 19, 24, 26, 30, 34, 36, 40, 46, 47, 
  48, 54, 55, 56, 60, 62, 64 ],
[ 1, 2, 3, 4, 5, 6, 7, 8, 9, 13, 14, 18, 19, 24, 26, 34, 36, 40, 47, 48, 49, 
  52, 54, 55, 56, 58, 60, 61 ],
[ 1, 2, 3, 4, 5, 6, 7, 8, 9, 13, 14, 18, 19, 26, 30, 34, 40, 43, 46, 48, 53, 
  54, 55, 59, 60, 62, 63, 64 ],
[ 1, 2, 3, 4, 5, 6, 7, 8, 9, 13, 14, 18, 19, 26, 34, 40, 43, 48, 49, 52, 53, 
  54, 55, 58, 59, 60, 61, 63 ],
[ 1, 2, 3, 4, 5, 6, 7, 8, 10, 13, 14, 21, 23, 25, 26, 28, 35, 38, 40, 42, 48, 
  49, 53, 56, 58, 59, 60, 63 ],
[ 1, 2, 3, 4, 5, 6, 7, 8, 10, 13, 14, 21, 23, 25, 28, 34, 35, 38, 40, 42, 45, 
  47, 49, 55, 56, 58, 61, 64 ],
[ 1, 2, 3, 4, 5, 6, 7, 8, 10, 13, 14, 21, 23, 25, 28, 35, 38, 40, 42, 44, 45, 
  47, 49, 53, 56, 60, 61, 63 ],
[ 1, 2, 3, 4, 5, 6, 7, 8, 10, 13, 14, 21, 23, 26, 28, 34, 35, 38, 40, 42, 46, 
  49, 55, 56, 58, 59, 60, 61 ],
[ 1, 2, 3, 4, 5, 6, 7, 8, 10, 13, 15, 16, 17, 20, 21, 23, 25, 28, 34, 38, 45, 
  47, 49, 54, 58, 61, 63, 64 ],
[ 1, 2, 3, 4, 5, 6, 7, 8, 10, 13, 15, 16, 17, 20, 21, 23, 25, 28, 35, 38, 47, 
  49, 53, 58, 59, 60, 61, 63 ],
[ 1, 2, 3, 4, 5, 6, 7, 8, 10, 13, 15, 16, 17, 20, 21, 23, 25, 28, 38, 45, 47, 
  49, 53, 54, 55, 58, 61, 64 ],
[ 1, 2, 3, 4, 5, 6, 7, 8, 10, 13, 15, 16, 17, 20, 21, 23, 25, 28, 44, 45, 47, 
  48, 49, 53, 54, 56, 63, 64 ],
[ 1, 2, 3, 4, 5, 6, 7, 8, 10, 13, 15, 16, 17, 20, 21, 23, 26, 28, 34, 46, 48, 
  49, 54, 55, 56, 58, 59, 64 ],
[ 1, 2, 3, 4, 5, 6, 7, 8, 10, 13, 15, 16, 17, 20, 21, 23, 28, 34, 38, 45, 46, 
  47, 48, 49, 54, 58, 63, 64 ],
[ 1, 2, 3, 4, 5, 6, 7, 8, 10, 13, 15, 16, 17, 20, 21, 23, 28, 34, 44, 45, 46, 
  47, 49, 54, 55, 56, 61, 64 ],
[ 1, 2, 3, 4, 5, 6, 7, 8, 10, 13, 15, 16, 17, 20, 21, 23, 28, 35, 38, 44, 46, 
  47, 48, 49, 53, 59, 63, 64 ],
[ 1, 2, 3, 4, 5, 6, 7, 8, 10, 13, 15, 16, 17, 20, 21, 23, 28, 38, 45, 46, 47, 
  48, 49, 53, 54, 55, 58, 64 ],
[ 1, 2, 3, 4, 5, 6, 7, 8, 10, 13, 15, 16, 17, 20, 21, 25, 26, 28, 34, 43, 45, 
  49, 54, 55, 56, 58, 61, 64 ],
[ 1, 2, 3, 4, 5, 6, 7, 8, 10, 13, 15, 16, 17, 20, 21, 25, 28, 38, 43, 44, 47, 
  49, 53, 54, 55, 59, 60, 61 ],
[ 1, 2, 3, 4, 5, 6, 7, 8, 10, 13, 15, 16, 17, 20, 21, 28, 34, 38, 43, 44, 46, 
  47, 48, 49, 54, 59, 60, 63 ],
[ 1, 2, 3, 4, 5, 6, 7, 8, 10, 13, 15, 17, 20, 21, 23, 25, 26, 28, 35, 37, 44, 
  48, 49, 53, 56, 59, 63, 64 ],
[ 1, 2, 3, 4, 5, 6, 7, 8, 10, 13, 15, 17, 20, 21, 23, 25, 26, 28, 35, 37, 48, 
  49, 53, 56, 58, 59, 60, 63 ],
[ 1, 2, 3, 4, 5, 6, 7, 8, 10, 13, 15, 17, 20, 21, 23, 25, 26, 28, 37, 45, 48, 
  49, 53, 54, 55, 56, 58, 64 ],
[ 1, 2, 3, 4, 5, 6, 7, 8, 10, 13, 15, 17, 20, 21, 25, 26, 28, 35, 37, 43, 44, 
  45, 48, 49, 53, 56, 63, 64 ],
[ 1, 2, 3, 4, 5, 6, 7, 8, 10, 13, 16, 17, 20, 21, 23, 25, 28, 34, 36, 44, 45, 
  47, 49, 54, 56, 60, 61, 63 ],
[ 1, 2, 3, 4, 5, 6, 7, 8, 10, 13, 16, 17, 20, 21, 23, 28, 34, 36, 44, 45, 46, 
  47, 48, 49, 54, 56, 60, 63 ],
[ 1, 2, 3, 4, 5, 6, 7, 8, 10, 13, 16, 17, 20, 21, 28, 34, 36, 43, 46, 47, 48, 
  49, 54, 56, 58, 59, 63, 64 ],
[ 1, 2, 3, 4, 5, 6, 7, 8, 10, 13, 17, 20, 21, 23, 25, 26, 28, 34, 36, 37, 38, 
  45, 48, 49, 54, 58, 63, 64 ],
[ 1, 2, 3, 4, 5, 6, 7, 8, 11, 13, 14, 15, 18, 20, 22, 23, 24, 26, 35, 37, 50, 
  54, 58, 60, 61, 62, 63, 64 ],
[ 1, 2, 3, 4, 5, 6, 7, 8, 11, 13, 14, 15, 18, 20, 22, 23, 26, 27, 35, 37, 44, 
  47, 49, 54, 58, 61, 63, 64 ],
[ 1, 2, 3, 4, 5, 6, 7, 8, 11, 13, 14, 15, 20, 23, 25, 33, 35, 42, 44, 45, 47, 
  48, 49, 50, 54, 56, 57, 58 ],
[ 1, 2, 3, 4, 5, 6, 7, 8, 11, 13, 14, 15, 20, 33, 35, 42, 43, 44, 46, 47, 49, 
  50, 54, 56, 57, 58, 59, 61 ],
[ 1, 2, 3, 4, 5, 6, 7, 8, 11, 13, 14, 15, 22, 23, 26, 27, 35, 37, 41, 42, 46, 
  47, 49, 54, 58, 60, 63, 64 ],
[ 1, 2, 3, 4, 5, 6, 7, 8, 11, 13, 14, 15, 22, 26, 35, 37, 41, 42, 45, 47, 50, 
  54, 58, 60, 61, 62, 63, 64 ],
[ 1, 2, 3, 4, 5, 6, 7, 8, 11, 13, 14, 16, 20, 23, 24, 25, 37, 42, 45, 48, 49, 
  50, 54, 55, 57, 58, 60, 63 ],
[ 1, 2, 3, 4, 5, 6, 7, 8, 11, 13, 14, 16, 20, 24, 37, 42, 43, 46, 49, 50, 54, 
  55, 57, 58, 59, 60, 61, 63 ],
[ 1, 2, 3, 4, 5, 6, 7, 8, 11, 13, 15, 18, 20, 22, 23, 24, 26, 35, 36, 43, 50, 
  54, 56, 59, 60, 61, 62, 63 ],
[ 1, 2, 3, 4, 5, 6, 7, 8, 11, 13, 15, 18, 20, 22, 23, 26, 27, 35, 36, 43, 44, 
  47, 49, 54, 56, 59, 61, 63 ],
[ 1, 2, 3, 4, 5, 6, 7, 8, 11, 13, 16, 18, 20, 22, 23, 24, 25, 27, 34, 37, 45, 
  47, 49, 53, 56, 59, 63, 64 ],
[ 1, 2, 3, 4, 5, 6, 7, 8, 11, 13, 16, 22, 23, 24, 25, 34, 37, 41, 42, 43, 45, 
  47, 50, 53, 56, 58, 62, 63 ],
[ 1, 2, 3, 4, 5, 6, 7, 8, 12, 13, 14, 15, 19, 21, 22, 23, 24, 34, 46, 48, 49, 
  53, 54, 56, 59, 60, 62, 64 ],
[ 1, 2, 3, 4, 5, 6, 7, 8, 12, 13, 14, 15, 19, 21, 22, 23, 24, 44, 46, 48, 49, 
  54, 55, 56, 58, 59, 62, 63 ],
[ 1, 2, 3, 4, 5, 6, 7, 8, 12, 13, 14, 15, 19, 21, 22, 23, 25, 33, 36, 47, 49, 
  55, 58, 59, 60, 61, 62, 63 ],
[ 1, 2, 3, 4, 5, 6, 7, 8, 12, 13, 14, 15, 19, 21, 22, 23, 25, 34, 36, 43, 44, 
  47, 49, 54, 58, 61, 62, 63 ],
[ 1, 2, 3, 4, 5, 6, 7, 8, 12, 13, 14, 15, 19, 21, 22, 23, 25, 34, 36, 43, 47, 
  49, 54, 60, 61, 62, 63, 64 ],
[ 1, 2, 3, 4, 5, 6, 7, 8, 12, 13, 14, 15, 19, 21, 22, 23, 25, 34, 43, 44, 46, 
  47, 49, 53, 54, 56, 62, 64 ],
[ 1, 2, 3, 4, 5, 6, 7, 8, 12, 13, 14, 15, 19, 21, 22, 23, 25, 36, 43, 44, 47, 
  49, 53, 54, 55, 58, 61, 62 ],
[ 1, 2, 3, 4, 5, 6, 7, 8, 12, 13, 14, 15, 19, 21, 22, 23, 25, 36, 43, 47, 49, 
  53, 54, 55, 60, 61, 62, 64 ],
[ 1, 2, 3, 4, 5, 6, 7, 8, 12, 13, 14, 15, 19, 21, 22, 23, 33, 36, 44, 46, 47, 
  48, 49, 55, 59, 62, 63, 64 ],
[ 1, 2, 3, 4, 5, 6, 7, 8, 12, 13, 14, 15, 19, 21, 22, 23, 34, 36, 43, 44, 46, 
  47, 48, 49, 54, 58, 62, 63 ],
[ 1, 2, 3, 4, 5, 6, 7, 8, 12, 13, 14, 15, 19, 21, 22, 23, 34, 36, 43, 46, 47, 
  48, 49, 54, 60, 62, 63, 64 ],
[ 1, 2, 3, 4, 5, 6, 7, 8, 12, 13, 14, 15, 19, 21, 22, 23, 36, 43, 44, 46, 47, 
  48, 49, 53, 54, 55, 58, 62 ],
[ 1, 2, 3, 4, 5, 6, 7, 8, 12, 13, 14, 15, 19, 21, 22, 23, 43, 44, 47, 48, 49, 
  54, 55, 56, 61, 62, 63, 64 ],
[ 1, 2, 3, 4, 5, 6, 7, 8, 12, 13, 14, 15, 19, 21, 22, 24, 25, 34, 43, 45, 49, 
  53, 54, 56, 60, 61, 62, 64 ],
[ 1, 2, 3, 4, 5, 6, 7, 8, 12, 13, 14, 15, 19, 21, 22, 24, 25, 43, 44, 45, 49, 
  54, 55, 56, 58, 61, 62, 63 ],
[ 1, 2, 3, 4, 5, 6, 7, 8, 12, 13, 14, 15, 19, 21, 22, 25, 33, 36, 43, 44, 45, 
  47, 49, 55, 61, 62, 63, 64 ],
[ 1, 2, 3, 4, 5, 6, 7, 8, 12, 13, 14, 15, 19, 21, 22, 25, 34, 36, 45, 47, 49, 
  54, 59, 60, 61, 62, 63, 64 ],
[ 1, 2, 3, 4, 5, 6, 7, 8, 12, 13, 14, 15, 19, 21, 22, 25, 36, 44, 45, 47, 49, 
  53, 54, 55, 58, 59, 61, 62 ],
[ 1, 2, 3, 4, 5, 6, 7, 8, 12, 13, 14, 15, 19, 21, 22, 25, 44, 45, 46, 47, 49, 
  54, 55, 56, 59, 62, 63, 64 ],
[ 1, 2, 3, 4, 5, 6, 7, 8, 12, 13, 14, 15, 19, 21, 22, 33, 36, 43, 45, 46, 47, 
  48, 49, 55, 58, 60, 62, 63 ],
[ 1, 2, 3, 4, 5, 6, 7, 8, 12, 13, 14, 15, 19, 21, 22, 34, 36, 44, 45, 46, 47, 
  48, 49, 54, 58, 59, 62, 63 ],
[ 1, 2, 3, 4, 5, 6, 7, 8, 12, 13, 14, 15, 19, 21, 22, 34, 44, 45, 47, 48, 49, 
  53, 54, 56, 59, 61, 62, 64 ],
[ 1, 2, 3, 4, 5, 6, 7, 8, 12, 13, 14, 15, 19, 21, 22, 36, 45, 46, 47, 48, 49, 
  53, 54, 55, 59, 60, 62, 64 ],
[ 1, 2, 3, 4, 5, 6, 7, 8, 12, 13, 14, 19, 21, 22, 23, 25, 33, 34, 38, 47, 49, 
  53, 56, 58, 59, 60, 61, 62 ],
[ 1, 2, 3, 4, 5, 6, 7, 8, 12, 13, 14, 19, 21, 22, 23, 25, 34, 38, 43, 44, 47, 
  49, 54, 56, 58, 61, 62, 63 ],
[ 1, 2, 3, 4, 5, 6, 7, 8, 12, 13, 14, 19, 21, 22, 23, 25, 34, 38, 43, 47, 49, 
  54, 56, 60, 61, 62, 63, 64 ],
[ 1, 2, 3, 4, 5, 6, 7, 8, 12, 13, 14, 19, 21, 22, 23, 33, 34, 38, 44, 46, 47, 
  48, 49, 53, 56, 59, 62, 64 ],
[ 1, 2, 3, 4, 5, 6, 7, 8, 12, 13, 14, 19, 21, 22, 23, 34, 38, 43, 44, 46, 47, 
  48, 49, 54, 56, 58, 62, 63 ],
[ 1, 2, 3, 4, 5, 6, 7, 8, 12, 13, 14, 19, 21, 22, 25, 33, 34, 38, 43, 44, 45, 
  47, 49, 53, 56, 61, 62, 64 ],
[ 1, 2, 3, 4, 5, 6, 7, 8, 12, 13, 14, 19, 21, 22, 25, 34, 38, 44, 45, 47, 49, 
  54, 56, 58, 59, 61, 62, 63 ],
[ 1, 2, 3, 4, 5, 6, 7, 8, 12, 13, 14, 19, 21, 22, 33, 34, 38, 43, 45, 46, 47, 
  48, 49, 53, 56, 58, 60, 62 ],
[ 1, 2, 3, 4, 5, 6, 7, 8, 12, 13, 14, 19, 21, 22, 34, 38, 45, 46, 47, 48, 49, 
  54, 56, 59, 60, 62, 63, 64 ],
[ 1, 2, 3, 4, 5, 6, 7, 8, 13, 14, 15, 20, 23, 24, 26, 28, 30, 34, 35, 42, 44, 
  47, 50, 55, 56, 57, 58, 59 ],
[ 1, 2, 3, 4, 5, 6, 7, 8, 13, 14, 15, 20, 23, 25, 26, 28, 30, 33, 35, 42, 44, 
  48, 50, 54, 56, 57, 58, 59 ],
[ 1, 2, 3, 4, 5, 6, 7, 8, 13, 14, 15, 20, 23, 33, 35, 42, 44, 45, 47, 48, 50, 
  51, 52, 54, 56, 57, 60, 61 ],
[ 1, 2, 3, 4, 5, 6, 7, 8, 13, 14, 15, 20, 23, 34, 35, 42, 43, 45, 47, 48, 50, 
  51, 52, 55, 56, 57, 59, 61 ],
[ 1, 2, 3, 4, 5, 6, 7, 8, 13, 14, 18, 22, 24, 26, 27, 30, 34, 35, 36, 42, 44, 
  45, 47, 51, 56, 59, 63, 64 ],
[ 1, 2, 3, 4, 5, 6, 7, 8, 13, 14, 18, 22, 24, 26, 27, 30, 35, 36, 42, 45, 47, 
  51, 53, 55, 56, 58, 59, 60 ],
[ 1, 2, 3, 4, 5, 6, 7, 8, 13, 14, 20, 22, 23, 24, 26, 28, 30, 35, 36, 41, 44, 
  47, 50, 53, 55, 56, 58, 59 ],
[ 1, 2, 3, 4, 5, 6, 7, 8, 13, 14, 20, 22, 24, 26, 28, 30, 34, 35, 36, 41, 43, 
  44, 45, 47, 50, 56, 58, 63 ],
[ 1, 2, 3, 4, 5, 6, 8, 9, 10, 12, 13, 15, 16, 17, 20, 25, 29, 31, 34, 38, 41, 
  47, 49, 54, 57, 61, 62, 63 ],
[ 1, 2, 3, 4, 5, 6, 8, 9, 10, 12, 13, 15, 16, 17, 20, 25, 29, 31, 38, 41, 47, 
  49, 53, 54, 55, 57, 61, 62 ],
[ 1, 2, 3, 4, 5, 6, 8, 9, 10, 12, 13, 15, 16, 18, 19, 22, 24, 28, 31, 39, 48, 
  50, 53, 54, 56, 61, 62, 63 ],
[ 1, 2, 3, 4, 5, 6, 8, 9, 10, 12, 13, 15, 16, 19, 20, 25, 27, 28, 31, 34, 38, 
  39, 47, 49, 54, 57, 61, 63 ],
[ 1, 2, 3, 4, 5, 6, 8, 9, 10, 12, 13, 15, 16, 19, 20, 25, 27, 28, 31, 38, 39, 
  47, 49, 53, 54, 55, 57, 61 ],
[ 1, 2, 3, 4, 5, 6, 8, 9, 10, 12, 13, 15, 16, 19, 20, 25, 27, 31, 34, 38, 39, 
  47, 51, 54, 57, 61, 62, 63 ],
[ 1, 2, 3, 4, 5, 6, 8, 9, 10, 12, 13, 15, 16, 19, 20, 25, 27, 31, 38, 39, 47, 
  51, 53, 54, 55, 57, 61, 62 ],
[ 1, 2, 3, 4, 5, 6, 8, 9, 10, 12, 13, 15, 16, 19, 22, 24, 28, 31, 41, 48, 50, 
  53, 54, 56, 57, 61, 62, 63 ],
[ 1, 2, 3, 4, 5, 6, 8, 9, 10, 12, 13, 15, 17, 20, 25, 26, 29, 31, 37, 41, 48, 
  49, 53, 54, 55, 56, 57, 62 ],
[ 1, 2, 3, 4, 5, 6, 8, 9, 10, 12, 13, 15, 17, 20, 26, 28, 29, 31, 37, 41, 46, 
  51, 53, 54, 55, 56, 57, 61 ],
[ 1, 2, 3, 4, 5, 6, 8, 9, 10, 12, 13, 15, 17, 25, 26, 29, 31, 36, 37, 39, 41, 
  42, 48, 49, 54, 55, 62, 63 ],
[ 1, 2, 3, 4, 5, 6, 8, 9, 10, 12, 13, 15, 17, 26, 28, 29, 31, 36, 37, 39, 41, 
  42, 46, 51, 54, 55, 61, 63 ],
[ 1, 2, 3, 4, 5, 6, 8, 9, 10, 12, 13, 15, 18, 19, 20, 26, 27, 28, 31, 37, 41, 
  46, 49, 53, 54, 55, 56, 61 ],
[ 1, 2, 3, 4, 5, 6, 8, 9, 10, 12, 13, 15, 19, 20, 25, 26, 27, 28, 31, 37, 39, 
  48, 49, 53, 54, 55, 56, 57 ],
[ 1, 2, 3, 4, 5, 6, 8, 9, 10, 12, 13, 16, 17, 20, 25, 28, 29, 31, 34, 36, 41, 
  47, 51, 54, 56, 57, 61, 63 ],
[ 1, 2, 3, 4, 5, 6, 8, 9, 10, 12, 13, 16, 17, 20, 25, 28, 29, 31, 36, 41, 47, 
  51, 53, 54, 55, 56, 57, 61 ],
[ 1, 2, 3, 4, 5, 6, 8, 9, 10, 12, 13, 16, 18, 19, 20, 25, 27, 28, 31, 34, 36, 
  41, 47, 49, 54, 56, 61, 63 ],
[ 1, 2, 3, 4, 5, 6, 8, 9, 10, 12, 13, 16, 18, 19, 20, 25, 27, 28, 31, 36, 41, 
  47, 49, 53, 54, 55, 56, 61 ],
[ 1, 2, 3, 4, 5, 6, 8, 9, 10, 12, 13, 16, 18, 19, 20, 25, 27, 31, 34, 36, 41, 
  47, 51, 54, 56, 61, 62, 63 ],
[ 1, 2, 3, 4, 5, 6, 8, 9, 10, 12, 13, 16, 18, 19, 20, 25, 27, 31, 36, 41, 47, 
  51, 53, 54, 55, 56, 61, 62 ],
[ 1, 2, 3, 4, 5, 6, 8, 9, 10, 12, 13, 17, 20, 25, 26, 29, 31, 34, 36, 37, 38, 
  41, 48, 49, 54, 57, 62, 63 ],
[ 1, 2, 3, 4, 5, 6, 8, 9, 10, 12, 13, 17, 20, 26, 28, 29, 31, 34, 36, 37, 38, 
  41, 46, 51, 54, 57, 61, 63 ],
[ 1, 2, 3, 4, 5, 6, 8, 9, 10, 12, 13, 17, 25, 26, 29, 31, 34, 37, 38, 39, 41, 
  42, 48, 49, 53, 54, 56, 62 ],
[ 1, 2, 3, 4, 5, 6, 8, 9, 10, 12, 13, 17, 26, 28, 29, 31, 34, 37, 38, 39, 41, 
  42, 46, 51, 53, 54, 56, 61 ],
[ 1, 2, 3, 4, 5, 6, 8, 9, 10, 12, 13, 18, 19, 20, 26, 27, 28, 31, 34, 36, 37, 
  38, 41, 46, 49, 54, 61, 63 ],
[ 1, 2, 3, 4, 5, 6, 8, 9, 10, 12, 13, 19, 20, 25, 26, 27, 28, 31, 34, 36, 37, 
  38, 39, 48, 49, 54, 57, 63 ],
[ 1, 2, 3, 4, 5, 6, 8, 9, 10, 12, 15, 16, 17, 20, 23, 25, 29, 31, 38, 41, 47, 
  49, 57, 58, 59, 60, 61, 62 ],
[ 1, 2, 3, 4, 5, 6, 8, 9, 10, 12, 15, 16, 18, 20, 23, 24, 25, 29, 31, 38, 40, 
  44, 49, 57, 58, 59, 61, 62 ],
[ 1, 2, 3, 4, 5, 6, 8, 9, 10, 12, 15, 16, 18, 20, 23, 24, 25, 29, 31, 38, 40, 
  49, 57, 59, 60, 61, 62, 64 ],
[ 1, 2, 3, 4, 5, 6, 8, 9, 10, 12, 15, 16, 18, 23, 24, 29, 31, 38, 39, 40, 42, 
  48, 49, 58, 59, 60, 61, 62 ],
[ 1, 2, 3, 4, 5, 6, 8, 9, 10, 12, 15, 16, 18, 24, 29, 31, 38, 39, 40, 42, 43, 
  44, 45, 48, 49, 61, 62, 64 ],
[ 1, 2, 3, 4, 5, 6, 8, 9, 10, 12, 15, 16, 19, 20, 23, 25, 27, 28, 31, 38, 39, 
  47, 49, 57, 58, 59, 60, 61 ],
[ 1, 2, 3, 4, 5, 6, 8, 9, 10, 12, 15, 16, 19, 20, 23, 25, 27, 31, 38, 39, 47, 
  51, 57, 58, 59, 60, 61, 62 ],
[ 1, 2, 3, 4, 5, 6, 8, 9, 10, 12, 15, 17, 20, 23, 25, 26, 29, 31, 37, 41, 44, 
  48, 49, 56, 57, 59, 62, 64 ],
[ 1, 2, 3, 4, 5, 6, 8, 9, 10, 12, 15, 17, 20, 23, 26, 28, 29, 31, 37, 41, 44, 
  46, 51, 56, 57, 59, 61, 64 ],
[ 1, 2, 3, 4, 5, 6, 8, 9, 10, 12, 15, 18, 19, 20, 23, 26, 27, 28, 31, 37, 41, 
  44, 46, 49, 56, 59, 61, 64 ],
[ 1, 2, 3, 4, 5, 6, 8, 9, 10, 12, 15, 18, 19, 20, 23, 26, 27, 28, 31, 37, 41, 
  46, 49, 56, 58, 59, 60, 61 ],
[ 1, 2, 3, 4, 5, 6, 8, 9, 10, 12, 15, 19, 20, 23, 25, 26, 27, 28, 31, 37, 39, 
  44, 48, 49, 56, 57, 59, 64 ],
[ 1, 2, 3, 4, 5, 6, 8, 9, 10, 12, 15, 19, 20, 23, 25, 26, 27, 28, 31, 37, 39, 
  48, 49, 56, 57, 58, 59, 60 ],
[ 1, 2, 3, 4, 5, 6, 8, 9, 10, 12, 16, 17, 20, 23, 25, 28, 29, 31, 36, 41, 47, 
  51, 56, 57, 58, 59, 60, 61 ],
[ 1, 2, 3, 4, 5, 6, 8, 9, 10, 12, 16, 18, 19, 20, 23, 25, 27, 28, 31, 36, 41, 
  47, 49, 56, 58, 59, 60, 61 ],
[ 1, 2, 3, 4, 5, 6, 8, 9, 10, 12, 16, 18, 19, 20, 23, 25, 27, 31, 36, 41, 47, 
  51, 56, 58, 59, 60, 61, 62 ],
[ 1, 2, 3, 4, 5, 6, 8, 9, 10, 12, 16, 18, 20, 23, 24, 25, 28, 29, 31, 36, 40, 
  44, 51, 56, 57, 58, 59, 61 ],
[ 1, 2, 3, 4, 5, 6, 8, 9, 10, 12, 16, 18, 23, 24, 28, 29, 31, 36, 39, 40, 42, 
  48, 51, 56, 58, 59, 60, 61 ],
[ 1, 2, 3, 4, 5, 6, 8, 9, 10, 12, 17, 20, 23, 25, 26, 29, 31, 36, 37, 38, 41, 
  44, 48, 49, 57, 59, 62, 64 ],
[ 1, 2, 3, 4, 5, 6, 8, 9, 10, 12, 17, 20, 23, 26, 28, 29, 31, 36, 37, 38, 41, 
  44, 46, 51, 57, 59, 61, 64 ],
[ 1, 2, 3, 4, 5, 6, 8, 9, 10, 12, 18, 19, 20, 23, 26, 27, 28, 31, 36, 37, 38, 
  41, 44, 46, 49, 59, 61, 64 ],
[ 1, 2, 3, 4, 5, 6, 8, 9, 10, 12, 18, 19, 20, 23, 26, 27, 28, 31, 36, 37, 38, 
  41, 46, 49, 58, 59, 60, 61 ],
[ 1, 2, 3, 4, 5, 6, 8, 9, 10, 12, 19, 20, 23, 25, 26, 27, 28, 31, 36, 37, 38, 
  39, 44, 48, 49, 57, 59, 64 ],
[ 1, 2, 3, 4, 5, 6, 8, 9, 10, 12, 19, 20, 23, 25, 26, 27, 28, 31, 36, 37, 38, 
  39, 48, 49, 57, 58, 59, 60 ],
[ 1, 2, 3, 4, 5, 6, 8, 9, 10, 13, 14, 16, 18, 19, 22, 25, 29, 30, 34, 37, 39, 
  47, 51, 52, 54, 61, 62, 63 ],
[ 1, 2, 3, 4, 5, 6, 8, 9, 10, 13, 14, 16, 18, 19, 22, 25, 29, 30, 37, 39, 47, 
  51, 52, 53, 54, 55, 61, 62 ],
[ 1, 2, 3, 4, 5, 6, 8, 9, 10, 13, 14, 16, 18, 19, 22, 29, 30, 34, 37, 39, 46, 
  47, 48, 51, 52, 54, 62, 63 ],
[ 1, 2, 3, 4, 5, 6, 8, 9, 10, 13, 14, 16, 18, 19, 22, 29, 30, 37, 39, 46, 47, 
  48, 51, 52, 53, 54, 55, 62 ],
[ 1, 2, 3, 4, 5, 6, 8, 9, 10, 13, 14, 16, 18, 25, 26, 30, 32, 35, 37, 39, 40, 
  42, 48, 50, 51, 53, 62, 63 ],
[ 1, 2, 3, 4, 5, 6, 8, 9, 10, 13, 14, 16, 18, 26, 30, 32, 34, 35, 37, 39, 40, 
  42, 46, 50, 51, 55, 61, 62 ],
[ 1, 2, 3, 4, 5, 6, 8, 9, 10, 13, 14, 16, 25, 26, 28, 30, 32, 35, 37, 40, 41, 
  42, 48, 49, 50, 53, 57, 63 ],
[ 1, 2, 3, 4, 5, 6, 8, 9, 10, 13, 14, 16, 26, 28, 30, 32, 34, 35, 37, 40, 41, 
  42, 46, 49, 50, 55, 57, 61 ],
[ 1, 2, 3, 4, 5, 6, 8, 9, 10, 13, 15, 16, 18, 24, 26, 30, 32, 35, 38, 39, 40, 
  42, 47, 50, 51, 53, 62, 63 ],
[ 1, 2, 3, 4, 5, 6, 8, 9, 10, 13, 15, 16, 18, 26, 30, 32, 33, 35, 38, 39, 40, 
  42, 46, 50, 51, 54, 61, 62 ],
[ 1, 2, 3, 4, 5, 6, 8, 9, 10, 13, 15, 16, 18, 26, 30, 32, 35, 36, 38, 39, 40, 
  42, 43, 50, 51, 56, 59, 62 ],
[ 1, 2, 3, 4, 5, 6, 8, 9, 10, 13, 15, 16, 24, 26, 28, 30, 32, 35, 38, 40, 41, 
  42, 47, 49, 50, 53, 57, 63 ],
[ 1, 2, 3, 4, 5, 6, 8, 9, 10, 13, 15, 16, 26, 28, 30, 32, 35, 36, 38, 40, 41, 
  42, 43, 49, 50, 56, 57, 59 ],
[ 1, 2, 3, 4, 5, 6, 8, 9, 10, 13, 15, 18, 19, 22, 24, 26, 29, 30, 37, 39, 47, 
  51, 52, 53, 54, 55, 56, 62 ],
[ 1, 2, 3, 4, 5, 6, 8, 9, 10, 13, 16, 18, 24, 25, 26, 30, 32, 35, 39, 40, 42, 
  47, 48, 50, 51, 58, 62, 64 ],
[ 1, 2, 3, 4, 5, 6, 8, 9, 10, 13, 16, 18, 24, 26, 30, 32, 34, 35, 36, 39, 40, 
  42, 47, 50, 51, 55, 56, 62 ],
[ 1, 2, 3, 4, 5, 6, 8, 9, 10, 13, 16, 18, 24, 26, 30, 32, 35, 39, 40, 42, 44, 
  46, 47, 50, 51, 60, 61, 62 ],
[ 1, 2, 3, 4, 5, 6, 8, 9, 10, 13, 16, 18, 25, 26, 30, 32, 33, 35, 36, 39, 40, 
  42, 48, 50, 51, 54, 56, 62 ],
[ 1, 2, 3, 4, 5, 6, 8, 9, 10, 13, 16, 18, 26, 30, 32, 34, 35, 39, 40, 42, 43, 
  50, 51, 53, 55, 59, 62, 63 ],
[ 1, 2, 3, 4, 5, 6, 8, 9, 10, 13, 16, 18, 26, 30, 32, 35, 39, 40, 42, 43, 44, 
  50, 51, 58, 59, 60, 62, 64 ],
[ 1, 2, 3, 4, 5, 6, 8, 9, 10, 13, 16, 24, 25, 26, 28, 30, 32, 35, 40, 41, 42, 
  47, 48, 49, 50, 57, 58, 64 ],
[ 1, 2, 3, 4, 5, 6, 8, 9, 10, 13, 16, 24, 26, 28, 30, 32, 34, 35, 36, 40, 41, 
  42, 47, 49, 50, 55, 56, 57 ],
[ 1, 2, 3, 4, 5, 6, 8, 9, 10, 13, 16, 24, 26, 28, 30, 32, 35, 40, 41, 42, 44, 
  46, 47, 49, 50, 57, 60, 61 ],
[ 1, 2, 3, 4, 5, 6, 8, 9, 10, 13, 18, 19, 22, 24, 26, 29, 30, 34, 36, 37, 38, 
  39, 47, 51, 52, 54, 62, 63 ],
[ 1, 2, 3, 4, 5, 6, 8, 9, 10, 15, 16, 18, 26, 30, 32, 34, 38, 39, 40, 42, 46, 
  50, 51, 53, 55, 61, 62, 63 ],
[ 1, 2, 3, 4, 5, 6, 8, 9, 10, 15, 16, 18, 26, 30, 32, 38, 39, 40, 42, 44, 46, 
  50, 51, 58, 60, 61, 62, 64 ],
[ 1, 2, 3, 4, 5, 6, 8, 9, 11, 12, 13, 14, 16, 17, 20, 25, 29, 32, 34, 37, 41, 
  47, 49, 54, 57, 61, 62, 63 ],
[ 1, 2, 3, 4, 5, 6, 8, 9, 11, 12, 13, 14, 16, 17, 20, 25, 29, 32, 37, 41, 47, 
  49, 53, 54, 55, 57, 61, 62 ],
[ 1, 2, 3, 4, 5, 6, 8, 9, 11, 12, 13, 14, 16, 18, 19, 22, 24, 37, 39, 48, 49, 
  50, 52, 53, 54, 55, 61, 62 ],
[ 1, 2, 3, 4, 5, 6, 8, 9, 11, 12, 13, 14, 16, 19, 20, 25, 27, 28, 32, 34, 37, 
  39, 47, 49, 54, 57, 61, 63 ],
[ 1, 2, 3, 4, 5, 6, 8, 9, 11, 12, 13, 14, 16, 19, 20, 25, 27, 28, 32, 37, 39, 
  47, 49, 53, 54, 55, 57, 61 ],
[ 1, 2, 3, 4, 5, 6, 8, 9, 11, 12, 13, 14, 16, 19, 20, 25, 27, 32, 34, 37, 39, 
  47, 51, 54, 57, 61, 62, 63 ],
[ 1, 2, 3, 4, 5, 6, 8, 9, 11, 12, 13, 14, 16, 19, 20, 25, 27, 32, 37, 39, 47, 
  51, 53, 54, 55, 57, 61, 62 ],
[ 1, 2, 3, 4, 5, 6, 8, 9, 11, 12, 13, 14, 16, 19, 20, 27, 28, 32, 34, 37, 39, 
  46, 47, 48, 49, 54, 57, 63 ],
[ 1, 2, 3, 4, 5, 6, 8, 9, 11, 12, 13, 14, 16, 19, 20, 27, 28, 32, 37, 39, 46, 
  47, 48, 49, 53, 54, 55, 57 ],
[ 1, 2, 3, 4, 5, 6, 8, 9, 11, 12, 13, 14, 16, 19, 22, 24, 37, 41, 48, 49, 50, 
  52, 53, 54, 55, 57, 61, 62 ],
[ 1, 2, 3, 4, 5, 6, 8, 9, 11, 12, 13, 15, 17, 20, 24, 26, 29, 32, 37, 41, 47, 
  49, 53, 54, 55, 56, 57, 62 ],
[ 1, 2, 3, 4, 5, 6, 8, 9, 11, 12, 13, 15, 17, 20, 26, 29, 30, 32, 37, 41, 43, 
  52, 53, 54, 55, 56, 57, 59 ],
[ 1, 2, 3, 4, 5, 6, 8, 9, 11, 12, 13, 15, 17, 24, 26, 29, 32, 36, 37, 39, 41, 
  42, 47, 49, 54, 55, 62, 63 ],
[ 1, 2, 3, 4, 5, 6, 8, 9, 11, 12, 13, 15, 17, 26, 29, 30, 32, 36, 37, 39, 41, 
  42, 43, 52, 54, 55, 59, 63 ],
[ 1, 2, 3, 4, 5, 6, 8, 9, 11, 12, 13, 15, 18, 19, 22, 24, 33, 35, 37, 39, 48, 
  49, 50, 52, 54, 56, 61, 62 ],
[ 1, 2, 3, 4, 5, 6, 8, 9, 11, 12, 13, 15, 19, 20, 24, 26, 27, 28, 32, 37, 39, 
  47, 49, 53, 54, 55, 56, 57 ],
[ 1, 2, 3, 4, 5, 6, 8, 9, 11, 12, 13, 15, 19, 22, 24, 33, 35, 37, 41, 48, 49, 
  50, 52, 54, 56, 57, 61, 62 ],
[ 1, 2, 3, 4, 5, 6, 8, 9, 11, 12, 13, 17, 20, 26, 29, 30, 32, 34, 36, 37, 38, 
  41, 43, 52, 54, 57, 59, 63 ],
[ 1, 2, 3, 4, 5, 6, 8, 9, 11, 12, 13, 17, 26, 29, 30, 32, 34, 37, 38, 39, 41, 
  42, 43, 52, 53, 54, 56, 59 ],
[ 1, 2, 3, 4, 5, 6, 8, 9, 11, 12, 14, 15, 16, 17, 20, 23, 29, 37, 38, 41, 47, 
  49, 51, 52, 53, 57, 59, 63 ],
[ 1, 2, 3, 4, 5, 6, 8, 9, 11, 12, 14, 15, 16, 17, 20, 28, 29, 37, 38, 41, 43, 
  45, 47, 52, 53, 57, 62, 63 ],
[ 1, 2, 3, 4, 5, 6, 8, 9, 11, 12, 14, 15, 16, 17, 22, 23, 29, 36, 37, 39, 47, 
  49, 51, 52, 55, 57, 59, 63 ],
[ 1, 2, 3, 4, 5, 6, 8, 9, 11, 12, 14, 15, 16, 17, 22, 28, 29, 36, 37, 39, 43, 
  45, 47, 52, 55, 57, 62, 63 ],
[ 1, 2, 3, 4, 5, 6, 8, 9, 11, 12, 14, 15, 17, 18, 26, 29, 30, 32, 35, 42, 43, 
  52, 53, 54, 55, 56, 57, 59 ],
[ 1, 2, 3, 4, 5, 6, 8, 9, 11, 12, 14, 15, 17, 20, 22, 23, 29, 35, 38, 42, 47, 
  49, 51, 52, 53, 54, 59, 63 ],
[ 1, 2, 3, 4, 5, 6, 8, 9, 11, 12, 14, 15, 17, 20, 22, 28, 29, 35, 38, 42, 43, 
  45, 47, 52, 53, 54, 62, 63 ],
[ 1, 2, 3, 4, 5, 6, 8, 9, 11, 12, 14, 15, 17, 22, 23, 29, 35, 36, 38, 39, 47, 
  49, 51, 52, 54, 56, 57, 59 ],
[ 1, 2, 3, 4, 5, 6, 8, 9, 11, 12, 14, 15, 17, 22, 28, 29, 35, 36, 38, 39, 43, 
  45, 47, 52, 54, 56, 57, 62 ],
[ 1, 2, 3, 4, 5, 6, 8, 9, 11, 12, 14, 15, 17, 24, 26, 29, 32, 34, 35, 39, 41, 
  42, 47, 49, 54, 56, 62, 63 ],
[ 1, 2, 3, 4, 5, 6, 8, 9, 11, 12, 14, 15, 17, 26, 29, 30, 32, 34, 35, 39, 41, 
  42, 43, 52, 54, 56, 59, 63 ],
[ 1, 2, 3, 4, 5, 6, 8, 9, 11, 12, 14, 16, 17, 20, 23, 25, 29, 32, 37, 41, 47, 
  49, 57, 58, 59, 60, 61, 62 ],
[ 1, 2, 3, 4, 5, 6, 8, 9, 11, 12, 14, 16, 17, 20, 23, 25, 29, 37, 41, 47, 48, 
  49, 51, 52, 57, 58, 59, 64 ],
[ 1, 2, 3, 4, 5, 6, 8, 9, 11, 12, 14, 16, 17, 20, 25, 26, 28, 29, 37, 41, 43, 
  52, 57, 58, 59, 60, 61, 62 ],
[ 1, 2, 3, 4, 5, 6, 8, 9, 11, 12, 14, 16, 17, 20, 25, 26, 29, 37, 41, 43, 44, 
  49, 51, 52, 57, 59, 61, 64 ],
[ 1, 2, 3, 4, 5, 6, 8, 9, 11, 12, 14, 16, 17, 20, 25, 28, 29, 37, 41, 43, 45, 
  47, 48, 52, 57, 58, 62, 64 ],
[ 1, 2, 3, 4, 5, 6, 8, 9, 11, 12, 14, 16, 17, 20, 25, 29, 32, 37, 41, 43, 44, 
  45, 47, 49, 57, 61, 62, 64 ],
[ 1, 2, 3, 4, 5, 6, 8, 9, 11, 12, 14, 16, 18, 20, 23, 24, 25, 29, 32, 37, 40, 
  44, 49, 57, 58, 59, 61, 62 ],
[ 1, 2, 3, 4, 5, 6, 8, 9, 11, 12, 14, 16, 18, 23, 24, 29, 32, 37, 39, 40, 42, 
  48, 49, 58, 59, 60, 61, 62 ],
[ 1, 2, 3, 4, 5, 6, 8, 9, 11, 12, 14, 16, 19, 20, 23, 25, 27, 28, 32, 37, 39, 
  47, 49, 57, 58, 59, 60, 61 ],
[ 1, 2, 3, 4, 5, 6, 8, 9, 11, 12, 14, 16, 19, 20, 23, 25, 27, 32, 37, 39, 47, 
  51, 57, 58, 59, 60, 61, 62 ],
[ 1, 2, 3, 4, 5, 6, 8, 9, 11, 12, 14, 16, 19, 20, 25, 27, 32, 33, 34, 35, 37, 
  39, 47, 51, 57, 61, 62, 63 ],
[ 1, 2, 3, 4, 5, 6, 8, 9, 11, 12, 14, 16, 19, 20, 25, 27, 32, 33, 35, 37, 39, 
  47, 51, 53, 55, 57, 61, 62 ],
[ 1, 2, 3, 4, 5, 6, 8, 9, 11, 12, 14, 17, 20, 22, 23, 25, 29, 32, 35, 42, 47, 
  49, 54, 58, 59, 60, 61, 62 ],
[ 1, 2, 3, 4, 5, 6, 8, 9, 11, 12, 14, 17, 20, 22, 23, 25, 29, 35, 42, 47, 48, 
  49, 51, 52, 54, 58, 59, 64 ],
[ 1, 2, 3, 4, 5, 6, 8, 9, 11, 12, 14, 17, 20, 22, 23, 29, 32, 35, 42, 44, 46, 
  47, 48, 49, 54, 59, 62, 64 ],
[ 1, 2, 3, 4, 5, 6, 8, 9, 11, 12, 14, 17, 20, 22, 25, 26, 28, 29, 35, 42, 43, 
  52, 54, 58, 59, 60, 61, 62 ],
[ 1, 2, 3, 4, 5, 6, 8, 9, 11, 12, 14, 17, 20, 22, 25, 26, 29, 35, 42, 43, 44, 
  49, 51, 52, 54, 59, 61, 64 ],
[ 1, 2, 3, 4, 5, 6, 8, 9, 11, 12, 14, 17, 20, 22, 25, 28, 29, 35, 42, 43, 45, 
  47, 48, 52, 54, 58, 62, 64 ],
[ 1, 2, 3, 4, 5, 6, 8, 9, 11, 12, 14, 17, 20, 22, 25, 29, 32, 35, 42, 43, 44, 
  45, 47, 49, 54, 61, 62, 64 ],
[ 1, 2, 3, 4, 5, 6, 8, 9, 11, 12, 14, 17, 20, 22, 26, 29, 35, 42, 43, 46, 48, 
  49, 51, 52, 54, 58, 59, 60 ],
[ 1, 2, 3, 4, 5, 6, 8, 9, 11, 12, 14, 17, 20, 22, 28, 29, 35, 42, 43, 44, 45, 
  46, 47, 52, 54, 60, 61, 62 ],
[ 1, 2, 3, 4, 5, 6, 8, 9, 11, 12, 14, 17, 20, 22, 29, 32, 35, 42, 43, 45, 46, 
  47, 48, 49, 54, 58, 60, 62 ],
[ 1, 2, 3, 4, 5, 6, 8, 9, 11, 12, 14, 17, 22, 23, 25, 29, 30, 32, 35, 39, 47, 
  52, 54, 57, 58, 59, 60, 61 ],
[ 1, 2, 3, 4, 5, 6, 8, 9, 11, 12, 14, 17, 22, 23, 29, 30, 32, 35, 39, 44, 46, 
  47, 48, 52, 54, 57, 59, 64 ],
[ 1, 2, 3, 4, 5, 6, 8, 9, 11, 12, 14, 17, 22, 25, 29, 30, 32, 35, 39, 43, 44, 
  45, 47, 52, 54, 57, 61, 64 ],
[ 1, 2, 3, 4, 5, 6, 8, 9, 11, 12, 14, 17, 22, 29, 30, 32, 35, 39, 43, 45, 46, 
  47, 48, 52, 54, 57, 58, 60 ],
[ 1, 2, 3, 4, 5, 6, 8, 9, 11, 12, 14, 17, 26, 29, 30, 32, 35, 36, 38, 39, 41, 
  42, 43, 52, 53, 54, 55, 59 ],
[ 1, 2, 3, 4, 5, 6, 8, 9, 11, 12, 15, 16, 17, 20, 22, 23, 29, 33, 36, 42, 47, 
  49, 51, 52, 54, 55, 59, 63 ],
[ 1, 2, 3, 4, 5, 6, 8, 9, 11, 12, 15, 16, 17, 20, 22, 28, 29, 33, 36, 42, 43, 
  45, 47, 52, 54, 55, 62, 63 ],
[ 1, 2, 3, 4, 5, 6, 8, 9, 11, 12, 15, 17, 18, 26, 29, 30, 32, 33, 35, 36, 37, 
  42, 43, 52, 55, 57, 59, 63 ],
[ 1, 2, 3, 4, 5, 6, 8, 9, 11, 12, 15, 17, 20, 23, 24, 26, 29, 32, 37, 41, 44, 
  47, 49, 56, 57, 59, 62, 64 ],
[ 1, 2, 3, 4, 5, 6, 8, 9, 11, 12, 15, 17, 20, 24, 26, 29, 32, 33, 34, 35, 37, 
  41, 47, 49, 56, 57, 62, 63 ],
[ 1, 2, 3, 4, 5, 6, 8, 9, 11, 12, 15, 17, 20, 26, 29, 30, 32, 33, 34, 35, 37, 
  41, 43, 52, 56, 57, 59, 63 ],
[ 1, 2, 3, 4, 5, 6, 8, 9, 11, 12, 15, 19, 20, 23, 24, 26, 27, 28, 32, 37, 39, 
  44, 47, 49, 56, 57, 59, 64 ],
[ 1, 2, 3, 4, 5, 6, 8, 9, 11, 12, 15, 19, 20, 23, 24, 26, 27, 28, 32, 37, 39, 
  47, 49, 56, 57, 58, 59, 60 ],
[ 1, 2, 3, 4, 5, 6, 8, 9, 11, 12, 15, 19, 20, 24, 26, 27, 28, 32, 37, 39, 43, 
  44, 45, 47, 49, 56, 57, 64 ],
[ 1, 2, 3, 4, 5, 6, 8, 9, 11, 12, 15, 19, 20, 24, 26, 27, 28, 32, 37, 39, 43, 
  45, 47, 49, 56, 57, 58, 60 ],
[ 1, 2, 3, 4, 5, 6, 8, 9, 11, 12, 16, 17, 20, 23, 25, 29, 30, 32, 33, 41, 47, 
  52, 54, 57, 58, 59, 60, 61 ],
[ 1, 2, 3, 4, 5, 6, 8, 9, 11, 12, 16, 17, 20, 23, 25, 29, 33, 41, 46, 47, 48, 
  49, 51, 52, 54, 57, 59, 61 ],
[ 1, 2, 3, 4, 5, 6, 8, 9, 11, 12, 16, 17, 20, 23, 29, 33, 34, 41, 47, 49, 51, 
  52, 53, 54, 55, 57, 59, 63 ],
[ 1, 2, 3, 4, 5, 6, 8, 9, 11, 12, 16, 17, 20, 23, 29, 33, 41, 44, 47, 49, 51, 
  52, 54, 57, 58, 59, 60, 64 ],
[ 1, 2, 3, 4, 5, 6, 8, 9, 11, 12, 16, 17, 20, 24, 25, 26, 29, 33, 41, 44, 47, 
  49, 51, 52, 54, 57, 61, 64 ],
[ 1, 2, 3, 4, 5, 6, 8, 9, 11, 12, 16, 17, 20, 25, 28, 29, 33, 41, 43, 45, 46, 
  47, 48, 52, 54, 57, 61, 62 ],
[ 1, 2, 3, 4, 5, 6, 8, 9, 11, 12, 16, 17, 20, 25, 29, 30, 32, 33, 41, 43, 44, 
  45, 47, 52, 54, 57, 61, 64 ],
[ 1, 2, 3, 4, 5, 6, 8, 9, 11, 12, 16, 17, 20, 28, 29, 33, 34, 41, 43, 45, 47, 
  52, 53, 54, 55, 57, 62, 63 ],
[ 1, 2, 3, 4, 5, 6, 8, 9, 11, 12, 16, 18, 20, 23, 24, 25, 29, 30, 32, 33, 40, 
  44, 52, 54, 57, 58, 59, 61 ],
[ 1, 2, 3, 4, 5, 6, 8, 9, 11, 12, 16, 18, 20, 23, 24, 25, 29, 30, 32, 33, 40, 
  52, 54, 57, 59, 60, 61, 64 ],
[ 1, 2, 3, 4, 5, 6, 8, 9, 11, 12, 16, 18, 20, 24, 25, 29, 30, 32, 33, 40, 43, 
  44, 45, 52, 54, 57, 58, 61 ],
[ 1, 2, 3, 4, 5, 6, 8, 9, 11, 12, 16, 18, 23, 24, 29, 30, 32, 33, 39, 40, 42, 
  48, 52, 54, 58, 59, 60, 61 ],
[ 1, 2, 3, 4, 5, 6, 8, 9, 11, 12, 16, 23, 24, 29, 30, 32, 33, 40, 41, 42, 48, 
  52, 54, 57, 58, 59, 60, 61 ],
[ 1, 2, 3, 4, 5, 6, 8, 9, 11, 12, 16, 23, 25, 29, 30, 32, 33, 40, 41, 42, 43, 
  44, 47, 52, 54, 57, 58, 61 ],
[ 1, 2, 3, 4, 5, 6, 8, 9, 11, 12, 17, 20, 26, 29, 30, 32, 33, 35, 36, 37, 38, 
  41, 43, 52, 53, 55, 57, 59 ],
[ 1, 2, 3, 4, 5, 6, 8, 9, 11, 13, 14, 16, 17, 20, 25, 26, 31, 35, 37, 41, 48, 
  49, 50, 51, 52, 53, 57, 63 ],
[ 1, 2, 3, 4, 5, 6, 8, 9, 11, 13, 14, 16, 17, 20, 26, 31, 34, 35, 37, 41, 46, 
  49, 50, 51, 52, 55, 57, 61 ],
[ 1, 2, 3, 4, 5, 6, 8, 9, 11, 13, 14, 16, 18, 20, 25, 26, 27, 28, 31, 35, 37, 
  40, 48, 49, 52, 53, 57, 63 ],
[ 1, 2, 3, 4, 5, 6, 8, 9, 11, 13, 14, 16, 18, 20, 25, 26, 27, 31, 35, 37, 40, 
  48, 51, 52, 53, 57, 62, 63 ],
[ 1, 2, 3, 4, 5, 6, 8, 9, 11, 13, 14, 16, 18, 20, 26, 27, 28, 31, 34, 35, 37, 
  40, 46, 49, 52, 55, 57, 61 ],
[ 1, 2, 3, 4, 5, 6, 8, 9, 11, 13, 14, 16, 18, 20, 26, 27, 31, 34, 35, 37, 40, 
  46, 51, 52, 55, 57, 61, 62 ],
[ 1, 2, 3, 4, 5, 6, 8, 9, 11, 13, 14, 16, 20, 25, 26, 27, 28, 31, 35, 37, 39, 
  40, 41, 48, 49, 52, 53, 63 ],
[ 1, 2, 3, 4, 5, 6, 8, 9, 11, 13, 14, 16, 20, 25, 26, 27, 31, 35, 37, 39, 40, 
  41, 48, 51, 52, 53, 62, 63 ],
[ 1, 2, 3, 4, 5, 6, 8, 9, 11, 13, 14, 16, 20, 26, 27, 28, 31, 34, 35, 37, 39, 
  40, 41, 46, 49, 52, 55, 61 ],
[ 1, 2, 3, 4, 5, 6, 8, 9, 11, 13, 14, 16, 20, 26, 27, 31, 34, 35, 37, 39, 40, 
  41, 46, 51, 52, 55, 61, 62 ],
[ 1, 2, 3, 4, 5, 6, 8, 9, 11, 13, 15, 16, 17, 20, 22, 26, 31, 35, 36, 42, 43, 
  49, 50, 51, 52, 55, 59, 63 ],
[ 1, 2, 3, 4, 5, 6, 8, 9, 11, 13, 15, 16, 17, 20, 24, 26, 31, 35, 38, 41, 47, 
  49, 50, 51, 52, 53, 57, 63 ],
[ 1, 2, 3, 4, 5, 6, 8, 9, 11, 13, 15, 16, 17, 20, 26, 31, 33, 35, 38, 41, 46, 
  49, 50, 51, 52, 54, 57, 61 ],
[ 1, 2, 3, 4, 5, 6, 8, 9, 11, 13, 15, 16, 17, 20, 26, 31, 35, 36, 38, 41, 43, 
  49, 50, 51, 52, 56, 57, 59 ],
[ 1, 2, 3, 4, 5, 6, 8, 9, 11, 13, 15, 16, 17, 20, 30, 31, 32, 35, 38, 41, 43, 
  45, 47, 50, 52, 53, 57, 63 ],
[ 1, 2, 3, 4, 5, 6, 8, 9, 11, 13, 15, 16, 18, 20, 24, 26, 27, 28, 31, 35, 38, 
  40, 47, 49, 52, 53, 57, 63 ],
[ 1, 2, 3, 4, 5, 6, 8, 9, 11, 13, 15, 16, 18, 20, 24, 26, 27, 31, 35, 38, 40, 
  47, 51, 52, 53, 57, 62, 63 ],
[ 1, 2, 3, 4, 5, 6, 8, 9, 11, 13, 15, 16, 18, 20, 26, 27, 28, 31, 33, 35, 38, 
  40, 46, 49, 52, 54, 57, 61 ],
[ 1, 2, 3, 4, 5, 6, 8, 9, 11, 13, 15, 16, 18, 20, 26, 27, 28, 31, 35, 36, 38, 
  40, 43, 49, 52, 56, 57, 59 ],
[ 1, 2, 3, 4, 5, 6, 8, 9, 11, 13, 15, 16, 18, 20, 26, 27, 31, 33, 35, 38, 40, 
  46, 51, 52, 54, 57, 61, 62 ],
[ 1, 2, 3, 4, 5, 6, 8, 9, 11, 13, 15, 16, 18, 20, 26, 27, 31, 35, 36, 38, 40, 
  43, 51, 52, 56, 57, 59, 62 ],
[ 1, 2, 3, 4, 5, 6, 8, 9, 11, 13, 15, 16, 20, 24, 26, 27, 28, 31, 35, 38, 39, 
  40, 41, 47, 49, 52, 53, 63 ],
[ 1, 2, 3, 4, 5, 6, 8, 9, 11, 13, 15, 16, 20, 24, 26, 27, 31, 35, 38, 39, 40, 
  41, 47, 51, 52, 53, 62, 63 ],
[ 1, 2, 3, 4, 5, 6, 8, 9, 11, 13, 15, 16, 20, 26, 27, 28, 31, 33, 35, 38, 39, 
  40, 41, 46, 49, 52, 54, 61 ],
[ 1, 2, 3, 4, 5, 6, 8, 9, 11, 13, 15, 16, 20, 26, 27, 28, 31, 35, 36, 38, 39, 
  40, 41, 43, 49, 52, 56, 59 ],
[ 1, 2, 3, 4, 5, 6, 8, 9, 11, 13, 15, 16, 20, 26, 27, 31, 33, 35, 38, 39, 40, 
  41, 46, 51, 52, 54, 61, 62 ],
[ 1, 2, 3, 4, 5, 6, 8, 9, 11, 13, 15, 16, 20, 26, 27, 31, 35, 36, 38, 39, 40, 
  41, 43, 51, 52, 56, 59, 62 ],
[ 1, 2, 3, 4, 5, 6, 8, 9, 11, 13, 16, 17, 20, 24, 25, 26, 31, 35, 41, 47, 48, 
  49, 50, 51, 52, 57, 58, 64 ],
[ 1, 2, 3, 4, 5, 6, 8, 9, 11, 13, 16, 17, 20, 24, 26, 31, 34, 35, 36, 41, 47, 
  49, 50, 51, 52, 55, 56, 57 ],
[ 1, 2, 3, 4, 5, 6, 8, 9, 11, 13, 16, 17, 20, 25, 26, 30, 31, 32, 35, 41, 43, 
  50, 52, 57, 58, 59, 60, 61 ],
[ 1, 2, 3, 4, 5, 6, 8, 9, 11, 13, 16, 17, 20, 25, 26, 31, 33, 35, 36, 41, 48, 
  49, 50, 51, 52, 54, 56, 57 ],
[ 1, 2, 3, 4, 5, 6, 8, 9, 11, 13, 16, 17, 20, 25, 26, 31, 35, 41, 43, 46, 48, 
  49, 50, 51, 52, 57, 59, 61 ],
[ 1, 2, 3, 4, 5, 6, 8, 9, 11, 13, 16, 17, 20, 26, 31, 34, 35, 41, 43, 49, 50, 
  51, 52, 53, 55, 57, 59, 63 ],
[ 1, 2, 3, 4, 5, 6, 8, 9, 11, 13, 16, 17, 20, 26, 31, 35, 41, 43, 44, 49, 50, 
  51, 52, 57, 58, 59, 60, 64 ],
[ 1, 2, 3, 4, 5, 6, 8, 9, 11, 13, 16, 17, 20, 30, 31, 32, 34, 35, 36, 41, 43, 
  45, 47, 50, 52, 55, 56, 57 ],
[ 1, 2, 3, 4, 5, 6, 8, 9, 11, 13, 16, 18, 20, 24, 25, 26, 27, 28, 31, 35, 40, 
  47, 48, 49, 52, 57, 58, 64 ],
[ 1, 2, 3, 4, 5, 6, 8, 9, 11, 13, 16, 18, 20, 24, 26, 27, 28, 31, 34, 35, 36, 
  40, 47, 49, 52, 55, 56, 57 ],
[ 1, 2, 3, 4, 5, 6, 8, 9, 11, 13, 16, 18, 20, 24, 26, 27, 28, 31, 35, 40, 44, 
  46, 47, 49, 52, 57, 60, 61 ],
[ 1, 2, 3, 4, 5, 6, 8, 9, 11, 13, 16, 18, 20, 24, 26, 27, 31, 34, 35, 36, 40, 
  47, 51, 52, 55, 56, 57, 62 ],
[ 1, 2, 3, 4, 5, 6, 8, 9, 11, 13, 16, 18, 20, 25, 26, 27, 28, 31, 33, 35, 36, 
  40, 48, 49, 52, 54, 56, 57 ],
[ 1, 2, 3, 4, 5, 6, 8, 9, 11, 13, 16, 18, 20, 25, 26, 27, 28, 31, 35, 40, 43, 
  46, 48, 49, 52, 57, 59, 61 ],
[ 1, 2, 3, 4, 5, 6, 8, 9, 11, 13, 16, 18, 20, 25, 26, 27, 31, 33, 35, 36, 40, 
  48, 51, 52, 54, 56, 57, 62 ],
[ 1, 2, 3, 4, 5, 6, 8, 9, 11, 13, 16, 18, 20, 26, 27, 31, 34, 35, 40, 43, 51, 
  52, 53, 55, 57, 59, 62, 63 ],
[ 1, 2, 3, 4, 5, 6, 8, 9, 11, 13, 16, 18, 20, 26, 27, 31, 35, 40, 43, 44, 51, 
  52, 57, 58, 59, 60, 62, 64 ],
[ 1, 2, 3, 4, 5, 6, 8, 9, 11, 13, 16, 20, 24, 25, 26, 27, 31, 35, 39, 40, 41, 
  47, 48, 51, 52, 58, 62, 64 ],
[ 1, 2, 3, 4, 5, 6, 8, 9, 11, 13, 16, 20, 24, 26, 27, 28, 31, 34, 35, 36, 39, 
  40, 41, 47, 49, 52, 55, 56 ],
[ 1, 2, 3, 4, 5, 6, 8, 9, 11, 13, 16, 20, 24, 26, 27, 31, 34, 35, 36, 39, 40, 
  41, 47, 51, 52, 55, 56, 62 ],
[ 1, 2, 3, 4, 5, 6, 8, 9, 11, 13, 16, 20, 24, 26, 27, 31, 35, 39, 40, 41, 44, 
  46, 47, 51, 52, 60, 61, 62 ],
[ 1, 2, 3, 4, 5, 6, 8, 9, 11, 13, 16, 20, 25, 26, 27, 28, 31, 33, 35, 36, 39, 
  40, 41, 48, 49, 52, 54, 56 ],
[ 1, 2, 3, 4, 5, 6, 8, 9, 11, 13, 16, 20, 25, 26, 27, 31, 33, 35, 36, 39, 40, 
  41, 48, 51, 52, 54, 56, 62 ],
[ 1, 2, 3, 4, 5, 6, 8, 9, 11, 13, 16, 20, 25, 26, 27, 31, 35, 39, 40, 41, 43, 
  46, 48, 51, 52, 59, 61, 62 ],
[ 1, 2, 3, 4, 5, 6, 8, 9, 11, 13, 16, 20, 26, 27, 31, 34, 35, 39, 40, 41, 43, 
  51, 52, 53, 55, 59, 62, 63 ],
[ 1, 2, 3, 4, 5, 6, 8, 9, 11, 13, 16, 20, 26, 27, 31, 35, 39, 40, 41, 43, 44, 
  51, 52, 58, 59, 60, 62, 64 ],
[ 1, 2, 3, 4, 5, 6, 8, 9, 11, 14, 15, 16, 17, 20, 26, 31, 34, 37, 38, 41, 43, 
  49, 50, 51, 52, 55, 57, 59 ],
[ 1, 2, 3, 4, 5, 6, 8, 9, 11, 14, 16, 17, 20, 25, 26, 31, 37, 41, 43, 44, 48, 
  49, 50, 51, 52, 57, 59, 60 ],
[ 1, 2, 3, 4, 5, 6, 8, 9, 11, 14, 16, 17, 20, 26, 31, 37, 41, 43, 46, 49, 50, 
  51, 52, 57, 58, 59, 61, 64 ],
[ 1, 2, 3, 4, 5, 6, 8, 9, 11, 14, 16, 18, 20, 25, 26, 27, 28, 31, 33, 34, 37, 
  40, 48, 49, 52, 54, 55, 57 ],
[ 1, 2, 3, 4, 5, 6, 8, 9, 11, 14, 16, 18, 20, 26, 27, 28, 31, 33, 37, 40, 46, 
  49, 52, 53, 54, 57, 61, 63 ],
[ 1, 2, 3, 4, 5, 6, 8, 9, 11, 14, 16, 20, 25, 26, 27, 31, 33, 34, 37, 39, 40, 
  41, 48, 51, 52, 54, 55, 62 ],
[ 1, 2, 3, 4, 5, 6, 8, 9, 11, 14, 16, 20, 26, 27, 31, 33, 37, 39, 40, 41, 46, 
  51, 52, 53, 54, 61, 62, 63 ],
[ 1, 2, 3, 4, 5, 6, 8, 9, 11, 14, 17, 20, 22, 25, 26, 31, 35, 42, 43, 44, 48, 
  49, 50, 51, 52, 54, 59, 60 ],
[ 1, 2, 3, 4, 5, 6, 8, 9, 11, 14, 17, 20, 22, 26, 31, 35, 42, 43, 46, 49, 50, 
  51, 52, 54, 58, 59, 61, 64 ],
[ 1, 2, 3, 4, 5, 6, 8, 9, 11, 15, 16, 17, 20, 26, 31, 34, 38, 41, 46, 49, 50, 
  51, 52, 53, 55, 57, 61, 63 ],
[ 1, 2, 3, 4, 5, 6, 8, 9, 11, 15, 16, 17, 20, 26, 31, 38, 41, 44, 46, 49, 50, 
  51, 52, 57, 58, 60, 61, 64 ],
[ 1, 2, 3, 4, 5, 6, 8, 9, 11, 15, 16, 18, 20, 26, 27, 31, 34, 38, 40, 46, 51, 
  52, 53, 55, 57, 61, 62, 63 ],
[ 1, 2, 3, 4, 5, 6, 8, 9, 11, 15, 16, 20, 26, 27, 28, 31, 38, 39, 40, 41, 44, 
  46, 49, 52, 58, 60, 61, 64 ],
[ 1, 2, 3, 4, 5, 6, 8, 9, 11, 15, 16, 20, 26, 27, 31, 34, 38, 39, 40, 41, 46, 
  51, 52, 53, 55, 61, 62, 63 ],
[ 1, 2, 3, 4, 5, 6, 8, 9, 11, 15, 16, 20, 26, 27, 31, 38, 39, 40, 41, 44, 46, 
  51, 52, 58, 60, 61, 62, 64 ],
[ 1, 2, 3, 4, 5, 6, 8, 9, 12, 13, 14, 16, 18, 19, 20, 25, 27, 28, 30, 34, 37, 
  41, 47, 49, 52, 54, 61, 63 ],
[ 1, 2, 3, 4, 5, 6, 8, 9, 12, 13, 14, 16, 18, 19, 20, 25, 27, 28, 30, 37, 41, 
  47, 49, 52, 53, 54, 55, 61 ],
[ 1, 2, 3, 4, 5, 6, 8, 9, 12, 13, 14, 16, 18, 19, 20, 27, 28, 30, 34, 37, 41, 
  46, 47, 48, 49, 52, 54, 63 ],
[ 1, 2, 3, 4, 5, 6, 8, 9, 12, 13, 14, 16, 18, 19, 20, 27, 28, 30, 37, 41, 46, 
  47, 48, 49, 52, 53, 54, 55 ],
[ 1, 2, 3, 4, 5, 6, 8, 9, 12, 14, 16, 18, 19, 20, 23, 25, 27, 28, 30, 37, 41, 
  47, 49, 52, 58, 59, 60, 61 ],
[ 1, 2, 3, 4, 5, 6, 8, 9, 12, 14, 17, 20, 22, 23, 25, 28, 29, 30, 35, 42, 47, 
  51, 52, 54, 58, 59, 60, 61 ],
[ 1, 2, 3, 4, 5, 6, 8, 9, 12, 14, 17, 20, 22, 23, 28, 29, 30, 35, 42, 44, 46, 
  47, 48, 51, 52, 54, 59, 64 ],
[ 1, 2, 3, 4, 5, 6, 8, 9, 12, 14, 17, 20, 22, 25, 28, 29, 30, 35, 42, 43, 44, 
  45, 47, 51, 52, 54, 61, 64 ],
[ 1, 2, 3, 4, 5, 6, 8, 9, 12, 14, 17, 20, 22, 28, 29, 30, 35, 42, 43, 45, 46, 
  47, 48, 51, 52, 54, 58, 60 ],
[ 1, 2, 3, 4, 5, 6, 8, 9, 13, 14, 16, 17, 20, 25, 26, 28, 30, 31, 32, 35, 37, 
  41, 48, 50, 53, 57, 62, 63 ],
[ 1, 2, 3, 4, 5, 6, 8, 9, 13, 14, 16, 17, 20, 26, 28, 30, 31, 32, 34, 35, 37, 
  41, 46, 50, 55, 57, 61, 62 ],
[ 1, 2, 3, 4, 5, 6, 8, 9, 13, 14, 16, 18, 20, 25, 26, 27, 28, 30, 31, 32, 35, 
  37, 40, 48, 49, 53, 57, 63 ],
[ 1, 2, 3, 4, 5, 6, 8, 9, 13, 14, 16, 18, 20, 26, 27, 28, 30, 31, 32, 34, 35, 
  37, 40, 46, 49, 55, 57, 61 ],
[ 1, 2, 3, 4, 5, 6, 8, 9, 13, 14, 16, 20, 25, 26, 27, 28, 30, 31, 32, 35, 37, 
  39, 40, 41, 48, 49, 53, 63 ],
[ 1, 2, 3, 4, 5, 6, 8, 9, 13, 14, 16, 20, 26, 27, 28, 30, 31, 32, 34, 35, 37, 
  39, 40, 41, 46, 49, 55, 61 ],
[ 1, 2, 3, 4, 5, 6, 8, 9, 13, 16, 17, 20, 25, 26, 28, 30, 31, 32, 35, 41, 43, 
  46, 48, 50, 57, 59, 61, 62 ],
[ 1, 2, 3, 4, 5, 6, 8, 9, 13, 16, 17, 20, 26, 28, 30, 31, 32, 34, 35, 41, 43, 
  50, 53, 55, 57, 59, 62, 63 ],
[ 1, 2, 3, 4, 5, 6, 8, 9, 13, 16, 20, 25, 26, 27, 28, 30, 31, 32, 35, 39, 40, 
  41, 43, 46, 48, 49, 59, 61 ],
[ 1, 2, 3, 4, 5, 6, 8, 9, 14, 16, 17, 20, 23, 25, 26, 28, 30, 31, 32, 37, 41, 
  45, 48, 50, 57, 58, 62, 64 ],
[ 1, 2, 3, 4, 5, 6, 8, 9, 14, 16, 17, 20, 23, 26, 28, 30, 31, 32, 37, 41, 44, 
  45, 46, 50, 57, 60, 61, 62 ],
[ 1, 2, 3, 4, 5, 6, 8, 9, 14, 16, 17, 20, 25, 26, 28, 30, 31, 32, 37, 41, 43, 
  44, 48, 50, 57, 59, 60, 62 ],
[ 1, 2, 3, 4, 5, 6, 8, 9, 14, 16, 17, 20, 26, 28, 30, 31, 32, 37, 41, 43, 46, 
  50, 57, 58, 59, 61, 62, 64 ],
[ 1, 2, 3, 4, 5, 6, 8, 9, 14, 16, 18, 20, 23, 25, 26, 27, 28, 30, 31, 32, 37, 
  40, 45, 48, 49, 57, 58, 64 ],
[ 1, 2, 3, 4, 5, 6, 8, 9, 14, 16, 18, 20, 23, 26, 27, 28, 30, 31, 32, 37, 40, 
  44, 45, 46, 49, 57, 60, 61 ],
[ 1, 2, 3, 4, 5, 6, 8, 9, 14, 16, 20, 23, 25, 26, 27, 28, 30, 31, 32, 37, 39, 
  40, 41, 45, 48, 49, 58, 64 ],
[ 1, 2, 3, 4, 5, 6, 8, 9, 14, 16, 20, 23, 26, 27, 28, 30, 31, 32, 37, 39, 40, 
  41, 44, 45, 46, 49, 60, 61 ],
[ 1, 2, 3, 4, 5, 6, 8, 9, 14, 16, 20, 25, 26, 27, 28, 30, 31, 32, 33, 34, 37, 
  39, 40, 41, 48, 49, 54, 55 ],
[ 1, 2, 3, 4, 5, 6, 8, 9, 14, 16, 20, 26, 27, 28, 30, 31, 32, 33, 37, 39, 40, 
  41, 46, 49, 53, 54, 61, 63 ],
[ 1, 2, 3, 4, 5, 6, 8, 9, 16, 20, 23, 25, 26, 27, 28, 30, 31, 32, 33, 39, 40, 
  41, 45, 46, 48, 49, 54, 61 ],
[ 1, 2, 3, 4, 5, 6, 8, 10, 12, 13, 15, 17, 20, 23, 25, 26, 31, 37, 41, 45, 
  48, 53, 54, 55, 56, 57, 58, 64 ],
[ 1, 2, 3, 4, 5, 6, 8, 10, 12, 13, 15, 17, 20, 25, 26, 31, 37, 41, 43, 44, 
  48, 53, 54, 55, 56, 57, 59, 60 ],
[ 1, 2, 3, 4, 5, 6, 9, 11, 12, 15, 17, 20, 23, 25, 29, 32, 37, 41, 44, 46, 
  48, 49, 56, 57, 59, 61, 62, 64 ]
];

