## Group: [64, 28]
## Difference Sets: 148
## Time:  0:26:28.152

return [
[ 1, 6, 7, 9, 12, 13, 16, 17, 19, 22, 24, 25, 26, 29, 31, 32, 33, 35, 37, 38, 
  39, 41, 49, 52, 54, 56, 61, 62 ],
[ 1, 6, 7, 9, 12, 13, 16, 17, 19, 22, 24, 25, 26, 27, 29, 31, 32, 35, 37, 38, 
  39, 41, 50, 52, 53, 56, 61, 63 ],
[ 1, 6, 7, 9, 12, 13, 14, 15, 16, 18, 19, 22, 24, 26, 29, 31, 32, 33, 35, 39, 
  40, 46, 48, 49, 52, 54, 56, 62 ],
[ 1, 6, 7, 9, 12, 13, 14, 15, 16, 18, 19, 22, 24, 26, 27, 29, 31, 32, 35, 39, 
  40, 46, 48, 50, 52, 53, 56, 63 ],
[ 1, 6, 7, 9, 11, 12, 13, 16, 17, 19, 22, 24, 26, 27, 29, 30, 31, 35, 37, 38, 
  39, 41, 46, 48, 50, 53, 56, 63 ],
[ 1, 6, 7, 9, 11, 12, 13, 16, 17, 18, 19, 22, 24, 25, 26, 29, 30, 31, 33, 35, 
  37, 38, 49, 54, 56, 57, 61, 62 ],
[ 1, 6, 7, 9, 11, 12, 13, 16, 17, 18, 19, 22, 24, 25, 26, 27, 29, 30, 31, 35, 
  37, 38, 50, 53, 56, 57, 61, 63 ],
[ 1, 6, 7, 9, 11, 12, 13, 15, 16, 17, 19, 22, 24, 25, 26, 29, 30, 31, 33, 35, 
  36, 37, 39, 41, 49, 54, 61, 62 ],
[ 1, 6, 7, 9, 11, 12, 13, 15, 16, 17, 19, 22, 24, 25, 26, 27, 29, 30, 31, 35, 
  36, 37, 39, 41, 50, 53, 61, 63 ],
[ 1, 6, 7, 9, 11, 12, 13, 14, 16, 19, 22, 24, 25, 26, 29, 30, 31, 33, 35, 36, 
  38, 40, 41, 49, 54, 57, 61, 62 ],
[ 1, 6, 7, 9, 11, 12, 13, 14, 16, 19, 22, 24, 25, 26, 27, 29, 30, 31, 35, 36, 
  38, 40, 41, 50, 53, 57, 61, 63 ],
[ 1, 6, 7, 9, 10, 12, 13, 15, 16, 17, 18, 19, 22, 26, 29, 30, 32, 33, 35, 36, 
  37, 47, 48, 49, 54, 57, 61, 62 ],
[ 1, 6, 7, 9, 10, 12, 13, 15, 16, 17, 18, 19, 22, 26, 27, 29, 30, 32, 35, 36, 
  37, 47, 48, 50, 53, 57, 61, 63 ],
[ 1, 6, 7, 9, 10, 12, 13, 14, 16, 19, 22, 25, 26, 27, 29, 30, 32, 35, 36, 38, 
  40, 41, 46, 47, 50, 53, 57, 63 ],
[ 1, 6, 7, 9, 10, 11, 12, 13, 16, 17, 19, 22, 25, 26, 29, 33, 35, 37, 38, 39, 
  41, 46, 47, 49, 52, 54, 56, 62 ],
[ 1, 6, 7, 9, 10, 11, 12, 13, 16, 17, 19, 22, 25, 26, 27, 29, 35, 37, 38, 39, 
  41, 46, 47, 50, 52, 53, 56, 63 ],
[ 1, 6, 7, 9, 10, 11, 12, 13, 14, 15, 16, 19, 22, 25, 26, 29, 33, 35, 40, 41, 
  46, 47, 49, 52, 54, 56, 57, 62 ],
[ 1, 6, 7, 9, 10, 11, 12, 13, 14, 15, 16, 19, 22, 25, 26, 27, 29, 35, 40, 41, 
  46, 47, 50, 52, 53, 56, 57, 63 ],
[ 1, 6, 7, 8, 9, 12, 13, 15, 16, 17, 19, 22, 25, 27, 29, 31, 32, 35, 36, 37, 
  39, 41, 47, 50, 52, 53, 61, 63 ],
[ 1, 6, 7, 8, 9, 12, 13, 15, 16, 17, 18, 19, 22, 27, 29, 31, 32, 35, 36, 37, 
  46, 47, 48, 50, 52, 53, 57, 63 ],
[ 1, 6, 7, 8, 9, 12, 13, 14, 16, 19, 22, 25, 27, 29, 31, 32, 35, 36, 38, 40, 
  41, 47, 50, 52, 53, 57, 61, 63 ],
[ 1, 6, 7, 8, 9, 12, 13, 14, 16, 18, 19, 22, 27, 29, 31, 32, 35, 36, 38, 39, 
  40, 46, 47, 48, 50, 52, 53, 63 ],
[ 1, 6, 7, 8, 9, 11, 12, 13, 14, 15, 16, 19, 22, 25, 27, 29, 30, 31, 35, 40, 
  41, 47, 50, 53, 56, 57, 61, 63 ],
[ 1, 6, 7, 8, 9, 11, 12, 13, 14, 15, 16, 18, 19, 22, 27, 29, 30, 31, 35, 39, 
  40, 46, 47, 48, 50, 53, 56, 63 ],
[ 1, 5, 7, 9, 12, 13, 16, 17, 19, 21, 24, 25, 26, 28, 29, 31, 32, 35, 37, 38, 
  39, 41, 51, 52, 53, 56, 61, 63 ],
[ 1, 5, 7, 9, 12, 13, 14, 15, 16, 18, 19, 21, 24, 26, 28, 29, 31, 32, 35, 39, 
  40, 46, 48, 51, 52, 53, 56, 63 ],
[ 1, 5, 7, 9, 11, 12, 13, 16, 17, 18, 19, 21, 24, 25, 26, 28, 29, 30, 31, 35, 
  37, 38, 51, 53, 56, 57, 61, 63 ],
[ 1, 5, 7, 9, 11, 12, 13, 15, 16, 17, 19, 21, 24, 25, 26, 28, 29, 30, 31, 35, 
  36, 37, 39, 41, 51, 53, 61, 63 ],
[ 1, 5, 7, 9, 11, 12, 13, 14, 16, 19, 21, 24, 25, 26, 28, 29, 30, 31, 35, 36, 
  38, 40, 41, 51, 53, 57, 61, 63 ],
[ 1, 5, 7, 9, 10, 12, 13, 15, 16, 17, 18, 19, 21, 26, 28, 29, 30, 32, 35, 36, 
  37, 47, 48, 51, 53, 57, 61, 63 ],
[ 1, 5, 7, 9, 10, 11, 12, 13, 16, 17, 19, 21, 25, 26, 28, 29, 35, 37, 38, 39, 
  41, 46, 47, 51, 52, 53, 56, 63 ],
[ 1, 5, 7, 9, 10, 11, 12, 13, 14, 16, 18, 19, 21, 25, 26, 28, 29, 35, 36, 38, 
  39, 40, 46, 47, 51, 52, 53, 63 ],
[ 1, 3, 7, 9, 12, 16, 17, 20, 22, 24, 25, 26, 27, 29, 31, 32, 34, 35, 36, 38, 
  40, 41, 50, 52, 54, 55, 57, 61 ],
[ 1, 3, 7, 9, 12, 15, 16, 18, 19, 20, 22, 24, 26, 27, 29, 31, 32, 33, 40, 41, 
  46, 48, 50, 52, 54, 55, 56, 63 ],
[ 1, 3, 7, 9, 12, 13, 15, 16, 19, 20, 22, 24, 26, 27, 29, 31, 32, 35, 39, 40, 
  46, 48, 50, 52, 55, 56, 57, 63 ],
[ 1, 3, 7, 9, 11, 12, 16, 18, 19, 20, 22, 24, 25, 26, 27, 29, 30, 31, 33, 34, 
  36, 38, 40, 41, 50, 53, 54, 61 ],
[ 1, 3, 7, 9, 11, 12, 16, 17, 20, 22, 24, 26, 27, 29, 30, 31, 34, 35, 36, 38, 
  40, 41, 46, 48, 50, 54, 55, 57 ],
[ 1, 3, 7, 9, 11, 12, 13, 16, 19, 20, 22, 24, 25, 26, 27, 29, 30, 31, 34, 35, 
  36, 38, 39, 40, 50, 53, 57, 61 ],
[ 1, 3, 7, 9, 10, 12, 16, 18, 19, 20, 22, 25, 26, 27, 29, 30, 32, 33, 34, 36, 
  38, 40, 41, 46, 47, 50, 53, 54 ],
[ 1, 3, 7, 9, 10, 12, 16, 17, 20, 22, 26, 27, 29, 30, 32, 34, 35, 36, 38, 40, 
  41, 47, 48, 50, 54, 55, 57, 61 ],
[ 1, 3, 7, 9, 10, 12, 13, 16, 19, 20, 22, 25, 26, 27, 29, 30, 32, 34, 35, 36, 
  38, 39, 40, 46, 47, 50, 53, 57 ],
[ 1, 3, 7, 9, 10, 11, 12, 16, 18, 19, 20, 22, 26, 27, 29, 33, 34, 36, 38, 40, 
  41, 47, 48, 50, 52, 53, 54, 61 ],
[ 1, 3, 7, 9, 10, 11, 12, 13, 16, 19, 20, 22, 26, 27, 29, 34, 35, 36, 38, 39, 
  40, 47, 48, 50, 52, 53, 57, 61 ],
[ 1, 3, 7, 9, 10, 11, 12, 13, 16, 17, 18, 20, 22, 25, 26, 27, 29, 33, 34, 36, 
  38, 39, 40, 46, 47, 50, 52, 55 ],
[ 1, 3, 4, 7, 9, 12, 16, 19, 20, 22, 24, 25, 26, 27, 29, 31, 32, 35, 36, 38, 
  41, 50, 52, 53, 54, 57, 61, 63 ],
[ 1, 3, 4, 7, 9, 11, 12, 16, 19, 20, 22, 24, 26, 27, 29, 30, 31, 35, 36, 38, 
  41, 46, 48, 50, 53, 54, 57, 63 ],
[ 1, 3, 4, 7, 9, 10, 12, 16, 19, 20, 22, 26, 27, 29, 30, 32, 35, 36, 38, 41, 
  47, 48, 50, 53, 54, 57, 61, 63 ],
[ 1, 3, 4, 7, 9, 10, 11, 12, 13, 16, 18, 19, 20, 22, 25, 26, 27, 29, 33, 36, 
  38, 39, 46, 47, 50, 52, 53, 63 ],
[ 1, 2, 8, 9, 12, 14, 15, 16, 19, 20, 21, 22, 25, 26, 27, 29, 30, 34, 35, 40, 
  41, 48, 50, 52, 53, 54, 56, 57 ],
[ 1, 2, 8, 9, 12, 14, 15, 16, 19, 20, 21, 22, 24, 26, 28, 29, 30, 34, 35, 40, 
  41, 47, 51, 52, 53, 54, 56, 57 ],
[ 1, 2, 8, 9, 12, 14, 15, 16, 18, 19, 20, 21, 22, 25, 26, 27, 29, 30, 35, 39, 
  40, 48, 50, 52, 54, 55, 56, 63 ],
[ 1, 2, 8, 9, 12, 14, 15, 16, 18, 19, 20, 21, 22, 24, 26, 28, 29, 30, 35, 39, 
  40, 47, 51, 52, 54, 55, 56, 63 ],
[ 1, 2, 8, 9, 12, 13, 14, 15, 16, 19, 20, 21, 22, 25, 26, 27, 29, 30, 33, 40, 
  41, 48, 50, 52, 55, 56, 57, 63 ],
[ 1, 2, 8, 9, 12, 13, 14, 15, 16, 19, 20, 21, 22, 24, 26, 28, 29, 30, 33, 40, 
  41, 47, 51, 52, 55, 56, 57, 63 ],
[ 1, 2, 8, 9, 12, 13, 14, 15, 16, 18, 19, 20, 21, 22, 25, 26, 27, 29, 30, 33, 
  34, 39, 40, 48, 50, 52, 53, 56 ],
[ 1, 2, 8, 9, 12, 13, 14, 15, 16, 18, 19, 20, 21, 22, 24, 26, 28, 29, 30, 33, 
  34, 39, 40, 47, 51, 52, 53, 56 ],
[ 1, 2, 8, 9, 11, 12, 14, 15, 16, 19, 20, 21, 22, 26, 27, 29, 32, 34, 35, 40, 
  41, 46, 50, 53, 54, 56, 57, 61 ],
[ 1, 2, 8, 9, 11, 12, 14, 15, 16, 19, 20, 21, 22, 24, 26, 29, 32, 34, 35, 40, 
  41, 47, 49, 53, 54, 56, 57, 62 ],
[ 1, 2, 8, 9, 11, 12, 14, 15, 16, 18, 19, 20, 21, 22, 26, 27, 29, 32, 35, 39, 
  40, 46, 50, 54, 55, 56, 61, 63 ],
[ 1, 2, 8, 9, 11, 12, 14, 15, 16, 18, 19, 20, 21, 22, 24, 26, 29, 32, 35, 39, 
  40, 47, 49, 54, 55, 56, 62, 63 ],
[ 1, 2, 8, 9, 11, 12, 13, 14, 15, 16, 19, 20, 21, 22, 26, 27, 29, 32, 33, 40, 
  41, 46, 50, 55, 56, 57, 61, 63 ],
[ 1, 2, 8, 9, 11, 12, 13, 14, 15, 16, 19, 20, 21, 22, 24, 26, 29, 32, 33, 40, 
  41, 47, 49, 55, 56, 57, 62, 63 ],
[ 1, 2, 8, 9, 11, 12, 13, 14, 15, 16, 18, 19, 20, 21, 22, 26, 27, 29, 32, 33, 
  34, 39, 40, 46, 50, 53, 56, 61 ],
[ 1, 2, 8, 9, 11, 12, 13, 14, 15, 16, 18, 19, 20, 21, 22, 24, 26, 29, 32, 33, 
  34, 39, 40, 47, 49, 53, 56, 62 ],
[ 1, 2, 8, 9, 10, 12, 14, 15, 16, 19, 20, 21, 22, 26, 28, 29, 31, 34, 35, 40, 
  41, 46, 51, 53, 54, 56, 57, 61 ],
[ 1, 2, 8, 9, 10, 12, 14, 15, 16, 19, 20, 21, 22, 25, 26, 29, 31, 34, 35, 40, 
  41, 48, 49, 53, 54, 56, 57, 62 ],
[ 1, 2, 8, 9, 10, 12, 14, 15, 16, 18, 19, 20, 21, 22, 26, 28, 29, 31, 35, 39, 
  40, 46, 51, 54, 55, 56, 61, 63 ],
[ 1, 2, 8, 9, 10, 12, 14, 15, 16, 18, 19, 20, 21, 22, 25, 26, 29, 31, 35, 39, 
  40, 48, 49, 54, 55, 56, 62, 63 ],
[ 1, 2, 8, 9, 10, 12, 13, 14, 15, 16, 19, 20, 21, 22, 26, 28, 29, 31, 33, 40, 
  41, 46, 51, 55, 56, 57, 61, 63 ],
[ 1, 2, 8, 9, 10, 12, 13, 14, 15, 16, 19, 20, 21, 22, 25, 26, 29, 31, 33, 40, 
  41, 48, 49, 55, 56, 57, 62, 63 ],
[ 1, 2, 8, 9, 10, 12, 13, 14, 15, 16, 18, 19, 20, 21, 22, 26, 28, 29, 31, 33, 
  34, 39, 40, 46, 51, 53, 56, 61 ],
[ 1, 2, 8, 9, 10, 12, 13, 14, 15, 16, 18, 19, 20, 21, 22, 25, 26, 29, 31, 33, 
  34, 39, 40, 48, 49, 53, 56, 62 ],
[ 1, 2, 6, 8, 9, 12, 14, 16, 19, 21, 24, 26, 28, 29, 30, 34, 35, 36, 38, 40, 
  41, 42, 47, 51, 52, 53, 54, 57 ],
[ 1, 2, 6, 8, 9, 12, 13, 14, 16, 19, 21, 25, 26, 27, 29, 30, 33, 36, 38, 40, 
  41, 42, 48, 50, 52, 55, 57, 63 ],
[ 1, 2, 6, 8, 9, 11, 12, 14, 16, 19, 21, 26, 27, 29, 32, 34, 35, 36, 38, 40, 
  41, 42, 46, 50, 53, 54, 57, 61 ],
[ 1, 2, 6, 8, 9, 11, 12, 13, 14, 16, 19, 21, 24, 26, 29, 32, 33, 36, 38, 40, 
  41, 42, 47, 49, 55, 57, 62, 63 ],
[ 1, 2, 6, 8, 9, 10, 12, 14, 16, 19, 21, 26, 28, 29, 31, 34, 35, 36, 38, 40, 
  41, 42, 46, 51, 53, 54, 57, 61 ],
[ 1, 2, 6, 8, 9, 10, 12, 13, 14, 16, 19, 21, 25, 26, 29, 31, 33, 36, 38, 40, 
  41, 42, 48, 49, 55, 57, 62, 63 ],
[ 1, 2, 5, 8, 9, 11, 12, 16, 17, 19, 22, 26, 27, 29, 32, 33, 35, 37, 38, 39, 
  41, 42, 46, 50, 53, 55, 56, 61 ],
[ 1, 2, 5, 8, 9, 11, 12, 16, 17, 19, 22, 24, 26, 29, 32, 33, 35, 37, 38, 39, 
  41, 42, 47, 49, 53, 55, 56, 62 ],
[ 1, 2, 5, 8, 9, 11, 12, 16, 17, 18, 19, 22, 26, 27, 29, 32, 33, 34, 35, 37, 
  38, 42, 46, 50, 56, 57, 61, 63 ],
[ 1, 2, 5, 8, 9, 11, 12, 16, 17, 18, 19, 22, 24, 26, 29, 32, 33, 34, 35, 37, 
  38, 42, 47, 49, 56, 57, 62, 63 ],
[ 1, 2, 5, 8, 9, 11, 12, 13, 16, 17, 19, 22, 26, 27, 29, 32, 34, 37, 38, 39, 
  41, 42, 46, 50, 54, 56, 61, 63 ],
[ 1, 2, 5, 8, 9, 11, 12, 13, 16, 17, 19, 22, 24, 26, 29, 32, 34, 37, 38, 39, 
  41, 42, 47, 49, 54, 56, 62, 63 ],
[ 1, 2, 5, 8, 9, 11, 12, 13, 16, 17, 18, 19, 22, 26, 27, 29, 32, 37, 38, 42, 
  46, 50, 53, 54, 55, 56, 57, 61 ],
[ 1, 2, 5, 8, 9, 11, 12, 13, 16, 17, 18, 19, 22, 24, 26, 29, 32, 37, 38, 42, 
  47, 49, 53, 54, 55, 56, 57, 62 ],
[ 1, 2, 5, 6, 8, 9, 11, 12, 15, 16, 17, 19, 20, 24, 26, 29, 32, 33, 35, 36, 
  37, 39, 41, 47, 49, 53, 55, 62 ],
[ 1, 2, 5, 6, 8, 9, 11, 12, 13, 15, 16, 17, 19, 20, 26, 27, 29, 32, 34, 36, 
  37, 39, 41, 46, 50, 54, 61, 63 ],
[ 1, 2, 4, 8, 9, 12, 13, 14, 15, 16, 17, 18, 20, 21, 22, 25, 26, 27, 29, 30, 
  33, 39, 48, 50, 52, 55, 56, 63 ],
[ 1, 2, 4, 8, 9, 12, 13, 14, 15, 16, 17, 18, 20, 21, 22, 24, 26, 28, 29, 30, 
  33, 39, 47, 51, 52, 55, 56, 63 ],
[ 1, 2, 4, 8, 9, 10, 12, 14, 15, 16, 17, 18, 20, 21, 22, 26, 28, 29, 31, 34, 
  35, 39, 46, 51, 53, 54, 56, 61 ],
[ 1, 2, 4, 8, 9, 10, 12, 14, 15, 16, 17, 18, 20, 21, 22, 25, 26, 29, 31, 34, 
  35, 39, 48, 49, 53, 54, 56, 62 ],
[ 1, 2, 3, 7, 10, 12, 16, 17, 22, 26, 28, 29, 31, 34, 35, 36, 38, 39, 40, 41, 
  42, 46, 47, 48, 50, 54, 55, 62 ],
[ 1, 2, 3, 7, 10, 12, 16, 17, 18, 22, 25, 29, 31, 32, 33, 34, 35, 36, 38, 39, 
  40, 42, 43, 45, 50, 52, 55, 61 ],
[ 1, 2, 3, 7, 10, 12, 16, 17, 18, 20, 22, 26, 29, 31, 33, 34, 35, 38, 39, 40, 
  46, 47, 48, 49, 50, 51, 55, 56 ],
[ 1, 2, 3, 7, 10, 12, 16, 17, 18, 20, 22, 25, 27, 29, 30, 31, 32, 34, 35, 38, 
  40, 45, 46, 54, 55, 56, 57, 59 ],
[ 1, 2, 3, 7, 10, 12, 16, 17, 18, 20, 22, 24, 26, 27, 29, 31, 33, 34, 35, 38, 
  39, 40, 48, 51, 55, 56, 61, 62 ],
[ 1, 2, 3, 7, 10, 12, 15, 16, 17, 20, 22, 24, 25, 26, 28, 29, 31, 33, 34, 35, 
  36, 40, 41, 46, 50, 55, 57, 62 ],
[ 1, 2, 3, 7, 10, 12, 13, 16, 17, 18, 22, 26, 27, 29, 30, 31, 32, 34, 36, 38, 
  39, 40, 42, 44, 47, 54, 55, 58 ],
[ 1, 2, 3, 7, 10, 12, 13, 16, 17, 18, 20, 22, 24, 26, 29, 31, 32, 33, 34, 38, 
  40, 44, 50, 52, 55, 56, 57, 64 ],
[ 1, 2, 3, 7, 10, 11, 12, 16, 18, 19, 22, 26, 27, 29, 31, 33, 36, 38, 40, 41, 
  42, 47, 52, 53, 54, 55, 60, 64 ],
[ 1, 2, 3, 7, 10, 11, 12, 16, 18, 19, 22, 23, 25, 29, 30, 31, 33, 34, 36, 38, 
  40, 41, 42, 50, 54, 59, 61, 63 ],
[ 1, 2, 3, 7, 10, 11, 12, 16, 17, 18, 19, 20, 22, 24, 26, 29, 30, 31, 33, 38, 
  41, 50, 54, 55, 56, 58, 60, 63 ],
[ 1, 2, 3, 7, 10, 11, 12, 16, 17, 18, 19, 20, 22, 23, 25, 27, 29, 31, 33, 34, 
  38, 41, 43, 46, 52, 53, 54, 56 ],
[ 1, 2, 3, 7, 10, 11, 12, 13, 16, 19, 22, 26, 27, 29, 31, 35, 36, 38, 39, 40, 
  42, 47, 52, 53, 55, 57, 60, 64 ],
[ 1, 2, 3, 7, 10, 11, 12, 13, 16, 19, 22, 23, 25, 29, 30, 31, 34, 35, 36, 38, 
  39, 40, 42, 50, 57, 59, 61, 63 ],
[ 1, 2, 3, 7, 10, 11, 12, 13, 16, 17, 19, 20, 22, 24, 26, 29, 30, 31, 35, 38, 
  39, 50, 55, 56, 57, 58, 60, 63 ],
[ 1, 2, 3, 7, 10, 11, 12, 13, 16, 17, 19, 20, 22, 23, 25, 27, 29, 31, 34, 35, 
  38, 39, 43, 46, 52, 53, 56, 57 ],
[ 1, 2, 3, 6, 7, 12, 14, 16, 19, 22, 26, 27, 28, 29, 30, 33, 35, 37, 40, 41, 
  47, 48, 52, 53, 55, 57, 61, 62 ],
[ 1, 2, 3, 6, 7, 12, 14, 16, 19, 22, 25, 26, 27, 28, 29, 30, 33, 34, 35, 37, 
  40, 41, 46, 47, 52, 57, 62, 63 ],
[ 1, 2, 3, 6, 7, 12, 14, 16, 19, 22, 24, 26, 29, 30, 33, 35, 37, 40, 41, 46, 
  48, 50, 51, 52, 53, 55, 57, 62 ],
[ 1, 2, 3, 6, 7, 12, 14, 16, 19, 22, 24, 26, 28, 29, 30, 33, 34, 35, 37, 40, 
  41, 46, 48, 49, 50, 52, 57, 63 ],
[ 1, 2, 3, 6, 7, 12, 14, 16, 18, 19, 22, 25, 26, 27, 28, 29, 30, 33, 35, 37, 
  39, 40, 46, 47, 52, 53, 55, 62 ],
[ 1, 2, 3, 6, 7, 12, 14, 16, 18, 19, 22, 24, 26, 28, 29, 30, 33, 35, 37, 39, 
  40, 46, 48, 49, 50, 52, 53, 55 ],
[ 1, 2, 3, 6, 7, 12, 14, 16, 18, 19, 22, 24, 25, 26, 28, 29, 30, 33, 34, 35, 
  37, 39, 40, 49, 50, 52, 61, 63 ],
[ 1, 2, 3, 6, 7, 12, 14, 16, 17, 19, 22, 24, 25, 26, 28, 29, 30, 34, 35, 37, 
  39, 41, 49, 50, 52, 53, 54, 61 ],
[ 1, 2, 3, 6, 7, 10, 12, 16, 19, 22, 26, 27, 28, 29, 31, 33, 35, 36, 40, 41, 
  47, 48, 53, 55, 56, 57, 61, 62 ],
[ 1, 2, 3, 6, 7, 10, 12, 16, 19, 22, 25, 26, 27, 29, 31, 33, 35, 36, 40, 41, 
  46, 47, 49, 51, 53, 55, 56, 57 ],
[ 1, 2, 3, 6, 7, 10, 12, 16, 19, 22, 25, 26, 27, 28, 29, 31, 33, 34, 35, 36, 
  40, 41, 46, 47, 56, 57, 62, 63 ],
[ 1, 2, 3, 6, 7, 10, 12, 16, 19, 22, 24, 26, 29, 31, 33, 35, 36, 40, 41, 46, 
  48, 50, 51, 53, 55, 56, 57, 62 ],
[ 1, 2, 3, 6, 7, 10, 12, 16, 19, 22, 24, 26, 28, 29, 31, 33, 34, 35, 36, 40, 
  41, 46, 48, 49, 50, 56, 57, 63 ],
[ 1, 2, 3, 6, 7, 10, 12, 16, 19, 22, 24, 25, 26, 29, 31, 33, 34, 35, 36, 40, 
  41, 50, 51, 56, 57, 61, 62, 63 ],
[ 1, 2, 3, 6, 7, 10, 12, 16, 18, 19, 22, 25, 26, 27, 28, 29, 31, 33, 35, 36, 
  39, 40, 46, 47, 53, 55, 56, 62 ],
[ 1, 2, 3, 6, 7, 10, 12, 16, 18, 19, 22, 24, 26, 28, 29, 31, 33, 35, 36, 39, 
  40, 46, 48, 49, 50, 53, 55, 56 ],
[ 1, 2, 3, 6, 7, 10, 12, 16, 18, 19, 22, 24, 25, 26, 29, 31, 33, 35, 36, 39, 
  40, 50, 51, 53, 55, 56, 61, 62 ],
[ 1, 2, 3, 6, 7, 10, 12, 16, 18, 19, 22, 24, 25, 26, 28, 29, 31, 33, 34, 35, 
  36, 39, 40, 49, 50, 56, 61, 63 ],
[ 1, 2, 3, 6, 7, 10, 12, 16, 17, 19, 22, 25, 26, 27, 29, 31, 34, 35, 36, 39, 
  41, 46, 47, 49, 51, 53, 54, 56 ],
[ 1, 2, 3, 6, 7, 10, 12, 16, 17, 19, 22, 24, 25, 26, 29, 31, 35, 36, 39, 41, 
  50, 51, 54, 55, 56, 61, 62, 63 ],
[ 1, 2, 3, 6, 7, 10, 12, 16, 17, 19, 22, 24, 25, 26, 28, 29, 31, 34, 35, 36, 
  39, 41, 49, 50, 53, 54, 56, 61 ],
[ 1, 2, 3, 6, 7, 10, 12, 16, 17, 18, 19, 22, 26, 27, 28, 29, 31, 35, 36, 47, 
  48, 54, 55, 56, 57, 61, 62, 63 ],
[ 1, 2, 3, 6, 7, 10, 12, 13, 16, 19, 22, 26, 27, 29, 31, 36, 40, 41, 47, 48, 
  49, 51, 53, 54, 55, 56, 57, 61 ],
[ 1, 2, 3, 6, 7, 10, 12, 13, 16, 18, 19, 22, 25, 26, 27, 29, 31, 36, 39, 40, 
  46, 47, 49, 51, 53, 54, 55, 56 ],
[ 1, 2, 3, 5, 7, 11, 12, 16, 19, 21, 26, 27, 28, 29, 32, 33, 35, 36, 40, 41, 
  47, 48, 53, 55, 56, 57, 61, 62 ],
[ 1, 2, 3, 5, 7, 11, 12, 16, 19, 21, 25, 26, 27, 28, 29, 32, 33, 34, 35, 36, 
  40, 41, 46, 47, 56, 57, 62, 63 ],
[ 1, 2, 3, 5, 7, 11, 12, 16, 19, 21, 24, 26, 29, 32, 33, 35, 36, 40, 41, 46, 
  48, 50, 51, 53, 55, 56, 57, 62 ],
[ 1, 2, 3, 5, 7, 11, 12, 16, 19, 21, 24, 26, 28, 29, 32, 33, 34, 35, 36, 40, 
  41, 46, 48, 49, 50, 56, 57, 63 ],
[ 1, 2, 3, 5, 7, 11, 12, 16, 18, 19, 21, 25, 26, 27, 28, 29, 32, 33, 35, 36, 
  39, 40, 46, 47, 53, 55, 56, 62 ],
[ 1, 2, 3, 5, 7, 11, 12, 16, 18, 19, 21, 24, 26, 28, 29, 32, 33, 35, 36, 39, 
  40, 46, 48, 49, 50, 53, 55, 56 ],
[ 1, 2, 3, 5, 7, 11, 12, 16, 18, 19, 21, 24, 25, 26, 28, 29, 32, 33, 34, 35, 
  36, 39, 40, 49, 50, 56, 61, 63 ],
[ 1, 2, 3, 5, 7, 11, 12, 16, 17, 18, 19, 21, 24, 25, 26, 28, 29, 32, 35, 36, 
  49, 50, 54, 55, 56, 57, 61, 63 ],
[ 1, 2, 3, 4, 7, 10, 12, 16, 19, 22, 26, 28, 29, 31, 35, 36, 38, 39, 41, 42, 
  46, 47, 48, 50, 53, 54, 62, 63 ],
[ 1, 2, 3, 4, 7, 10, 12, 16, 18, 19, 22, 25, 29, 31, 32, 33, 35, 36, 38, 39, 
  42, 43, 45, 50, 52, 53, 61, 63 ],
[ 1, 2, 3, 4, 7, 10, 12, 16, 18, 19, 20, 22, 26, 29, 31, 33, 35, 38, 39, 46, 
  47, 48, 49, 50, 51, 53, 56, 63 ],
[ 1, 2, 3, 4, 7, 10, 12, 16, 18, 19, 20, 22, 25, 27, 29, 30, 31, 32, 35, 38, 
  45, 46, 53, 54, 56, 57, 59, 63 ],
[ 1, 2, 3, 4, 7, 10, 12, 16, 18, 19, 20, 22, 24, 26, 27, 29, 31, 33, 35, 38, 
  39, 48, 51, 53, 56, 61, 62, 63 ],
[ 1, 2, 3, 4, 7, 10, 12, 15, 16, 19, 20, 22, 24, 25, 26, 28, 29, 31, 33, 35, 
  36, 41, 46, 50, 53, 57, 62, 63 ],
[ 1, 2, 3, 4, 7, 10, 12, 13, 16, 18, 19, 22, 26, 27, 29, 30, 31, 32, 36, 38, 
  39, 42, 44, 47, 53, 54, 58, 63 ],
[ 1, 2, 3, 4, 7, 10, 12, 13, 16, 18, 19, 20, 22, 24, 26, 29, 31, 32, 33, 38, 
  44, 50, 52, 53, 56, 57, 63, 64 ]
];

