## Group: [64, 263]
## Difference Sets: 227
## Time:  1:22:35.265

return [
[ 1, 6, 7, 9, 11, 13, 15, 16, 17, 18, 22, 24, 25, 26, 27, 28, 30, 32, 34, 36, 
  37, 40, 41, 49, 52, 54, 61, 63 ],
[ 1, 6, 7, 9, 11, 13, 15, 16, 17, 18, 19, 22, 24, 25, 27, 28, 30, 32, 34, 36, 
  37, 47, 48, 49, 52, 54, 57, 63 ],
[ 1, 6, 7, 9, 11, 13, 14, 15, 18, 19, 22, 24, 25, 26, 27, 28, 30, 32, 34, 37, 
  38, 39, 40, 49, 52, 54, 61, 63 ],
[ 1, 6, 7, 9, 11, 13, 14, 15, 18, 19, 20, 21, 22, 25, 26, 27, 28, 30, 32, 34, 
  37, 38, 49, 52, 54, 58, 59, 63 ],
[ 1, 6, 7, 9, 11, 13, 14, 15, 17, 18, 19, 22, 25, 26, 27, 28, 30, 32, 34, 37, 
  38, 46, 47, 49, 52, 54, 57, 63 ],
[ 1, 6, 7, 9, 11, 13, 14, 15, 16, 18, 19, 22, 24, 25, 27, 28, 30, 32, 34, 39, 
  40, 47, 48, 49, 52, 54, 56, 63 ],
[ 1, 6, 7, 9, 11, 13, 14, 15, 16, 18, 19, 20, 22, 25, 27, 28, 30, 31, 32, 34, 
  37, 42, 48, 49, 54, 58, 59, 63 ],
[ 1, 6, 7, 9, 11, 13, 14, 15, 16, 17, 18, 22, 25, 26, 27, 28, 30, 32, 34, 40, 
  41, 46, 47, 49, 52, 54, 56, 63 ],
[ 1, 6, 7, 9, 11, 12, 13, 14, 15, 16, 18, 22, 24, 25, 27, 28, 30, 31, 34, 39, 
  41, 47, 48, 49, 54, 56, 57, 63 ],
[ 1, 6, 7, 9, 11, 12, 13, 14, 15, 16, 18, 20, 22, 25, 27, 28, 30, 31, 34, 41, 
  42, 43, 48, 49, 54, 56, 59, 63 ],
[ 1, 6, 7, 9, 11, 12, 13, 14, 15, 16, 17, 18, 22, 25, 27, 28, 30, 31, 34, 40, 
  41, 46, 48, 49, 54, 56, 61, 63 ],
[ 1, 6, 7, 9, 10, 11, 13, 14, 15, 16, 18, 19, 20, 22, 25, 27, 28, 32, 34, 37, 
  42, 48, 49, 52, 54, 58, 59, 63 ],
[ 1, 6, 7, 9, 10, 11, 12, 13, 15, 16, 18, 20, 22, 25, 27, 28, 34, 36, 37, 41, 
  42, 43, 48, 49, 52, 54, 59, 63 ],
[ 1, 6, 7, 8, 11, 13, 15, 16, 17, 18, 19, 20, 22, 24, 25, 28, 30, 31, 32, 34, 
  40, 42, 46, 51, 54, 58, 59, 63 ],
[ 1, 6, 7, 8, 11, 13, 15, 16, 17, 18, 19, 20, 22, 24, 25, 28, 30, 31, 32, 34, 
  40, 42, 43, 46, 51, 54, 63, 64 ],
[ 1, 6, 7, 8, 11, 12, 13, 15, 17, 18, 20, 21, 22, 24, 25, 28, 29, 30, 34, 38, 
  41, 43, 46, 52, 54, 57, 59, 63 ],
[ 1, 6, 7, 8, 11, 12, 13, 15, 17, 18, 19, 20, 22, 24, 25, 28, 30, 31, 34, 38, 
  42, 43, 46, 51, 54, 57, 59, 63 ],
[ 1, 6, 7, 8, 9, 11, 15, 16, 17, 18, 22, 24, 25, 28, 30, 32, 33, 34, 35, 36, 
  37, 40, 41, 46, 50, 52, 62, 63 ],
[ 1, 6, 7, 8, 9, 11, 15, 16, 17, 18, 19, 22, 24, 25, 28, 30, 32, 33, 34, 36, 
  37, 46, 50, 52, 54, 55, 57, 62 ],
[ 1, 6, 7, 8, 9, 11, 14, 15, 18, 19, 22, 24, 25, 28, 30, 32, 33, 34, 35, 37, 
  38, 39, 40, 46, 50, 52, 62, 63 ],
[ 1, 6, 7, 8, 9, 11, 14, 15, 17, 18, 19, 22, 24, 25, 28, 30, 32, 34, 35, 37, 
  38, 46, 50, 52, 53, 54, 57, 62 ],
[ 1, 6, 7, 8, 9, 11, 14, 15, 16, 18, 19, 22, 24, 25, 28, 30, 32, 33, 34, 39, 
  40, 46, 50, 52, 54, 55, 56, 62 ],
[ 1, 6, 7, 8, 9, 11, 14, 15, 16, 17, 18, 22, 24, 25, 28, 30, 32, 34, 35, 40, 
  41, 46, 50, 52, 53, 54, 56, 62 ],
[ 1, 6, 7, 8, 9, 11, 12, 15, 17, 18, 22, 24, 25, 28, 30, 31, 33, 34, 35, 36, 
  38, 40, 41, 46, 50, 56, 62, 63 ],
[ 1, 6, 7, 8, 9, 11, 12, 15, 17, 18, 19, 22, 24, 25, 28, 30, 31, 33, 34, 36, 
  38, 46, 50, 54, 55, 56, 57, 62 ],
[ 1, 6, 7, 8, 9, 11, 12, 14, 15, 18, 22, 24, 25, 28, 30, 31, 33, 34, 35, 37, 
  38, 39, 41, 46, 50, 57, 62, 63 ],
[ 1, 6, 7, 8, 9, 11, 12, 14, 15, 17, 18, 19, 22, 24, 25, 28, 30, 31, 34, 37, 
  38, 46, 50, 53, 55, 57, 62, 63 ],
[ 1, 6, 7, 8, 9, 11, 12, 14, 15, 16, 18, 22, 24, 25, 28, 30, 31, 33, 34, 39, 
  41, 46, 50, 54, 55, 56, 57, 62 ],
[ 1, 6, 7, 8, 9, 11, 12, 14, 15, 16, 17, 18, 22, 24, 25, 28, 30, 31, 34, 40, 
  41, 46, 50, 53, 55, 56, 62, 63 ],
[ 1, 5, 6, 9, 11, 13, 15, 16, 17, 18, 20, 21, 22, 23, 24, 25, 28, 29, 30, 32, 
  34, 36, 37, 51, 52, 54, 58, 63 ],
[ 1, 5, 6, 9, 11, 12, 13, 15, 17, 18, 20, 21, 22, 23, 24, 25, 28, 29, 30, 31, 
  34, 36, 38, 51, 54, 56, 58, 63 ],
[ 1, 5, 6, 8, 9, 11, 15, 16, 17, 18, 20, 25, 26, 28, 30, 32, 33, 34, 35, 36, 
  37, 40, 41, 48, 50, 52, 62, 63 ],
[ 1, 5, 6, 8, 9, 11, 15, 16, 17, 18, 19, 20, 25, 26, 28, 30, 32, 33, 34, 36, 
  37, 48, 50, 52, 54, 55, 57, 62 ],
[ 1, 5, 6, 8, 9, 11, 14, 15, 18, 19, 20, 25, 26, 28, 30, 32, 33, 34, 35, 37, 
  38, 39, 40, 48, 50, 52, 62, 63 ],
[ 1, 5, 6, 8, 9, 11, 14, 15, 17, 18, 19, 20, 25, 26, 28, 30, 32, 34, 35, 37, 
  38, 48, 50, 52, 53, 54, 57, 62 ],
[ 1, 5, 6, 8, 9, 11, 14, 15, 16, 18, 19, 20, 25, 26, 28, 30, 32, 33, 34, 39, 
  40, 48, 50, 52, 54, 55, 56, 62 ],
[ 1, 5, 6, 8, 9, 11, 14, 15, 16, 17, 18, 20, 25, 26, 28, 30, 32, 34, 35, 40, 
  41, 48, 50, 52, 53, 54, 56, 62 ],
[ 1, 5, 6, 8, 9, 11, 13, 15, 16, 17, 18, 20, 21, 22, 28, 29, 30, 32, 34, 36, 
  37, 43, 44, 46, 51, 52, 54, 63 ],
[ 1, 5, 6, 8, 9, 11, 12, 15, 17, 18, 19, 20, 25, 26, 28, 30, 31, 33, 34, 36, 
  38, 48, 50, 54, 55, 56, 57, 62 ],
[ 1, 5, 6, 8, 9, 11, 12, 14, 15, 17, 18, 19, 20, 25, 26, 28, 30, 31, 34, 37, 
  38, 48, 50, 53, 55, 57, 62, 63 ],
[ 1, 5, 6, 8, 9, 11, 12, 13, 15, 17, 18, 20, 21, 22, 28, 29, 30, 31, 34, 36, 
  38, 43, 44, 46, 51, 54, 56, 63 ],
[ 1, 5, 6, 7, 8, 9, 11, 15, 18, 20, 22, 23, 25, 28, 30, 31, 32, 33, 36, 37, 
  38, 39, 40, 41, 45, 53, 58, 59 ],
[ 1, 5, 6, 7, 8, 9, 11, 15, 18, 20, 22, 23, 25, 28, 30, 31, 32, 33, 36, 37, 
  38, 39, 40, 41, 43, 45, 53, 64 ],
[ 1, 5, 6, 7, 8, 9, 11, 15, 18, 20, 22, 23, 25, 28, 29, 30, 31, 32, 33, 34, 
  36, 37, 38, 39, 43, 54, 62, 63 ],
[ 1, 5, 6, 7, 8, 9, 11, 15, 17, 18, 20, 22, 23, 25, 28, 30, 31, 32, 33, 36, 
  37, 38, 41, 45, 53, 57, 58, 59 ],
[ 1, 5, 6, 7, 8, 9, 11, 15, 17, 18, 20, 22, 23, 25, 28, 30, 31, 32, 33, 36, 
  37, 38, 41, 43, 45, 53, 57, 64 ],
[ 1, 5, 6, 7, 8, 9, 11, 15, 17, 18, 20, 22, 23, 25, 28, 29, 30, 31, 32, 34, 
  36, 37, 38, 50, 53, 54, 58, 63 ],
[ 1, 5, 6, 7, 8, 9, 11, 15, 16, 18, 20, 22, 25, 28, 30, 31, 32, 33, 34, 35, 
  36, 41, 43, 49, 50, 53, 56, 59 ],
[ 1, 5, 6, 7, 8, 9, 11, 15, 16, 18, 20, 22, 23, 25, 28, 30, 31, 32, 33, 34, 
  36, 39, 43, 50, 51, 54, 56, 63 ],
[ 1, 5, 6, 7, 8, 9, 11, 15, 16, 18, 19, 20, 22, 25, 27, 28, 30, 31, 32, 33, 
  34, 36, 50, 53, 55, 56, 58, 59 ],
[ 1, 5, 6, 7, 8, 9, 11, 15, 16, 18, 19, 20, 22, 25, 27, 28, 30, 31, 32, 33, 
  34, 36, 43, 50, 53, 55, 56, 64 ],
[ 1, 5, 6, 7, 8, 9, 11, 15, 16, 18, 19, 20, 22, 24, 25, 28, 30, 31, 32, 33, 
  34, 39, 47, 53, 55, 57, 58, 59 ],
[ 1, 5, 6, 7, 8, 9, 11, 15, 16, 18, 19, 20, 22, 24, 25, 28, 30, 31, 32, 33, 
  34, 39, 43, 47, 53, 55, 57, 64 ],
[ 1, 5, 6, 7, 8, 9, 11, 15, 16, 18, 19, 20, 22, 23, 25, 28, 30, 31, 32, 33, 
  36, 39, 45, 53, 56, 57, 58, 59 ],
[ 1, 5, 6, 7, 8, 9, 11, 15, 16, 18, 19, 20, 22, 23, 25, 28, 30, 31, 32, 33, 
  36, 39, 43, 45, 53, 56, 57, 64 ],
[ 1, 5, 6, 7, 8, 9, 11, 15, 16, 17, 18, 20, 22, 25, 28, 30, 32, 33, 36, 37, 
  40, 41, 43, 44, 45, 52, 53, 64 ],
[ 1, 5, 6, 7, 8, 9, 11, 15, 16, 17, 18, 20, 22, 25, 28, 30, 32, 33, 34, 35, 
  40, 41, 43, 46, 47, 52, 53, 64 ],
[ 1, 5, 6, 7, 8, 9, 11, 15, 16, 17, 18, 20, 22, 25, 28, 29, 30, 31, 32, 34, 
  36, 43, 44, 50, 53, 54, 56, 63 ],
[ 1, 5, 6, 7, 8, 9, 11, 15, 16, 17, 18, 20, 22, 24, 25, 28, 30, 32, 33, 34, 
  35, 40, 41, 52, 53, 58, 59, 61 ],
[ 1, 5, 6, 7, 8, 9, 11, 15, 16, 17, 18, 20, 22, 23, 25, 28, 30, 32, 33, 36, 
  37, 40, 41, 52, 53, 58, 59, 60 ],
[ 1, 5, 6, 7, 8, 9, 11, 15, 16, 17, 18, 19, 20, 22, 25, 28, 30, 32, 33, 36, 
  37, 43, 44, 52, 53, 57, 59, 60 ],
[ 1, 5, 6, 7, 8, 9, 11, 15, 16, 17, 18, 19, 20, 22, 25, 28, 30, 31, 32, 33, 
  36, 40, 44, 53, 56, 58, 59, 60 ],
[ 1, 5, 6, 7, 8, 9, 11, 15, 16, 17, 18, 19, 20, 22, 25, 28, 30, 31, 32, 33, 
  36, 40, 43, 44, 53, 56, 60, 64 ],
[ 1, 5, 6, 7, 8, 9, 11, 15, 16, 17, 18, 19, 20, 22, 25, 28, 30, 31, 32, 33, 
  34, 40, 46, 53, 55, 58, 59, 61 ],
[ 1, 5, 6, 7, 8, 9, 11, 15, 16, 17, 18, 19, 20, 22, 25, 28, 30, 31, 32, 33, 
  34, 40, 43, 46, 53, 55, 61, 64 ],
[ 1, 5, 6, 7, 8, 9, 11, 15, 16, 17, 18, 19, 20, 22, 23, 25, 28, 30, 32, 33, 
  36, 37, 45, 52, 53, 57, 58, 64 ],
[ 1, 5, 6, 7, 8, 9, 11, 14, 15, 16, 18, 20, 22, 25, 28, 30, 31, 32, 33, 34, 
  35, 37, 41, 49, 50, 53, 58, 64 ],
[ 1, 5, 6, 7, 8, 9, 11, 14, 15, 16, 18, 19, 20, 22, 25, 28, 30, 31, 32, 33, 
  34, 37, 49, 53, 55, 58, 59, 62 ],
[ 1, 5, 6, 7, 8, 9, 11, 14, 15, 16, 18, 19, 20, 22, 25, 28, 30, 31, 32, 33, 
  34, 37, 43, 49, 53, 55, 62, 64 ],
[ 1, 5, 6, 7, 8, 9, 11, 13, 15, 18, 19, 20, 22, 25, 28, 30, 31, 32, 33, 34, 
  36, 37, 38, 49, 54, 58, 59, 62 ],
[ 1, 5, 6, 7, 8, 9, 11, 13, 15, 16, 18, 20, 22, 25, 28, 30, 31, 32, 33, 34, 
  39, 40, 41, 46, 54, 58, 59, 61 ],
[ 1, 5, 6, 7, 8, 9, 11, 13, 15, 16, 17, 18, 20, 22, 25, 28, 30, 31, 32, 33, 
  34, 41, 46, 54, 57, 58, 59, 61 ],
[ 1, 5, 6, 7, 8, 9, 11, 13, 14, 15, 18, 19, 20, 22, 25, 28, 30, 31, 32, 33, 
  34, 38, 49, 54, 56, 58, 59, 62 ],
[ 1, 5, 6, 7, 8, 9, 11, 12, 15, 18, 20, 22, 25, 28, 30, 33, 34, 35, 36, 37, 
  38, 41, 43, 49, 50, 52, 53, 59 ],
[ 1, 5, 6, 7, 8, 9, 11, 12, 15, 18, 19, 20, 22, 25, 27, 28, 30, 33, 34, 36, 
  37, 38, 50, 52, 53, 55, 58, 59 ],
[ 1, 5, 6, 7, 8, 9, 11, 12, 15, 18, 19, 20, 22, 25, 27, 28, 30, 33, 34, 36, 
  37, 38, 43, 50, 52, 53, 55, 64 ],
[ 1, 5, 6, 7, 8, 9, 11, 12, 15, 17, 18, 19, 20, 22, 25, 28, 30, 31, 33, 34, 
  38, 43, 46, 53, 55, 57, 59, 61 ],
[ 1, 5, 6, 7, 8, 9, 11, 12, 15, 17, 18, 19, 20, 22, 24, 25, 28, 30, 31, 33, 
  34, 38, 47, 53, 55, 57, 58, 64 ],
[ 1, 5, 6, 7, 8, 9, 11, 12, 15, 16, 18, 20, 22, 24, 25, 28, 30, 33, 34, 39, 
  40, 41, 47, 52, 53, 55, 58, 59 ],
[ 1, 5, 6, 7, 8, 9, 11, 12, 15, 16, 18, 20, 22, 24, 25, 28, 30, 33, 34, 39, 
  40, 41, 43, 47, 52, 53, 55, 64 ],
[ 1, 5, 6, 7, 8, 9, 11, 12, 15, 16, 17, 18, 20, 22, 24, 25, 28, 30, 33, 34, 
  41, 47, 52, 53, 55, 57, 58, 59 ],
[ 1, 5, 6, 7, 8, 9, 11, 12, 15, 16, 17, 18, 20, 22, 24, 25, 28, 30, 33, 34, 
  41, 43, 47, 52, 53, 55, 57, 64 ],
[ 1, 5, 6, 7, 8, 9, 11, 12, 14, 15, 18, 20, 22, 25, 27, 28, 30, 33, 34, 35, 
  38, 41, 43, 52, 53, 56, 59, 62 ],
[ 1, 5, 6, 7, 8, 9, 11, 12, 14, 15, 18, 19, 20, 22, 25, 27, 28, 30, 33, 34, 
  38, 50, 52, 53, 55, 56, 58, 59 ],
[ 1, 5, 6, 7, 8, 9, 11, 12, 14, 15, 18, 19, 20, 22, 25, 27, 28, 30, 33, 34, 
  38, 43, 50, 52, 53, 55, 56, 64 ],
[ 1, 5, 6, 7, 8, 9, 11, 12, 14, 15, 16, 18, 20, 22, 25, 28, 30, 31, 33, 34, 
  41, 43, 49, 53, 55, 56, 59, 62 ],
[ 1, 5, 6, 7, 8, 9, 11, 12, 14, 15, 16, 18, 20, 22, 25, 27, 28, 30, 31, 33, 
  34, 41, 50, 53, 55, 56, 58, 64 ],
[ 1, 5, 6, 7, 8, 9, 11, 12, 13, 15, 16, 18, 19, 20, 22, 25, 28, 30, 33, 34, 
  36, 49, 52, 54, 56, 58, 59, 62 ],
[ 1, 5, 6, 7, 8, 9, 11, 12, 13, 14, 15, 16, 18, 19, 20, 22, 25, 28, 30, 34, 
  37, 49, 52, 53, 58, 59, 62, 63 ],
[ 1, 4, 6, 7, 9, 11, 15, 16, 17, 18, 22, 24, 25, 28, 30, 32, 33, 34, 35, 36, 
  37, 39, 47, 48, 50, 52, 62, 63 ],
[ 1, 4, 6, 7, 9, 11, 15, 16, 17, 18, 22, 24, 25, 26, 28, 30, 32, 33, 34, 36, 
  37, 39, 50, 52, 54, 55, 61, 62 ],
[ 1, 4, 6, 7, 9, 11, 12, 15, 17, 18, 22, 24, 25, 28, 30, 31, 33, 34, 35, 36, 
  38, 39, 47, 48, 50, 56, 62, 63 ],
[ 1, 4, 6, 7, 9, 11, 12, 15, 17, 18, 22, 24, 25, 26, 28, 30, 31, 33, 34, 36, 
  38, 39, 50, 54, 55, 56, 61, 62 ],
[ 1, 4, 6, 7, 9, 11, 12, 14, 15, 16, 17, 18, 22, 25, 28, 30, 31, 33, 34, 39, 
  46, 48, 50, 54, 55, 56, 61, 62 ],
[ 1, 4, 6, 7, 9, 11, 12, 14, 15, 16, 17, 18, 22, 24, 25, 28, 30, 31, 34, 39, 
  47, 48, 50, 53, 55, 56, 62, 63 ],
[ 1, 4, 6, 7, 8, 11, 15, 17, 18, 22, 25, 28, 29, 30, 31, 32, 33, 34, 35, 36, 
  37, 38, 39, 47, 49, 54, 61, 62 ],
[ 1, 4, 6, 7, 8, 11, 15, 17, 18, 22, 25, 27, 28, 29, 30, 31, 32, 34, 35, 36, 
  37, 38, 39, 47, 50, 53, 61, 63 ],
[ 1, 4, 6, 7, 8, 11, 15, 16, 17, 18, 22, 25, 27, 28, 30, 32, 33, 34, 35, 36, 
  37, 39, 47, 50, 51, 52, 61, 63 ],
[ 1, 4, 6, 7, 8, 11, 15, 16, 17, 18, 22, 25, 27, 28, 29, 30, 32, 33, 34, 36, 
  37, 39, 47, 52, 54, 55, 61, 62 ],
[ 1, 4, 6, 7, 8, 11, 15, 16, 17, 18, 20, 22, 25, 28, 29, 30, 31, 32, 34, 39, 
  42, 43, 47, 53, 54, 55, 59, 61 ],
[ 1, 4, 6, 7, 8, 11, 13, 15, 16, 17, 18, 20, 22, 25, 28, 29, 30, 31, 32, 35, 
  39, 42, 47, 53, 54, 58, 61, 64 ],
[ 1, 4, 6, 7, 8, 11, 12, 14, 15, 18, 20, 22, 24, 25, 26, 28, 30, 31, 33, 34, 
  40, 42, 51, 53, 57, 59, 60, 63 ],
[ 1, 4, 6, 7, 8, 11, 12, 14, 15, 16, 17, 18, 22, 25, 28, 30, 31, 33, 34, 39, 
  47, 49, 51, 54, 55, 56, 61, 62 ],
[ 1, 4, 6, 7, 8, 11, 12, 14, 15, 16, 17, 18, 22, 25, 27, 28, 30, 31, 34, 39, 
  47, 50, 51, 53, 55, 56, 61, 63 ],
[ 1, 4, 5, 6, 8, 11, 15, 18, 20, 25, 26, 28, 29, 30, 31, 32, 33, 34, 35, 36, 
  37, 38, 40, 48, 49, 54, 57, 62 ],
[ 1, 4, 5, 6, 8, 11, 14, 15, 16, 18, 20, 25, 26, 27, 28, 30, 32, 34, 35, 40, 
  48, 50, 51, 52, 53, 54, 56, 57 ],
[ 1, 4, 5, 6, 8, 11, 13, 14, 15, 16, 18, 20, 25, 26, 27, 28, 30, 32, 33, 40, 
  48, 50, 51, 52, 55, 56, 57, 63 ],
[ 1, 4, 5, 6, 8, 11, 12, 14, 15, 16, 18, 20, 25, 26, 27, 28, 30, 31, 34, 40, 
  48, 50, 51, 53, 55, 56, 57, 63 ],
[ 1, 4, 5, 6, 8, 11, 12, 13, 15, 18, 20, 21, 22, 24, 25, 26, 30, 31, 34, 38, 
  39, 41, 43, 44, 49, 54, 62, 63 ],
[ 1, 4, 5, 6, 8, 11, 12, 13, 15, 18, 20, 21, 22, 23, 25, 27, 30, 31, 34, 38, 
  39, 41, 46, 48, 50, 54, 58, 63 ],
[ 1, 4, 5, 6, 7, 8, 11, 15, 18, 20, 22, 25, 28, 29, 30, 31, 32, 33, 34, 35, 
  36, 37, 38, 43, 49, 54, 58, 62 ],
[ 1, 4, 5, 6, 7, 8, 11, 15, 18, 20, 22, 24, 25, 26, 28, 29, 30, 31, 32, 34, 
  37, 39, 43, 44, 53, 54, 57, 63 ],
[ 1, 4, 5, 6, 7, 8, 11, 15, 16, 18, 20, 22, 25, 28, 30, 31, 32, 33, 34, 40, 
  41, 43, 45, 46, 49, 53, 54, 61 ],
[ 1, 4, 5, 6, 7, 8, 11, 15, 16, 18, 20, 22, 25, 28, 30, 31, 32, 33, 34, 35, 
  36, 43, 49, 50, 51, 54, 56, 58 ],
[ 1, 4, 5, 6, 7, 8, 11, 15, 16, 18, 20, 22, 25, 27, 28, 29, 30, 31, 32, 34, 
  36, 43, 50, 53, 54, 55, 56, 58 ],
[ 1, 4, 5, 6, 7, 8, 11, 15, 16, 18, 20, 22, 23, 24, 25, 28, 30, 31, 32, 34, 
  39, 41, 47, 50, 53, 54, 58, 63 ],
[ 1, 4, 5, 6, 7, 8, 11, 13, 15, 18, 20, 22, 25, 28, 30, 31, 32, 35, 36, 37, 
  38, 43, 49, 50, 51, 53, 54, 58 ],
[ 1, 4, 5, 6, 7, 8, 11, 13, 15, 18, 20, 22, 25, 27, 28, 30, 31, 32, 33, 35, 
  36, 37, 38, 43, 51, 58, 62, 63 ],
[ 1, 4, 5, 6, 7, 8, 11, 13, 15, 16, 18, 20, 22, 25, 28, 29, 30, 31, 32, 35, 
  36, 43, 49, 53, 54, 56, 58, 62 ],
[ 1, 4, 5, 6, 7, 8, 11, 13, 15, 16, 18, 20, 22, 25, 27, 28, 30, 31, 32, 33, 
  41, 43, 46, 53, 54, 57, 60, 61 ],
[ 1, 4, 5, 6, 7, 8, 11, 13, 15, 16, 18, 19, 20, 22, 23, 25, 28, 30, 31, 32, 
  39, 43, 46, 53, 54, 61, 62, 63 ],
[ 1, 4, 5, 6, 7, 8, 11, 12, 15, 18, 20, 22, 23, 25, 26, 28, 29, 30, 33, 34, 
  39, 43, 46, 52, 54, 56, 57, 63 ],
[ 1, 4, 5, 6, 7, 8, 11, 12, 15, 18, 20, 22, 23, 24, 25, 26, 28, 29, 30, 34, 
  37, 39, 52, 53, 54, 57, 58, 63 ],
[ 1, 4, 5, 6, 7, 8, 11, 12, 15, 16, 18, 20, 22, 24, 25, 28, 30, 34, 39, 41, 
  43, 44, 47, 50, 52, 53, 54, 63 ],
[ 1, 4, 5, 6, 7, 8, 11, 12, 15, 16, 18, 20, 22, 24, 25, 28, 30, 33, 34, 40, 
  41, 47, 49, 52, 53, 54, 58, 60 ],
[ 1, 4, 5, 6, 7, 8, 11, 12, 15, 16, 18, 20, 22, 24, 25, 27, 28, 30, 33, 34, 
  41, 43, 47, 52, 53, 57, 60, 63 ],
[ 1, 4, 5, 6, 7, 8, 11, 12, 15, 16, 18, 19, 20, 22, 23, 25, 28, 30, 33, 34, 
  39, 43, 46, 52, 54, 61, 62, 63 ],
[ 1, 4, 5, 6, 7, 8, 11, 12, 14, 15, 16, 18, 20, 22, 25, 28, 30, 31, 33, 34, 
  43, 49, 51, 54, 55, 56, 58, 62 ],
[ 1, 3, 6, 7, 8, 11, 12, 15, 17, 18, 20, 21, 22, 24, 25, 28, 29, 30, 33, 34, 
  41, 47, 52, 53, 55, 57, 59, 64 ],
[ 1, 3, 6, 7, 8, 10, 11, 15, 18, 19, 20, 21, 22, 24, 25, 28, 29, 32, 33, 34, 
  39, 47, 52, 53, 55, 57, 59, 64 ],
[ 1, 3, 5, 6, 9, 11, 14, 15, 17, 18, 20, 21, 22, 25, 28, 29, 30, 32, 34, 35, 
  45, 47, 51, 52, 54, 56, 58, 63 ],
[ 1, 3, 5, 6, 9, 11, 13, 15, 17, 18, 20, 21, 22, 25, 28, 29, 30, 32, 36, 37, 
  45, 47, 51, 52, 54, 55, 58, 63 ],
[ 1, 3, 4, 5, 6, 8, 11, 15, 18, 20, 21, 22, 25, 26, 27, 30, 31, 32, 34, 39, 
  41, 45, 47, 54, 55, 58, 62, 63 ],
[ 1, 3, 4, 5, 6, 8, 11, 15, 18, 19, 20, 22, 25, 30, 31, 32, 34, 39, 42, 43, 
  45, 47, 48, 49, 50, 54, 55, 63 ],
[ 1, 3, 4, 5, 6, 8, 11, 12, 15, 18, 20, 21, 22, 25, 26, 30, 34, 39, 41, 43, 
  47, 49, 50, 52, 54, 55, 60, 63 ],
[ 1, 3, 4, 5, 6, 8, 11, 12, 15, 18, 19, 20, 22, 25, 26, 30, 34, 39, 42, 43, 
  45, 49, 50, 52, 54, 55, 61, 63 ],
[ 1, 3, 4, 5, 6, 7, 11, 15, 18, 20, 22, 24, 25, 26, 28, 29, 30, 31, 32, 34, 
  39, 43, 47, 54, 55, 57, 63, 64 ],
[ 1, 3, 4, 5, 6, 7, 11, 15, 17, 18, 20, 22, 25, 26, 28, 29, 30, 31, 32, 34, 
  40, 43, 46, 54, 55, 61, 63, 64 ],
[ 1, 3, 4, 5, 6, 7, 11, 12, 15, 17, 18, 20, 22, 25, 28, 29, 30, 34, 40, 43, 
  46, 47, 48, 52, 54, 55, 63, 64 ],
[ 1, 3, 4, 5, 6, 7, 11, 12, 15, 17, 18, 20, 22, 24, 25, 28, 29, 30, 34, 40, 
  48, 52, 54, 55, 58, 59, 61, 63 ],
[ 1, 2, 8, 9, 11, 12, 15, 18, 20, 22, 24, 25, 28, 32, 33, 34, 35, 36, 37, 38, 
  39, 40, 41, 42, 46, 50, 54, 62 ],
[ 1, 2, 8, 9, 11, 12, 15, 17, 18, 20, 21, 22, 24, 25, 28, 32, 34, 35, 36, 38, 
  40, 41, 46, 50, 53, 54, 56, 62 ],
[ 1, 2, 8, 9, 11, 12, 14, 15, 18, 20, 21, 22, 24, 25, 28, 32, 34, 35, 37, 38, 
  39, 41, 46, 50, 53, 54, 57, 62 ],
[ 1, 2, 6, 8, 9, 11, 15, 16, 17, 18, 20, 22, 25, 27, 28, 29, 31, 33, 34, 36, 
  37, 40, 41, 46, 48, 52, 53, 63 ],
[ 1, 2, 6, 8, 9, 11, 13, 15, 16, 17, 18, 20, 22, 25, 28, 31, 33, 36, 37, 40, 
  41, 46, 48, 49, 51, 52, 53, 54 ],
[ 1, 2, 6, 8, 9, 11, 12, 15, 17, 18, 20, 21, 25, 28, 32, 33, 34, 35, 36, 38, 
  40, 41, 46, 47, 49, 50, 53, 56 ],
[ 1, 2, 6, 8, 9, 11, 12, 14, 15, 18, 20, 21, 25, 28, 32, 33, 34, 35, 37, 38, 
  39, 41, 46, 47, 49, 50, 53, 57 ],
[ 1, 2, 6, 8, 9, 11, 12, 13, 15, 18, 20, 21, 25, 27, 28, 32, 33, 34, 36, 37, 
  38, 39, 40, 41, 46, 50, 61, 63 ],
[ 1, 2, 6, 8, 9, 11, 12, 13, 15, 17, 18, 20, 21, 25, 28, 32, 34, 36, 38, 40, 
  41, 46, 47, 49, 50, 53, 54, 56 ],
[ 1, 2, 6, 8, 9, 11, 12, 13, 15, 17, 18, 20, 21, 25, 27, 28, 32, 34, 36, 37, 
  38, 41, 46, 50, 53, 54, 57, 61 ],
[ 1, 2, 6, 8, 9, 11, 12, 13, 15, 17, 18, 20, 21, 25, 27, 28, 32, 33, 34, 36, 
  38, 40, 41, 46, 47, 56, 62, 63 ],
[ 1, 2, 6, 8, 9, 11, 12, 13, 15, 16, 18, 19, 20, 21, 25, 27, 28, 32, 33, 34, 
  36, 39, 46, 50, 56, 57, 61, 63 ],
[ 1, 2, 6, 8, 9, 11, 12, 13, 15, 16, 17, 18, 19, 20, 21, 25, 28, 32, 33, 34, 
  36, 40, 46, 49, 56, 61, 62, 63 ],
[ 1, 2, 6, 7, 11, 14, 15, 17, 18, 20, 22, 23, 25, 26, 28, 29, 30, 31, 33, 36, 
  38, 39, 41, 42, 43, 44, 54, 64 ],
[ 1, 2, 6, 7, 11, 14, 15, 17, 18, 19, 20, 21, 22, 23, 25, 26, 28, 30, 33, 36, 
  38, 39, 44, 51, 52, 54, 58, 59 ],
[ 1, 2, 6, 7, 11, 14, 15, 16, 17, 18, 19, 20, 22, 23, 25, 28, 30, 31, 33, 36, 
  39, 42, 44, 48, 51, 54, 58, 59 ],
[ 1, 2, 6, 7, 11, 14, 15, 16, 17, 18, 19, 20, 22, 23, 25, 28, 30, 31, 33, 36, 
  39, 42, 43, 44, 48, 51, 54, 64 ],
[ 1, 2, 6, 7, 11, 14, 15, 16, 17, 18, 19, 20, 21, 22, 23, 25, 28, 30, 33, 36, 
  39, 43, 44, 48, 51, 52, 59, 63 ],
[ 1, 2, 6, 7, 11, 13, 14, 15, 18, 20, 22, 25, 26, 27, 28, 29, 30, 31, 33, 34, 
  36, 38, 41, 42, 43, 49, 54, 64 ],
[ 1, 2, 6, 7, 11, 13, 14, 15, 16, 18, 20, 22, 25, 27, 28, 29, 30, 31, 34, 36, 
  41, 42, 43, 48, 49, 53, 54, 59 ],
[ 1, 2, 6, 7, 11, 13, 14, 15, 16, 18, 19, 20, 22, 25, 27, 28, 30, 31, 33, 34, 
  36, 42, 48, 49, 51, 54, 58, 59 ],
[ 1, 2, 6, 7, 11, 13, 14, 15, 16, 18, 19, 20, 21, 22, 25, 27, 28, 30, 33, 34, 
  36, 43, 48, 49, 51, 52, 59, 63 ],
[ 1, 2, 6, 7, 10, 11, 14, 15, 16, 17, 18, 20, 22, 23, 25, 28, 29, 33, 36, 39, 
  41, 42, 43, 44, 48, 52, 59, 63 ],
[ 1, 2, 6, 7, 10, 11, 14, 15, 16, 17, 18, 19, 20, 22, 23, 25, 28, 33, 36, 39, 
  42, 43, 44, 48, 51, 52, 54, 64 ],
[ 1, 2, 6, 7, 10, 11, 13, 15, 16, 17, 18, 19, 22, 25, 27, 28, 30, 34, 36, 37, 
  46, 48, 50, 51, 54, 57, 61, 63 ],
[ 1, 2, 6, 7, 10, 11, 13, 14, 15, 18, 20, 22, 25, 26, 27, 28, 29, 33, 34, 36, 
  38, 41, 42, 49, 52, 54, 58, 59 ],
[ 1, 2, 6, 7, 10, 11, 13, 14, 15, 18, 19, 20, 21, 22, 25, 27, 28, 29, 33, 34, 
  36, 38, 48, 49, 52, 54, 58, 64 ],
[ 1, 2, 6, 7, 10, 11, 13, 14, 15, 16, 18, 20, 22, 25, 27, 28, 32, 34, 41, 42, 
  45, 46, 49, 50, 54, 56, 59, 63 ],
[ 1, 2, 6, 7, 10, 11, 13, 14, 15, 16, 18, 20, 22, 25, 27, 28, 29, 33, 34, 36, 
  41, 42, 43, 48, 49, 52, 59, 63 ],
[ 1, 2, 6, 7, 10, 11, 13, 14, 15, 16, 18, 19, 20, 22, 25, 27, 28, 33, 34, 36, 
  42, 48, 49, 51, 52, 54, 58, 59 ],
[ 1, 2, 6, 7, 9, 11, 14, 15, 16, 18, 20, 22, 25, 28, 30, 31, 33, 34, 35, 36, 
  41, 42, 43, 48, 49, 50, 53, 59 ],
[ 1, 2, 6, 7, 9, 11, 14, 15, 16, 18, 19, 20, 22, 25, 27, 28, 30, 31, 33, 34, 
  36, 42, 48, 50, 53, 55, 58, 59 ],
[ 1, 2, 6, 7, 9, 11, 13, 15, 16, 18, 20, 22, 24, 25, 27, 30, 32, 34, 36, 37, 
  41, 42, 49, 50, 54, 59, 60, 63 ],
[ 1, 2, 6, 7, 9, 11, 13, 14, 15, 16, 18, 20, 22, 25, 27, 30, 31, 33, 34, 36, 
  41, 42, 43, 48, 49, 51, 59, 63 ],
[ 1, 2, 6, 7, 9, 10, 11, 15, 16, 18, 22, 24, 25, 28, 30, 33, 34, 35, 36, 37, 
  39, 41, 47, 48, 50, 57, 62, 63 ],
[ 1, 2, 6, 7, 9, 10, 11, 15, 16, 18, 19, 20, 21, 22, 25, 28, 30, 33, 34, 36, 
  43, 48, 50, 55, 56, 59, 62, 63 ],
[ 1, 2, 6, 7, 9, 10, 11, 14, 15, 18, 19, 20, 21, 22, 25, 28, 30, 34, 35, 38, 
  43, 48, 50, 53, 56, 59, 62, 63 ],
[ 1, 2, 6, 7, 9, 10, 11, 14, 15, 16, 18, 20, 22, 25, 27, 28, 33, 34, 35, 36, 
  41, 42, 43, 48, 52, 53, 59, 62 ],
[ 1, 2, 6, 7, 9, 10, 11, 14, 15, 16, 18, 20, 22, 23, 25, 27, 28, 33, 34, 36, 
  42, 48, 51, 52, 53, 54, 57, 59 ],
[ 1, 2, 6, 7, 9, 10, 11, 14, 15, 16, 17, 18, 19, 20, 22, 23, 25, 29, 36, 39, 
  42, 44, 48, 52, 53, 58, 59, 63 ],
[ 1, 2, 6, 7, 8, 11, 15, 18, 20, 22, 25, 27, 28, 29, 30, 31, 33, 34, 35, 36, 
  37, 38, 41, 42, 49, 54, 59, 64 ],
[ 1, 2, 6, 7, 8, 11, 14, 15, 18, 19, 20, 21, 22, 25, 27, 28, 30, 33, 34, 35, 
  38, 49, 51, 52, 54, 56, 59, 64 ],
[ 1, 2, 6, 7, 8, 11, 14, 15, 16, 18, 19, 20, 21, 22, 25, 27, 28, 30, 33, 34, 
  37, 49, 51, 52, 55, 59, 63, 64 ],
[ 1, 2, 6, 7, 8, 10, 11, 15, 16, 18, 19, 20, 21, 22, 25, 27, 28, 31, 33, 34, 
  36, 49, 51, 55, 56, 59, 63, 64 ],
[ 1, 2, 6, 7, 8, 10, 11, 15, 16, 17, 18, 19, 22, 25, 27, 28, 30, 34, 36, 37, 
  47, 50, 51, 53, 55, 57, 61, 63 ],
[ 1, 2, 6, 7, 8, 10, 11, 14, 15, 18, 20, 22, 25, 27, 28, 29, 33, 34, 35, 38, 
  41, 42, 49, 52, 54, 56, 59, 64 ],
[ 1, 2, 6, 7, 8, 10, 11, 14, 15, 18, 19, 20, 21, 22, 25, 27, 28, 31, 34, 35, 
  38, 49, 51, 53, 56, 59, 63, 64 ],
[ 1, 2, 6, 7, 8, 9, 11, 15, 18, 20, 22, 25, 28, 30, 31, 33, 36, 37, 38, 39, 
  40, 41, 42, 45, 54, 58, 59, 60 ],
[ 1, 2, 6, 7, 8, 9, 11, 15, 18, 20, 22, 25, 28, 30, 31, 33, 36, 37, 38, 39, 
  40, 41, 42, 43, 45, 54, 60, 64 ],
[ 1, 2, 6, 7, 8, 9, 11, 15, 18, 20, 21, 22, 25, 28, 30, 33, 36, 37, 38, 39, 
  40, 41, 43, 45, 52, 59, 60, 63 ],
[ 1, 2, 6, 7, 8, 9, 11, 15, 16, 18, 19, 20, 21, 22, 25, 28, 30, 33, 36, 39, 
  43, 45, 52, 56, 57, 59, 60, 63 ],
[ 1, 2, 6, 7, 8, 9, 11, 15, 16, 17, 18, 19, 20, 22, 25, 28, 30, 36, 37, 42, 
  43, 45, 52, 53, 57, 59, 60, 63 ],
[ 1, 2, 5, 6, 9, 11, 12, 15, 17, 18, 20, 25, 26, 28, 32, 33, 34, 35, 36, 38, 
  40, 41, 46, 47, 50, 56, 62, 63 ],
[ 1, 2, 5, 6, 8, 9, 11, 15, 18, 20, 22, 25, 28, 29, 31, 32, 33, 34, 35, 36, 
  37, 38, 39, 42, 43, 54, 58, 62 ],
[ 1, 2, 5, 6, 8, 9, 11, 15, 18, 19, 20, 22, 25, 28, 31, 32, 33, 34, 36, 37, 
  38, 42, 43, 45, 49, 53, 54, 62 ],
[ 1, 2, 5, 6, 8, 9, 11, 15, 18, 19, 20, 22, 25, 27, 28, 31, 32, 35, 36, 37, 
  38, 42, 50, 53, 54, 58, 60, 63 ],
[ 1, 2, 5, 6, 8, 9, 11, 15, 18, 19, 20, 21, 22, 25, 27, 28, 32, 36, 37, 38, 
  45, 50, 52, 53, 54, 55, 58, 63 ],
[ 1, 2, 5, 6, 8, 9, 11, 15, 16, 18, 20, 22, 25, 28, 31, 32, 33, 34, 35, 36, 
  39, 42, 43, 50, 51, 54, 56, 58 ],
[ 1, 2, 5, 6, 8, 9, 11, 15, 16, 18, 19, 20, 22, 25, 28, 31, 32, 35, 36, 42, 
  43, 45, 49, 53, 54, 56, 62, 63 ],
[ 1, 2, 5, 6, 8, 9, 11, 15, 16, 18, 19, 20, 22, 25, 27, 28, 31, 32, 33, 34, 
  36, 42, 50, 53, 54, 56, 58, 60 ],
[ 1, 2, 5, 6, 8, 9, 11, 15, 16, 18, 19, 20, 21, 22, 25, 28, 32, 33, 35, 36, 
  45, 49, 52, 54, 56, 58, 62, 63 ],
[ 1, 2, 5, 6, 8, 9, 11, 15, 16, 18, 19, 20, 21, 22, 25, 27, 28, 32, 33, 34, 
  36, 43, 50, 52, 53, 56, 60, 63 ],
[ 1, 2, 5, 6, 8, 9, 11, 15, 16, 17, 18, 20, 21, 22, 25, 28, 32, 33, 34, 35, 
  36, 43, 51, 52, 54, 56, 58, 62 ],
[ 1, 2, 5, 6, 8, 9, 11, 15, 16, 17, 18, 20, 21, 22, 25, 28, 29, 32, 33, 34, 
  36, 43, 50, 52, 55, 56, 58, 63 ],
[ 1, 2, 5, 6, 8, 9, 11, 13, 15, 18, 19, 20, 21, 22, 25, 28, 32, 33, 36, 37, 
  38, 43, 49, 52, 53, 54, 60, 62 ],
[ 1, 2, 5, 6, 7, 9, 11, 15, 18, 19, 20, 22, 25, 28, 30, 31, 36, 37, 38, 40, 
  43, 44, 45, 48, 53, 57, 59, 63 ],
[ 1, 2, 5, 6, 7, 9, 11, 15, 18, 19, 20, 22, 25, 28, 30, 31, 33, 36, 37, 38, 
  40, 44, 45, 48, 54, 57, 58, 64 ],
[ 1, 2, 5, 6, 7, 9, 11, 15, 16, 18, 20, 22, 25, 28, 30, 33, 36, 37, 40, 41, 
  43, 44, 45, 48, 52, 54, 57, 64 ],
[ 1, 2, 5, 6, 7, 9, 11, 15, 16, 18, 19, 20, 22, 25, 28, 30, 31, 33, 34, 40, 
  46, 48, 54, 55, 57, 58, 59, 61 ],
[ 1, 2, 5, 6, 7, 9, 11, 15, 16, 18, 19, 20, 22, 24, 25, 28, 30, 31, 34, 40, 
  47, 48, 53, 55, 57, 58, 59, 63 ],
[ 1, 2, 4, 6, 8, 11, 15, 18, 20, 21, 25, 26, 27, 29, 30, 33, 34, 36, 37, 38, 
  39, 40, 48, 50, 51, 52, 55, 63 ],
[ 1, 2, 4, 6, 8, 11, 15, 18, 20, 21, 25, 26, 27, 29, 30, 31, 33, 34, 36, 38, 
  39, 40, 48, 51, 54, 55, 56, 62 ],
[ 1, 2, 4, 6, 8, 11, 15, 17, 18, 20, 25, 26, 29, 30, 31, 34, 36, 37, 38, 40, 
  42, 48, 49, 50, 51, 53, 54, 55 ],
[ 1, 2, 4, 6, 8, 11, 15, 17, 18, 20, 21, 25, 26, 29, 30, 31, 33, 34, 36, 38, 
  48, 49, 50, 51, 54, 55, 56, 57 ],
[ 1, 2, 4, 6, 7, 11, 14, 15, 16, 18, 20, 22, 23, 25, 28, 30, 31, 33, 36, 39, 
  40, 42, 44, 48, 51, 54, 58, 59 ],
[ 1, 2, 4, 6, 7, 10, 11, 15, 16, 18, 20, 22, 25, 28, 30, 33, 36, 37, 40, 42, 
  43, 44, 45, 48, 51, 54, 57, 64 ],
[ 1, 2, 4, 5, 6, 7, 11, 15, 18, 20, 22, 25, 28, 29, 30, 31, 34, 35, 36, 37, 
  38, 43, 48, 50, 53, 59, 62, 63 ],
[ 1, 2, 4, 5, 6, 7, 11, 15, 18, 20, 22, 25, 28, 29, 30, 31, 33, 34, 35, 36, 
  37, 38, 48, 50, 54, 58, 62, 64 ],
[ 1, 2, 4, 5, 6, 7, 11, 15, 18, 20, 22, 23, 25, 30, 32, 34, 36, 37, 38, 39, 
  41, 43, 45, 47, 50, 54, 62, 64 ],
[ 1, 2, 4, 5, 6, 7, 11, 15, 17, 18, 19, 20, 22, 23, 25, 30, 32, 34, 36, 37, 
  38, 47, 50, 54, 58, 60, 62, 64 ],
[ 1, 2, 4, 5, 6, 7, 11, 15, 16, 18, 20, 22, 23, 25, 30, 32, 34, 36, 39, 41, 
  43, 47, 50, 54, 56, 59, 60, 62 ],
[ 1, 2, 4, 5, 6, 7, 11, 15, 16, 17, 18, 19, 20, 22, 25, 30, 32, 34, 36, 43, 
  44, 47, 50, 54, 56, 60, 62, 64 ],
[ 1, 2, 3, 6, 7, 11, 15, 18, 20, 21, 22, 23, 24, 27, 28, 30, 32, 34, 38, 39, 
  40, 41, 45, 46, 54, 56, 59, 64 ],
[ 1, 2, 3, 6, 7, 10, 11, 15, 16, 18, 19, 20, 21, 22, 23, 24, 28, 32, 34, 39, 
  45, 46, 49, 56, 57, 59, 63, 64 ],
[ 1, 2, 3, 6, 7, 10, 11, 15, 16, 17, 18, 19, 20, 21, 22, 24, 28, 32, 34, 40, 
  44, 46, 49, 56, 59, 60, 63, 64 ],
[ 1, 2, 3, 4, 6, 7, 11, 15, 18, 20, 22, 25, 28, 30, 31, 33, 36, 37, 39, 40, 
  42, 43, 44, 45, 48, 51, 54, 58 ],
[ 1, 2, 3, 4, 6, 7, 11, 15, 17, 18, 20, 22, 23, 25, 28, 30, 31, 33, 36, 37, 
  42, 43, 44, 48, 51, 54, 57, 64 ]
];

