## Group: [64, 266]
## Difference Sets: 157
## Time:  0:30:22.347

return [
[ 1, 7, 10, 11, 12, 15, 16, 18, 19, 20, 21, 22, 31, 32, 36, 37, 38, 41, 45, 
  48, 49, 50, 51, 53, 55, 58, 59, 63 ],
[ 1, 7, 10, 11, 12, 15, 16, 18, 19, 20, 21, 22, 25, 27, 31, 32, 34, 36, 37, 
  38, 41, 43, 45, 51, 53, 62, 63, 64 ],
[ 1, 7, 10, 11, 12, 13, 15, 16, 17, 18, 19, 21, 22, 28, 29, 30, 31, 32, 33, 
  35, 36, 38, 40, 47, 48, 58, 59, 63 ],
[ 1, 4, 7, 11, 12, 15, 16, 19, 20, 21, 22, 27, 30, 32, 34, 35, 36, 38, 39, 
  40, 42, 44, 45, 47, 48, 58, 62, 64 ],
[ 1, 4, 7, 11, 12, 15, 16, 19, 20, 21, 22, 24, 25, 27, 32, 35, 38, 40, 42, 
  45, 49, 52, 55, 56, 57, 58, 60, 64 ],
[ 1, 4, 7, 11, 12, 15, 16, 17, 19, 20, 21, 22, 29, 32, 36, 37, 38, 39, 45, 
  46, 48, 49, 51, 57, 59, 60, 61, 63 ],
[ 1, 4, 7, 10, 11, 12, 15, 16, 17, 19, 21, 22, 24, 25, 29, 31, 32, 33, 34, 
  35, 38, 51, 52, 54, 56, 57, 59, 64 ],
[ 1, 4, 7, 10, 11, 12, 15, 16, 17, 19, 21, 22, 24, 25, 29, 30, 31, 32, 33, 
  34, 35, 36, 38, 51, 54, 57, 59, 64 ],
[ 1, 3, 7, 11, 12, 16, 17, 19, 20, 21, 22, 23, 26, 27, 32, 35, 37, 38, 40, 
  41, 42, 43, 45, 49, 52, 55, 58, 61 ],
[ 1, 3, 7, 11, 12, 14, 15, 16, 17, 19, 20, 21, 22, 23, 26, 30, 32, 35, 40, 
  41, 42, 43, 45, 46, 50, 55, 58, 62 ],
[ 1, 3, 7, 11, 12, 13, 15, 16, 18, 19, 20, 21, 22, 23, 26, 27, 30, 32, 35, 
  37, 40, 42, 43, 44, 50, 57, 61, 64 ],
[ 1, 3, 7, 11, 12, 13, 14, 16, 18, 19, 20, 21, 22, 26, 27, 32, 35, 38, 40, 
  42, 43, 45, 46, 50, 52, 57, 60, 64 ],
[ 1, 3, 5, 7, 11, 12, 13, 16, 19, 21, 22, 24, 26, 31, 32, 35, 36, 38, 39, 40, 
  41, 42, 45, 49, 58, 59, 60, 62 ],
[ 1, 3, 5, 7, 11, 12, 13, 15, 16, 17, 19, 20, 21, 22, 23, 24, 26, 31, 32, 35, 
  36, 41, 43, 44, 49, 57, 62, 64 ],
[ 1, 3, 4, 7, 11, 12, 16, 17, 19, 22, 24, 26, 29, 30, 31, 32, 33, 35, 36, 38, 
  39, 42, 51, 52, 54, 55, 59, 64 ],
[ 1, 3, 4, 6, 7, 10, 12, 16, 19, 21, 22, 25, 26, 27, 31, 32, 35, 36, 37, 39, 
  40, 42, 45, 55, 58, 60, 62, 64 ],
[ 1, 3, 4, 6, 7, 10, 12, 14, 16, 19, 21, 22, 23, 25, 26, 31, 32, 35, 39, 40, 
  42, 44, 49, 50, 55, 56, 58, 64 ],
[ 1, 2, 7, 10, 12, 14, 15, 16, 18, 19, 21, 22, 26, 27, 29, 30, 32, 34, 37, 
  38, 41, 42, 43, 44, 50, 54, 58, 63 ],
[ 1, 2, 7, 9, 10, 11, 12, 14, 15, 16, 18, 19, 21, 22, 26, 27, 30, 33, 37, 38, 
  41, 42, 43, 50, 53, 55, 58, 60 ],
[ 1, 2, 6, 7, 12, 15, 16, 17, 19, 21, 22, 24, 29, 31, 32, 33, 34, 38, 40, 41, 
  42, 43, 45, 46, 56, 59, 60, 62 ],
[ 1, 2, 6, 7, 12, 14, 16, 17, 19, 20, 21, 22, 25, 26, 28, 29, 31, 33, 37, 38, 
  40, 41, 43, 44, 52, 58, 60, 63 ],
[ 1, 2, 6, 7, 12, 14, 16, 17, 18, 19, 20, 21, 22, 25, 26, 29, 31, 33, 37, 38, 
  40, 43, 44, 51, 52, 53, 60, 64 ],
[ 1, 2, 6, 7, 10, 12, 15, 16, 17, 19, 21, 22, 24, 29, 32, 38, 40, 41, 42, 43, 
  45, 46, 49, 54, 55, 56, 59, 60 ],
[ 1, 2, 6, 7, 10, 12, 14, 16, 17, 19, 21, 22, 26, 29, 30, 37, 38, 40, 41, 42, 
  43, 44, 48, 51, 54, 58, 60, 63 ],
[ 1, 2, 6, 7, 10, 12, 14, 16, 17, 19, 21, 22, 25, 26, 29, 37, 38, 40, 41, 42, 
  43, 44, 51, 52, 53, 54, 60, 64 ],
[ 1, 2, 6, 7, 10, 12, 14, 16, 17, 19, 21, 22, 25, 26, 28, 29, 37, 38, 40, 41, 
  42, 43, 44, 52, 54, 60, 63, 64 ],
[ 1, 2, 6, 7, 10, 12, 14, 16, 17, 19, 20, 21, 22, 26, 29, 37, 38, 40, 41, 43, 
  44, 48, 51, 52, 53, 54, 60, 64 ],
[ 1, 2, 6, 7, 10, 12, 14, 16, 17, 19, 20, 21, 22, 26, 28, 29, 37, 38, 40, 41, 
  43, 44, 48, 52, 54, 60, 63, 64 ],
[ 1, 2, 6, 7, 10, 12, 14, 16, 17, 19, 20, 21, 22, 25, 26, 28, 29, 30, 37, 38, 
  40, 41, 43, 44, 53, 54, 58, 60 ],
[ 1, 2, 6, 7, 10, 12, 14, 16, 17, 19, 20, 21, 22, 25, 26, 28, 29, 30, 33, 37, 
  38, 40, 41, 44, 59, 60, 63, 64 ],
[ 1, 2, 6, 7, 10, 12, 14, 16, 17, 18, 19, 21, 22, 26, 28, 29, 30, 33, 37, 38, 
  40, 42, 44, 48, 58, 59, 60, 63 ],
[ 1, 2, 6, 7, 10, 12, 14, 16, 17, 18, 19, 21, 22, 25, 26, 29, 37, 38, 40, 42, 
  43, 44, 51, 52, 53, 54, 58, 60 ],
[ 1, 2, 6, 7, 10, 12, 14, 16, 17, 18, 19, 21, 22, 25, 26, 28, 29, 37, 38, 40, 
  42, 43, 44, 52, 54, 58, 60, 63 ],
[ 1, 2, 6, 7, 10, 12, 14, 16, 17, 18, 19, 20, 21, 22, 26, 29, 37, 38, 40, 43, 
  44, 48, 51, 52, 53, 54, 58, 60 ],
[ 1, 2, 6, 7, 10, 12, 14, 16, 17, 18, 19, 20, 21, 22, 26, 28, 29, 37, 38, 40, 
  43, 44, 48, 52, 54, 58, 60, 63 ],
[ 1, 2, 6, 7, 10, 12, 14, 15, 16, 19, 21, 22, 28, 29, 31, 32, 33, 35, 37, 38, 
  39, 40, 46, 55, 59, 60, 62, 64 ],
[ 1, 2, 6, 7, 10, 12, 14, 15, 16, 17, 19, 21, 22, 29, 31, 32, 34, 35, 37, 38, 
  39, 43, 46, 49, 51, 54, 60, 64 ],
[ 1, 2, 6, 7, 9, 12, 13, 15, 16, 17, 19, 22, 29, 31, 32, 35, 36, 37, 38, 39, 
  42, 43, 44, 47, 50, 52, 53, 64 ],
[ 1, 2, 6, 7, 9, 12, 13, 15, 16, 17, 19, 22, 27, 29, 30, 31, 32, 35, 37, 38, 
  42, 43, 44, 47, 56, 57, 58, 63 ],
[ 1, 2, 6, 7, 9, 10, 12, 14, 16, 17, 19, 20, 21, 22, 25, 26, 30, 37, 38, 40, 
  41, 44, 51, 53, 54, 59, 60, 64 ],
[ 1, 2, 6, 7, 9, 10, 12, 14, 16, 17, 18, 19, 21, 22, 26, 30, 37, 38, 40, 42, 
  44, 48, 51, 53, 54, 58, 59, 60 ],
[ 1, 2, 6, 7, 8, 12, 16, 17, 19, 20, 21, 22, 23, 26, 28, 31, 37, 38, 39, 41, 
  43, 45, 51, 52, 53, 54, 56, 58 ],
[ 1, 2, 5, 7, 11, 12, 15, 16, 18, 19, 21, 22, 26, 29, 31, 33, 36, 37, 38, 41, 
  43, 44, 49, 50, 52, 53, 55, 59 ],
[ 1, 2, 5, 7, 9, 12, 15, 16, 18, 19, 21, 22, 26, 31, 32, 34, 36, 37, 38, 41, 
  43, 49, 50, 52, 54, 59, 60, 63 ],
[ 1, 2, 5, 6, 7, 12, 16, 18, 19, 21, 22, 25, 27, 32, 33, 35, 36, 37, 38, 40, 
  41, 43, 44, 45, 50, 52, 58, 61 ],
[ 1, 2, 5, 6, 7, 12, 16, 18, 19, 21, 22, 25, 27, 30, 32, 33, 35, 36, 37, 38, 
  40, 41, 44, 45, 46, 50, 59, 64 ],
[ 1, 2, 5, 6, 7, 12, 16, 17, 18, 19, 21, 22, 26, 27, 32, 37, 38, 41, 43, 44, 
  45, 47, 50, 52, 53, 55, 56, 64 ],
[ 1, 2, 5, 6, 7, 12, 16, 17, 18, 19, 21, 22, 24, 26, 27, 30, 32, 37, 38, 41, 
  44, 45, 50, 53, 55, 56, 58, 59 ],
[ 1, 2, 4, 6, 7, 12, 16, 19, 20, 21, 22, 27, 31, 32, 36, 38, 40, 41, 43, 44, 
  45, 47, 48, 49, 54, 55, 56, 59 ],
[ 1, 2, 4, 6, 7, 12, 16, 19, 20, 21, 22, 23, 26, 27, 30, 31, 35, 36, 38, 39, 
  40, 43, 44, 48, 55, 56, 59, 62 ],
[ 1, 2, 4, 6, 7, 12, 16, 19, 20, 21, 22, 23, 26, 27, 30, 31, 34, 35, 36, 38, 
  40, 43, 48, 49, 56, 57, 59, 60 ],
[ 1, 2, 4, 6, 7, 12, 16, 18, 19, 20, 21, 22, 23, 27, 31, 32, 34, 36, 38, 40, 
  43, 47, 48, 49, 54, 56, 59, 60 ],
[ 1, 2, 4, 6, 7, 12, 16, 17, 19, 20, 21, 22, 23, 26, 30, 31, 35, 36, 38, 43, 
  44, 48, 49, 50, 55, 56, 57, 59 ],
[ 1, 2, 4, 6, 7, 12, 16, 17, 19, 20, 21, 22, 23, 26, 30, 31, 34, 35, 36, 38, 
  39, 43, 48, 50, 56, 59, 60, 62 ],
[ 1, 2, 4, 6, 7, 12, 15, 19, 21, 22, 23, 24, 25, 27, 31, 32, 33, 34, 37, 38, 
  40, 41, 42, 43, 45, 56, 62, 64 ],
[ 1, 2, 4, 6, 7, 12, 15, 16, 19, 21, 22, 23, 29, 30, 32, 37, 38, 39, 40, 42, 
  45, 46, 47, 50, 53, 55, 59, 64 ],
[ 1, 2, 4, 6, 7, 12, 15, 16, 19, 21, 22, 23, 27, 29, 32, 34, 37, 38, 39, 40, 
  42, 43, 45, 46, 47, 52, 58, 63 ],
[ 1, 2, 4, 6, 7, 12, 15, 16, 19, 21, 22, 23, 27, 28, 31, 32, 35, 38, 40, 42, 
  43, 45, 46, 47, 56, 57, 63, 64 ],
[ 1, 2, 4, 6, 7, 12, 15, 16, 19, 21, 22, 23, 24, 29, 31, 32, 33, 36, 38, 39, 
  40, 42, 45, 46, 55, 58, 59, 62 ],
[ 1, 2, 4, 6, 7, 12, 15, 16, 19, 21, 22, 23, 24, 29, 31, 32, 33, 34, 38, 39, 
  40, 42, 43, 45, 46, 56, 62, 64 ],
[ 1, 2, 4, 6, 7, 12, 15, 16, 19, 21, 22, 23, 24, 28, 32, 33, 35, 37, 38, 39, 
  40, 42, 43, 45, 46, 52, 62, 64 ],
[ 1, 2, 4, 6, 7, 12, 15, 16, 17, 19, 21, 22, 23, 31, 32, 35, 36, 38, 39, 42, 
  43, 45, 46, 47, 50, 51, 53, 64 ],
[ 1, 2, 4, 6, 7, 12, 15, 16, 17, 19, 21, 22, 23, 24, 30, 32, 33, 35, 37, 38, 
  42, 43, 45, 46, 51, 57, 62, 64 ],
[ 1, 2, 4, 6, 7, 12, 14, 16, 19, 20, 21, 22, 23, 26, 27, 30, 31, 35, 37, 38, 
  39, 40, 44, 48, 55, 58, 62, 64 ],
[ 1, 2, 4, 6, 7, 12, 14, 16, 19, 20, 21, 22, 23, 26, 27, 30, 31, 34, 35, 37, 
  38, 40, 48, 49, 57, 58, 60, 64 ],
[ 1, 2, 4, 6, 7, 10, 12, 16, 19, 21, 22, 26, 27, 30, 34, 35, 36, 38, 39, 40, 
  42, 43, 44, 45, 48, 56, 59, 62 ],
[ 1, 2, 4, 6, 7, 10, 12, 16, 19, 21, 22, 23, 25, 26, 35, 36, 38, 40, 42, 43, 
  49, 50, 52, 55, 56, 57, 59, 60 ],
[ 1, 2, 4, 6, 7, 10, 12, 16, 19, 21, 22, 23, 25, 26, 35, 36, 38, 39, 40, 42, 
  43, 50, 52, 55, 56, 59, 60, 62 ],
[ 1, 2, 4, 6, 7, 10, 12, 16, 19, 21, 22, 23, 25, 26, 34, 35, 36, 38, 40, 42, 
  43, 44, 49, 50, 52, 56, 57, 59 ],
[ 1, 2, 4, 6, 7, 10, 12, 16, 19, 21, 22, 23, 25, 26, 34, 35, 36, 38, 39, 40, 
  42, 43, 44, 50, 52, 56, 59, 62 ],
[ 1, 2, 4, 6, 7, 10, 12, 16, 19, 20, 21, 22, 26, 27, 34, 35, 36, 38, 40, 43, 
  44, 45, 48, 49, 52, 56, 57, 59 ],
[ 1, 2, 4, 6, 7, 10, 12, 16, 19, 20, 21, 22, 23, 25, 26, 30, 35, 36, 38, 39, 
  40, 43, 50, 55, 56, 59, 60, 62 ],
[ 1, 2, 4, 6, 7, 10, 12, 16, 19, 20, 21, 22, 23, 25, 26, 30, 34, 35, 36, 38, 
  39, 40, 43, 44, 50, 56, 59, 62 ],
[ 1, 2, 4, 6, 7, 10, 12, 16, 18, 19, 21, 22, 23, 26, 32, 35, 36, 38, 40, 42, 
  43, 44, 46, 50, 53, 56, 59, 62 ],
[ 1, 2, 4, 6, 7, 10, 12, 16, 17, 19, 21, 22, 23, 25, 26, 27, 34, 35, 36, 38, 
  42, 43, 44, 49, 52, 56, 57, 59 ],
[ 1, 2, 4, 6, 7, 10, 12, 16, 17, 18, 19, 21, 22, 23, 26, 27, 32, 35, 36, 38, 
  42, 43, 44, 46, 49, 56, 59, 63 ],
[ 1, 2, 4, 6, 7, 10, 12, 14, 16, 19, 21, 22, 23, 25, 26, 35, 37, 38, 40, 42, 
  49, 50, 52, 55, 57, 58, 60, 64 ],
[ 1, 2, 4, 6, 7, 10, 12, 14, 16, 19, 21, 22, 23, 25, 26, 35, 37, 38, 39, 40, 
  42, 50, 52, 55, 58, 60, 62, 64 ],
[ 1, 2, 4, 6, 7, 10, 12, 14, 16, 19, 21, 22, 23, 25, 26, 34, 35, 37, 38, 40, 
  42, 44, 49, 50, 52, 57, 58, 64 ],
[ 1, 2, 4, 6, 7, 10, 12, 14, 16, 19, 21, 22, 23, 25, 26, 34, 35, 37, 38, 39, 
  40, 42, 44, 50, 52, 58, 62, 64 ],
[ 1, 2, 4, 5, 7, 12, 15, 16, 18, 19, 21, 22, 23, 26, 30, 31, 32, 33, 35, 36, 
  37, 38, 50, 51, 53, 58, 62, 64 ],
[ 1, 2, 4, 5, 7, 11, 12, 15, 16, 19, 21, 22, 23, 26, 27, 30, 31, 33, 35, 36, 
  37, 38, 41, 49, 51, 53, 58, 64 ],
[ 1, 2, 4, 5, 6, 7, 12, 16, 19, 21, 22, 31, 32, 36, 37, 38, 40, 41, 43, 44, 
  45, 47, 48, 49, 54, 55, 58, 62 ],
[ 1, 2, 4, 5, 6, 7, 12, 16, 17, 18, 19, 21, 22, 23, 26, 31, 32, 35, 36, 37, 
  38, 43, 44, 46, 49, 53, 62, 64 ],
[ 1, 2, 4, 5, 6, 7, 12, 15, 16, 18, 19, 21, 22, 23, 31, 32, 34, 37, 40, 43, 
  44, 47, 48, 49, 54, 56, 62, 64 ],
[ 1, 2, 4, 5, 6, 7, 12, 15, 16, 18, 19, 21, 22, 23, 26, 31, 32, 35, 37, 40, 
  46, 49, 56, 59, 60, 62, 63, 64 ],
[ 1, 2, 3, 7, 12, 15, 16, 18, 19, 21, 22, 23, 27, 29, 31, 32, 33, 35, 36, 41, 
  42, 48, 50, 52, 56, 58, 59, 63 ],
[ 1, 2, 3, 7, 12, 15, 16, 18, 19, 21, 22, 23, 24, 29, 30, 31, 32, 33, 35, 37, 
  39, 41, 48, 49, 52, 54, 58, 63 ],
[ 1, 2, 3, 7, 12, 15, 16, 18, 19, 20, 21, 22, 23, 24, 29, 31, 32, 35, 37, 39, 
  41, 42, 43, 48, 49, 58, 59, 63 ],
[ 1, 2, 3, 7, 12, 15, 16, 17, 19, 21, 22, 23, 24, 29, 30, 31, 32, 34, 35, 37, 
  39, 40, 48, 49, 52, 55, 58, 63 ],
[ 1, 2, 3, 7, 12, 14, 16, 18, 19, 21, 22, 23, 25, 29, 30, 31, 32, 33, 35, 38, 
  41, 47, 52, 53, 54, 57, 62, 64 ],
[ 1, 2, 3, 7, 12, 14, 16, 18, 19, 20, 22, 26, 29, 30, 31, 32, 33, 35, 38, 40, 
  41, 44, 47, 52, 53, 54, 62, 64 ],
[ 1, 2, 3, 7, 12, 14, 16, 18, 19, 20, 21, 22, 23, 25, 29, 31, 32, 35, 38, 39, 
  41, 42, 43, 47, 49, 58, 59, 63 ],
[ 1, 2, 3, 7, 12, 14, 15, 16, 19, 20, 21, 22, 23, 27, 31, 32, 35, 39, 41, 42, 
  45, 47, 48, 55, 57, 58, 59, 62 ],
[ 1, 2, 3, 7, 12, 14, 15, 16, 18, 19, 21, 22, 23, 29, 31, 32, 33, 35, 37, 41, 
  42, 48, 49, 52, 58, 59, 62, 63 ],
[ 1, 2, 3, 7, 12, 14, 15, 16, 18, 19, 21, 22, 23, 29, 30, 31, 32, 33, 35, 41, 
  47, 48, 52, 54, 57, 58, 62, 63 ],
[ 1, 2, 3, 7, 12, 14, 15, 16, 18, 19, 20, 21, 22, 23, 29, 31, 32, 35, 41, 42, 
  43, 47, 48, 57, 58, 59, 62, 63 ],
[ 1, 2, 3, 7, 12, 14, 15, 16, 17, 19, 20, 21, 22, 27, 31, 32, 35, 40, 41, 42, 
  44, 47, 48, 55, 58, 59, 60, 62 ],
[ 1, 2, 3, 7, 12, 14, 15, 16, 17, 18, 19, 22, 26, 29, 30, 31, 32, 33, 35, 41, 
  42, 47, 52, 54, 58, 60, 62, 63 ],
[ 1, 2, 3, 7, 11, 12, 16, 18, 19, 20, 22, 26, 29, 30, 31, 33, 35, 37, 38, 40, 
  41, 44, 47, 52, 53, 54, 62, 64 ],
[ 1, 2, 3, 7, 11, 12, 16, 18, 19, 20, 21, 22, 26, 29, 31, 33, 34, 37, 38, 39, 
  41, 42, 43, 45, 59, 61, 62, 64 ],
[ 1, 2, 3, 7, 11, 12, 15, 16, 18, 19, 20, 21, 22, 26, 29, 31, 33, 34, 37, 39, 
  41, 42, 43, 45, 58, 59, 61, 62 ],
[ 1, 2, 3, 7, 11, 12, 15, 16, 18, 19, 20, 21, 22, 23, 26, 29, 31, 33, 34, 37, 
  39, 41, 42, 43, 59, 61, 62, 64 ],
[ 1, 2, 3, 7, 11, 12, 14, 16, 18, 19, 20, 21, 22, 24, 25, 29, 31, 35, 38, 39, 
  41, 42, 43, 45, 58, 59, 62, 63 ],
[ 1, 2, 3, 7, 10, 12, 16, 19, 22, 27, 29, 30, 31, 32, 33, 34, 35, 36, 38, 39, 
  40, 42, 45, 48, 55, 57, 59, 61 ],
[ 1, 2, 3, 7, 10, 12, 13, 16, 17, 19, 22, 28, 29, 30, 31, 32, 33, 35, 36, 38, 
  40, 41, 42, 48, 53, 58, 59, 61 ],
[ 1, 2, 3, 7, 10, 12, 13, 16, 17, 19, 21, 22, 26, 30, 31, 32, 35, 38, 39, 40, 
  46, 51, 53, 55, 56, 59, 60, 62 ],
[ 1, 2, 3, 7, 10, 11, 12, 16, 19, 20, 22, 25, 29, 31, 33, 34, 35, 38, 39, 40, 
  43, 45, 46, 50, 52, 55, 56, 57 ],
[ 1, 2, 3, 7, 9, 10, 12, 16, 19, 22, 25, 29, 31, 32, 33, 34, 35, 36, 38, 39, 
  40, 41, 42, 43, 52, 53, 59, 61 ],
[ 1, 2, 3, 6, 7, 12, 16, 18, 21, 22, 23, 25, 26, 27, 31, 35, 36, 37, 39, 40, 
  41, 42, 43, 45, 52, 55, 58, 62 ],
[ 1, 2, 3, 6, 7, 12, 16, 18, 19, 21, 22, 23, 27, 31, 32, 35, 37, 41, 42, 43, 
  45, 47, 48, 49, 56, 57, 58, 63 ],
[ 1, 2, 3, 6, 7, 12, 16, 18, 19, 21, 22, 23, 24, 27, 31, 32, 35, 37, 41, 42, 
  43, 45, 48, 49, 53, 56, 57, 58 ],
[ 1, 2, 3, 6, 7, 12, 16, 17, 19, 20, 21, 22, 23, 25, 26, 28, 29, 31, 33, 37, 
  40, 41, 44, 52, 56, 58, 63, 64 ],
[ 1, 2, 3, 6, 7, 12, 14, 16, 19, 21, 22, 23, 29, 31, 32, 35, 38, 39, 41, 42, 
  43, 46, 47, 53, 57, 59, 60, 62 ],
[ 1, 2, 3, 6, 7, 12, 14, 16, 17, 19, 21, 22, 23, 29, 31, 32, 35, 38, 40, 41, 
  42, 46, 47, 53, 58, 60, 62, 64 ],
[ 1, 2, 3, 6, 7, 10, 12, 16, 19, 21, 22, 25, 26, 28, 29, 31, 36, 39, 40, 41, 
  42, 43, 45, 54, 56, 60, 63, 64 ],
[ 1, 2, 3, 6, 7, 10, 12, 16, 19, 21, 22, 23, 25, 26, 28, 29, 31, 36, 39, 40, 
  41, 42, 43, 44, 54, 56, 63, 64 ],
[ 1, 2, 3, 5, 7, 12, 16, 17, 19, 21, 22, 23, 25, 27, 32, 34, 35, 36, 38, 40, 
  41, 42, 43, 45, 49, 52, 61, 64 ],
[ 1, 2, 3, 5, 7, 12, 15, 16, 17, 19, 21, 22, 23, 25, 30, 32, 34, 35, 40, 41, 
  42, 43, 45, 46, 50, 56, 62, 64 ],
[ 1, 2, 3, 5, 7, 12, 13, 16, 19, 21, 22, 27, 30, 32, 35, 36, 38, 39, 40, 41, 
  42, 45, 48, 50, 58, 59, 60, 61 ],
[ 1, 2, 3, 5, 7, 12, 13, 16, 19, 21, 22, 25, 27, 32, 35, 36, 38, 39, 40, 41, 
  42, 43, 45, 50, 52, 60, 61, 64 ],
[ 1, 2, 3, 4, 7, 12, 16, 19, 22, 24, 27, 29, 30, 31, 32, 33, 36, 38, 40, 41, 
  42, 45, 48, 52, 53, 55, 59, 63 ],
[ 1, 2, 3, 4, 7, 12, 16, 19, 21, 22, 28, 30, 32, 36, 37, 38, 41, 42, 44, 48, 
  50, 52, 53, 55, 58, 59, 62, 63 ],
[ 1, 2, 3, 4, 7, 12, 16, 19, 21, 22, 28, 30, 31, 32, 33, 36, 38, 41, 42, 44, 
  48, 49, 53, 55, 56, 58, 59, 62 ],
[ 1, 2, 3, 4, 7, 12, 16, 19, 21, 22, 27, 28, 30, 31, 32, 37, 38, 40, 41, 43, 
  44, 47, 48, 52, 53, 54, 55, 63 ],
[ 1, 2, 3, 4, 7, 12, 16, 19, 20, 21, 22, 23, 27, 28, 29, 32, 37, 38, 39, 40, 
  43, 44, 46, 48, 54, 56, 57, 61 ],
[ 1, 2, 3, 4, 7, 12, 15, 16, 19, 21, 22, 25, 27, 28, 30, 31, 32, 34, 37, 40, 
  41, 43, 47, 52, 53, 54, 60, 63 ],
[ 1, 2, 3, 4, 7, 12, 15, 16, 18, 19, 21, 22, 24, 28, 30, 31, 32, 33, 34, 37, 
  40, 48, 50, 52, 53, 59, 60, 63 ],
[ 1, 2, 3, 4, 7, 11, 12, 16, 19, 21, 22, 30, 31, 34, 36, 38, 41, 42, 48, 49, 
  51, 54, 56, 58, 59, 60, 62, 63 ],
[ 1, 2, 3, 4, 7, 10, 12, 16, 19, 22, 30, 31, 32, 33, 38, 39, 41, 42, 46, 48, 
  51, 53, 54, 55, 56, 60, 62, 64 ],
[ 1, 2, 3, 4, 7, 10, 12, 16, 19, 22, 30, 31, 32, 33, 36, 38, 39, 41, 42, 48, 
  51, 54, 55, 58, 60, 61, 62, 63 ],
[ 1, 2, 3, 4, 7, 10, 12, 16, 19, 22, 29, 30, 31, 32, 33, 38, 39, 41, 42, 45, 
  46, 48, 50, 53, 54, 55, 56, 59 ],
[ 1, 2, 3, 4, 7, 10, 12, 16, 19, 22, 28, 31, 32, 33, 36, 38, 39, 41, 42, 44, 
  46, 48, 52, 54, 55, 58, 62, 63 ],
[ 1, 2, 3, 4, 7, 10, 12, 16, 19, 22, 28, 31, 32, 33, 34, 36, 38, 41, 42, 46, 
  48, 49, 52, 54, 57, 58, 60, 63 ],
[ 1, 2, 3, 4, 7, 10, 12, 16, 19, 22, 28, 30, 31, 32, 33, 38, 39, 41, 42, 44, 
  46, 48, 49, 53, 54, 55, 56, 58 ],
[ 1, 2, 3, 4, 7, 10, 12, 16, 19, 21, 22, 28, 31, 32, 33, 36, 37, 38, 41, 42, 
  44, 48, 50, 54, 55, 58, 59, 62 ],
[ 1, 2, 3, 4, 7, 10, 12, 16, 19, 21, 22, 25, 29, 31, 32, 33, 35, 38, 39, 41, 
  47, 49, 52, 54, 56, 58, 60, 63 ],
[ 1, 2, 3, 4, 7, 10, 12, 15, 16, 19, 21, 22, 28, 31, 32, 33, 34, 37, 39, 41, 
  43, 44, 46, 48, 50, 52, 53, 54 ],
[ 1, 2, 3, 4, 6, 7, 12, 16, 19, 21, 22, 25, 26, 27, 31, 35, 36, 37, 39, 40, 
  42, 43, 44, 52, 55, 58, 60, 62 ],
[ 1, 2, 3, 4, 6, 7, 12, 16, 19, 21, 22, 24, 28, 32, 36, 38, 39, 40, 42, 44, 
  46, 52, 55, 58, 59, 60, 62, 63 ],
[ 1, 2, 3, 4, 6, 7, 12, 16, 19, 21, 22, 24, 28, 32, 34, 38, 39, 40, 42, 43, 
  44, 46, 52, 56, 60, 62, 63, 64 ],
[ 1, 2, 3, 4, 6, 7, 12, 16, 19, 21, 22, 24, 27, 28, 31, 32, 33, 34, 37, 38, 
  40, 42, 43, 44, 46, 57, 58, 60 ],
[ 1, 2, 3, 4, 6, 7, 12, 16, 19, 21, 22, 24, 25, 27, 31, 32, 33, 34, 37, 40, 
  41, 42, 43, 44, 56, 60, 62, 64 ],
[ 1, 2, 3, 4, 6, 7, 12, 15, 16, 19, 21, 22, 27, 28, 31, 32, 34, 37, 40, 42, 
  43, 44, 47, 54, 57, 58, 60, 61 ],
[ 1, 2, 3, 4, 5, 7, 12, 16, 19, 21, 22, 30, 32, 38, 39, 41, 42, 43, 46, 48, 
  51, 53, 55, 56, 59, 60, 62, 64 ],
[ 1, 2, 3, 4, 5, 7, 12, 16, 19, 21, 22, 30, 32, 36, 38, 39, 41, 42, 43, 48, 
  51, 55, 58, 59, 60, 61, 62, 63 ],
[ 1, 2, 3, 4, 5, 7, 12, 16, 19, 21, 22, 28, 32, 36, 38, 39, 41, 42, 43, 44, 
  46, 48, 52, 55, 58, 59, 62, 63 ],
[ 1, 2, 3, 4, 5, 7, 12, 16, 19, 21, 22, 28, 32, 34, 36, 38, 41, 42, 43, 46, 
  48, 49, 52, 57, 58, 59, 60, 63 ],
[ 1, 2, 3, 4, 5, 7, 12, 16, 19, 21, 22, 28, 30, 32, 36, 38, 41, 42, 43, 44, 
  48, 53, 55, 57, 58, 59, 61, 62 ],
[ 1, 2, 3, 4, 5, 7, 12, 16, 19, 21, 22, 28, 30, 32, 34, 36, 38, 39, 41, 42, 
  43, 48, 49, 53, 58, 59, 60, 61 ],
[ 1, 2, 3, 4, 5, 7, 12, 16, 19, 21, 22, 27, 30, 32, 35, 36, 38, 40, 42, 43, 
  44, 45, 48, 55, 57, 59, 61, 62 ],
[ 1, 2, 3, 4, 5, 7, 12, 16, 19, 21, 22, 26, 29, 32, 34, 37, 38, 40, 41, 42, 
  43, 46, 49, 52, 58, 59, 60, 63 ],
[ 1, 2, 3, 4, 5, 7, 12, 16, 19, 21, 22, 25, 27, 28, 31, 32, 33, 34, 37, 38, 
  41, 43, 44, 52, 56, 59, 62, 63 ],
[ 1, 2, 3, 4, 5, 7, 12, 16, 19, 21, 22, 24, 28, 31, 32, 34, 36, 38, 40, 41, 
  42, 43, 48, 49, 54, 58, 59, 60 ],
[ 1, 2, 3, 4, 5, 7, 12, 16, 19, 20, 21, 22, 23, 25, 30, 32, 35, 38, 40, 43, 
  46, 49, 50, 55, 56, 57, 59, 60 ],
[ 1, 2, 3, 4, 5, 7, 12, 16, 18, 19, 21, 22, 25, 31, 32, 33, 34, 36, 38, 40, 
  42, 43, 44, 47, 49, 51, 58, 59 ],
[ 1, 2, 3, 4, 5, 7, 12, 15, 16, 19, 21, 22, 25, 27, 28, 31, 32, 34, 37, 41, 
  43, 52, 53, 54, 56, 59, 60, 62 ]
];

