## Group: [64, 3]
## Difference Sets: 71
## Time:  0:10:24.107

return [
[ 1, 4, 6, 7, 8, 12, 15, 16, 17, 19, 22, 26, 27, 29, 31, 32, 34, 35, 36, 37, 
  40, 46, 49, 51, 52, 53, 54, 61 ],
[ 1, 4, 6, 7, 8, 12, 14, 15, 16, 17, 19, 22, 26, 27, 29, 31, 32, 33, 34, 35, 
  40, 46, 49, 51, 52, 56, 61, 63 ],
[ 1, 4, 6, 7, 8, 11, 12, 16, 17, 19, 22, 26, 28, 29, 30, 31, 33, 35, 37, 38, 
  40, 46, 49, 50, 53, 55, 56, 61 ],
[ 1, 4, 6, 7, 8, 11, 12, 14, 16, 17, 19, 22, 26, 28, 29, 30, 31, 35, 36, 38, 
  40, 46, 49, 50, 54, 55, 61, 63 ],
[ 1, 4, 6, 7, 8, 11, 12, 13, 16, 17, 19, 22, 26, 28, 29, 30, 31, 34, 37, 38, 
  40, 46, 49, 50, 54, 56, 61, 63 ],
[ 1, 4, 6, 7, 8, 11, 12, 13, 14, 16, 17, 19, 22, 26, 28, 29, 30, 31, 33, 34, 
  36, 38, 40, 46, 49, 50, 53, 61 ],
[ 1, 4, 6, 7, 8, 9, 12, 15, 16, 17, 19, 22, 26, 28, 31, 32, 34, 35, 36, 37, 
  40, 46, 50, 52, 53, 54, 61, 62 ],
[ 1, 4, 6, 7, 8, 9, 12, 14, 15, 16, 17, 19, 22, 26, 28, 31, 32, 33, 34, 35, 
  40, 46, 50, 52, 56, 61, 62, 63 ],
[ 1, 4, 5, 7, 8, 12, 15, 16, 19, 21, 25, 26, 27, 29, 31, 32, 34, 35, 36, 37, 
  39, 48, 49, 51, 52, 53, 54, 57 ],
[ 1, 4, 5, 7, 8, 12, 14, 15, 16, 19, 21, 25, 26, 27, 29, 31, 32, 33, 34, 35, 
  39, 48, 49, 51, 52, 56, 57, 63 ],
[ 1, 4, 5, 7, 8, 11, 12, 16, 19, 21, 25, 26, 28, 29, 30, 31, 33, 35, 37, 38, 
  39, 48, 49, 50, 53, 55, 56, 57 ],
[ 1, 4, 5, 7, 8, 11, 12, 14, 16, 19, 21, 25, 26, 28, 29, 30, 31, 35, 36, 38, 
  39, 48, 49, 50, 54, 55, 57, 63 ],
[ 1, 4, 5, 7, 8, 11, 12, 13, 16, 19, 21, 25, 26, 28, 29, 30, 31, 34, 37, 38, 
  39, 48, 49, 50, 54, 56, 57, 63 ],
[ 1, 4, 5, 7, 8, 10, 12, 15, 16, 19, 21, 25, 26, 29, 30, 32, 34, 35, 36, 37, 
  39, 48, 50, 51, 53, 54, 57, 62 ],
[ 1, 4, 5, 7, 8, 10, 12, 14, 15, 16, 19, 21, 25, 26, 29, 30, 32, 33, 34, 35, 
  39, 48, 50, 51, 56, 57, 62, 63 ],
[ 1, 3, 8, 12, 13, 14, 16, 17, 18, 19, 20, 21, 22, 25, 26, 27, 29, 31, 32, 
  35, 37, 48, 49, 51, 52, 53, 57, 63 ],
[ 1, 3, 8, 10, 12, 13, 14, 16, 17, 18, 19, 20, 21, 22, 25, 26, 29, 30, 32, 
  35, 37, 48, 50, 51, 53, 57, 62, 63 ],
[ 1, 3, 7, 8, 11, 12, 16, 17, 19, 21, 25, 26, 27, 29, 30, 31, 33, 34, 36, 37, 
  40, 41, 42, 48, 49, 51, 55, 63 ],
[ 1, 3, 7, 8, 11, 12, 13, 16, 19, 21, 25, 26, 27, 29, 30, 31, 33, 35, 36, 37, 
  39, 41, 42, 48, 49, 51, 57, 63 ],
[ 1, 3, 7, 8, 10, 12, 16, 17, 19, 21, 25, 26, 28, 29, 30, 32, 34, 36, 37, 40, 
  41, 42, 48, 49, 50, 53, 54, 55 ],
[ 1, 3, 7, 8, 10, 12, 13, 16, 19, 21, 25, 26, 28, 29, 30, 32, 35, 36, 37, 39, 
  41, 42, 48, 49, 50, 53, 54, 57 ],
[ 1, 3, 6, 7, 12, 13, 16, 18, 19, 20, 21, 22, 25, 26, 27, 29, 31, 32, 33, 35, 
  36, 49, 51, 52, 54, 56, 58, 59 ],
[ 1, 3, 6, 7, 12, 13, 14, 16, 18, 19, 20, 21, 22, 25, 26, 27, 29, 31, 32, 35, 
  37, 49, 51, 52, 53, 58, 59, 63 ],
[ 1, 3, 6, 7, 11, 12, 13, 16, 21, 22, 23, 26, 28, 29, 30, 31, 33, 35, 36, 40, 
  42, 44, 48, 49, 50, 54, 56, 57 ],
[ 1, 3, 6, 7, 11, 12, 13, 16, 17, 21, 22, 26, 28, 29, 30, 31, 33, 35, 36, 39, 
  42, 45, 48, 49, 50, 54, 56, 60 ],
[ 1, 3, 6, 7, 11, 12, 13, 14, 16, 21, 22, 23, 26, 28, 29, 30, 31, 35, 37, 40, 
  42, 44, 48, 49, 50, 53, 57, 63 ],
[ 1, 3, 6, 7, 11, 12, 13, 14, 16, 17, 21, 22, 26, 28, 29, 30, 31, 35, 37, 39, 
  42, 45, 48, 49, 50, 53, 60, 63 ],
[ 1, 3, 6, 7, 9, 12, 13, 16, 18, 19, 20, 21, 22, 25, 26, 28, 31, 32, 33, 35, 
  36, 50, 52, 54, 56, 58, 59, 62 ],
[ 1, 3, 6, 7, 9, 12, 13, 14, 16, 18, 19, 20, 21, 22, 25, 26, 28, 31, 32, 35, 
  37, 50, 52, 53, 58, 59, 62, 63 ],
[ 1, 3, 5, 8, 12, 13, 14, 16, 18, 19, 22, 25, 26, 27, 29, 31, 32, 35, 37, 39, 
  40, 42, 48, 49, 51, 52, 53, 63 ],
[ 1, 3, 5, 8, 10, 12, 13, 14, 16, 18, 19, 22, 25, 26, 29, 30, 32, 35, 37, 39, 
  40, 42, 48, 50, 51, 53, 62, 63 ],
[ 1, 3, 5, 6, 7, 12, 13, 16, 18, 19, 22, 25, 26, 27, 29, 31, 32, 33, 35, 36, 
  42, 43, 49, 51, 52, 54, 56, 64 ],
[ 1, 3, 5, 6, 7, 12, 13, 14, 16, 18, 19, 22, 25, 26, 27, 29, 31, 32, 35, 37, 
  42, 43, 49, 51, 52, 53, 63, 64 ],
[ 1, 3, 5, 6, 7, 9, 12, 13, 16, 18, 19, 22, 25, 26, 28, 31, 32, 33, 35, 36, 
  42, 43, 50, 52, 54, 56, 62, 64 ],
[ 1, 3, 5, 6, 7, 9, 12, 13, 14, 16, 18, 19, 22, 25, 26, 28, 31, 32, 35, 37, 
  42, 43, 50, 52, 53, 62, 63, 64 ],
[ 1, 3, 4, 7, 12, 15, 16, 17, 19, 20, 25, 26, 27, 29, 31, 32, 34, 35, 36, 37, 
  38, 40, 42, 49, 51, 52, 58, 59 ],
[ 1, 3, 4, 7, 12, 14, 15, 16, 17, 19, 20, 25, 26, 27, 29, 31, 32, 34, 35, 38, 
  40, 42, 43, 49, 51, 52, 56, 64 ],
[ 1, 3, 4, 7, 11, 12, 15, 16, 17, 19, 20, 26, 28, 29, 30, 31, 33, 37, 38, 40, 
  42, 45, 48, 49, 50, 53, 56, 60 ],
[ 1, 3, 4, 7, 11, 12, 15, 16, 17, 19, 20, 23, 26, 28, 29, 30, 31, 37, 38, 40, 
  42, 44, 48, 49, 50, 54, 56, 63 ],
[ 1, 3, 4, 7, 10, 11, 12, 15, 16, 17, 19, 20, 26, 27, 28, 29, 33, 37, 38, 40, 
  42, 45, 48, 52, 53, 56, 60, 62 ],
[ 1, 3, 4, 7, 10, 11, 12, 15, 16, 17, 19, 20, 23, 26, 27, 28, 29, 37, 38, 40, 
  42, 44, 48, 52, 54, 56, 62, 63 ],
[ 1, 3, 4, 5, 7, 12, 15, 16, 19, 21, 25, 26, 27, 29, 31, 32, 34, 35, 36, 37, 
  38, 39, 49, 51, 52, 57, 58, 59 ],
[ 1, 3, 4, 5, 7, 12, 14, 15, 16, 19, 21, 25, 26, 27, 29, 31, 32, 34, 35, 38, 
  39, 43, 49, 51, 52, 56, 57, 64 ],
[ 1, 3, 4, 5, 7, 11, 12, 15, 16, 19, 21, 26, 28, 29, 30, 31, 33, 37, 38, 39, 
  45, 48, 49, 50, 53, 56, 57, 60 ],
[ 1, 3, 4, 5, 7, 11, 12, 15, 16, 19, 21, 23, 26, 28, 29, 30, 31, 37, 38, 39, 
  44, 48, 49, 50, 54, 56, 57, 63 ],
[ 1, 2, 8, 9, 12, 16, 17, 18, 19, 20, 21, 22, 25, 26, 27, 29, 30, 33, 35, 37, 
  38, 48, 50, 52, 53, 55, 56, 57 ],
[ 1, 2, 8, 9, 12, 14, 16, 17, 18, 19, 20, 21, 22, 25, 26, 27, 29, 30, 35, 36, 
  38, 48, 50, 52, 54, 55, 57, 63 ],
[ 1, 2, 8, 9, 12, 13, 16, 17, 18, 19, 20, 21, 22, 25, 26, 27, 29, 30, 34, 37, 
  38, 48, 50, 52, 54, 56, 57, 63 ],
[ 1, 2, 8, 9, 10, 12, 16, 17, 18, 19, 20, 21, 22, 25, 26, 29, 31, 33, 35, 37, 
  38, 48, 49, 53, 55, 56, 57, 62 ],
[ 1, 2, 8, 9, 10, 12, 14, 16, 17, 18, 19, 20, 21, 22, 25, 26, 29, 31, 35, 36, 
  38, 48, 49, 54, 55, 57, 62, 63 ],
[ 1, 2, 8, 9, 10, 12, 13, 16, 17, 18, 19, 20, 21, 22, 25, 26, 29, 31, 34, 37, 
  38, 48, 49, 54, 56, 57, 62, 63 ],
[ 1, 2, 8, 9, 10, 12, 13, 14, 16, 17, 18, 19, 20, 21, 22, 25, 26, 29, 31, 33, 
  34, 36, 38, 48, 49, 53, 57, 62 ],
[ 1, 2, 6, 7, 9, 10, 12, 16, 18, 19, 20, 21, 22, 25, 26, 29, 31, 33, 35, 37, 
  38, 49, 53, 55, 56, 58, 59, 62 ],
[ 1, 2, 6, 7, 9, 10, 12, 15, 16, 21, 22, 23, 26, 29, 31, 34, 35, 36, 37, 40, 
  42, 44, 48, 49, 53, 54, 57, 62 ],
[ 1, 2, 6, 7, 9, 10, 12, 15, 16, 17, 21, 22, 26, 29, 31, 34, 35, 36, 37, 39, 
  42, 45, 48, 49, 53, 54, 60, 62 ],
[ 1, 2, 6, 7, 9, 10, 12, 13, 16, 18, 19, 20, 21, 22, 25, 26, 29, 31, 34, 37, 
  38, 49, 54, 56, 58, 59, 62, 63 ],
[ 1, 2, 6, 7, 9, 10, 12, 13, 15, 16, 21, 22, 23, 26, 29, 31, 33, 36, 37, 40, 
  42, 44, 48, 49, 55, 57, 62, 63 ],
[ 1, 2, 6, 7, 9, 10, 12, 13, 15, 16, 17, 21, 22, 26, 29, 31, 33, 36, 37, 39, 
  42, 45, 48, 49, 55, 60, 62, 63 ],
[ 1, 2, 5, 8, 9, 10, 12, 16, 18, 19, 22, 25, 26, 29, 31, 33, 35, 37, 38, 39, 
  40, 42, 48, 49, 53, 55, 56, 62 ],
[ 1, 2, 5, 8, 9, 10, 12, 14, 16, 18, 19, 22, 25, 26, 29, 31, 35, 36, 38, 39, 
  40, 42, 48, 49, 54, 55, 62, 63 ],
[ 1, 2, 5, 8, 9, 10, 12, 13, 16, 18, 19, 22, 25, 26, 29, 31, 34, 37, 38, 39, 
  40, 42, 48, 49, 54, 56, 62, 63 ],
[ 1, 2, 5, 6, 7, 9, 10, 12, 16, 18, 19, 22, 25, 26, 29, 31, 33, 35, 37, 38, 
  42, 43, 49, 53, 55, 56, 62, 64 ],
[ 1, 2, 5, 6, 7, 9, 10, 12, 13, 16, 18, 19, 22, 25, 26, 29, 31, 34, 37, 38, 
  42, 43, 49, 54, 56, 62, 63, 64 ],
[ 1, 2, 3, 9, 10, 12, 15, 16, 17, 18, 19, 20, 21, 22, 26, 29, 31, 33, 37, 38, 
  45, 48, 49, 53, 56, 57, 60, 62 ],
[ 1, 2, 3, 9, 10, 12, 15, 16, 17, 18, 19, 20, 21, 22, 23, 26, 29, 31, 37, 38, 
  44, 48, 49, 54, 56, 57, 62, 63 ],
[ 1, 2, 3, 6, 9, 10, 12, 15, 16, 19, 21, 25, 26, 29, 31, 34, 35, 36, 37, 38, 
  40, 41, 42, 49, 57, 58, 59, 62 ],
[ 1, 2, 3, 6, 9, 10, 12, 14, 15, 16, 19, 21, 25, 26, 29, 31, 34, 35, 38, 40, 
  41, 42, 43, 49, 56, 57, 62, 64 ],
[ 1, 2, 3, 5, 9, 10, 12, 15, 16, 18, 19, 22, 26, 29, 31, 33, 37, 38, 39, 40, 
  42, 45, 48, 49, 53, 56, 60, 62 ],
[ 1, 2, 3, 5, 9, 10, 12, 15, 16, 18, 19, 22, 23, 26, 29, 31, 37, 38, 39, 40, 
  42, 44, 48, 49, 54, 56, 62, 63 ],
[ 1, 2, 3, 5, 6, 9, 10, 12, 15, 16, 17, 19, 20, 25, 26, 29, 31, 34, 35, 36, 
  37, 38, 39, 41, 49, 58, 59, 62 ],
[ 1, 2, 3, 5, 6, 9, 10, 12, 14, 15, 16, 17, 19, 20, 25, 26, 29, 31, 34, 35, 
  38, 39, 41, 43, 49, 56, 62, 64 ]
];

