## Group: [64, 30]
## Difference Sets: 388
## Time:  0:11:46.865

return [
[ 1, 7, 10, 12, 15, 16, 17, 22, 23, 26, 27, 29, 31, 32, 33, 35, 36, 37, 38, 
  39, 40, 41, 42, 44, 48, 50, 51, 56 ],
[ 1, 7, 10, 12, 15, 16, 17, 20, 21, 22, 23, 26, 27, 28, 29, 31, 32, 33, 35, 
  36, 38, 41, 42, 48, 50, 54, 60, 63 ],
[ 1, 7, 10, 12, 15, 16, 17, 20, 21, 22, 23, 25, 26, 27, 29, 31, 32, 33, 35, 
  36, 38, 41, 42, 50, 51, 54, 60, 63 ],
[ 1, 7, 10, 12, 14, 15, 16, 17, 21, 22, 23, 26, 27, 28, 29, 31, 32, 35, 36, 
  37, 38, 39, 41, 48, 50, 57, 60, 63 ],
[ 1, 7, 10, 12, 14, 15, 16, 17, 21, 22, 23, 25, 26, 27, 29, 31, 32, 35, 36, 
  37, 38, 39, 41, 50, 51, 57, 60, 63 ],
[ 1, 7, 10, 11, 12, 15, 16, 17, 20, 21, 22, 23, 26, 27, 29, 31, 33, 35, 38, 
  41, 42, 48, 50, 51, 53, 54, 56, 60 ],
[ 1, 7, 10, 11, 12, 15, 16, 17, 20, 21, 22, 23, 26, 27, 28, 29, 31, 33, 35, 
  36, 38, 41, 42, 44, 48, 50, 54, 63 ],
[ 1, 7, 10, 11, 12, 14, 15, 16, 17, 21, 22, 23, 26, 27, 29, 31, 35, 37, 38, 
  39, 41, 48, 50, 51, 53, 56, 57, 60 ],
[ 1, 7, 10, 11, 12, 14, 15, 16, 17, 21, 22, 23, 26, 27, 28, 29, 31, 35, 36, 
  37, 38, 39, 41, 44, 48, 50, 57, 63 ],
[ 1, 7, 10, 11, 12, 14, 15, 16, 17, 20, 22, 23, 25, 26, 27, 28, 29, 31, 35, 
  36, 38, 40, 41, 50, 54, 56, 57, 60 ],
[ 1, 7, 10, 11, 12, 13, 15, 16, 18, 20, 21, 22, 23, 25, 26, 27, 29, 31, 33, 
  36, 38, 40, 42, 44, 50, 51, 53, 54 ],
[ 1, 7, 10, 11, 12, 13, 14, 15, 16, 18, 21, 22, 23, 25, 26, 27, 29, 31, 36, 
  37, 38, 39, 40, 44, 50, 51, 53, 57 ],
[ 1, 7, 9, 10, 12, 14, 15, 16, 17, 20, 22, 26, 27, 28, 31, 32, 35, 36, 38, 
  40, 41, 45, 48, 50, 54, 56, 57, 60 ],
[ 1, 7, 9, 10, 11, 12, 15, 16, 17, 22, 25, 26, 27, 31, 33, 35, 36, 37, 38, 
  39, 40, 41, 42, 44, 45, 50, 51, 56 ],
[ 1, 7, 8, 10, 12, 13, 15, 16, 18, 20, 21, 22, 27, 28, 29, 31, 32, 33, 38, 
  40, 42, 45, 48, 50, 54, 56, 60, 63 ],
[ 1, 7, 8, 10, 12, 13, 14, 15, 16, 18, 21, 22, 27, 28, 29, 31, 32, 37, 38, 
  39, 40, 45, 48, 50, 56, 57, 60, 63 ],
[ 1, 7, 8, 9, 10, 12, 15, 16, 17, 20, 21, 22, 23, 27, 28, 31, 32, 33, 35, 36, 
  38, 41, 42, 48, 50, 54, 60, 63 ],
[ 1, 7, 8, 9, 10, 12, 14, 15, 16, 17, 21, 22, 23, 27, 28, 31, 32, 35, 36, 37, 
  38, 39, 41, 48, 50, 57, 60, 63 ],
[ 1, 7, 8, 9, 10, 11, 12, 15, 16, 17, 20, 21, 22, 23, 25, 27, 31, 33, 35, 36, 
  38, 41, 42, 44, 50, 51, 54, 63 ],
[ 1, 7, 8, 9, 10, 11, 12, 14, 15, 16, 17, 21, 22, 23, 25, 27, 31, 35, 36, 37, 
  38, 39, 41, 44, 50, 51, 57, 63 ],
[ 1, 6, 7, 10, 12, 14, 16, 17, 21, 22, 23, 26, 29, 31, 32, 33, 35, 37, 38, 
  39, 42, 44, 48, 49, 51, 54, 55, 62 ],
[ 1, 6, 7, 10, 12, 14, 16, 17, 21, 22, 23, 26, 27, 29, 31, 32, 35, 37, 38, 
  39, 42, 44, 48, 50, 51, 53, 55, 63 ],
[ 1, 6, 7, 10, 12, 14, 16, 17, 20, 21, 22, 23, 26, 28, 29, 31, 32, 33, 35, 
  37, 38, 48, 49, 54, 55, 57, 60, 62 ],
[ 1, 6, 7, 10, 12, 14, 16, 17, 20, 21, 22, 23, 26, 27, 28, 29, 31, 32, 35, 
  37, 38, 48, 50, 53, 55, 57, 60, 63 ],
[ 1, 6, 7, 10, 12, 14, 16, 17, 20, 21, 22, 23, 25, 26, 29, 31, 32, 33, 35, 
  37, 38, 49, 51, 54, 55, 57, 60, 62 ],
[ 1, 6, 7, 10, 12, 14, 16, 17, 20, 21, 22, 23, 25, 26, 27, 29, 31, 32, 35, 
  37, 38, 50, 51, 53, 55, 57, 60, 63 ],
[ 1, 6, 7, 10, 12, 14, 15, 16, 17, 21, 22, 23, 26, 28, 29, 31, 32, 33, 34, 
  35, 37, 39, 42, 48, 49, 54, 60, 62 ],
[ 1, 6, 7, 10, 12, 14, 15, 16, 17, 21, 22, 23, 26, 27, 28, 29, 31, 32, 34, 
  35, 37, 39, 42, 48, 50, 53, 60, 63 ],
[ 1, 6, 7, 10, 12, 14, 15, 16, 17, 21, 22, 23, 25, 26, 29, 31, 32, 33, 34, 
  35, 37, 39, 42, 49, 51, 54, 60, 62 ],
[ 1, 6, 7, 10, 12, 14, 15, 16, 17, 21, 22, 23, 25, 26, 27, 29, 31, 32, 34, 
  35, 37, 39, 42, 50, 51, 53, 60, 63 ],
[ 1, 6, 7, 10, 12, 13, 14, 15, 16, 20, 21, 22, 23, 26, 29, 31, 32, 33, 37, 
  39, 40, 44, 48, 49, 51, 54, 55, 62 ],
[ 1, 6, 7, 10, 12, 13, 14, 15, 16, 20, 21, 22, 23, 26, 27, 29, 31, 32, 37, 
  39, 40, 44, 48, 50, 51, 53, 55, 63 ],
[ 1, 6, 7, 10, 11, 12, 14, 16, 17, 20, 21, 22, 23, 26, 27, 28, 29, 31, 35, 
  37, 38, 44, 48, 50, 53, 55, 57, 63 ],
[ 1, 6, 7, 10, 11, 12, 14, 16, 17, 20, 21, 22, 23, 25, 26, 29, 31, 33, 35, 
  37, 38, 44, 49, 51, 54, 55, 57, 62 ],
[ 1, 6, 7, 10, 11, 12, 14, 15, 16, 17, 21, 22, 23, 26, 27, 28, 29, 31, 34, 
  35, 37, 39, 42, 44, 48, 50, 53, 63 ],
[ 1, 6, 7, 10, 11, 12, 14, 15, 16, 17, 21, 22, 23, 25, 26, 29, 31, 33, 34, 
  35, 37, 39, 42, 44, 49, 51, 54, 62 ],
[ 1, 6, 7, 10, 11, 12, 14, 15, 16, 17, 20, 21, 22, 23, 25, 26, 28, 29, 31, 
  33, 34, 35, 37, 49, 54, 57, 60, 62 ],
[ 1, 6, 7, 10, 11, 12, 14, 15, 16, 17, 20, 21, 22, 23, 25, 26, 27, 28, 29, 
  31, 34, 35, 37, 50, 53, 57, 60, 63 ],
[ 1, 6, 7, 10, 11, 12, 13, 14, 16, 21, 22, 23, 25, 26, 28, 29, 31, 33, 34, 
  37, 38, 40, 42, 49, 54, 57, 60, 62 ],
[ 1, 6, 7, 10, 11, 12, 13, 14, 16, 21, 22, 23, 25, 26, 27, 28, 29, 31, 34, 
  37, 38, 40, 42, 50, 53, 57, 60, 63 ],
[ 1, 6, 7, 9, 10, 12, 14, 15, 16, 17, 20, 21, 22, 26, 27, 28, 31, 32, 34, 35, 
  37, 45, 48, 50, 53, 57, 60, 63 ],
[ 1, 6, 7, 9, 10, 11, 12, 14, 16, 17, 21, 22, 25, 26, 27, 31, 35, 37, 38, 39, 
  42, 44, 45, 50, 51, 53, 55, 63 ],
[ 1, 6, 7, 8, 10, 12, 14, 15, 16, 17, 20, 21, 22, 25, 27, 29, 31, 32, 34, 35, 
  37, 45, 50, 51, 53, 57, 60, 63 ],
[ 1, 6, 7, 8, 10, 12, 13, 14, 16, 20, 21, 22, 29, 31, 32, 33, 34, 37, 38, 39, 
  40, 44, 45, 48, 49, 51, 54, 62 ],
[ 1, 6, 7, 8, 10, 12, 13, 14, 16, 20, 21, 22, 27, 29, 31, 32, 34, 37, 38, 39, 
  40, 44, 45, 48, 50, 51, 53, 63 ],
[ 1, 6, 7, 8, 10, 12, 13, 14, 16, 20, 21, 22, 27, 28, 29, 31, 32, 34, 37, 38, 
  39, 40, 45, 48, 50, 53, 60, 63 ],
[ 1, 6, 7, 8, 10, 12, 13, 14, 15, 16, 21, 22, 29, 31, 32, 33, 37, 40, 42, 44, 
  45, 48, 49, 51, 54, 55, 57, 62 ],
[ 1, 6, 7, 8, 10, 12, 13, 14, 15, 16, 21, 22, 27, 29, 31, 32, 37, 40, 42, 44, 
  45, 48, 50, 51, 53, 55, 57, 63 ],
[ 1, 6, 7, 8, 10, 12, 13, 14, 15, 16, 21, 22, 27, 28, 29, 31, 32, 37, 40, 42, 
  45, 48, 50, 53, 55, 57, 60, 63 ],
[ 1, 6, 7, 8, 10, 11, 12, 14, 16, 17, 21, 22, 27, 28, 29, 31, 35, 37, 38, 39, 
  42, 44, 45, 48, 50, 53, 55, 63 ],
[ 1, 6, 7, 8, 10, 11, 12, 13, 14, 16, 20, 21, 22, 25, 27, 28, 29, 31, 34, 37, 
  38, 39, 40, 45, 50, 53, 60, 63 ],
[ 1, 6, 7, 8, 10, 11, 12, 13, 14, 15, 16, 21, 22, 25, 27, 28, 29, 31, 37, 40, 
  42, 45, 50, 53, 55, 57, 60, 63 ],
[ 1, 5, 7, 10, 12, 15, 16, 21, 22, 23, 26, 27, 29, 31, 32, 33, 35, 37, 38, 
  39, 41, 42, 44, 48, 50, 51, 53, 63 ],
[ 1, 5, 7, 10, 11, 12, 14, 15, 16, 20, 21, 22, 23, 25, 26, 27, 28, 29, 31, 
  35, 38, 41, 50, 53, 54, 57, 60, 63 ],
[ 1, 5, 7, 9, 10, 12, 14, 15, 16, 20, 21, 22, 26, 27, 28, 31, 32, 35, 38, 41, 
  45, 48, 50, 53, 54, 57, 60, 63 ],
[ 1, 5, 7, 9, 10, 11, 12, 15, 16, 21, 22, 25, 26, 27, 31, 33, 35, 37, 38, 39, 
  41, 42, 44, 45, 50, 51, 53, 63 ],
[ 1, 5, 6, 7, 10, 12, 15, 16, 21, 22, 23, 25, 26, 27, 28, 29, 31, 32, 33, 34, 
  35, 36, 37, 39, 44, 50, 57, 63 ],
[ 1, 5, 6, 7, 10, 12, 15, 16, 17, 21, 22, 23, 25, 26, 28, 29, 31, 32, 33, 34, 
  35, 36, 37, 40, 44, 49, 62, 63 ],
[ 1, 5, 6, 7, 10, 12, 14, 16, 21, 22, 23, 25, 26, 27, 28, 29, 31, 32, 35, 36, 
  38, 39, 44, 50, 54, 55, 57, 63 ],
[ 1, 5, 6, 7, 10, 12, 14, 16, 17, 21, 22, 23, 25, 26, 28, 29, 31, 32, 35, 36, 
  38, 40, 44, 49, 54, 55, 62, 63 ],
[ 1, 5, 6, 7, 10, 12, 13, 16, 21, 22, 23, 26, 27, 28, 29, 31, 32, 34, 37, 38, 
  39, 48, 50, 54, 56, 57, 60, 63 ],
[ 1, 5, 6, 7, 10, 12, 13, 14, 15, 16, 21, 22, 23, 26, 27, 28, 29, 31, 32, 33, 
  39, 48, 50, 55, 56, 57, 60, 63 ],
[ 1, 5, 6, 7, 10, 11, 12, 16, 17, 21, 22, 23, 26, 29, 31, 33, 35, 37, 38, 40, 
  48, 49, 51, 53, 55, 56, 60, 62 ],
[ 1, 5, 6, 7, 10, 11, 12, 14, 15, 16, 17, 21, 22, 23, 26, 29, 31, 34, 35, 40, 
  48, 49, 51, 53, 54, 56, 60, 62 ],
[ 1, 3, 7, 10, 12, 15, 16, 18, 21, 22, 26, 27, 28, 29, 31, 32, 36, 37, 39, 
  40, 44, 45, 48, 50, 54, 55, 56, 57 ],
[ 1, 3, 7, 10, 12, 15, 16, 18, 20, 21, 22, 26, 27, 28, 29, 31, 32, 37, 40, 
  42, 44, 45, 48, 50, 53, 54, 55, 63 ],
[ 1, 3, 7, 10, 12, 14, 15, 16, 17, 22, 25, 26, 27, 28, 29, 31, 32, 34, 36, 
  37, 39, 40, 41, 42, 45, 50, 60, 63 ],
[ 1, 3, 7, 10, 12, 14, 15, 16, 17, 21, 22, 25, 26, 27, 28, 29, 31, 32, 34, 
  36, 39, 41, 45, 50, 54, 56, 57, 60 ],
[ 1, 3, 7, 10, 12, 14, 15, 16, 17, 20, 22, 25, 26, 27, 28, 29, 31, 32, 34, 
  37, 40, 41, 45, 50, 53, 56, 57, 60 ],
[ 1, 3, 7, 10, 12, 14, 15, 16, 17, 20, 21, 22, 25, 26, 27, 28, 29, 31, 32, 
  34, 41, 42, 45, 50, 53, 54, 60, 63 ],
[ 1, 3, 7, 10, 12, 14, 15, 16, 17, 18, 22, 26, 27, 28, 29, 31, 32, 37, 40, 
  42, 44, 45, 48, 50, 55, 56, 57, 63 ],
[ 1, 3, 7, 10, 12, 14, 15, 16, 17, 18, 20, 22, 26, 27, 28, 29, 31, 32, 36, 
  37, 39, 40, 44, 45, 48, 50, 53, 55 ],
[ 1, 3, 7, 10, 11, 12, 15, 16, 18, 21, 22, 25, 26, 27, 29, 31, 36, 37, 39, 
  40, 45, 50, 51, 54, 55, 56, 57, 60 ],
[ 1, 3, 7, 10, 11, 12, 15, 16, 18, 20, 21, 22, 25, 26, 27, 29, 31, 37, 40, 
  42, 45, 50, 51, 53, 54, 55, 60, 63 ],
[ 1, 3, 7, 10, 11, 12, 14, 15, 16, 17, 21, 22, 26, 27, 29, 31, 34, 36, 39, 
  41, 44, 45, 48, 50, 51, 54, 56, 57 ],
[ 1, 3, 7, 10, 11, 12, 14, 15, 16, 17, 20, 21, 22, 26, 27, 29, 31, 34, 41, 
  42, 44, 45, 48, 50, 51, 53, 54, 63 ],
[ 1, 3, 6, 7, 8, 12, 16, 20, 21, 22, 23, 26, 27, 29, 31, 32, 33, 34, 37, 40, 
  45, 49, 51, 52, 55, 56, 57, 63 ],
[ 1, 3, 6, 7, 8, 12, 16, 17, 20, 21, 22, 23, 26, 27, 29, 31, 32, 34, 37, 39, 
  45, 49, 51, 52, 53, 54, 55, 56 ],
[ 1, 3, 6, 7, 8, 12, 13, 16, 20, 21, 22, 26, 27, 29, 31, 32, 33, 35, 37, 40, 
  44, 49, 51, 52, 56, 57, 60, 63 ],
[ 1, 3, 6, 7, 8, 12, 13, 16, 17, 20, 21, 22, 26, 27, 29, 31, 32, 35, 37, 39, 
  44, 49, 51, 52, 53, 54, 56, 60 ],
[ 1, 3, 6, 7, 8, 11, 12, 16, 21, 22, 23, 26, 27, 28, 29, 30, 31, 33, 34, 36, 
  37, 39, 40, 42, 45, 53, 55, 62 ],
[ 1, 3, 6, 7, 8, 11, 12, 16, 17, 21, 22, 23, 26, 27, 28, 29, 30, 31, 34, 36, 
  37, 42, 45, 54, 55, 57, 62, 63 ],
[ 1, 3, 6, 7, 8, 11, 12, 13, 16, 21, 22, 26, 27, 28, 29, 30, 31, 33, 35, 36, 
  37, 39, 40, 42, 44, 53, 60, 62 ],
[ 1, 3, 6, 7, 8, 11, 12, 13, 16, 17, 21, 22, 26, 27, 28, 29, 30, 31, 35, 36, 
  37, 42, 44, 54, 57, 60, 62, 63 ],
[ 1, 3, 6, 7, 8, 10, 12, 16, 21, 22, 23, 26, 29, 30, 32, 33, 34, 36, 37, 39, 
  40, 42, 45, 50, 51, 53, 55, 62 ],
[ 1, 3, 6, 7, 8, 10, 12, 16, 17, 21, 22, 23, 26, 29, 30, 32, 34, 36, 37, 42, 
  45, 50, 51, 54, 55, 57, 62, 63 ],
[ 1, 3, 6, 7, 8, 10, 11, 12, 16, 20, 21, 22, 23, 26, 28, 29, 33, 34, 37, 40, 
  45, 49, 50, 52, 55, 56, 57, 63 ],
[ 1, 3, 6, 7, 8, 10, 11, 12, 16, 17, 20, 21, 22, 23, 26, 28, 29, 34, 37, 39, 
  45, 49, 50, 52, 53, 54, 55, 56 ],
[ 1, 3, 5, 7, 10, 12, 15, 16, 21, 22, 25, 26, 27, 28, 29, 31, 32, 33, 34, 36, 
  39, 41, 42, 45, 50, 54, 60, 63 ],
[ 1, 3, 5, 7, 10, 12, 15, 16, 20, 21, 22, 25, 26, 27, 28, 29, 31, 32, 33, 34, 
  41, 45, 50, 53, 54, 56, 57, 60 ],
[ 1, 3, 5, 7, 10, 12, 15, 16, 18, 21, 22, 26, 27, 28, 29, 31, 32, 33, 42, 44, 
  45, 48, 50, 54, 55, 56, 57, 63 ],
[ 1, 3, 5, 7, 10, 12, 15, 16, 18, 20, 21, 22, 26, 27, 28, 29, 31, 32, 33, 36, 
  39, 44, 45, 48, 50, 53, 54, 55 ],
[ 1, 3, 4, 7, 8, 12, 16, 19, 20, 21, 25, 26, 27, 29, 31, 32, 33, 34, 37, 40, 
  48, 49, 51, 52, 55, 56, 57, 63 ],
[ 1, 3, 4, 7, 8, 12, 16, 17, 19, 20, 21, 25, 26, 27, 29, 31, 32, 34, 37, 39, 
  48, 49, 51, 52, 53, 54, 55, 56 ],
[ 1, 3, 4, 7, 8, 11, 12, 16, 19, 21, 25, 26, 27, 28, 29, 30, 31, 33, 34, 36, 
  37, 39, 40, 42, 48, 53, 55, 62 ],
[ 1, 3, 4, 7, 8, 11, 12, 16, 17, 19, 21, 25, 26, 27, 28, 29, 30, 31, 34, 36, 
  37, 42, 48, 54, 55, 57, 62, 63 ],
[ 1, 2, 10, 11, 12, 16, 19, 20, 21, 22, 24, 31, 32, 33, 34, 35, 36, 37, 38, 
  39, 40, 41, 43, 47, 49, 59, 62, 63 ],
[ 1, 2, 10, 11, 12, 16, 19, 20, 21, 22, 24, 27, 31, 32, 33, 34, 35, 36, 37, 
  38, 39, 40, 41, 47, 50, 58, 63, 64 ],
[ 1, 2, 10, 11, 12, 16, 17, 19, 21, 22, 24, 31, 32, 34, 35, 37, 38, 39, 41, 
  42, 43, 47, 49, 54, 56, 59, 62, 63 ],
[ 1, 2, 10, 11, 12, 16, 17, 19, 21, 22, 24, 27, 31, 32, 34, 35, 37, 38, 39, 
  41, 42, 47, 50, 54, 56, 58, 63, 64 ],
[ 1, 2, 10, 11, 12, 15, 16, 19, 20, 21, 22, 24, 27, 31, 32, 33, 35, 36, 37, 
  39, 40, 41, 47, 50, 55, 58, 63, 64 ],
[ 1, 2, 10, 11, 12, 15, 16, 17, 19, 21, 22, 24, 31, 32, 35, 37, 39, 41, 42, 
  43, 47, 49, 54, 55, 56, 59, 62, 63 ],
[ 1, 2, 10, 11, 12, 15, 16, 17, 19, 21, 22, 24, 27, 31, 32, 35, 37, 39, 41, 
  42, 47, 50, 54, 55, 56, 58, 63, 64 ],
[ 1, 2, 10, 11, 12, 15, 16, 17, 18, 19, 21, 22, 24, 31, 32, 34, 35, 37, 42, 
  43, 47, 49, 53, 54, 56, 57, 59, 62 ],
[ 1, 2, 10, 11, 12, 15, 16, 17, 18, 19, 21, 22, 24, 31, 32, 34, 35, 36, 37, 
  42, 43, 47, 49, 54, 57, 59, 62, 63 ],
[ 1, 2, 10, 11, 12, 15, 16, 17, 18, 19, 21, 22, 24, 27, 31, 32, 34, 35, 36, 
  37, 42, 47, 50, 54, 57, 58, 63, 64 ],
[ 1, 2, 10, 11, 12, 15, 16, 17, 18, 19, 20, 21, 22, 24, 27, 31, 32, 34, 35, 
  37, 39, 47, 50, 53, 54, 56, 58, 64 ],
[ 1, 2, 10, 11, 12, 14, 16, 17, 19, 21, 22, 24, 31, 32, 33, 34, 35, 36, 38, 
  39, 41, 42, 43, 47, 49, 53, 59, 62 ],
[ 1, 2, 10, 11, 12, 14, 15, 16, 17, 19, 21, 22, 24, 27, 31, 32, 33, 35, 36, 
  39, 41, 42, 47, 50, 53, 55, 58, 64 ],
[ 1, 2, 10, 11, 12, 14, 15, 16, 17, 18, 19, 21, 22, 24, 31, 32, 33, 34, 35, 
  42, 43, 47, 49, 53, 56, 57, 59, 62 ],
[ 1, 2, 10, 11, 12, 14, 15, 16, 17, 18, 19, 21, 22, 24, 31, 32, 33, 34, 35, 
  36, 42, 43, 47, 49, 57, 59, 62, 63 ],
[ 1, 2, 10, 11, 12, 13, 16, 18, 19, 21, 22, 24, 31, 32, 34, 36, 37, 38, 40, 
  42, 43, 47, 49, 53, 54, 57, 59, 62 ],
[ 1, 2, 10, 11, 12, 13, 16, 18, 19, 21, 22, 24, 27, 31, 32, 34, 36, 37, 38, 
  40, 42, 47, 50, 53, 54, 57, 58, 64 ],
[ 1, 2, 10, 11, 12, 13, 16, 18, 19, 20, 21, 22, 24, 31, 32, 34, 37, 38, 39, 
  40, 43, 47, 49, 54, 56, 59, 62, 63 ],
[ 1, 2, 10, 11, 12, 13, 16, 18, 19, 20, 21, 22, 24, 27, 31, 32, 34, 37, 38, 
  39, 40, 47, 50, 54, 56, 58, 63, 64 ],
[ 1, 2, 10, 11, 12, 13, 14, 16, 18, 19, 21, 22, 24, 31, 32, 33, 34, 38, 40, 
  42, 43, 47, 49, 56, 57, 59, 62, 63 ],
[ 1, 2, 10, 11, 12, 13, 14, 16, 18, 19, 21, 22, 24, 27, 31, 32, 33, 34, 38, 
  40, 42, 47, 50, 56, 57, 58, 63, 64 ],
[ 1, 2, 10, 11, 12, 13, 14, 16, 18, 19, 20, 21, 22, 24, 31, 32, 33, 34, 36, 
  38, 39, 40, 43, 47, 49, 53, 59, 62 ],
[ 1, 2, 10, 11, 12, 13, 14, 16, 18, 19, 20, 21, 22, 24, 27, 31, 32, 33, 34, 
  36, 38, 39, 40, 47, 50, 53, 58, 64 ],
[ 1, 2, 8, 10, 12, 16, 19, 20, 21, 22, 25, 26, 27, 28, 31, 33, 34, 35, 36, 
  37, 38, 39, 40, 41, 48, 50, 51, 63 ],
[ 1, 2, 8, 10, 12, 16, 17, 19, 21, 22, 25, 26, 27, 28, 31, 34, 35, 37, 38, 
  39, 41, 42, 48, 50, 51, 54, 56, 63 ],
[ 1, 2, 8, 10, 12, 15, 16, 19, 20, 21, 22, 25, 26, 27, 28, 31, 33, 35, 36, 
  37, 39, 40, 41, 48, 50, 51, 55, 63 ],
[ 1, 2, 8, 10, 12, 15, 16, 17, 19, 21, 22, 25, 26, 27, 28, 31, 35, 37, 39, 
  41, 42, 48, 50, 51, 54, 55, 56, 63 ],
[ 1, 2, 8, 10, 12, 15, 16, 17, 18, 19, 20, 21, 22, 25, 26, 27, 28, 31, 34, 
  35, 37, 39, 48, 50, 51, 53, 54, 56 ],
[ 1, 2, 8, 10, 12, 14, 16, 19, 20, 21, 22, 25, 26, 27, 28, 31, 34, 35, 38, 
  39, 40, 41, 48, 50, 51, 53, 54, 56 ],
[ 1, 2, 8, 10, 12, 14, 15, 16, 17, 19, 21, 22, 25, 26, 27, 28, 31, 33, 35, 
  36, 39, 41, 42, 48, 50, 51, 53, 55 ],
[ 1, 2, 8, 10, 12, 14, 15, 16, 17, 18, 19, 20, 21, 22, 25, 26, 27, 28, 31, 
  33, 34, 35, 39, 48, 50, 51, 53, 56 ],
[ 1, 2, 8, 10, 12, 13, 16, 18, 19, 21, 22, 25, 26, 27, 28, 31, 34, 36, 37, 
  38, 40, 42, 48, 50, 51, 53, 54, 57 ],
[ 1, 2, 8, 10, 12, 13, 16, 18, 19, 20, 21, 22, 25, 26, 27, 28, 31, 34, 37, 
  38, 39, 40, 48, 50, 51, 54, 56, 63 ],
[ 1, 2, 8, 10, 12, 13, 14, 16, 18, 19, 21, 22, 25, 26, 27, 28, 31, 33, 34, 
  38, 40, 42, 48, 50, 51, 56, 57, 63 ],
[ 1, 2, 8, 10, 12, 13, 14, 16, 18, 19, 20, 21, 22, 25, 26, 27, 28, 31, 33, 
  34, 36, 38, 39, 40, 48, 50, 51, 53 ],
[ 1, 2, 8, 10, 11, 12, 16, 19, 20, 21, 22, 26, 28, 31, 32, 33, 34, 35, 36, 
  37, 38, 39, 40, 41, 43, 51, 59, 63 ],
[ 1, 2, 8, 10, 11, 12, 16, 19, 20, 21, 22, 26, 27, 31, 32, 33, 34, 35, 36, 
  37, 38, 39, 40, 41, 44, 50, 60, 63 ],
[ 1, 2, 8, 10, 11, 12, 16, 19, 20, 21, 22, 23, 26, 31, 32, 33, 34, 35, 36, 
  37, 38, 39, 40, 41, 45, 49, 62, 63 ],
[ 1, 2, 8, 10, 11, 12, 16, 17, 19, 21, 22, 26, 28, 31, 32, 34, 35, 37, 38, 
  39, 41, 42, 43, 51, 54, 56, 59, 63 ],
[ 1, 2, 8, 10, 11, 12, 16, 17, 19, 21, 22, 26, 27, 31, 32, 34, 35, 37, 38, 
  39, 41, 42, 44, 50, 54, 56, 60, 63 ],
[ 1, 2, 8, 10, 11, 12, 16, 17, 19, 21, 22, 23, 26, 31, 32, 34, 35, 37, 38, 
  39, 41, 42, 45, 49, 54, 56, 62, 63 ],
[ 1, 2, 8, 10, 11, 12, 15, 16, 19, 20, 21, 22, 26, 28, 31, 32, 33, 35, 36, 
  37, 39, 40, 41, 43, 51, 55, 59, 63 ],
[ 1, 2, 8, 10, 11, 12, 15, 16, 19, 20, 21, 22, 26, 27, 31, 32, 33, 35, 36, 
  37, 39, 40, 41, 44, 50, 55, 60, 63 ],
[ 1, 2, 8, 10, 11, 12, 15, 16, 17, 19, 21, 22, 26, 28, 31, 32, 35, 37, 39, 
  41, 42, 43, 51, 54, 55, 56, 59, 63 ],
[ 1, 2, 8, 10, 11, 12, 15, 16, 17, 19, 21, 22, 26, 27, 31, 32, 35, 37, 39, 
  41, 42, 44, 50, 54, 55, 56, 60, 63 ],
[ 1, 2, 8, 10, 11, 12, 15, 16, 17, 19, 21, 22, 23, 26, 31, 32, 35, 37, 39, 
  41, 42, 45, 49, 54, 55, 56, 62, 63 ],
[ 1, 2, 8, 10, 11, 12, 15, 16, 17, 18, 19, 21, 22, 26, 28, 31, 32, 34, 35, 
  37, 42, 43, 51, 53, 54, 56, 57, 59 ],
[ 1, 2, 8, 10, 11, 12, 15, 16, 17, 18, 19, 21, 22, 26, 28, 31, 32, 34, 35, 
  36, 37, 42, 43, 51, 54, 57, 59, 63 ],
[ 1, 2, 8, 10, 11, 12, 15, 16, 17, 18, 19, 21, 22, 26, 27, 31, 32, 34, 35, 
  36, 37, 42, 44, 50, 54, 57, 60, 63 ],
[ 1, 2, 8, 10, 11, 12, 15, 16, 17, 18, 19, 21, 22, 23, 26, 31, 32, 34, 35, 
  37, 42, 45, 49, 53, 54, 56, 57, 62 ],
[ 1, 2, 8, 10, 11, 12, 15, 16, 17, 18, 19, 21, 22, 23, 26, 31, 32, 34, 35, 
  36, 37, 42, 45, 49, 54, 57, 62, 63 ],
[ 1, 2, 8, 10, 11, 12, 15, 16, 17, 18, 19, 20, 21, 22, 26, 28, 31, 32, 34, 
  35, 37, 39, 43, 51, 53, 54, 56, 59 ],
[ 1, 2, 8, 10, 11, 12, 15, 16, 17, 18, 19, 20, 21, 22, 26, 28, 31, 32, 34, 
  35, 36, 37, 39, 43, 51, 54, 59, 63 ],
[ 1, 2, 8, 10, 11, 12, 15, 16, 17, 18, 19, 20, 21, 22, 23, 26, 31, 32, 34, 
  35, 37, 39, 45, 49, 53, 54, 56, 62 ],
[ 1, 2, 8, 10, 11, 12, 14, 16, 19, 20, 21, 22, 26, 28, 31, 32, 34, 35, 38, 
  39, 40, 41, 43, 51, 53, 54, 56, 59 ],
[ 1, 2, 8, 10, 11, 12, 14, 16, 19, 20, 21, 22, 26, 27, 31, 32, 34, 35, 38, 
  39, 40, 41, 44, 50, 53, 54, 56, 60 ],
[ 1, 2, 8, 10, 11, 12, 14, 16, 17, 19, 21, 22, 26, 28, 31, 32, 33, 34, 35, 
  36, 38, 39, 41, 42, 43, 51, 53, 59 ],
[ 1, 2, 8, 10, 11, 12, 14, 15, 16, 19, 20, 21, 22, 26, 28, 31, 32, 35, 39, 
  40, 41, 43, 51, 53, 54, 55, 56, 59 ],
[ 1, 2, 8, 10, 11, 12, 14, 15, 16, 17, 19, 21, 22, 26, 28, 31, 32, 33, 35, 
  36, 39, 41, 42, 43, 51, 53, 55, 59 ],
[ 1, 2, 8, 10, 11, 12, 14, 15, 16, 17, 19, 21, 22, 26, 27, 31, 32, 33, 35, 
  36, 39, 41, 42, 44, 50, 53, 55, 60 ],
[ 1, 2, 8, 10, 11, 12, 14, 15, 16, 17, 18, 19, 21, 22, 26, 28, 31, 32, 33, 
  34, 35, 42, 43, 51, 53, 56, 57, 59 ],
[ 1, 2, 8, 10, 11, 12, 14, 15, 16, 17, 18, 19, 21, 22, 26, 28, 31, 32, 33, 
  34, 35, 36, 42, 43, 51, 57, 59, 63 ],
[ 1, 2, 8, 10, 11, 12, 14, 15, 16, 17, 18, 19, 21, 22, 26, 27, 31, 32, 33, 
  34, 35, 36, 42, 44, 50, 57, 60, 63 ],
[ 1, 2, 8, 10, 11, 12, 14, 15, 16, 17, 18, 19, 21, 22, 23, 26, 31, 32, 33, 
  34, 35, 42, 45, 49, 53, 56, 57, 62 ],
[ 1, 2, 8, 10, 11, 12, 14, 15, 16, 17, 18, 19, 20, 21, 22, 26, 28, 31, 32, 
  33, 34, 35, 39, 43, 51, 53, 56, 59 ],
[ 1, 2, 8, 10, 11, 12, 14, 15, 16, 17, 18, 19, 20, 21, 22, 26, 28, 31, 32, 
  33, 34, 35, 36, 39, 43, 51, 59, 63 ],
[ 1, 2, 8, 10, 11, 12, 14, 15, 16, 17, 18, 19, 20, 21, 22, 23, 26, 31, 32, 
  33, 34, 35, 39, 45, 49, 53, 56, 62 ],
[ 1, 2, 8, 10, 11, 12, 13, 16, 18, 19, 21, 22, 26, 28, 31, 32, 34, 36, 37, 
  38, 40, 42, 43, 51, 53, 54, 57, 59 ],
[ 1, 2, 8, 10, 11, 12, 13, 16, 18, 19, 21, 22, 26, 27, 31, 32, 34, 36, 37, 
  38, 40, 42, 44, 50, 53, 54, 57, 60 ],
[ 1, 2, 8, 10, 11, 12, 13, 16, 18, 19, 21, 22, 23, 26, 31, 32, 34, 36, 37, 
  38, 40, 42, 45, 49, 53, 54, 57, 62 ],
[ 1, 2, 8, 10, 11, 12, 13, 16, 18, 19, 20, 21, 22, 26, 28, 31, 32, 34, 37, 
  38, 39, 40, 43, 51, 54, 56, 59, 63 ],
[ 1, 2, 8, 10, 11, 12, 13, 16, 18, 19, 20, 21, 22, 26, 27, 31, 32, 34, 37, 
  38, 39, 40, 44, 50, 54, 56, 60, 63 ],
[ 1, 2, 8, 10, 11, 12, 13, 16, 18, 19, 20, 21, 22, 23, 26, 31, 32, 34, 37, 
  38, 39, 40, 45, 49, 54, 56, 62, 63 ],
[ 1, 2, 8, 10, 11, 12, 13, 14, 16, 18, 19, 21, 22, 26, 28, 31, 32, 33, 34, 
  38, 40, 42, 43, 51, 56, 57, 59, 63 ],
[ 1, 2, 8, 10, 11, 12, 13, 14, 16, 18, 19, 21, 22, 26, 27, 31, 32, 33, 34, 
  38, 40, 42, 44, 50, 56, 57, 60, 63 ],
[ 1, 2, 8, 10, 11, 12, 13, 14, 16, 18, 19, 21, 22, 23, 26, 31, 32, 33, 34, 
  38, 40, 42, 45, 49, 56, 57, 62, 63 ],
[ 1, 2, 8, 10, 11, 12, 13, 14, 16, 18, 19, 20, 21, 22, 26, 28, 31, 32, 33, 
  34, 36, 38, 39, 40, 43, 51, 53, 59 ],
[ 1, 2, 8, 10, 11, 12, 13, 14, 16, 18, 19, 20, 21, 22, 26, 27, 31, 32, 33, 
  34, 36, 38, 39, 40, 44, 50, 53, 60 ],
[ 1, 2, 8, 10, 11, 12, 13, 14, 16, 18, 19, 20, 21, 22, 23, 26, 31, 32, 33, 
  34, 36, 38, 39, 40, 45, 49, 53, 62 ],
[ 1, 2, 8, 9, 10, 12, 16, 19, 20, 21, 22, 25, 26, 29, 31, 33, 34, 35, 36, 37, 
  38, 39, 40, 41, 48, 49, 62, 63 ],
[ 1, 2, 8, 9, 10, 12, 16, 17, 19, 21, 22, 25, 26, 29, 31, 34, 35, 37, 38, 39, 
  41, 42, 48, 49, 54, 56, 62, 63 ],
[ 1, 2, 8, 9, 10, 12, 15, 16, 17, 19, 21, 22, 25, 26, 29, 31, 35, 37, 39, 41, 
  42, 48, 49, 54, 55, 56, 62, 63 ],
[ 1, 2, 8, 9, 10, 12, 15, 16, 17, 18, 19, 21, 22, 25, 26, 29, 31, 34, 35, 37, 
  42, 48, 49, 53, 54, 56, 57, 62 ],
[ 1, 2, 8, 9, 10, 12, 15, 16, 17, 18, 19, 21, 22, 25, 26, 29, 31, 34, 35, 36, 
  37, 42, 48, 49, 54, 57, 62, 63 ],
[ 1, 2, 8, 9, 10, 12, 14, 16, 19, 20, 21, 22, 25, 26, 29, 31, 34, 35, 38, 39, 
  40, 41, 48, 49, 53, 54, 56, 62 ],
[ 1, 2, 8, 9, 10, 12, 14, 15, 16, 19, 20, 21, 22, 25, 26, 29, 31, 35, 39, 40, 
  41, 48, 49, 53, 54, 55, 56, 62 ],
[ 1, 2, 8, 9, 10, 12, 13, 16, 18, 19, 21, 22, 25, 26, 29, 31, 34, 36, 37, 38, 
  40, 42, 48, 49, 53, 54, 57, 62 ],
[ 1, 2, 8, 9, 10, 12, 13, 16, 18, 19, 20, 21, 22, 25, 26, 29, 31, 34, 37, 38, 
  39, 40, 48, 49, 54, 56, 62, 63 ],
[ 1, 2, 8, 9, 10, 12, 13, 14, 16, 18, 19, 21, 22, 25, 26, 29, 31, 33, 34, 38, 
  40, 42, 48, 49, 56, 57, 62, 63 ],
[ 1, 2, 8, 9, 10, 12, 13, 14, 16, 18, 19, 20, 21, 22, 25, 26, 29, 31, 33, 34, 
  36, 38, 39, 40, 48, 49, 53, 62 ],
[ 1, 2, 8, 9, 10, 11, 12, 16, 19, 20, 21, 22, 26, 29, 31, 32, 33, 34, 35, 36, 
  37, 38, 39, 40, 41, 58, 63, 64 ],
[ 1, 2, 8, 9, 10, 11, 12, 16, 17, 19, 21, 22, 26, 29, 31, 32, 34, 35, 37, 38, 
  39, 41, 42, 54, 56, 58, 63, 64 ],
[ 1, 2, 8, 9, 10, 11, 12, 15, 16, 19, 20, 21, 22, 26, 29, 31, 32, 33, 35, 36, 
  37, 39, 40, 41, 55, 58, 63, 64 ],
[ 1, 2, 8, 9, 10, 11, 12, 15, 16, 17, 19, 21, 22, 26, 29, 31, 32, 35, 37, 39, 
  41, 42, 54, 55, 56, 58, 63, 64 ],
[ 1, 2, 8, 9, 10, 11, 12, 15, 16, 17, 18, 19, 21, 22, 26, 29, 31, 32, 34, 35, 
  37, 42, 53, 54, 56, 57, 58, 64 ],
[ 1, 2, 8, 9, 10, 11, 12, 15, 16, 17, 18, 19, 21, 22, 26, 29, 31, 32, 34, 35, 
  36, 37, 42, 54, 57, 58, 63, 64 ],
[ 1, 2, 8, 9, 10, 11, 12, 15, 16, 17, 18, 19, 20, 21, 22, 26, 29, 31, 32, 34, 
  35, 37, 39, 53, 54, 56, 58, 64 ],
[ 1, 2, 8, 9, 10, 11, 12, 15, 16, 17, 18, 19, 20, 21, 22, 26, 29, 31, 32, 34, 
  35, 36, 37, 39, 54, 58, 63, 64 ],
[ 1, 2, 8, 9, 10, 11, 12, 14, 16, 19, 20, 21, 22, 26, 29, 31, 32, 34, 35, 38, 
  39, 40, 41, 53, 54, 56, 58, 64 ],
[ 1, 2, 8, 9, 10, 11, 12, 14, 16, 17, 19, 21, 22, 26, 29, 31, 32, 33, 34, 35, 
  36, 38, 39, 41, 42, 53, 58, 64 ],
[ 1, 2, 8, 9, 10, 11, 12, 14, 15, 16, 19, 20, 21, 22, 26, 29, 31, 32, 35, 39, 
  40, 41, 53, 54, 55, 56, 58, 64 ],
[ 1, 2, 8, 9, 10, 11, 12, 14, 15, 16, 17, 19, 21, 22, 26, 29, 31, 32, 33, 35, 
  36, 39, 41, 42, 53, 55, 58, 64 ],
[ 1, 2, 8, 9, 10, 11, 12, 14, 15, 16, 17, 18, 19, 21, 22, 26, 29, 31, 32, 33, 
  34, 35, 42, 53, 56, 57, 58, 64 ],
[ 1, 2, 8, 9, 10, 11, 12, 14, 15, 16, 17, 18, 19, 21, 22, 26, 29, 31, 32, 33, 
  34, 35, 36, 42, 57, 58, 63, 64 ],
[ 1, 2, 8, 9, 10, 11, 12, 14, 15, 16, 17, 18, 19, 20, 21, 22, 26, 29, 31, 32, 
  33, 34, 35, 39, 53, 56, 58, 64 ],
[ 1, 2, 8, 9, 10, 11, 12, 14, 15, 16, 17, 18, 19, 20, 21, 22, 26, 29, 31, 32, 
  33, 34, 35, 36, 39, 58, 63, 64 ],
[ 1, 2, 8, 9, 10, 11, 12, 13, 16, 18, 19, 21, 22, 26, 29, 31, 32, 34, 36, 37, 
  38, 40, 42, 53, 54, 57, 58, 64 ],
[ 1, 2, 8, 9, 10, 11, 12, 13, 16, 18, 19, 20, 21, 22, 26, 29, 31, 32, 34, 37, 
  38, 39, 40, 54, 56, 58, 63, 64 ],
[ 1, 2, 8, 9, 10, 11, 12, 13, 14, 16, 18, 19, 21, 22, 26, 29, 31, 32, 33, 34, 
  38, 40, 42, 56, 57, 58, 63, 64 ],
[ 1, 2, 8, 9, 10, 11, 12, 13, 14, 16, 18, 19, 20, 21, 22, 26, 29, 31, 32, 33, 
  34, 36, 38, 39, 40, 53, 58, 64 ],
[ 1, 2, 6, 10, 11, 12, 16, 17, 18, 19, 21, 24, 27, 31, 32, 34, 35, 37, 38, 
  39, 42, 47, 50, 54, 56, 58, 63, 64 ],
[ 1, 2, 6, 10, 11, 12, 13, 15, 16, 19, 21, 24, 31, 32, 36, 37, 40, 41, 42, 
  43, 47, 49, 53, 54, 55, 57, 59, 62 ],
[ 1, 2, 6, 10, 11, 12, 13, 15, 16, 19, 21, 24, 27, 31, 32, 36, 37, 40, 41, 
  42, 47, 50, 53, 54, 55, 57, 58, 64 ],
[ 1, 2, 6, 10, 11, 12, 13, 14, 15, 16, 19, 21, 24, 31, 32, 33, 40, 41, 42, 
  43, 47, 49, 55, 56, 57, 59, 62, 63 ],
[ 1, 2, 6, 10, 11, 12, 13, 14, 15, 16, 19, 21, 24, 27, 31, 32, 33, 40, 41, 
  42, 47, 50, 55, 56, 57, 58, 63, 64 ],
[ 1, 2, 6, 8, 10, 12, 13, 14, 15, 16, 19, 21, 25, 26, 27, 28, 31, 33, 40, 41, 
  42, 48, 50, 51, 55, 56, 57, 63 ],
[ 1, 2, 6, 8, 10, 11, 12, 16, 17, 18, 19, 21, 26, 28, 31, 32, 34, 35, 37, 38, 
  39, 42, 43, 51, 54, 56, 59, 63 ],
[ 1, 2, 6, 8, 10, 11, 12, 15, 16, 17, 18, 19, 21, 26, 28, 31, 32, 35, 37, 39, 
  42, 43, 51, 54, 55, 56, 59, 63 ],
[ 1, 2, 6, 8, 10, 11, 12, 14, 16, 17, 18, 19, 21, 26, 28, 31, 32, 33, 34, 35, 
  36, 38, 39, 42, 43, 51, 53, 59 ],
[ 1, 2, 6, 8, 10, 11, 12, 14, 15, 16, 17, 18, 19, 21, 26, 28, 31, 32, 33, 35, 
  36, 39, 42, 43, 51, 53, 55, 59 ],
[ 1, 2, 6, 8, 10, 11, 12, 13, 15, 16, 19, 21, 26, 28, 31, 32, 36, 37, 40, 41, 
  42, 43, 51, 53, 54, 55, 57, 59 ],
[ 1, 2, 6, 8, 10, 11, 12, 13, 15, 16, 19, 21, 23, 26, 31, 32, 36, 37, 40, 41, 
  42, 45, 49, 53, 54, 55, 57, 62 ],
[ 1, 2, 6, 8, 10, 11, 12, 13, 14, 15, 16, 19, 21, 26, 28, 31, 32, 33, 40, 41, 
  42, 43, 51, 55, 56, 57, 59, 63 ],
[ 1, 2, 6, 8, 10, 11, 12, 13, 14, 15, 16, 19, 21, 26, 27, 31, 32, 33, 40, 41, 
  42, 44, 50, 55, 56, 57, 60, 63 ],
[ 1, 2, 6, 8, 9, 10, 12, 13, 15, 16, 19, 21, 25, 26, 29, 31, 36, 37, 40, 41, 
  42, 48, 49, 53, 54, 55, 57, 62 ],
[ 1, 2, 6, 8, 9, 10, 11, 12, 16, 17, 18, 19, 21, 26, 29, 31, 32, 34, 35, 37, 
  38, 39, 42, 54, 56, 58, 63, 64 ],
[ 1, 2, 6, 8, 9, 10, 11, 12, 15, 16, 17, 18, 19, 21, 26, 29, 31, 32, 35, 37, 
  39, 42, 54, 55, 56, 58, 63, 64 ],
[ 1, 2, 6, 8, 9, 10, 11, 12, 14, 16, 17, 18, 19, 21, 26, 29, 31, 32, 33, 34, 
  35, 36, 38, 39, 42, 53, 58, 64 ],
[ 1, 2, 6, 8, 9, 10, 11, 12, 14, 15, 16, 17, 18, 19, 21, 26, 29, 31, 32, 33, 
  35, 36, 39, 42, 53, 55, 58, 64 ],
[ 1, 2, 6, 8, 9, 10, 11, 12, 13, 15, 16, 19, 21, 26, 29, 31, 32, 36, 37, 40, 
  41, 42, 53, 54, 55, 57, 58, 64 ],
[ 1, 2, 6, 8, 9, 10, 11, 12, 13, 14, 15, 16, 19, 21, 26, 29, 31, 32, 33, 40, 
  41, 42, 55, 56, 57, 58, 63, 64 ],
[ 1, 2, 5, 8, 10, 12, 13, 14, 16, 17, 18, 19, 20, 22, 25, 26, 27, 28, 31, 33, 
  34, 38, 39, 48, 50, 51, 56, 63 ],
[ 1, 2, 5, 8, 10, 11, 12, 16, 17, 19, 22, 26, 28, 31, 32, 33, 34, 35, 36, 37, 
  38, 41, 42, 43, 51, 57, 59, 63 ],
[ 1, 2, 5, 8, 10, 11, 12, 15, 16, 17, 19, 22, 26, 28, 31, 32, 33, 35, 36, 37, 
  41, 42, 43, 51, 55, 57, 59, 63 ],
[ 1, 2, 5, 8, 10, 11, 12, 14, 16, 17, 19, 22, 26, 28, 31, 32, 34, 35, 38, 41, 
  42, 43, 51, 53, 54, 56, 57, 59 ],
[ 1, 2, 5, 8, 10, 11, 12, 14, 15, 16, 17, 19, 22, 26, 28, 31, 32, 35, 41, 42, 
  43, 51, 53, 54, 55, 56, 57, 59 ],
[ 1, 2, 5, 8, 10, 11, 12, 13, 16, 17, 18, 19, 20, 22, 26, 28, 31, 32, 34, 36, 
  37, 38, 39, 43, 51, 53, 54, 59 ],
[ 1, 2, 5, 8, 10, 11, 12, 13, 14, 16, 17, 18, 19, 20, 22, 26, 28, 31, 32, 33, 
  34, 38, 39, 43, 51, 56, 59, 63 ],
[ 1, 2, 5, 8, 10, 11, 12, 13, 14, 16, 17, 18, 19, 20, 22, 26, 27, 31, 32, 33, 
  34, 38, 39, 44, 50, 56, 60, 63 ],
[ 1, 2, 5, 8, 10, 11, 12, 13, 14, 16, 17, 18, 19, 20, 22, 23, 26, 31, 32, 33, 
  34, 38, 39, 45, 49, 56, 62, 63 ],
[ 1, 2, 5, 8, 9, 10, 12, 14, 16, 17, 19, 22, 25, 26, 29, 31, 34, 35, 38, 41, 
  42, 48, 49, 53, 54, 56, 57, 62 ],
[ 1, 2, 5, 8, 9, 10, 12, 13, 14, 16, 17, 18, 19, 20, 22, 25, 26, 29, 31, 33, 
  34, 38, 39, 48, 49, 56, 62, 63 ],
[ 1, 2, 5, 8, 9, 10, 11, 12, 16, 17, 19, 22, 26, 29, 31, 32, 33, 34, 35, 36, 
  37, 38, 41, 42, 57, 58, 63, 64 ],
[ 1, 2, 5, 8, 9, 10, 11, 12, 15, 16, 17, 19, 22, 26, 29, 31, 32, 33, 35, 36, 
  37, 41, 42, 55, 57, 58, 63, 64 ],
[ 1, 2, 5, 8, 9, 10, 11, 12, 14, 16, 17, 19, 22, 26, 29, 31, 32, 34, 35, 38, 
  41, 42, 53, 54, 56, 57, 58, 64 ],
[ 1, 2, 5, 8, 9, 10, 11, 12, 14, 15, 16, 17, 19, 22, 26, 29, 31, 32, 35, 41, 
  42, 53, 54, 55, 56, 57, 58, 64 ],
[ 1, 2, 5, 8, 9, 10, 11, 12, 13, 16, 17, 18, 19, 20, 22, 26, 29, 31, 32, 34, 
  36, 37, 38, 39, 53, 54, 58, 64 ],
[ 1, 2, 5, 8, 9, 10, 11, 12, 13, 14, 16, 17, 18, 19, 20, 22, 26, 29, 31, 32, 
  33, 34, 38, 39, 56, 58, 63, 64 ],
[ 1, 2, 4, 8, 10, 11, 12, 16, 17, 21, 22, 26, 28, 31, 32, 33, 35, 36, 37, 38, 
  39, 41, 42, 43, 51, 55, 59, 63 ],
[ 1, 2, 4, 8, 10, 11, 12, 16, 17, 20, 21, 22, 26, 28, 31, 32, 33, 35, 37, 38, 
  41, 43, 51, 53, 55, 56, 57, 59 ],
[ 1, 2, 4, 8, 10, 11, 12, 14, 16, 17, 21, 22, 26, 28, 31, 32, 35, 38, 39, 41, 
  42, 43, 51, 53, 54, 55, 56, 59 ],
[ 1, 2, 4, 8, 10, 11, 12, 14, 16, 17, 20, 21, 22, 26, 28, 31, 32, 35, 36, 38, 
  41, 43, 51, 54, 55, 57, 59, 63 ],
[ 1, 2, 4, 8, 10, 11, 12, 13, 15, 16, 21, 22, 26, 28, 31, 32, 33, 37, 39, 40, 
  41, 42, 43, 51, 55, 56, 59, 63 ],
[ 1, 2, 4, 8, 10, 11, 12, 13, 15, 16, 21, 22, 26, 28, 31, 32, 33, 36, 37, 39, 
  40, 41, 42, 43, 51, 53, 55, 59 ],
[ 1, 2, 4, 8, 10, 11, 12, 13, 15, 16, 20, 21, 22, 26, 28, 31, 32, 33, 37, 40, 
  41, 43, 51, 55, 56, 57, 59, 63 ],
[ 1, 2, 4, 8, 10, 11, 12, 13, 15, 16, 20, 21, 22, 26, 28, 31, 32, 33, 36, 37, 
  40, 41, 43, 51, 53, 55, 57, 59 ],
[ 1, 2, 4, 8, 10, 11, 12, 13, 14, 15, 16, 21, 22, 26, 28, 31, 32, 39, 40, 41, 
  42, 43, 51, 54, 55, 56, 59, 63 ],
[ 1, 2, 4, 8, 10, 11, 12, 13, 14, 15, 16, 21, 22, 26, 28, 31, 32, 36, 39, 40, 
  41, 42, 43, 51, 53, 54, 55, 59 ],
[ 1, 2, 4, 8, 10, 11, 12, 13, 14, 15, 16, 20, 21, 22, 26, 28, 31, 32, 40, 41, 
  43, 51, 54, 55, 56, 57, 59, 63 ],
[ 1, 2, 4, 8, 10, 11, 12, 13, 14, 15, 16, 20, 21, 22, 26, 28, 31, 32, 36, 40, 
  41, 43, 51, 53, 54, 55, 57, 59 ],
[ 1, 2, 4, 8, 9, 10, 11, 12, 16, 17, 21, 22, 26, 29, 31, 32, 33, 35, 36, 37, 
  38, 39, 41, 42, 55, 58, 63, 64 ],
[ 1, 2, 4, 8, 9, 10, 11, 12, 16, 17, 20, 21, 22, 26, 29, 31, 32, 33, 35, 37, 
  38, 41, 53, 55, 56, 57, 58, 64 ],
[ 1, 2, 4, 8, 9, 10, 11, 12, 14, 16, 17, 21, 22, 26, 29, 31, 32, 35, 38, 39, 
  41, 42, 53, 54, 55, 56, 58, 64 ],
[ 1, 2, 4, 8, 9, 10, 11, 12, 14, 16, 17, 20, 21, 22, 26, 29, 31, 32, 35, 36, 
  38, 41, 54, 55, 57, 58, 63, 64 ],
[ 1, 2, 4, 8, 9, 10, 11, 12, 13, 15, 16, 21, 22, 26, 29, 31, 32, 33, 37, 39, 
  40, 41, 42, 55, 56, 58, 63, 64 ],
[ 1, 2, 4, 8, 9, 10, 11, 12, 13, 15, 16, 21, 22, 26, 29, 31, 32, 33, 36, 37, 
  39, 40, 41, 42, 53, 55, 58, 64 ],
[ 1, 2, 4, 8, 9, 10, 11, 12, 13, 15, 16, 20, 21, 22, 26, 29, 31, 32, 33, 37, 
  40, 41, 55, 56, 57, 58, 63, 64 ],
[ 1, 2, 4, 8, 9, 10, 11, 12, 13, 15, 16, 20, 21, 22, 26, 29, 31, 32, 33, 36, 
  37, 40, 41, 53, 55, 57, 58, 64 ],
[ 1, 2, 4, 8, 9, 10, 11, 12, 13, 14, 15, 16, 21, 22, 26, 29, 31, 32, 39, 40, 
  41, 42, 54, 55, 56, 58, 63, 64 ],
[ 1, 2, 4, 8, 9, 10, 11, 12, 13, 14, 15, 16, 21, 22, 26, 29, 31, 32, 36, 39, 
  40, 41, 42, 53, 54, 55, 58, 64 ],
[ 1, 2, 4, 8, 9, 10, 11, 12, 13, 14, 15, 16, 20, 21, 22, 26, 29, 31, 32, 40, 
  41, 54, 55, 56, 57, 58, 63, 64 ],
[ 1, 2, 4, 8, 9, 10, 11, 12, 13, 14, 15, 16, 20, 21, 22, 26, 29, 31, 32, 36, 
  40, 41, 53, 54, 55, 57, 58, 64 ],
[ 1, 2, 4, 7, 11, 12, 14, 16, 17, 19, 21, 31, 32, 35, 37, 38, 39, 42, 43, 46, 
  47, 50, 52, 53, 55, 62, 63, 64 ],
[ 1, 2, 4, 7, 11, 12, 14, 16, 17, 19, 21, 31, 32, 35, 37, 38, 39, 42, 43, 46, 
  47, 49, 50, 52, 53, 55, 58, 63 ],
[ 1, 2, 4, 7, 11, 12, 14, 16, 17, 19, 21, 30, 31, 32, 35, 37, 38, 39, 42, 43, 
  47, 50, 53, 55, 61, 62, 63, 64 ],
[ 1, 2, 4, 7, 11, 12, 14, 16, 17, 19, 21, 27, 31, 32, 35, 37, 38, 39, 42, 46, 
  47, 49, 52, 53, 55, 58, 59, 63 ],
[ 1, 2, 4, 7, 11, 12, 14, 16, 17, 19, 20, 21, 30, 31, 32, 35, 37, 38, 43, 46, 
  47, 49, 50, 53, 55, 57, 63, 64 ],
[ 1, 2, 4, 7, 11, 12, 14, 16, 17, 19, 20, 21, 27, 30, 31, 32, 35, 37, 38, 46, 
  47, 53, 55, 57, 58, 59, 62, 63 ],
[ 1, 2, 4, 7, 11, 12, 14, 15, 16, 17, 19, 21, 30, 31, 32, 34, 35, 37, 39, 42, 
  43, 46, 47, 49, 50, 53, 63, 64 ],
[ 1, 2, 4, 7, 11, 12, 14, 15, 16, 17, 19, 21, 27, 30, 31, 32, 34, 35, 37, 39, 
  42, 46, 47, 53, 58, 59, 62, 63 ],
[ 1, 2, 4, 7, 11, 12, 14, 15, 16, 17, 19, 20, 21, 24, 31, 32, 34, 35, 37, 50, 
  52, 53, 57, 58, 59, 61, 62, 63 ],
[ 1, 2, 4, 7, 11, 12, 14, 15, 16, 17, 19, 20, 21, 24, 31, 32, 34, 35, 37, 49, 
  50, 52, 53, 57, 59, 61, 63, 64 ],
[ 1, 2, 4, 7, 11, 12, 14, 15, 16, 17, 19, 20, 21, 24, 30, 31, 32, 34, 35, 37, 
  46, 50, 53, 57, 58, 59, 62, 63 ],
[ 1, 2, 4, 7, 11, 12, 14, 15, 16, 17, 19, 20, 21, 24, 27, 31, 32, 34, 35, 37, 
  43, 49, 52, 53, 57, 61, 63, 64 ],
[ 1, 2, 4, 6, 8, 10, 11, 12, 15, 16, 17, 18, 21, 26, 28, 31, 32, 33, 34, 35, 
  36, 37, 39, 42, 43, 51, 59, 63 ],
[ 1, 2, 4, 6, 8, 10, 11, 12, 14, 15, 16, 17, 18, 21, 26, 28, 31, 32, 34, 35, 
  39, 42, 43, 51, 53, 54, 56, 59 ],
[ 1, 2, 4, 6, 8, 9, 10, 11, 12, 15, 16, 17, 18, 21, 26, 29, 31, 32, 33, 34, 
  35, 36, 37, 39, 42, 58, 63, 64 ],
[ 1, 2, 4, 6, 8, 9, 10, 11, 12, 14, 15, 16, 17, 18, 21, 26, 29, 31, 32, 34, 
  35, 39, 42, 53, 54, 56, 58, 64 ],
[ 1, 2, 4, 5, 8, 10, 11, 12, 16, 20, 22, 26, 28, 31, 32, 33, 35, 36, 37, 38, 
  40, 41, 43, 51, 55, 57, 59, 63 ],
[ 1, 2, 4, 5, 8, 10, 11, 12, 14, 16, 20, 22, 26, 28, 31, 32, 35, 38, 40, 41, 
  43, 51, 53, 54, 55, 56, 57, 59 ],
[ 1, 2, 4, 5, 8, 9, 10, 11, 12, 16, 20, 22, 26, 29, 31, 32, 33, 35, 36, 37, 
  38, 40, 41, 55, 57, 58, 63, 64 ],
[ 1, 2, 4, 5, 8, 9, 10, 11, 12, 14, 16, 20, 22, 26, 29, 31, 32, 35, 38, 40, 
  41, 53, 54, 55, 56, 57, 58, 64 ],
[ 1, 2, 4, 5, 7, 11, 12, 16, 19, 21, 30, 31, 32, 33, 35, 36, 37, 38, 39, 43, 
  46, 47, 50, 55, 57, 58, 62, 63 ],
[ 1, 2, 4, 5, 7, 11, 12, 16, 19, 21, 27, 30, 31, 32, 33, 35, 36, 37, 38, 39, 
  46, 47, 49, 55, 57, 59, 63, 64 ],
[ 1, 2, 4, 5, 7, 11, 12, 15, 16, 19, 21, 30, 31, 32, 33, 34, 35, 37, 39, 43, 
  46, 47, 50, 53, 56, 57, 58, 62 ],
[ 1, 2, 4, 5, 7, 11, 12, 15, 16, 19, 21, 27, 30, 31, 32, 33, 34, 35, 37, 39, 
  46, 47, 49, 53, 56, 57, 59, 64 ],
[ 1, 2, 3, 6, 7, 12, 13, 16, 21, 22, 25, 26, 27, 28, 30, 31, 33, 35, 37, 40, 
  42, 44, 45, 51, 53, 56, 57, 62 ],
[ 1, 2, 3, 6, 7, 12, 13, 16, 21, 22, 23, 26, 28, 31, 33, 35, 37, 40, 42, 44, 
  48, 50, 51, 52, 53, 56, 57, 62 ],
[ 1, 2, 3, 6, 7, 12, 13, 16, 21, 22, 23, 26, 28, 30, 31, 33, 35, 36, 37, 40, 
  42, 44, 48, 49, 50, 51, 57, 63 ],
[ 1, 2, 3, 6, 7, 12, 13, 16, 21, 22, 23, 26, 28, 30, 31, 33, 35, 36, 37, 39, 
  40, 42, 44, 48, 49, 50, 51, 53 ],
[ 1, 2, 3, 6, 7, 12, 13, 16, 20, 21, 22, 26, 27, 28, 31, 33, 35, 36, 37, 39, 
  40, 45, 48, 49, 51, 52, 60, 63 ],
[ 1, 2, 3, 6, 7, 12, 13, 16, 20, 21, 22, 23, 26, 28, 30, 31, 33, 35, 37, 40, 
  44, 48, 49, 50, 51, 56, 57, 63 ],
[ 1, 2, 3, 6, 7, 12, 13, 16, 20, 21, 22, 23, 26, 28, 30, 31, 33, 35, 37, 39, 
  40, 44, 48, 49, 50, 51, 53, 56 ],
[ 1, 2, 3, 6, 7, 12, 13, 16, 20, 21, 22, 23, 25, 26, 28, 30, 31, 33, 35, 36, 
  37, 39, 40, 49, 50, 51, 60, 63 ],
[ 1, 2, 3, 6, 7, 12, 13, 16, 17, 21, 22, 23, 26, 28, 30, 31, 35, 36, 37, 42, 
  44, 48, 49, 50, 51, 54, 57, 63 ],
[ 1, 2, 3, 6, 7, 12, 13, 16, 17, 21, 22, 23, 26, 28, 30, 31, 35, 36, 37, 39, 
  42, 44, 48, 49, 50, 51, 53, 54 ],
[ 1, 2, 3, 6, 7, 12, 13, 16, 17, 20, 21, 22, 23, 26, 28, 30, 31, 35, 37, 44, 
  48, 49, 50, 51, 54, 56, 57, 63 ],
[ 1, 2, 3, 6, 7, 12, 13, 16, 17, 20, 21, 22, 23, 26, 28, 30, 31, 35, 37, 39, 
  44, 48, 49, 50, 51, 53, 54, 56 ],
[ 1, 2, 3, 6, 7, 9, 12, 16, 21, 22, 29, 32, 34, 36, 37, 39, 40, 42, 48, 49, 
  51, 52, 54, 55, 58, 60, 61, 63 ],
[ 1, 2, 3, 6, 7, 9, 12, 16, 21, 22, 29, 30, 32, 34, 36, 37, 39, 40, 42, 46, 
  48, 51, 54, 55, 60, 62, 63, 64 ],
[ 1, 2, 3, 6, 7, 9, 12, 16, 21, 22, 28, 29, 32, 34, 37, 39, 40, 42, 44, 46, 
  48, 52, 53, 54, 55, 56, 58, 62 ],
[ 1, 2, 3, 6, 7, 9, 12, 16, 21, 22, 28, 29, 30, 32, 34, 37, 39, 40, 42, 44, 
  48, 49, 53, 54, 55, 56, 61, 64 ],
[ 1, 2, 3, 6, 7, 9, 12, 16, 21, 22, 27, 29, 31, 32, 34, 36, 37, 39, 40, 42, 
  43, 47, 48, 51, 54, 55, 60, 63 ],
[ 1, 2, 3, 6, 7, 9, 12, 16, 21, 22, 25, 26, 27, 29, 30, 31, 33, 34, 37, 40, 
  42, 44, 45, 53, 55, 56, 57, 62 ],
[ 1, 2, 3, 6, 7, 9, 12, 16, 21, 22, 24, 28, 29, 31, 32, 34, 37, 39, 40, 42, 
  43, 44, 48, 50, 53, 54, 55, 56 ],
[ 1, 2, 3, 6, 7, 9, 12, 16, 21, 22, 24, 26, 29, 30, 32, 33, 34, 37, 40, 42, 
  45, 51, 53, 55, 56, 57, 59, 62 ],
[ 1, 2, 3, 6, 7, 9, 12, 16, 21, 22, 23, 26, 29, 31, 33, 34, 37, 40, 42, 44, 
  48, 50, 52, 53, 55, 56, 57, 62 ],
[ 1, 2, 3, 6, 7, 9, 12, 16, 21, 22, 23, 26, 29, 30, 31, 33, 34, 36, 37, 40, 
  42, 44, 48, 49, 50, 55, 57, 63 ],
[ 1, 2, 3, 6, 7, 9, 12, 16, 21, 22, 23, 26, 29, 30, 31, 33, 34, 36, 37, 39, 
  40, 42, 44, 48, 49, 50, 53, 55 ],
[ 1, 2, 3, 6, 7, 9, 12, 16, 21, 22, 23, 26, 28, 29, 31, 32, 33, 34, 36, 37, 
  40, 42, 50, 55, 57, 61, 63, 64 ],
[ 1, 2, 3, 6, 7, 9, 12, 16, 21, 22, 23, 26, 28, 29, 31, 32, 33, 34, 36, 37, 
  39, 40, 42, 50, 53, 55, 61, 64 ],
[ 1, 2, 3, 6, 7, 9, 12, 16, 21, 22, 23, 25, 26, 29, 31, 33, 34, 36, 37, 40, 
  42, 50, 52, 55, 57, 60, 62, 63 ],
[ 1, 2, 3, 6, 7, 9, 12, 16, 21, 22, 23, 25, 26, 29, 31, 33, 34, 36, 37, 39, 
  40, 42, 50, 52, 53, 55, 60, 62 ],
[ 1, 2, 3, 6, 7, 9, 12, 16, 21, 22, 23, 24, 26, 28, 29, 32, 33, 34, 37, 40, 
  42, 43, 52, 53, 55, 56, 57, 62 ],
[ 1, 2, 3, 6, 7, 9, 12, 16, 20, 21, 22, 27, 29, 31, 32, 34, 37, 40, 43, 47, 
  48, 51, 53, 54, 55, 56, 57, 60 ],
[ 1, 2, 3, 6, 7, 9, 12, 16, 20, 21, 22, 26, 29, 32, 33, 34, 36, 37, 39, 40, 
  43, 45, 47, 49, 51, 52, 55, 63 ],
[ 1, 2, 3, 6, 7, 9, 12, 16, 20, 21, 22, 26, 27, 29, 31, 33, 34, 36, 37, 39, 
  40, 45, 48, 49, 52, 55, 60, 63 ],
[ 1, 2, 3, 6, 7, 9, 12, 16, 20, 21, 22, 26, 27, 29, 31, 32, 33, 34, 37, 40, 
  45, 51, 55, 56, 57, 58, 61, 63 ],
[ 1, 2, 3, 6, 7, 9, 12, 16, 20, 21, 22, 24, 28, 29, 31, 32, 34, 36, 37, 40, 
  43, 44, 48, 50, 54, 55, 57, 63 ],
[ 1, 2, 3, 6, 7, 9, 12, 16, 20, 21, 22, 23, 26, 29, 30, 31, 33, 34, 37, 40, 
  44, 48, 49, 50, 55, 56, 57, 63 ],
[ 1, 2, 3, 6, 7, 9, 12, 16, 20, 21, 22, 23, 26, 29, 30, 31, 33, 34, 37, 39, 
  40, 44, 48, 49, 50, 53, 55, 56 ],
[ 1, 2, 3, 6, 7, 9, 12, 16, 20, 21, 22, 23, 26, 28, 29, 31, 32, 33, 34, 37, 
  40, 50, 55, 56, 57, 61, 63, 64 ],
[ 1, 2, 3, 6, 7, 9, 12, 16, 20, 21, 22, 23, 26, 28, 29, 31, 32, 33, 34, 37, 
  39, 40, 50, 53, 55, 56, 61, 64 ],
[ 1, 2, 3, 6, 7, 9, 12, 16, 20, 21, 22, 23, 26, 28, 29, 31, 32, 33, 34, 36, 
  37, 40, 46, 50, 53, 55, 57, 58 ],
[ 1, 2, 3, 6, 7, 9, 12, 16, 20, 21, 22, 23, 26, 28, 29, 30, 32, 33, 34, 36, 
  37, 39, 40, 47, 49, 55, 59, 63 ],
[ 1, 2, 3, 6, 7, 9, 12, 16, 20, 21, 22, 23, 25, 26, 29, 31, 33, 34, 37, 40, 
  50, 52, 55, 56, 57, 60, 62, 63 ],
[ 1, 2, 3, 6, 7, 9, 12, 16, 20, 21, 22, 23, 25, 26, 29, 31, 33, 34, 37, 39, 
  40, 50, 52, 53, 55, 56, 60, 62 ],
[ 1, 2, 3, 6, 7, 9, 12, 16, 20, 21, 22, 23, 25, 26, 29, 30, 31, 33, 34, 36, 
  37, 39, 40, 49, 50, 55, 60, 63 ],
[ 1, 2, 3, 6, 7, 9, 12, 16, 17, 21, 22, 28, 29, 32, 33, 34, 37, 42, 44, 46, 
  48, 52, 55, 56, 57, 58, 62, 63 ],
[ 1, 2, 3, 6, 7, 9, 12, 16, 17, 21, 22, 28, 29, 30, 32, 33, 34, 37, 42, 44, 
  48, 49, 55, 56, 57, 61, 63, 64 ],
[ 1, 2, 3, 6, 7, 9, 12, 16, 17, 21, 22, 26, 27, 29, 31, 34, 37, 39, 42, 45, 
  48, 49, 52, 54, 55, 56, 60, 63 ],
[ 1, 2, 3, 6, 7, 9, 12, 16, 17, 21, 22, 26, 27, 29, 31, 32, 34, 37, 42, 45, 
  46, 51, 53, 54, 55, 56, 57, 64 ],
[ 1, 2, 3, 6, 7, 9, 12, 16, 17, 21, 22, 26, 27, 29, 31, 32, 34, 36, 37, 39, 
  42, 45, 46, 51, 53, 54, 55, 64 ],
[ 1, 2, 3, 6, 7, 9, 12, 16, 17, 21, 22, 26, 27, 29, 30, 31, 34, 37, 42, 45, 
  48, 53, 54, 55, 56, 57, 60, 62 ],
[ 1, 2, 3, 6, 7, 9, 12, 16, 17, 21, 22, 25, 29, 32, 33, 34, 36, 37, 42, 44, 
  46, 49, 51, 52, 53, 55, 57, 64 ],
[ 1, 2, 3, 6, 7, 9, 12, 16, 17, 21, 22, 25, 29, 30, 32, 33, 34, 36, 37, 42, 
  44, 51, 53, 55, 57, 58, 61, 62 ],
[ 1, 2, 3, 6, 7, 9, 12, 16, 17, 21, 22, 25, 26, 27, 29, 31, 34, 37, 42, 44, 
  45, 49, 52, 53, 54, 55, 56, 57 ],
[ 1, 2, 3, 6, 7, 9, 12, 16, 17, 21, 22, 24, 28, 29, 31, 32, 33, 34, 37, 42, 
  43, 44, 48, 50, 55, 56, 57, 63 ],
[ 1, 2, 3, 6, 7, 9, 12, 16, 17, 21, 22, 24, 25, 27, 29, 31, 32, 33, 34, 36, 
  37, 42, 44, 51, 53, 55, 57, 59 ],
[ 1, 2, 3, 6, 7, 9, 12, 16, 17, 21, 22, 23, 26, 29, 30, 31, 34, 36, 37, 42, 
  44, 48, 49, 50, 54, 55, 57, 63 ],
[ 1, 2, 3, 6, 7, 9, 12, 16, 17, 21, 22, 23, 26, 29, 30, 31, 34, 36, 37, 39, 
  42, 44, 48, 49, 50, 53, 54, 55 ],
[ 1, 2, 3, 6, 7, 9, 12, 16, 17, 21, 22, 23, 26, 28, 29, 31, 32, 34, 36, 37, 
  42, 50, 54, 55, 57, 61, 63, 64 ],
[ 1, 2, 3, 6, 7, 9, 12, 16, 17, 21, 22, 23, 26, 28, 29, 31, 32, 34, 36, 37, 
  39, 42, 50, 53, 54, 55, 61, 64 ],
[ 1, 2, 3, 6, 7, 9, 12, 16, 17, 21, 22, 23, 25, 26, 29, 31, 34, 36, 37, 42, 
  50, 52, 54, 55, 57, 60, 62, 63 ],
[ 1, 2, 3, 6, 7, 9, 12, 16, 17, 21, 22, 23, 25, 26, 29, 31, 34, 36, 37, 39, 
  42, 50, 52, 53, 54, 55, 60, 62 ],
[ 1, 2, 3, 6, 7, 9, 12, 16, 17, 21, 22, 23, 24, 26, 28, 29, 32, 34, 37, 39, 
  42, 43, 52, 54, 55, 56, 62, 63 ],
[ 1, 2, 3, 6, 7, 9, 12, 16, 17, 20, 21, 22, 26, 27, 29, 31, 32, 34, 37, 45, 
  46, 51, 54, 55, 56, 57, 63, 64 ],
[ 1, 2, 3, 6, 7, 9, 12, 16, 17, 20, 21, 22, 26, 27, 29, 31, 32, 34, 37, 39, 
  45, 51, 53, 54, 55, 56, 58, 61 ],
[ 1, 2, 3, 6, 7, 9, 12, 16, 17, 20, 21, 22, 26, 27, 29, 31, 32, 34, 36, 37, 
  39, 45, 46, 51, 54, 55, 63, 64 ],
[ 1, 2, 3, 6, 7, 9, 12, 16, 17, 20, 21, 22, 25, 26, 27, 29, 30, 31, 34, 36, 
  37, 44, 45, 53, 54, 55, 57, 62 ],
[ 1, 2, 3, 6, 7, 9, 12, 16, 17, 20, 21, 22, 24, 28, 29, 31, 32, 33, 34, 36, 
  37, 39, 43, 44, 48, 50, 53, 55 ],
[ 1, 2, 3, 6, 7, 9, 12, 16, 17, 20, 21, 22, 24, 25, 27, 29, 31, 32, 33, 34, 
  37, 39, 44, 51, 55, 56, 59, 63 ],
[ 1, 2, 3, 6, 7, 9, 12, 16, 17, 20, 21, 22, 23, 26, 29, 30, 31, 34, 37, 44, 
  48, 49, 50, 54, 55, 56, 57, 63 ],
[ 1, 2, 3, 6, 7, 9, 12, 16, 17, 20, 21, 22, 23, 26, 28, 29, 31, 32, 34, 37, 
  50, 54, 55, 56, 57, 61, 63, 64 ],
[ 1, 2, 3, 6, 7, 9, 12, 16, 17, 20, 21, 22, 23, 26, 28, 29, 31, 32, 34, 37, 
  39, 50, 53, 54, 55, 56, 61, 64 ],
[ 1, 2, 3, 6, 7, 9, 12, 16, 17, 20, 21, 22, 23, 26, 28, 29, 31, 32, 34, 36, 
  37, 39, 46, 50, 54, 55, 58, 63 ],
[ 1, 2, 3, 6, 7, 9, 12, 16, 17, 20, 21, 22, 23, 26, 28, 29, 30, 32, 34, 36, 
  37, 47, 49, 53, 54, 55, 57, 59 ],
[ 1, 2, 3, 6, 7, 9, 12, 16, 17, 20, 21, 22, 23, 25, 26, 29, 31, 34, 37, 50, 
  52, 54, 55, 56, 57, 60, 62, 63 ],
[ 1, 2, 3, 6, 7, 9, 12, 14, 16, 21, 22, 26, 27, 29, 31, 34, 36, 40, 42, 45, 
  48, 49, 52, 54, 55, 57, 60, 63 ],
[ 1, 2, 3, 6, 7, 9, 12, 14, 16, 21, 22, 26, 27, 29, 31, 32, 34, 40, 42, 45, 
  46, 51, 53, 54, 55, 56, 57, 64 ],
[ 1, 2, 3, 6, 7, 9, 12, 14, 16, 21, 22, 26, 27, 29, 31, 32, 34, 36, 39, 40, 
  42, 45, 46, 51, 53, 54, 55, 64 ],
[ 1, 2, 3, 6, 7, 9, 12, 14, 16, 21, 22, 23, 26, 28, 29, 30, 32, 34, 36, 40, 
  42, 47, 49, 54, 55, 57, 59, 63 ],
[ 1, 2, 3, 6, 7, 9, 12, 14, 16, 20, 21, 22, 26, 27, 29, 31, 32, 34, 40, 45, 
  46, 51, 54, 55, 56, 57, 63, 64 ],
[ 1, 2, 3, 6, 7, 9, 12, 14, 16, 20, 21, 22, 26, 27, 29, 31, 32, 34, 36, 40, 
  45, 51, 53, 54, 55, 57, 58, 61 ],
[ 1, 2, 3, 6, 7, 9, 12, 14, 16, 20, 21, 22, 26, 27, 29, 31, 32, 34, 36, 39, 
  40, 45, 46, 51, 54, 55, 63, 64 ],
[ 1, 2, 3, 6, 7, 9, 12, 14, 16, 20, 21, 22, 25, 26, 27, 29, 30, 31, 34, 39, 
  40, 44, 45, 53, 54, 55, 56, 62 ],
[ 1, 2, 3, 6, 7, 9, 12, 14, 16, 20, 21, 22, 23, 26, 28, 29, 31, 32, 34, 40, 
  46, 50, 54, 55, 56, 57, 58, 63 ],
[ 1, 2, 3, 6, 7, 9, 12, 14, 16, 20, 21, 22, 23, 24, 26, 28, 29, 32, 34, 39, 
  40, 43, 52, 53, 54, 55, 56, 62 ],
[ 1, 2, 3, 6, 7, 9, 12, 14, 16, 17, 20, 21, 22, 26, 27, 29, 31, 32, 33, 34, 
  36, 39, 45, 51, 55, 58, 61, 63 ],
[ 1, 2, 3, 6, 7, 9, 12, 14, 16, 17, 20, 21, 22, 23, 26, 28, 29, 31, 32, 33, 
  34, 39, 46, 50, 53, 55, 56, 58 ],
[ 1, 2, 3, 4, 7, 11, 12, 16, 19, 21, 25, 26, 27, 30, 31, 32, 33, 34, 37, 40, 
  42, 44, 45, 53, 55, 56, 57, 62 ],
[ 1, 2, 3, 4, 7, 11, 12, 16, 19, 21, 23, 26, 31, 32, 33, 34, 37, 40, 42, 44, 
  48, 50, 52, 53, 55, 56, 57, 62 ],
[ 1, 2, 3, 4, 7, 11, 12, 16, 19, 21, 23, 26, 30, 31, 32, 33, 34, 36, 37, 40, 
  42, 44, 48, 49, 50, 55, 57, 63 ],
[ 1, 2, 3, 4, 7, 11, 12, 16, 19, 21, 23, 26, 30, 31, 32, 33, 34, 36, 37, 39, 
  40, 42, 44, 48, 49, 50, 53, 55 ],
[ 1, 2, 3, 4, 7, 11, 12, 16, 19, 20, 21, 26, 27, 31, 32, 33, 34, 36, 37, 39, 
  40, 45, 48, 49, 52, 55, 60, 63 ],
[ 1, 2, 3, 4, 7, 11, 12, 16, 19, 20, 21, 23, 26, 30, 31, 32, 33, 34, 37, 40, 
  44, 48, 49, 50, 55, 56, 57, 63 ],
[ 1, 2, 3, 4, 7, 11, 12, 16, 19, 20, 21, 23, 26, 30, 31, 32, 33, 34, 37, 39, 
  40, 44, 48, 49, 50, 53, 55, 56 ],
[ 1, 2, 3, 4, 7, 11, 12, 16, 19, 20, 21, 23, 25, 26, 30, 31, 32, 33, 34, 36, 
  37, 39, 40, 49, 50, 55, 60, 63 ],
[ 1, 2, 3, 4, 7, 11, 12, 16, 17, 19, 21, 23, 26, 30, 31, 32, 34, 36, 37, 42, 
  44, 48, 49, 50, 54, 55, 57, 63 ],
[ 1, 2, 3, 4, 7, 11, 12, 16, 17, 19, 21, 23, 26, 30, 31, 32, 34, 36, 37, 39, 
  42, 44, 48, 49, 50, 53, 54, 55 ],
[ 1, 2, 3, 4, 7, 11, 12, 16, 17, 19, 20, 21, 23, 26, 30, 31, 32, 34, 37, 44, 
  48, 49, 50, 54, 55, 56, 57, 63 ],
[ 1, 2, 3, 4, 7, 11, 12, 16, 17, 19, 20, 21, 23, 26, 30, 31, 32, 34, 37, 39, 
  44, 48, 49, 50, 53, 54, 55, 56 ]
];

