## Group: [64, 39]
## Difference Sets: 440
## Time:  0:01:52.147

return [
[ 1, 3, 5, 8, 10, 14, 15, 17, 18, 19, 20, 22, 24, 26, 27, 28, 30, 31, 33, 35, 
  39, 47, 50, 51, 52, 55, 56, 63 ],
[ 1, 3, 5, 8, 10, 13, 14, 17, 19, 20, 22, 24, 26, 27, 28, 30, 31, 33, 36, 38, 
  41, 47, 50, 51, 52, 53, 55, 57 ],
[ 1, 3, 5, 8, 10, 13, 14, 17, 19, 20, 22, 24, 26, 27, 28, 30, 31, 33, 36, 38, 
  39, 41, 47, 50, 51, 52, 55, 63 ],
[ 1, 3, 5, 8, 10, 13, 14, 15, 17, 19, 20, 22, 24, 26, 27, 28, 30, 31, 33, 36, 
  39, 41, 47, 50, 51, 52, 53, 55 ],
[ 1, 3, 5, 8, 10, 11, 14, 15, 17, 18, 19, 20, 22, 24, 26, 27, 31, 32, 33, 35, 
  39, 47, 49, 50, 55, 56, 62, 63 ],
[ 1, 3, 5, 8, 10, 11, 13, 14, 17, 19, 20, 22, 24, 26, 27, 31, 32, 33, 36, 38, 
  41, 47, 49, 50, 53, 55, 57, 62 ],
[ 1, 3, 5, 8, 10, 11, 13, 14, 17, 19, 20, 22, 24, 26, 27, 31, 32, 33, 36, 38, 
  39, 41, 47, 49, 50, 55, 62, 63 ],
[ 1, 3, 5, 8, 10, 11, 13, 14, 15, 17, 19, 20, 22, 24, 26, 27, 31, 32, 33, 36, 
  39, 41, 47, 49, 50, 53, 55, 62 ],
[ 1, 3, 5, 8, 9, 10, 14, 15, 17, 18, 19, 20, 22, 24, 26, 29, 30, 31, 33, 35, 
  39, 47, 49, 52, 55, 56, 62, 63 ],
[ 1, 3, 5, 8, 9, 10, 13, 14, 17, 19, 20, 22, 24, 26, 29, 30, 31, 33, 36, 38, 
  39, 41, 47, 49, 52, 55, 62, 63 ],
[ 1, 3, 5, 8, 9, 10, 13, 14, 15, 17, 19, 20, 22, 24, 26, 29, 30, 31, 33, 36, 
  39, 41, 47, 49, 52, 53, 55, 62 ],
[ 1, 3, 5, 8, 9, 10, 11, 13, 14, 17, 19, 20, 22, 24, 26, 28, 29, 31, 32, 33, 
  36, 38, 41, 47, 51, 53, 55, 57 ],
[ 1, 3, 5, 8, 9, 10, 11, 13, 14, 17, 19, 20, 22, 24, 26, 28, 29, 31, 32, 33, 
  36, 38, 39, 41, 47, 51, 55, 63 ],
[ 1, 3, 5, 8, 9, 10, 11, 13, 14, 15, 17, 19, 20, 22, 24, 26, 28, 29, 31, 32, 
  33, 36, 39, 41, 47, 51, 53, 55 ],
[ 1, 3, 5, 6, 10, 13, 14, 16, 17, 19, 20, 24, 25, 27, 29, 30, 31, 33, 37, 39, 
  41, 47, 48, 49, 51, 52, 55, 63 ],
[ 1, 3, 5, 6, 10, 13, 14, 16, 17, 19, 20, 24, 25, 27, 29, 30, 31, 33, 34, 37, 
  39, 41, 47, 48, 49, 51, 52, 53 ],
[ 1, 3, 5, 6, 10, 13, 14, 16, 17, 18, 20, 24, 26, 27, 29, 30, 31, 33, 37, 40, 
  41, 46, 48, 49, 51, 52, 55, 63 ],
[ 1, 3, 5, 6, 10, 13, 14, 16, 17, 18, 20, 24, 26, 27, 29, 30, 31, 33, 34, 37, 
  40, 41, 46, 48, 49, 51, 52, 53 ],
[ 1, 3, 5, 6, 10, 13, 14, 16, 17, 18, 20, 24, 26, 27, 28, 29, 30, 31, 33, 37, 
  40, 41, 46, 48, 52, 55, 62, 63 ],
[ 1, 3, 5, 6, 10, 13, 14, 16, 17, 18, 20, 24, 26, 27, 28, 29, 30, 31, 33, 34, 
  37, 40, 41, 46, 48, 52, 53, 62 ],
[ 1, 3, 5, 6, 10, 13, 14, 16, 17, 18, 19, 20, 24, 25, 27, 29, 30, 31, 33, 37, 
  47, 48, 49, 51, 52, 55, 57, 63 ],
[ 1, 3, 5, 6, 10, 13, 14, 16, 17, 18, 19, 20, 24, 25, 27, 29, 30, 31, 33, 34, 
  37, 47, 48, 49, 51, 52, 53, 57 ],
[ 1, 3, 5, 6, 10, 12, 13, 14, 16, 17, 20, 24, 26, 27, 28, 30, 32, 33, 37, 39, 
  40, 46, 48, 50, 51, 55, 57, 63 ],
[ 1, 3, 5, 6, 10, 12, 13, 14, 16, 17, 20, 24, 26, 27, 28, 30, 32, 33, 34, 37, 
  39, 40, 46, 48, 50, 51, 53, 57 ],
[ 1, 3, 5, 6, 10, 12, 13, 14, 16, 17, 20, 24, 25, 26, 27, 28, 30, 32, 33, 37, 
  39, 40, 50, 51, 55, 57, 61, 63 ],
[ 1, 3, 5, 6, 10, 12, 13, 14, 16, 17, 20, 24, 25, 26, 27, 28, 30, 32, 33, 34, 
  37, 39, 40, 50, 51, 53, 57, 61 ],
[ 1, 3, 5, 6, 10, 12, 13, 14, 16, 17, 19, 20, 24, 27, 28, 30, 32, 33, 37, 39, 
  41, 46, 47, 50, 51, 55, 61, 63 ],
[ 1, 3, 5, 6, 10, 12, 13, 14, 16, 17, 19, 20, 24, 27, 28, 30, 32, 33, 34, 37, 
  39, 41, 46, 47, 50, 51, 53, 61 ],
[ 1, 3, 5, 6, 10, 12, 13, 14, 16, 17, 19, 20, 24, 25, 27, 30, 32, 33, 37, 39, 
  41, 47, 48, 49, 50, 55, 62, 63 ],
[ 1, 3, 5, 6, 10, 12, 13, 14, 16, 17, 19, 20, 24, 25, 27, 30, 32, 33, 34, 37, 
  39, 41, 47, 48, 49, 50, 53, 62 ],
[ 1, 3, 5, 6, 10, 12, 13, 14, 16, 17, 18, 20, 24, 26, 27, 30, 32, 33, 37, 40, 
  41, 46, 48, 49, 50, 55, 62, 63 ],
[ 1, 3, 5, 6, 10, 12, 13, 14, 16, 17, 18, 20, 24, 26, 27, 30, 32, 33, 34, 37, 
  40, 41, 46, 48, 49, 50, 53, 62 ],
[ 1, 3, 5, 6, 10, 12, 13, 14, 16, 17, 18, 20, 24, 25, 26, 27, 30, 32, 33, 37, 
  40, 41, 49, 50, 55, 61, 62, 63 ],
[ 1, 3, 5, 6, 10, 12, 13, 14, 16, 17, 18, 20, 24, 25, 26, 27, 30, 32, 33, 34, 
  37, 40, 41, 49, 50, 53, 61, 62 ],
[ 1, 3, 5, 6, 10, 12, 13, 14, 16, 17, 18, 19, 20, 24, 27, 28, 30, 32, 33, 37, 
  46, 47, 50, 51, 55, 57, 61, 63 ],
[ 1, 3, 5, 6, 10, 12, 13, 14, 16, 17, 18, 19, 20, 24, 27, 28, 30, 32, 33, 34, 
  37, 46, 47, 50, 51, 53, 57, 61 ],
[ 1, 3, 5, 6, 10, 12, 13, 14, 16, 17, 18, 19, 20, 24, 25, 27, 30, 32, 33, 37, 
  47, 48, 49, 50, 55, 57, 62, 63 ],
[ 1, 3, 5, 6, 10, 12, 13, 14, 16, 17, 18, 19, 20, 24, 25, 27, 30, 32, 33, 34, 
  37, 47, 48, 49, 50, 53, 57, 62 ],
[ 1, 3, 5, 6, 10, 11, 13, 14, 16, 17, 20, 24, 26, 27, 29, 31, 32, 33, 37, 39, 
  40, 46, 48, 49, 51, 55, 57, 63 ],
[ 1, 3, 5, 6, 10, 11, 13, 14, 16, 17, 20, 24, 26, 27, 29, 31, 32, 33, 34, 37, 
  39, 40, 46, 48, 49, 51, 53, 57 ],
[ 1, 3, 5, 6, 10, 11, 13, 14, 16, 17, 20, 24, 26, 27, 28, 29, 31, 32, 33, 37, 
  39, 40, 46, 48, 55, 57, 62, 63 ],
[ 1, 3, 5, 6, 10, 11, 13, 14, 16, 17, 20, 24, 26, 27, 28, 29, 31, 32, 33, 34, 
  37, 39, 40, 46, 48, 53, 57, 62 ],
[ 1, 3, 5, 6, 10, 11, 13, 14, 16, 17, 19, 20, 24, 27, 29, 31, 32, 33, 37, 39, 
  41, 46, 47, 49, 51, 55, 61, 63 ],
[ 1, 3, 5, 6, 10, 11, 13, 14, 16, 17, 19, 20, 24, 27, 29, 31, 32, 33, 34, 37, 
  39, 41, 46, 47, 49, 51, 53, 61 ],
[ 1, 3, 5, 6, 10, 11, 13, 14, 16, 17, 18, 19, 20, 24, 27, 29, 31, 32, 33, 37, 
  46, 47, 49, 51, 55, 57, 61, 63 ],
[ 1, 3, 5, 6, 10, 11, 13, 14, 16, 17, 18, 19, 20, 24, 27, 29, 31, 32, 33, 34, 
  37, 46, 47, 49, 51, 53, 57, 61 ],
[ 1, 3, 5, 6, 8, 10, 14, 17, 18, 19, 24, 26, 27, 28, 30, 31, 33, 35, 36, 38, 
  39, 42, 47, 50, 51, 52, 55, 63 ],
[ 1, 3, 5, 6, 8, 10, 14, 15, 17, 19, 20, 24, 26, 27, 29, 30, 31, 33, 34, 36, 
  39, 41, 47, 49, 51, 52, 54, 55 ],
[ 1, 3, 5, 6, 8, 10, 14, 15, 17, 19, 20, 24, 26, 27, 28, 30, 31, 33, 35, 36, 
  39, 41, 47, 50, 51, 52, 53, 55 ],
[ 1, 3, 5, 6, 8, 10, 14, 15, 17, 19, 20, 24, 26, 27, 28, 30, 31, 33, 34, 35, 
  36, 39, 41, 47, 50, 51, 52, 63 ],
[ 1, 3, 5, 6, 8, 10, 14, 15, 17, 19, 20, 24, 26, 27, 28, 29, 30, 31, 33, 34, 
  36, 39, 41, 47, 52, 54, 55, 62 ],
[ 1, 3, 5, 6, 8, 10, 14, 15, 17, 18, 19, 20, 24, 26, 27, 29, 30, 31, 33, 34, 
  36, 47, 49, 51, 52, 54, 55, 57 ],
[ 1, 3, 5, 6, 8, 10, 14, 15, 17, 18, 19, 20, 24, 26, 27, 28, 30, 31, 33, 35, 
  36, 47, 50, 51, 52, 53, 55, 57 ],
[ 1, 3, 5, 6, 8, 10, 14, 15, 17, 18, 19, 20, 24, 26, 27, 28, 30, 31, 33, 34, 
  35, 36, 47, 50, 51, 52, 57, 63 ],
[ 1, 3, 5, 6, 8, 10, 14, 15, 17, 18, 19, 20, 24, 26, 27, 28, 29, 30, 31, 33, 
  34, 36, 47, 52, 54, 55, 57, 62 ],
[ 1, 3, 5, 6, 8, 10, 13, 14, 17, 19, 24, 26, 27, 28, 30, 31, 33, 36, 38, 39, 
  41, 42, 47, 50, 51, 52, 55, 63 ],
[ 1, 3, 5, 6, 8, 10, 13, 14, 17, 19, 24, 26, 27, 28, 30, 31, 33, 34, 36, 38, 
  41, 42, 47, 50, 51, 52, 57, 63 ],
[ 1, 3, 5, 6, 8, 10, 13, 14, 15, 17, 19, 24, 26, 27, 28, 30, 31, 33, 36, 39, 
  41, 42, 47, 50, 51, 52, 53, 55 ],
[ 1, 3, 5, 6, 8, 10, 12, 14, 15, 17, 19, 20, 24, 26, 27, 30, 32, 33, 34, 36, 
  39, 41, 47, 49, 50, 54, 55, 62 ],
[ 1, 3, 5, 6, 8, 10, 12, 14, 15, 17, 19, 20, 24, 26, 27, 28, 30, 32, 33, 36, 
  39, 41, 47, 50, 51, 53, 54, 63 ],
[ 1, 3, 5, 6, 8, 10, 12, 14, 15, 17, 18, 19, 20, 24, 26, 27, 30, 32, 33, 34, 
  36, 47, 49, 50, 54, 55, 57, 62 ],
[ 1, 3, 5, 6, 8, 10, 12, 14, 15, 17, 18, 19, 20, 24, 26, 27, 28, 30, 32, 33, 
  36, 47, 50, 51, 53, 54, 57, 63 ],
[ 1, 3, 5, 6, 8, 10, 11, 14, 17, 18, 19, 24, 26, 27, 31, 32, 33, 35, 36, 38, 
  39, 42, 47, 49, 50, 55, 62, 63 ],
[ 1, 3, 5, 6, 8, 10, 11, 14, 15, 17, 19, 20, 24, 26, 27, 31, 32, 33, 35, 36, 
  39, 41, 47, 49, 50, 53, 55, 62 ],
[ 1, 3, 5, 6, 8, 10, 11, 14, 15, 17, 19, 20, 24, 26, 27, 31, 32, 33, 34, 35, 
  36, 39, 41, 47, 49, 50, 62, 63 ],
[ 1, 3, 5, 6, 8, 10, 11, 14, 15, 17, 19, 20, 24, 26, 27, 29, 31, 32, 33, 36, 
  39, 41, 47, 49, 51, 53, 54, 63 ],
[ 1, 3, 5, 6, 8, 10, 11, 14, 15, 17, 19, 20, 24, 26, 27, 28, 29, 31, 32, 33, 
  36, 39, 41, 47, 53, 54, 62, 63 ],
[ 1, 3, 5, 6, 8, 10, 11, 14, 15, 17, 18, 19, 20, 24, 26, 27, 31, 32, 33, 35, 
  36, 47, 49, 50, 53, 55, 57, 62 ],
[ 1, 3, 5, 6, 8, 10, 11, 14, 15, 17, 18, 19, 20, 24, 26, 27, 31, 32, 33, 34, 
  35, 36, 47, 49, 50, 57, 62, 63 ],
[ 1, 3, 5, 6, 8, 10, 11, 14, 15, 17, 18, 19, 20, 24, 26, 27, 29, 31, 32, 33, 
  36, 47, 49, 51, 53, 54, 57, 63 ],
[ 1, 3, 5, 6, 8, 10, 11, 14, 15, 17, 18, 19, 20, 24, 26, 27, 28, 29, 31, 32, 
  33, 36, 47, 53, 54, 57, 62, 63 ],
[ 1, 3, 5, 6, 8, 10, 11, 13, 14, 17, 19, 24, 26, 27, 31, 32, 33, 36, 38, 39, 
  41, 42, 47, 49, 50, 55, 62, 63 ],
[ 1, 3, 5, 6, 8, 10, 11, 13, 14, 17, 19, 24, 26, 27, 31, 32, 33, 34, 36, 38, 
  41, 42, 47, 49, 50, 57, 62, 63 ],
[ 1, 3, 5, 6, 8, 10, 11, 13, 14, 15, 17, 19, 24, 26, 27, 31, 32, 33, 36, 39, 
  41, 42, 47, 49, 50, 53, 55, 62 ],
[ 1, 3, 5, 6, 8, 10, 11, 12, 14, 15, 17, 19, 20, 24, 26, 27, 33, 34, 36, 39, 
  41, 47, 49, 50, 52, 54, 55, 62 ],
[ 1, 3, 5, 6, 8, 10, 11, 12, 14, 15, 17, 19, 20, 24, 26, 27, 28, 33, 36, 39, 
  41, 47, 50, 51, 52, 53, 54, 63 ],
[ 1, 3, 5, 6, 8, 10, 11, 12, 14, 15, 17, 18, 19, 20, 24, 26, 27, 33, 34, 36, 
  47, 49, 50, 52, 54, 55, 57, 62 ],
[ 1, 3, 5, 6, 8, 10, 11, 12, 14, 15, 17, 18, 19, 20, 24, 26, 27, 28, 33, 36, 
  47, 50, 51, 52, 53, 54, 57, 63 ],
[ 1, 3, 5, 6, 8, 9, 10, 14, 17, 18, 19, 24, 26, 29, 30, 31, 33, 35, 36, 38, 
  39, 42, 47, 49, 52, 55, 62, 63 ],
[ 1, 3, 5, 6, 8, 9, 10, 14, 15, 17, 19, 20, 24, 26, 29, 30, 31, 33, 35, 36, 
  39, 41, 47, 49, 52, 53, 55, 62 ],
[ 1, 3, 5, 6, 8, 9, 10, 14, 15, 17, 19, 20, 24, 26, 29, 30, 31, 33, 34, 35, 
  36, 39, 41, 47, 49, 52, 62, 63 ],
[ 1, 3, 5, 6, 8, 9, 10, 14, 15, 17, 18, 19, 20, 24, 26, 29, 30, 31, 33, 35, 
  36, 47, 49, 52, 53, 55, 57, 62 ],
[ 1, 3, 5, 6, 8, 9, 10, 14, 15, 17, 18, 19, 20, 24, 26, 29, 30, 31, 33, 34, 
  35, 36, 47, 49, 52, 57, 62, 63 ],
[ 1, 3, 5, 6, 8, 9, 10, 13, 14, 17, 19, 24, 26, 29, 30, 31, 33, 36, 38, 39, 
  41, 42, 47, 49, 52, 55, 62, 63 ],
[ 1, 3, 5, 6, 8, 9, 10, 13, 14, 15, 17, 19, 24, 26, 29, 30, 31, 33, 36, 39, 
  41, 42, 47, 49, 52, 53, 55, 62 ],
[ 1, 3, 5, 6, 8, 9, 10, 11, 14, 15, 17, 19, 20, 24, 26, 28, 29, 31, 32, 33, 
  35, 36, 39, 41, 47, 51, 53, 55 ],
[ 1, 3, 5, 6, 8, 9, 10, 11, 14, 15, 17, 19, 20, 24, 26, 28, 29, 31, 32, 33, 
  34, 35, 36, 39, 41, 47, 51, 63 ],
[ 1, 3, 5, 6, 8, 9, 10, 11, 14, 15, 17, 18, 19, 20, 24, 26, 28, 29, 31, 32, 
  33, 35, 36, 47, 51, 53, 55, 57 ],
[ 1, 3, 5, 6, 8, 9, 10, 11, 14, 15, 17, 18, 19, 20, 24, 26, 28, 29, 31, 32, 
  33, 34, 35, 36, 47, 51, 57, 63 ],
[ 1, 3, 5, 6, 8, 9, 10, 11, 13, 14, 17, 19, 24, 26, 28, 29, 31, 32, 33, 36, 
  38, 39, 41, 42, 47, 51, 55, 63 ],
[ 1, 3, 5, 6, 8, 9, 10, 11, 13, 14, 17, 19, 24, 26, 28, 29, 31, 32, 33, 34, 
  36, 38, 41, 42, 47, 51, 57, 63 ],
[ 1, 3, 5, 6, 8, 9, 10, 11, 13, 14, 15, 17, 19, 24, 26, 28, 29, 31, 32, 33, 
  36, 39, 41, 42, 47, 51, 53, 55 ],
[ 1, 3, 4, 5, 8, 10, 14, 17, 20, 22, 24, 26, 27, 28, 30, 31, 33, 35, 36, 38, 
  41, 47, 50, 51, 52, 53, 55, 57 ],
[ 1, 3, 4, 5, 8, 10, 14, 17, 20, 22, 24, 26, 27, 28, 30, 31, 33, 35, 36, 38, 
  39, 41, 47, 50, 51, 52, 55, 63 ],
[ 1, 3, 4, 5, 8, 10, 14, 15, 17, 20, 22, 24, 26, 27, 28, 30, 31, 33, 35, 41, 
  47, 50, 51, 52, 53, 55, 56, 57 ],
[ 1, 3, 4, 5, 8, 10, 14, 15, 17, 18, 20, 22, 24, 26, 27, 28, 30, 31, 33, 35, 
  47, 50, 51, 52, 55, 56, 57, 63 ],
[ 1, 3, 4, 5, 8, 10, 11, 14, 17, 20, 22, 24, 26, 27, 31, 32, 33, 35, 36, 38, 
  41, 47, 49, 50, 53, 55, 57, 62 ],
[ 1, 3, 4, 5, 8, 10, 11, 14, 17, 20, 22, 24, 26, 27, 31, 32, 33, 35, 36, 38, 
  39, 41, 47, 49, 50, 55, 62, 63 ],
[ 1, 3, 4, 5, 8, 10, 11, 14, 15, 17, 20, 22, 24, 26, 27, 31, 32, 33, 35, 41, 
  47, 49, 50, 53, 55, 56, 57, 62 ],
[ 1, 3, 4, 5, 8, 10, 11, 14, 15, 17, 18, 20, 22, 24, 26, 27, 31, 32, 33, 35, 
  47, 49, 50, 55, 56, 57, 62, 63 ],
[ 1, 3, 4, 5, 8, 9, 10, 14, 17, 20, 22, 24, 26, 29, 30, 31, 33, 35, 36, 38, 
  41, 47, 49, 52, 53, 55, 57, 62 ],
[ 1, 3, 4, 5, 8, 9, 10, 14, 17, 20, 22, 24, 26, 29, 30, 31, 33, 35, 36, 38, 
  39, 41, 47, 49, 52, 55, 62, 63 ],
[ 1, 3, 4, 5, 8, 9, 10, 14, 15, 17, 20, 22, 24, 26, 29, 30, 31, 33, 35, 41, 
  47, 49, 52, 53, 55, 56, 57, 62 ],
[ 1, 3, 4, 5, 8, 9, 10, 14, 15, 17, 18, 20, 22, 24, 26, 29, 30, 31, 33, 35, 
  47, 49, 52, 55, 56, 57, 62, 63 ],
[ 1, 3, 4, 5, 8, 9, 10, 11, 14, 17, 20, 22, 24, 26, 28, 29, 31, 32, 33, 35, 
  36, 38, 41, 47, 51, 53, 55, 57 ],
[ 1, 3, 4, 5, 8, 9, 10, 11, 14, 17, 20, 22, 24, 26, 28, 29, 31, 32, 33, 35, 
  36, 38, 39, 41, 47, 51, 55, 63 ],
[ 1, 3, 4, 5, 8, 9, 10, 11, 14, 15, 17, 20, 22, 24, 26, 28, 29, 31, 32, 33, 
  35, 41, 47, 51, 53, 55, 56, 57 ],
[ 1, 3, 4, 5, 8, 9, 10, 11, 14, 15, 17, 18, 20, 22, 24, 26, 28, 29, 31, 32, 
  33, 35, 47, 51, 55, 56, 57, 63 ],
[ 1, 3, 4, 5, 7, 10, 14, 15, 17, 21, 24, 26, 27, 29, 30, 31, 33, 34, 36, 41, 
  46, 48, 49, 51, 52, 54, 55, 57 ],
[ 1, 3, 4, 5, 7, 10, 14, 15, 17, 21, 24, 26, 27, 28, 30, 31, 33, 35, 36, 41, 
  46, 48, 50, 51, 52, 53, 55, 57 ],
[ 1, 3, 4, 5, 7, 10, 14, 15, 17, 21, 24, 26, 27, 28, 30, 31, 33, 34, 35, 36, 
  41, 46, 48, 50, 51, 52, 57, 63 ],
[ 1, 3, 4, 5, 7, 10, 14, 15, 17, 21, 24, 26, 27, 28, 29, 30, 31, 33, 34, 36, 
  41, 46, 48, 52, 54, 55, 57, 62 ],
[ 1, 3, 4, 5, 7, 10, 14, 15, 17, 21, 24, 25, 26, 27, 28, 30, 31, 33, 35, 36, 
  41, 50, 51, 52, 53, 55, 57, 61 ],
[ 1, 3, 4, 5, 7, 10, 14, 15, 17, 21, 24, 25, 26, 27, 28, 30, 31, 33, 34, 35, 
  36, 41, 50, 51, 52, 57, 61, 63 ],
[ 1, 3, 4, 5, 7, 10, 14, 15, 17, 18, 21, 24, 26, 27, 29, 30, 31, 33, 34, 36, 
  39, 46, 48, 49, 51, 52, 54, 55 ],
[ 1, 3, 4, 5, 7, 10, 14, 15, 17, 18, 21, 24, 26, 27, 28, 30, 31, 33, 35, 36, 
  39, 46, 48, 50, 51, 52, 53, 55 ],
[ 1, 3, 4, 5, 7, 10, 14, 15, 17, 18, 21, 24, 26, 27, 28, 30, 31, 33, 34, 35, 
  36, 39, 46, 48, 50, 51, 52, 63 ],
[ 1, 3, 4, 5, 7, 10, 14, 15, 17, 18, 21, 24, 26, 27, 28, 29, 30, 31, 33, 34, 
  36, 39, 46, 48, 52, 54, 55, 62 ],
[ 1, 3, 4, 5, 7, 10, 14, 15, 17, 18, 21, 24, 25, 26, 27, 28, 30, 31, 33, 35, 
  36, 39, 50, 51, 52, 53, 55, 61 ],
[ 1, 3, 4, 5, 7, 10, 14, 15, 17, 18, 21, 24, 25, 26, 27, 28, 30, 31, 33, 34, 
  35, 36, 39, 50, 51, 52, 61, 63 ],
[ 1, 3, 4, 5, 7, 10, 12, 14, 15, 17, 21, 24, 26, 27, 30, 32, 33, 34, 36, 41, 
  46, 48, 49, 50, 54, 55, 57, 62 ],
[ 1, 3, 4, 5, 7, 10, 12, 14, 15, 17, 21, 24, 26, 27, 28, 30, 32, 33, 36, 41, 
  46, 48, 50, 51, 53, 54, 57, 63 ],
[ 1, 3, 4, 5, 7, 10, 12, 14, 15, 17, 21, 24, 25, 26, 27, 30, 32, 33, 34, 36, 
  41, 49, 50, 54, 55, 57, 61, 62 ],
[ 1, 3, 4, 5, 7, 10, 12, 14, 15, 17, 21, 24, 25, 26, 27, 28, 30, 32, 33, 36, 
  41, 50, 51, 53, 54, 57, 61, 63 ],
[ 1, 3, 4, 5, 7, 10, 12, 14, 15, 17, 18, 21, 24, 26, 27, 30, 32, 33, 34, 36, 
  39, 46, 48, 49, 50, 54, 55, 62 ],
[ 1, 3, 4, 5, 7, 10, 12, 14, 15, 17, 18, 21, 24, 26, 27, 28, 30, 32, 33, 36, 
  39, 46, 48, 50, 51, 53, 54, 63 ],
[ 1, 3, 4, 5, 7, 10, 12, 14, 15, 17, 18, 21, 24, 25, 26, 27, 30, 32, 33, 34, 
  36, 39, 49, 50, 54, 55, 61, 62 ],
[ 1, 3, 4, 5, 7, 10, 12, 14, 15, 17, 18, 21, 24, 25, 26, 27, 28, 30, 32, 33, 
  36, 39, 50, 51, 53, 54, 61, 63 ],
[ 1, 3, 4, 5, 7, 10, 11, 14, 15, 17, 21, 24, 26, 27, 31, 32, 33, 35, 36, 41, 
  46, 48, 49, 50, 53, 55, 57, 62 ],
[ 1, 3, 4, 5, 7, 10, 11, 14, 15, 17, 21, 24, 26, 27, 31, 32, 33, 34, 35, 36, 
  41, 46, 48, 49, 50, 57, 62, 63 ],
[ 1, 3, 4, 5, 7, 10, 11, 14, 15, 17, 21, 24, 26, 27, 29, 31, 32, 33, 36, 41, 
  46, 48, 49, 51, 53, 54, 57, 63 ],
[ 1, 3, 4, 5, 7, 10, 11, 14, 15, 17, 21, 24, 26, 27, 28, 29, 31, 32, 33, 36, 
  41, 46, 48, 53, 54, 57, 62, 63 ],
[ 1, 3, 4, 5, 7, 10, 11, 14, 15, 17, 21, 24, 25, 26, 27, 31, 32, 33, 35, 36, 
  41, 49, 50, 53, 55, 57, 61, 62 ],
[ 1, 3, 4, 5, 7, 10, 11, 14, 15, 17, 21, 24, 25, 26, 27, 31, 32, 33, 34, 35, 
  36, 41, 49, 50, 57, 61, 62, 63 ],
[ 1, 3, 4, 5, 7, 10, 11, 14, 15, 17, 18, 21, 24, 26, 27, 31, 32, 33, 35, 36, 
  39, 46, 48, 49, 50, 53, 55, 62 ],
[ 1, 3, 4, 5, 7, 10, 11, 14, 15, 17, 18, 21, 24, 26, 27, 31, 32, 33, 34, 35, 
  36, 39, 46, 48, 49, 50, 62, 63 ],
[ 1, 3, 4, 5, 7, 10, 11, 14, 15, 17, 18, 21, 24, 26, 27, 29, 31, 32, 33, 36, 
  39, 46, 48, 49, 51, 53, 54, 63 ],
[ 1, 3, 4, 5, 7, 10, 11, 14, 15, 17, 18, 21, 24, 26, 27, 28, 29, 31, 32, 33, 
  36, 39, 46, 48, 53, 54, 62, 63 ],
[ 1, 3, 4, 5, 7, 10, 11, 14, 15, 17, 18, 21, 24, 25, 26, 27, 31, 32, 33, 35, 
  36, 39, 49, 50, 53, 55, 61, 62 ],
[ 1, 3, 4, 5, 7, 10, 11, 14, 15, 17, 18, 21, 24, 25, 26, 27, 31, 32, 33, 34, 
  35, 36, 39, 49, 50, 61, 62, 63 ],
[ 1, 3, 4, 5, 6, 8, 10, 14, 17, 20, 24, 26, 27, 28, 30, 31, 33, 35, 36, 38, 
  39, 41, 47, 50, 51, 52, 53, 55 ],
[ 1, 3, 4, 5, 6, 8, 10, 14, 15, 17, 20, 24, 26, 27, 28, 30, 31, 33, 35, 39, 
  41, 47, 50, 51, 52, 53, 55, 56 ],
[ 1, 3, 4, 5, 6, 8, 10, 11, 14, 17, 20, 24, 26, 27, 31, 32, 33, 35, 36, 38, 
  39, 41, 47, 49, 50, 53, 55, 62 ],
[ 1, 3, 4, 5, 6, 8, 10, 11, 14, 15, 17, 20, 24, 26, 27, 31, 32, 33, 35, 39, 
  41, 47, 49, 50, 53, 55, 56, 62 ],
[ 1, 3, 4, 5, 6, 8, 9, 10, 14, 17, 20, 24, 26, 29, 30, 31, 33, 35, 36, 38, 
  39, 41, 47, 49, 52, 53, 55, 62 ],
[ 1, 3, 4, 5, 6, 8, 9, 10, 14, 15, 17, 20, 24, 26, 29, 30, 31, 33, 35, 39, 
  41, 47, 49, 52, 53, 55, 56, 62 ],
[ 1, 3, 4, 5, 6, 8, 9, 10, 11, 14, 17, 20, 24, 26, 28, 29, 31, 32, 33, 35, 
  36, 38, 39, 41, 47, 51, 53, 55 ],
[ 1, 3, 4, 5, 6, 8, 9, 10, 11, 14, 15, 17, 20, 24, 26, 28, 29, 31, 32, 33, 
  35, 39, 41, 47, 51, 53, 55, 56 ],
[ 1, 2, 8, 9, 10, 12, 14, 17, 18, 20, 21, 22, 24, 25, 27, 31, 33, 35, 36, 37, 
  40, 41, 46, 51, 53, 55, 56, 62 ],
[ 1, 2, 8, 9, 10, 12, 14, 17, 18, 20, 21, 22, 24, 25, 27, 31, 33, 34, 35, 36, 
  37, 40, 41, 46, 51, 56, 62, 63 ],
[ 1, 2, 8, 9, 10, 12, 14, 17, 18, 20, 21, 22, 24, 25, 27, 28, 31, 33, 35, 36, 
  37, 40, 41, 46, 49, 53, 55, 56 ],
[ 1, 2, 8, 9, 10, 12, 14, 17, 18, 20, 21, 22, 24, 25, 27, 28, 31, 33, 34, 35, 
  36, 37, 40, 41, 46, 49, 56, 63 ],
[ 1, 2, 8, 9, 10, 12, 14, 16, 17, 20, 21, 22, 24, 25, 27, 31, 33, 34, 36, 38, 
  39, 40, 46, 51, 54, 55, 57, 62 ],
[ 1, 2, 8, 9, 10, 12, 14, 16, 17, 20, 21, 22, 24, 25, 27, 28, 31, 33, 34, 36, 
  38, 39, 40, 46, 49, 54, 55, 57 ],
[ 1, 2, 8, 9, 10, 12, 14, 16, 17, 18, 20, 21, 22, 24, 25, 27, 31, 33, 36, 38, 
  40, 41, 46, 51, 53, 54, 62, 63 ],
[ 1, 2, 8, 9, 10, 12, 14, 16, 17, 18, 20, 21, 22, 24, 25, 27, 28, 31, 33, 36, 
  38, 40, 41, 46, 49, 53, 54, 63 ],
[ 1, 2, 8, 9, 10, 12, 14, 15, 17, 20, 21, 22, 24, 25, 27, 31, 33, 35, 37, 38, 
  39, 40, 46, 51, 53, 55, 57, 62 ],
[ 1, 2, 8, 9, 10, 12, 14, 15, 17, 20, 21, 22, 24, 25, 27, 31, 33, 34, 35, 37, 
  38, 39, 40, 46, 51, 57, 62, 63 ],
[ 1, 2, 8, 9, 10, 12, 14, 15, 17, 20, 21, 22, 24, 25, 27, 28, 31, 33, 35, 37, 
  38, 39, 40, 46, 49, 53, 55, 57 ],
[ 1, 2, 8, 9, 10, 12, 14, 15, 17, 20, 21, 22, 24, 25, 27, 28, 31, 33, 34, 35, 
  37, 38, 39, 40, 46, 49, 57, 63 ],
[ 1, 2, 8, 9, 10, 12, 14, 15, 16, 17, 20, 21, 22, 24, 25, 27, 31, 33, 34, 39, 
  40, 46, 51, 54, 55, 56, 57, 62 ],
[ 1, 2, 8, 9, 10, 12, 14, 15, 16, 17, 20, 21, 22, 24, 25, 27, 28, 31, 33, 34, 
  39, 40, 46, 49, 54, 55, 56, 57 ],
[ 1, 2, 8, 9, 10, 12, 14, 15, 16, 17, 18, 20, 21, 22, 24, 25, 27, 31, 33, 40, 
  41, 46, 51, 53, 54, 56, 62, 63 ],
[ 1, 2, 8, 9, 10, 12, 14, 15, 16, 17, 18, 20, 21, 22, 24, 25, 27, 28, 31, 33, 
  40, 41, 46, 49, 53, 54, 56, 63 ],
[ 1, 2, 8, 9, 10, 12, 13, 14, 17, 18, 20, 21, 22, 24, 25, 27, 31, 36, 37, 40, 
  41, 46, 51, 53, 54, 55, 56, 62 ],
[ 1, 2, 8, 9, 10, 12, 13, 14, 17, 18, 20, 21, 22, 24, 25, 27, 31, 34, 36, 37, 
  40, 41, 46, 51, 54, 56, 62, 63 ],
[ 1, 2, 8, 9, 10, 12, 13, 14, 17, 18, 20, 21, 22, 24, 25, 27, 28, 31, 36, 37, 
  40, 41, 46, 49, 53, 54, 55, 56 ],
[ 1, 2, 8, 9, 10, 12, 13, 14, 17, 18, 20, 21, 22, 24, 25, 27, 28, 31, 34, 36, 
  37, 40, 41, 46, 49, 54, 56, 63 ],
[ 1, 2, 8, 9, 10, 12, 13, 14, 16, 17, 20, 21, 22, 24, 25, 27, 31, 35, 36, 38, 
  39, 40, 46, 51, 53, 57, 62, 63 ],
[ 1, 2, 8, 9, 10, 12, 13, 14, 16, 17, 20, 21, 22, 24, 25, 27, 28, 31, 35, 36, 
  38, 39, 40, 46, 49, 53, 57, 63 ],
[ 1, 2, 8, 9, 10, 12, 13, 14, 16, 17, 18, 20, 21, 22, 24, 25, 27, 31, 34, 35, 
  36, 38, 40, 41, 46, 51, 55, 62 ],
[ 1, 2, 8, 9, 10, 12, 13, 14, 16, 17, 18, 20, 21, 22, 24, 25, 27, 28, 31, 34, 
  35, 36, 38, 40, 41, 46, 49, 55 ],
[ 1, 2, 8, 9, 10, 12, 13, 14, 15, 17, 20, 21, 22, 24, 25, 27, 31, 37, 38, 39, 
  40, 46, 51, 53, 54, 55, 57, 62 ],
[ 1, 2, 8, 9, 10, 12, 13, 14, 15, 17, 20, 21, 22, 24, 25, 27, 31, 34, 37, 38, 
  39, 40, 46, 51, 54, 57, 62, 63 ],
[ 1, 2, 8, 9, 10, 12, 13, 14, 15, 17, 20, 21, 22, 24, 25, 27, 28, 31, 37, 38, 
  39, 40, 46, 49, 53, 54, 55, 57 ],
[ 1, 2, 8, 9, 10, 12, 13, 14, 15, 17, 20, 21, 22, 24, 25, 27, 28, 31, 34, 37, 
  38, 39, 40, 46, 49, 54, 57, 63 ],
[ 1, 2, 8, 9, 10, 12, 13, 14, 15, 16, 17, 20, 21, 22, 24, 25, 27, 31, 35, 39, 
  40, 46, 51, 53, 56, 57, 62, 63 ],
[ 1, 2, 8, 9, 10, 12, 13, 14, 15, 16, 17, 20, 21, 22, 24, 25, 27, 28, 31, 35, 
  39, 40, 46, 49, 53, 56, 57, 63 ],
[ 1, 2, 8, 9, 10, 12, 13, 14, 15, 16, 17, 18, 20, 21, 22, 24, 25, 27, 31, 34, 
  35, 40, 41, 46, 51, 55, 56, 62 ],
[ 1, 2, 8, 9, 10, 12, 13, 14, 15, 16, 17, 18, 20, 21, 22, 24, 25, 27, 28, 31, 
  34, 35, 40, 41, 46, 49, 55, 56 ],
[ 1, 2, 5, 7, 8, 10, 11, 14, 17, 19, 21, 24, 25, 27, 29, 30, 33, 34, 36, 37, 
  39, 41, 46, 49, 51, 54, 55, 56 ],
[ 1, 2, 5, 7, 8, 10, 11, 14, 17, 19, 21, 24, 25, 27, 28, 30, 33, 35, 36, 37, 
  39, 41, 46, 50, 51, 53, 55, 56 ],
[ 1, 2, 5, 7, 8, 10, 11, 14, 17, 19, 21, 24, 25, 27, 28, 30, 33, 34, 35, 36, 
  37, 39, 41, 46, 50, 51, 56, 63 ],
[ 1, 2, 5, 7, 8, 10, 11, 14, 17, 19, 21, 24, 25, 27, 28, 29, 30, 33, 34, 36, 
  37, 39, 41, 46, 54, 55, 56, 62 ],
[ 1, 2, 5, 7, 8, 10, 11, 14, 17, 18, 19, 21, 24, 25, 27, 29, 30, 33, 34, 36, 
  37, 46, 49, 51, 54, 55, 56, 57 ],
[ 1, 2, 5, 7, 8, 10, 11, 14, 17, 18, 19, 21, 24, 25, 27, 28, 30, 33, 35, 36, 
  37, 46, 50, 51, 53, 55, 56, 57 ],
[ 1, 2, 5, 7, 8, 10, 11, 14, 17, 18, 19, 21, 24, 25, 27, 28, 30, 33, 34, 35, 
  36, 37, 46, 50, 51, 56, 57, 63 ],
[ 1, 2, 5, 7, 8, 10, 11, 14, 17, 18, 19, 21, 24, 25, 27, 28, 29, 30, 33, 34, 
  36, 37, 46, 54, 55, 56, 57, 62 ],
[ 1, 2, 5, 7, 8, 10, 11, 14, 16, 17, 19, 21, 24, 25, 27, 30, 33, 34, 36, 38, 
  39, 41, 46, 49, 50, 54, 55, 62 ],
[ 1, 2, 5, 7, 8, 10, 11, 14, 16, 17, 19, 21, 24, 25, 27, 28, 30, 33, 36, 38, 
  39, 41, 46, 50, 51, 53, 54, 63 ],
[ 1, 2, 5, 7, 8, 10, 11, 14, 16, 17, 18, 19, 21, 24, 25, 27, 30, 33, 34, 36, 
  38, 46, 49, 50, 54, 55, 57, 62 ],
[ 1, 2, 5, 7, 8, 10, 11, 14, 16, 17, 18, 19, 21, 24, 25, 27, 28, 30, 33, 36, 
  38, 46, 50, 51, 53, 54, 57, 63 ],
[ 1, 2, 5, 7, 8, 10, 11, 14, 15, 17, 19, 21, 24, 25, 27, 30, 33, 35, 37, 38, 
  39, 41, 46, 49, 50, 53, 55, 62 ],
[ 1, 2, 5, 7, 8, 10, 11, 14, 15, 17, 19, 21, 24, 25, 27, 30, 33, 34, 35, 37, 
  38, 39, 41, 46, 49, 50, 62, 63 ],
[ 1, 2, 5, 7, 8, 10, 11, 14, 15, 17, 19, 21, 24, 25, 27, 29, 30, 33, 37, 38, 
  39, 41, 46, 49, 51, 53, 54, 63 ],
[ 1, 2, 5, 7, 8, 10, 11, 14, 15, 17, 19, 21, 24, 25, 27, 28, 29, 30, 33, 37, 
  38, 39, 41, 46, 53, 54, 62, 63 ],
[ 1, 2, 5, 7, 8, 10, 11, 14, 15, 17, 18, 19, 21, 24, 25, 27, 30, 33, 35, 37, 
  38, 46, 49, 50, 53, 55, 57, 62 ],
[ 1, 2, 5, 7, 8, 10, 11, 14, 15, 17, 18, 19, 21, 24, 25, 27, 30, 33, 34, 35, 
  37, 38, 46, 49, 50, 57, 62, 63 ],
[ 1, 2, 5, 7, 8, 10, 11, 14, 15, 17, 18, 19, 21, 24, 25, 27, 29, 30, 33, 37, 
  38, 46, 49, 51, 53, 54, 57, 63 ],
[ 1, 2, 5, 7, 8, 10, 11, 14, 15, 17, 18, 19, 21, 24, 25, 27, 28, 29, 30, 33, 
  37, 38, 46, 53, 54, 57, 62, 63 ],
[ 1, 2, 5, 7, 8, 10, 11, 14, 15, 16, 17, 19, 21, 24, 25, 27, 30, 33, 34, 39, 
  41, 46, 49, 50, 54, 55, 56, 62 ],
[ 1, 2, 5, 7, 8, 10, 11, 14, 15, 16, 17, 19, 21, 24, 25, 27, 28, 30, 33, 39, 
  41, 46, 50, 51, 53, 54, 56, 63 ],
[ 1, 2, 5, 7, 8, 10, 11, 14, 15, 16, 17, 18, 19, 21, 24, 25, 27, 30, 33, 34, 
  46, 49, 50, 54, 55, 56, 57, 62 ],
[ 1, 2, 5, 7, 8, 10, 11, 14, 15, 16, 17, 18, 19, 21, 24, 25, 27, 28, 30, 33, 
  46, 50, 51, 53, 54, 56, 57, 63 ],
[ 1, 2, 5, 7, 8, 10, 11, 13, 14, 17, 19, 21, 24, 25, 27, 29, 30, 35, 36, 37, 
  39, 41, 46, 49, 51, 53, 56, 63 ],
[ 1, 2, 5, 7, 8, 10, 11, 13, 14, 17, 19, 21, 24, 25, 27, 28, 29, 30, 35, 36, 
  37, 39, 41, 46, 53, 56, 62, 63 ],
[ 1, 2, 5, 7, 8, 10, 11, 13, 14, 17, 18, 19, 21, 24, 25, 27, 29, 30, 35, 36, 
  37, 46, 49, 51, 53, 56, 57, 63 ],
[ 1, 2, 5, 7, 8, 10, 11, 13, 14, 17, 18, 19, 21, 24, 25, 27, 28, 29, 30, 35, 
  36, 37, 46, 53, 56, 57, 62, 63 ],
[ 1, 2, 5, 7, 8, 10, 11, 13, 14, 15, 17, 19, 21, 24, 25, 27, 29, 30, 34, 35, 
  37, 38, 39, 41, 46, 49, 51, 55 ],
[ 1, 2, 5, 7, 8, 10, 11, 13, 14, 15, 17, 19, 21, 24, 25, 27, 28, 29, 30, 34, 
  35, 37, 38, 39, 41, 46, 55, 62 ],
[ 1, 2, 5, 7, 8, 10, 11, 13, 14, 15, 17, 18, 19, 21, 24, 25, 27, 29, 30, 34, 
  35, 37, 38, 46, 49, 51, 55, 57 ],
[ 1, 2, 5, 7, 8, 10, 11, 13, 14, 15, 17, 18, 19, 21, 24, 25, 27, 28, 29, 30, 
  34, 35, 37, 38, 46, 55, 57, 62 ],
[ 1, 2, 5, 6, 10, 12, 13, 14, 17, 19, 20, 24, 25, 27, 29, 31, 33, 34, 36, 37, 
  39, 41, 47, 48, 49, 51, 53, 56 ],
[ 1, 2, 5, 6, 10, 12, 13, 14, 17, 19, 20, 24, 25, 27, 28, 29, 31, 33, 34, 36, 
  37, 39, 41, 47, 48, 53, 56, 62 ],
[ 1, 2, 5, 6, 10, 12, 13, 14, 17, 18, 20, 24, 26, 27, 29, 31, 33, 34, 36, 37, 
  40, 41, 46, 48, 49, 51, 53, 56 ],
[ 1, 2, 5, 6, 10, 12, 13, 14, 17, 18, 20, 24, 26, 27, 28, 29, 31, 33, 34, 36, 
  37, 40, 41, 46, 48, 53, 56, 62 ],
[ 1, 2, 5, 6, 10, 12, 13, 14, 17, 18, 20, 24, 25, 26, 27, 29, 31, 33, 34, 36, 
  37, 40, 41, 49, 51, 53, 56, 61 ],
[ 1, 2, 5, 6, 10, 12, 13, 14, 17, 18, 20, 24, 25, 26, 27, 28, 29, 31, 33, 34, 
  36, 37, 40, 41, 53, 56, 61, 62 ],
[ 1, 2, 5, 6, 10, 12, 13, 14, 17, 18, 19, 20, 24, 25, 27, 29, 31, 33, 34, 36, 
  37, 47, 48, 49, 51, 53, 56, 57 ],
[ 1, 2, 5, 6, 10, 12, 13, 14, 17, 18, 19, 20, 24, 25, 27, 28, 29, 31, 33, 34, 
  36, 37, 47, 48, 53, 56, 57, 62 ],
[ 1, 2, 5, 6, 10, 12, 13, 14, 16, 17, 20, 24, 26, 27, 28, 31, 33, 34, 36, 38, 
  39, 40, 46, 48, 50, 51, 53, 57 ],
[ 1, 2, 5, 6, 10, 12, 13, 14, 16, 17, 20, 24, 25, 26, 27, 28, 31, 33, 34, 36, 
  38, 39, 40, 50, 51, 53, 57, 61 ],
[ 1, 2, 5, 6, 10, 12, 13, 14, 16, 17, 19, 20, 24, 27, 28, 31, 33, 34, 36, 38, 
  39, 41, 46, 47, 50, 51, 53, 61 ],
[ 1, 2, 5, 6, 10, 12, 13, 14, 16, 17, 19, 20, 24, 25, 27, 31, 33, 34, 36, 38, 
  39, 41, 47, 48, 49, 50, 53, 62 ],
[ 1, 2, 5, 6, 10, 12, 13, 14, 16, 17, 18, 20, 24, 26, 27, 31, 33, 34, 36, 38, 
  40, 41, 46, 48, 49, 50, 53, 62 ],
[ 1, 2, 5, 6, 10, 12, 13, 14, 16, 17, 18, 20, 24, 25, 26, 27, 31, 33, 34, 36, 
  38, 40, 41, 49, 50, 53, 61, 62 ],
[ 1, 2, 5, 6, 10, 12, 13, 14, 16, 17, 18, 19, 20, 24, 27, 28, 31, 33, 34, 36, 
  38, 46, 47, 50, 51, 53, 57, 61 ],
[ 1, 2, 5, 6, 10, 12, 13, 14, 16, 17, 18, 19, 20, 24, 25, 27, 31, 33, 34, 36, 
  38, 47, 48, 49, 50, 53, 57, 62 ],
[ 1, 2, 5, 6, 10, 12, 13, 14, 15, 17, 20, 24, 26, 27, 29, 31, 33, 34, 37, 38, 
  39, 40, 46, 48, 49, 51, 53, 57 ],
[ 1, 2, 5, 6, 10, 12, 13, 14, 15, 17, 20, 24, 26, 27, 28, 29, 31, 33, 34, 37, 
  38, 39, 40, 46, 48, 53, 57, 62 ],
[ 1, 2, 5, 6, 10, 12, 13, 14, 15, 17, 20, 24, 25, 26, 27, 29, 31, 33, 34, 37, 
  38, 39, 40, 49, 51, 53, 57, 61 ],
[ 1, 2, 5, 6, 10, 12, 13, 14, 15, 17, 20, 24, 25, 26, 27, 28, 29, 31, 33, 34, 
  37, 38, 39, 40, 53, 57, 61, 62 ],
[ 1, 2, 5, 6, 10, 12, 13, 14, 15, 17, 19, 20, 24, 27, 29, 31, 33, 34, 37, 38, 
  39, 41, 46, 47, 49, 51, 53, 61 ],
[ 1, 2, 5, 6, 10, 12, 13, 14, 15, 17, 19, 20, 24, 27, 28, 29, 31, 33, 34, 37, 
  38, 39, 41, 46, 47, 53, 61, 62 ],
[ 1, 2, 5, 6, 10, 12, 13, 14, 15, 17, 18, 19, 20, 24, 27, 29, 31, 33, 34, 37, 
  38, 46, 47, 49, 51, 53, 57, 61 ],
[ 1, 2, 5, 6, 10, 12, 13, 14, 15, 17, 18, 19, 20, 24, 27, 28, 29, 31, 33, 34, 
  37, 38, 46, 47, 53, 57, 61, 62 ],
[ 1, 2, 5, 6, 10, 12, 13, 14, 15, 16, 17, 20, 24, 26, 27, 28, 31, 33, 34, 39, 
  40, 46, 48, 50, 51, 53, 56, 57 ],
[ 1, 2, 5, 6, 10, 12, 13, 14, 15, 16, 17, 20, 24, 25, 26, 27, 28, 31, 33, 34, 
  39, 40, 50, 51, 53, 56, 57, 61 ],
[ 1, 2, 5, 6, 10, 12, 13, 14, 15, 16, 17, 19, 20, 24, 27, 28, 31, 33, 34, 39, 
  41, 46, 47, 50, 51, 53, 56, 61 ],
[ 1, 2, 5, 6, 10, 12, 13, 14, 15, 16, 17, 19, 20, 24, 25, 27, 31, 33, 34, 39, 
  41, 47, 48, 49, 50, 53, 56, 62 ],
[ 1, 2, 5, 6, 10, 12, 13, 14, 15, 16, 17, 18, 20, 24, 26, 27, 31, 33, 34, 40, 
  41, 46, 48, 49, 50, 53, 56, 62 ],
[ 1, 2, 5, 6, 10, 12, 13, 14, 15, 16, 17, 18, 20, 24, 25, 26, 27, 31, 33, 34, 
  40, 41, 49, 50, 53, 56, 61, 62 ],
[ 1, 2, 5, 6, 10, 12, 13, 14, 15, 16, 17, 18, 19, 20, 24, 27, 28, 31, 33, 34, 
  46, 47, 50, 51, 53, 56, 57, 61 ],
[ 1, 2, 5, 6, 10, 12, 13, 14, 15, 16, 17, 18, 19, 20, 24, 25, 27, 31, 33, 34, 
  47, 48, 49, 50, 53, 56, 57, 62 ],
[ 1, 2, 5, 6, 9, 10, 12, 13, 14, 17, 18, 20, 24, 26, 31, 33, 34, 36, 37, 40, 
  41, 46, 48, 49, 50, 51, 53, 56 ],
[ 1, 2, 5, 6, 9, 10, 12, 13, 14, 17, 18, 20, 24, 26, 28, 31, 33, 34, 36, 37, 
  40, 41, 46, 48, 50, 53, 56, 62 ],
[ 1, 2, 5, 6, 9, 10, 12, 13, 14, 17, 18, 20, 24, 25, 26, 31, 33, 34, 36, 37, 
  40, 41, 49, 50, 51, 53, 56, 61 ],
[ 1, 2, 5, 6, 9, 10, 12, 13, 14, 17, 18, 20, 24, 25, 26, 28, 31, 33, 34, 36, 
  37, 40, 41, 50, 53, 56, 61, 62 ],
[ 1, 2, 5, 6, 9, 10, 12, 13, 14, 16, 17, 19, 20, 24, 29, 31, 33, 34, 36, 38, 
  39, 41, 46, 47, 49, 53, 61, 62 ],
[ 1, 2, 5, 6, 9, 10, 12, 13, 14, 16, 17, 19, 20, 24, 25, 28, 29, 31, 33, 34, 
  36, 38, 39, 41, 47, 48, 51, 53 ],
[ 1, 2, 5, 6, 9, 10, 12, 13, 14, 16, 17, 18, 19, 20, 24, 29, 31, 33, 34, 36, 
  38, 46, 47, 49, 53, 57, 61, 62 ],
[ 1, 2, 5, 6, 9, 10, 12, 13, 14, 16, 17, 18, 19, 20, 24, 25, 28, 29, 31, 33, 
  34, 36, 38, 47, 48, 51, 53, 57 ],
[ 1, 2, 5, 6, 9, 10, 12, 13, 14, 15, 17, 20, 24, 26, 31, 33, 34, 37, 38, 39, 
  40, 46, 48, 49, 50, 51, 53, 57 ],
[ 1, 2, 5, 6, 9, 10, 12, 13, 14, 15, 17, 20, 24, 26, 28, 31, 33, 34, 37, 38, 
  39, 40, 46, 48, 50, 53, 57, 62 ],
[ 1, 2, 5, 6, 9, 10, 12, 13, 14, 15, 17, 20, 24, 25, 26, 31, 33, 34, 37, 38, 
  39, 40, 49, 50, 51, 53, 57, 61 ],
[ 1, 2, 5, 6, 9, 10, 12, 13, 14, 15, 17, 20, 24, 25, 26, 28, 31, 33, 34, 37, 
  38, 39, 40, 50, 53, 57, 61, 62 ],
[ 1, 2, 5, 6, 9, 10, 12, 13, 14, 15, 16, 17, 19, 20, 24, 29, 31, 33, 34, 39, 
  41, 46, 47, 49, 53, 56, 61, 62 ],
[ 1, 2, 5, 6, 9, 10, 12, 13, 14, 15, 16, 17, 19, 20, 24, 25, 28, 29, 31, 33, 
  34, 39, 41, 47, 48, 51, 53, 56 ],
[ 1, 2, 5, 6, 9, 10, 12, 13, 14, 15, 16, 17, 18, 19, 20, 24, 29, 31, 33, 34, 
  46, 47, 49, 53, 56, 57, 61, 62 ],
[ 1, 2, 5, 6, 9, 10, 12, 13, 14, 15, 16, 17, 18, 19, 20, 24, 25, 28, 29, 31, 
  33, 34, 47, 48, 51, 53, 56, 57 ],
[ 1, 2, 3, 8, 10, 11, 14, 16, 17, 20, 21, 22, 24, 25, 27, 29, 30, 33, 34, 37, 
  39, 40, 46, 49, 51, 54, 55, 57 ],
[ 1, 2, 3, 8, 10, 11, 14, 16, 17, 20, 21, 22, 24, 25, 27, 28, 30, 33, 35, 37, 
  39, 40, 46, 50, 51, 53, 55, 57 ],
[ 1, 2, 3, 8, 10, 11, 14, 16, 17, 20, 21, 22, 24, 25, 27, 28, 30, 33, 34, 35, 
  37, 39, 40, 46, 50, 51, 57, 63 ],
[ 1, 2, 3, 8, 10, 11, 14, 16, 17, 20, 21, 22, 24, 25, 27, 28, 29, 30, 33, 34, 
  37, 39, 40, 46, 54, 55, 57, 62 ],
[ 1, 2, 3, 8, 10, 11, 14, 16, 17, 18, 20, 21, 22, 24, 25, 27, 30, 33, 35, 37, 
  40, 41, 46, 49, 50, 53, 55, 62 ],
[ 1, 2, 3, 8, 10, 11, 14, 16, 17, 18, 20, 21, 22, 24, 25, 27, 30, 33, 34, 35, 
  37, 40, 41, 46, 49, 50, 62, 63 ],
[ 1, 2, 3, 8, 10, 11, 14, 16, 17, 18, 20, 21, 22, 24, 25, 27, 29, 30, 33, 37, 
  40, 41, 46, 49, 51, 53, 54, 63 ],
[ 1, 2, 3, 8, 10, 11, 14, 16, 17, 18, 20, 21, 22, 24, 25, 27, 28, 29, 30, 33, 
  37, 40, 41, 46, 53, 54, 62, 63 ],
[ 1, 2, 3, 7, 8, 10, 11, 14, 16, 17, 19, 20, 24, 25, 27, 30, 33, 35, 37, 39, 
  41, 42, 46, 49, 50, 53, 55, 62 ],
[ 1, 2, 3, 7, 8, 10, 11, 14, 16, 17, 19, 20, 24, 25, 27, 30, 33, 34, 35, 37, 
  39, 41, 42, 46, 49, 50, 62, 63 ],
[ 1, 2, 3, 7, 8, 10, 11, 14, 16, 17, 19, 20, 24, 25, 27, 29, 30, 33, 37, 39, 
  41, 42, 46, 49, 51, 53, 54, 63 ],
[ 1, 2, 3, 7, 8, 10, 11, 14, 16, 17, 19, 20, 24, 25, 27, 28, 29, 30, 33, 37, 
  39, 41, 42, 46, 53, 54, 62, 63 ],
[ 1, 2, 3, 7, 8, 10, 11, 14, 16, 17, 18, 19, 20, 24, 25, 27, 30, 33, 35, 37, 
  42, 46, 49, 50, 53, 55, 57, 62 ],
[ 1, 2, 3, 7, 8, 10, 11, 14, 16, 17, 18, 19, 20, 24, 25, 27, 30, 33, 34, 35, 
  37, 42, 46, 49, 50, 57, 62, 63 ],
[ 1, 2, 3, 7, 8, 10, 11, 14, 16, 17, 18, 19, 20, 24, 25, 27, 29, 30, 33, 37, 
  42, 46, 49, 51, 53, 54, 57, 63 ],
[ 1, 2, 3, 7, 8, 10, 11, 14, 16, 17, 18, 19, 20, 24, 25, 27, 28, 29, 30, 33, 
  37, 42, 46, 53, 54, 57, 62, 63 ],
[ 1, 2, 3, 6, 8, 10, 11, 14, 16, 17, 21, 24, 25, 27, 29, 30, 33, 34, 37, 39, 
  40, 42, 46, 49, 51, 54, 55, 57 ],
[ 1, 2, 3, 6, 8, 10, 11, 14, 16, 17, 21, 24, 25, 27, 28, 30, 33, 35, 37, 39, 
  40, 42, 46, 50, 51, 53, 55, 57 ],
[ 1, 2, 3, 6, 8, 10, 11, 14, 16, 17, 21, 24, 25, 27, 28, 30, 33, 34, 35, 37, 
  39, 40, 42, 46, 50, 51, 57, 63 ],
[ 1, 2, 3, 6, 8, 10, 11, 14, 16, 17, 21, 24, 25, 27, 28, 29, 30, 33, 34, 37, 
  39, 40, 42, 46, 54, 55, 57, 62 ],
[ 1, 2, 3, 6, 8, 10, 11, 14, 16, 17, 18, 21, 24, 25, 27, 30, 33, 35, 37, 40, 
  41, 42, 46, 49, 50, 53, 55, 62 ],
[ 1, 2, 3, 6, 8, 10, 11, 14, 16, 17, 18, 21, 24, 25, 27, 30, 33, 34, 35, 37, 
  40, 41, 42, 46, 49, 50, 62, 63 ],
[ 1, 2, 3, 6, 8, 10, 11, 14, 16, 17, 18, 21, 24, 25, 27, 29, 30, 33, 37, 40, 
  41, 42, 46, 49, 51, 53, 54, 63 ],
[ 1, 2, 3, 6, 8, 10, 11, 14, 16, 17, 18, 21, 24, 25, 27, 28, 29, 30, 33, 37, 
  40, 41, 42, 46, 53, 54, 62, 63 ],
[ 1, 2, 3, 6, 7, 8, 10, 11, 14, 16, 17, 19, 22, 24, 25, 27, 29, 30, 33, 34, 
  37, 39, 41, 46, 49, 51, 54, 55 ],
[ 1, 2, 3, 6, 7, 8, 10, 11, 14, 16, 17, 19, 22, 24, 25, 27, 28, 30, 33, 35, 
  37, 39, 41, 46, 50, 51, 53, 55 ],
[ 1, 2, 3, 6, 7, 8, 10, 11, 14, 16, 17, 19, 22, 24, 25, 27, 28, 30, 33, 34, 
  35, 37, 39, 41, 46, 50, 51, 63 ],
[ 1, 2, 3, 6, 7, 8, 10, 11, 14, 16, 17, 19, 22, 24, 25, 27, 28, 29, 30, 33, 
  34, 37, 39, 41, 46, 54, 55, 62 ],
[ 1, 2, 3, 6, 7, 8, 10, 11, 14, 16, 17, 18, 19, 22, 24, 25, 27, 29, 30, 33, 
  34, 37, 46, 49, 51, 54, 55, 57 ],
[ 1, 2, 3, 6, 7, 8, 10, 11, 14, 16, 17, 18, 19, 22, 24, 25, 27, 28, 30, 33, 
  35, 37, 46, 50, 51, 53, 55, 57 ],
[ 1, 2, 3, 6, 7, 8, 10, 11, 14, 16, 17, 18, 19, 22, 24, 25, 27, 28, 30, 33, 
  34, 35, 37, 46, 50, 51, 57, 63 ],
[ 1, 2, 3, 6, 7, 8, 10, 11, 14, 16, 17, 18, 19, 22, 24, 25, 27, 28, 29, 30, 
  33, 34, 37, 46, 54, 55, 57, 62 ],
[ 1, 2, 3, 5, 10, 12, 14, 18, 19, 20, 22, 24, 27, 28, 31, 33, 35, 36, 38, 39, 
  40, 46, 47, 50, 51, 53, 55, 61 ],
[ 1, 2, 3, 5, 10, 12, 14, 18, 19, 20, 22, 24, 25, 27, 31, 33, 35, 36, 38, 39, 
  40, 47, 48, 49, 50, 53, 55, 62 ],
[ 1, 2, 3, 5, 10, 12, 14, 17, 19, 20, 22, 24, 27, 28, 31, 34, 35, 36, 38, 39, 
  41, 46, 47, 50, 51, 53, 54, 61 ],
[ 1, 2, 3, 5, 10, 12, 14, 17, 19, 20, 22, 24, 27, 28, 31, 33, 35, 38, 39, 41, 
  46, 47, 50, 51, 55, 56, 61, 63 ],
[ 1, 2, 3, 5, 10, 12, 14, 17, 19, 20, 22, 24, 25, 27, 31, 34, 35, 36, 38, 39, 
  41, 47, 48, 49, 50, 53, 54, 62 ],
[ 1, 2, 3, 5, 10, 12, 14, 17, 19, 20, 22, 24, 25, 27, 31, 33, 35, 38, 39, 41, 
  47, 48, 49, 50, 55, 56, 62, 63 ],
[ 1, 2, 3, 5, 10, 12, 14, 17, 18, 19, 22, 24, 27, 28, 31, 33, 35, 36, 38, 39, 
  42, 46, 47, 50, 51, 53, 55, 61 ],
[ 1, 2, 3, 5, 10, 12, 14, 17, 18, 19, 22, 24, 25, 27, 31, 33, 35, 36, 38, 39, 
  42, 47, 48, 49, 50, 53, 55, 62 ],
[ 1, 2, 3, 5, 10, 12, 14, 17, 18, 19, 20, 22, 24, 27, 28, 31, 35, 36, 38, 39, 
  46, 47, 50, 51, 53, 54, 55, 61 ],
[ 1, 2, 3, 5, 10, 12, 14, 17, 18, 19, 20, 22, 24, 25, 27, 31, 35, 36, 38, 39, 
  47, 48, 49, 50, 53, 54, 55, 62 ],
[ 1, 2, 3, 5, 10, 12, 14, 15, 18, 19, 20, 22, 24, 27, 28, 31, 33, 35, 39, 40, 
  46, 47, 50, 51, 53, 55, 56, 61 ],
[ 1, 2, 3, 5, 10, 12, 14, 15, 18, 19, 20, 22, 24, 25, 27, 31, 33, 35, 39, 40, 
  47, 48, 49, 50, 53, 55, 56, 62 ],
[ 1, 2, 3, 5, 10, 12, 14, 15, 17, 19, 20, 22, 24, 27, 28, 31, 34, 35, 39, 41, 
  46, 47, 50, 51, 53, 54, 56, 61 ],
[ 1, 2, 3, 5, 10, 12, 14, 15, 17, 19, 20, 22, 24, 25, 27, 31, 34, 35, 39, 41, 
  47, 48, 49, 50, 53, 54, 56, 62 ],
[ 1, 2, 3, 5, 10, 12, 14, 15, 17, 18, 19, 22, 24, 27, 28, 31, 33, 35, 39, 42, 
  46, 47, 50, 51, 53, 55, 56, 61 ],
[ 1, 2, 3, 5, 10, 12, 14, 15, 17, 18, 19, 22, 24, 25, 27, 31, 33, 35, 39, 42, 
  47, 48, 49, 50, 53, 55, 56, 62 ],
[ 1, 2, 3, 5, 10, 12, 14, 15, 17, 18, 19, 20, 22, 24, 27, 28, 31, 33, 35, 39, 
  46, 47, 50, 51, 55, 56, 61, 63 ],
[ 1, 2, 3, 5, 10, 12, 14, 15, 17, 18, 19, 20, 22, 24, 25, 27, 31, 34, 35, 39, 
  47, 48, 49, 50, 54, 56, 62, 63 ],
[ 1, 2, 3, 5, 10, 12, 14, 15, 17, 18, 19, 20, 22, 24, 25, 27, 31, 33, 35, 39, 
  47, 48, 49, 50, 55, 56, 62, 63 ],
[ 1, 2, 3, 5, 10, 12, 13, 14, 19, 20, 22, 24, 27, 28, 31, 33, 34, 36, 38, 39, 
  40, 41, 46, 47, 50, 51, 61, 63 ],
[ 1, 2, 3, 5, 10, 12, 13, 14, 19, 20, 22, 24, 25, 27, 31, 33, 34, 36, 38, 39, 
  40, 41, 47, 48, 49, 50, 62, 63 ],
[ 1, 2, 3, 5, 10, 12, 13, 14, 18, 19, 20, 22, 24, 27, 28, 31, 34, 36, 38, 39, 
  40, 46, 47, 50, 51, 54, 61, 63 ],
[ 1, 2, 3, 5, 10, 12, 13, 14, 18, 19, 20, 22, 24, 27, 28, 31, 33, 36, 38, 40, 
  46, 47, 50, 51, 53, 55, 57, 61 ],
[ 1, 2, 3, 5, 10, 12, 13, 14, 18, 19, 20, 22, 24, 25, 27, 31, 34, 36, 38, 39, 
  40, 47, 48, 49, 50, 54, 62, 63 ],
[ 1, 2, 3, 5, 10, 12, 13, 14, 18, 19, 20, 22, 24, 25, 27, 31, 33, 36, 38, 40, 
  47, 48, 49, 50, 53, 55, 57, 62 ],
[ 1, 2, 3, 5, 10, 12, 13, 14, 17, 19, 20, 22, 24, 27, 28, 31, 38, 39, 41, 46, 
  47, 50, 51, 54, 55, 56, 61, 63 ],
[ 1, 2, 3, 5, 10, 12, 13, 14, 17, 19, 20, 22, 24, 27, 28, 31, 33, 36, 38, 41, 
  46, 47, 50, 51, 53, 55, 57, 61 ],
[ 1, 2, 3, 5, 10, 12, 13, 14, 17, 19, 20, 22, 24, 27, 28, 31, 33, 36, 38, 39, 
  41, 46, 47, 50, 51, 55, 61, 63 ],
[ 1, 2, 3, 5, 10, 12, 13, 14, 17, 19, 20, 22, 24, 25, 27, 31, 38, 39, 41, 47, 
  48, 49, 50, 54, 55, 56, 62, 63 ],
[ 1, 2, 3, 5, 10, 12, 13, 14, 17, 19, 20, 22, 24, 25, 27, 31, 33, 36, 38, 41, 
  47, 48, 49, 50, 53, 55, 57, 62 ],
[ 1, 2, 3, 5, 10, 12, 13, 14, 17, 19, 20, 22, 24, 25, 27, 31, 33, 36, 38, 39, 
  41, 47, 48, 49, 50, 55, 62, 63 ],
[ 1, 2, 3, 5, 10, 12, 13, 14, 17, 18, 19, 22, 24, 27, 28, 31, 34, 36, 38, 39, 
  42, 46, 47, 50, 51, 54, 61, 63 ],
[ 1, 2, 3, 5, 10, 12, 13, 14, 17, 18, 19, 22, 24, 25, 27, 31, 34, 36, 38, 39, 
  42, 47, 48, 49, 50, 54, 62, 63 ],
[ 1, 2, 3, 5, 10, 12, 13, 14, 17, 18, 19, 20, 22, 24, 27, 28, 31, 36, 38, 39, 
  46, 47, 50, 51, 54, 55, 61, 63 ],
[ 1, 2, 3, 5, 10, 12, 13, 14, 17, 18, 19, 20, 22, 24, 25, 27, 31, 36, 38, 39, 
  47, 48, 49, 50, 54, 55, 62, 63 ],
[ 1, 2, 3, 5, 10, 12, 13, 14, 15, 18, 19, 20, 22, 24, 27, 28, 31, 34, 39, 40, 
  46, 47, 50, 51, 54, 56, 61, 63 ],
[ 1, 2, 3, 5, 10, 12, 13, 14, 15, 18, 19, 20, 22, 24, 25, 27, 31, 34, 39, 40, 
  47, 48, 49, 50, 54, 56, 62, 63 ],
[ 1, 2, 3, 5, 10, 12, 13, 14, 15, 17, 19, 20, 22, 24, 27, 28, 31, 33, 39, 41, 
  46, 47, 50, 51, 55, 56, 61, 63 ],
[ 1, 2, 3, 5, 10, 12, 13, 14, 15, 17, 19, 20, 22, 24, 27, 28, 31, 33, 36, 39, 
  41, 46, 47, 50, 51, 53, 55, 61 ],
[ 1, 2, 3, 5, 10, 12, 13, 14, 15, 17, 19, 20, 22, 24, 27, 28, 31, 33, 34, 36, 
  39, 41, 46, 47, 50, 51, 61, 63 ],
[ 1, 2, 3, 5, 10, 12, 13, 14, 15, 17, 19, 20, 22, 24, 25, 27, 31, 33, 39, 41, 
  47, 48, 49, 50, 55, 56, 62, 63 ],
[ 1, 2, 3, 5, 10, 12, 13, 14, 15, 17, 19, 20, 22, 24, 25, 27, 31, 33, 36, 39, 
  41, 47, 48, 49, 50, 53, 55, 62 ],
[ 1, 2, 3, 5, 10, 12, 13, 14, 15, 17, 19, 20, 22, 24, 25, 27, 31, 33, 34, 41, 
  47, 48, 49, 50, 56, 57, 62, 63 ],
[ 1, 2, 3, 5, 10, 12, 13, 14, 15, 17, 19, 20, 22, 24, 25, 27, 31, 33, 34, 36, 
  39, 41, 47, 48, 49, 50, 62, 63 ],
[ 1, 2, 3, 5, 10, 12, 13, 14, 15, 17, 18, 19, 22, 24, 27, 28, 31, 34, 39, 42, 
  46, 47, 50, 51, 54, 56, 61, 63 ],
[ 1, 2, 3, 5, 10, 12, 13, 14, 15, 17, 18, 19, 22, 24, 25, 27, 31, 34, 39, 42, 
  47, 48, 49, 50, 54, 56, 62, 63 ],
[ 1, 2, 3, 5, 6, 10, 12, 14, 17, 19, 24, 27, 28, 31, 34, 35, 36, 38, 39, 41, 
  42, 46, 47, 50, 51, 53, 54, 61 ],
[ 1, 2, 3, 5, 6, 10, 12, 14, 17, 19, 24, 27, 28, 31, 33, 35, 38, 39, 41, 42, 
  46, 47, 50, 51, 55, 56, 61, 63 ],
[ 1, 2, 3, 5, 6, 10, 12, 14, 17, 19, 24, 25, 27, 31, 34, 35, 36, 38, 39, 41, 
  42, 47, 48, 49, 50, 53, 54, 62 ],
[ 1, 2, 3, 5, 6, 10, 12, 14, 17, 19, 24, 25, 27, 31, 33, 35, 38, 39, 41, 42, 
  47, 48, 49, 50, 55, 56, 62, 63 ],
[ 1, 2, 3, 5, 6, 10, 12, 14, 17, 18, 19, 24, 27, 28, 31, 34, 35, 36, 38, 39, 
  42, 46, 47, 50, 51, 54, 61, 63 ],
[ 1, 2, 3, 5, 6, 10, 12, 14, 17, 18, 19, 24, 27, 28, 31, 33, 35, 36, 38, 39, 
  42, 46, 47, 50, 51, 55, 61, 63 ],
[ 1, 2, 3, 5, 6, 10, 12, 14, 17, 18, 19, 24, 25, 27, 31, 34, 35, 36, 38, 39, 
  42, 47, 48, 49, 50, 54, 62, 63 ],
[ 1, 2, 3, 5, 6, 10, 12, 14, 17, 18, 19, 24, 25, 27, 31, 33, 35, 36, 38, 39, 
  42, 47, 48, 49, 50, 55, 62, 63 ],
[ 1, 2, 3, 5, 6, 10, 12, 14, 15, 17, 20, 24, 26, 27, 29, 31, 33, 34, 36, 39, 
  40, 46, 48, 49, 51, 54, 55, 57 ],
[ 1, 2, 3, 5, 6, 10, 12, 14, 15, 17, 20, 24, 26, 27, 28, 31, 33, 35, 36, 39, 
  40, 46, 48, 50, 51, 53, 55, 57 ],
[ 1, 2, 3, 5, 6, 10, 12, 14, 15, 17, 20, 24, 26, 27, 28, 31, 33, 34, 35, 36, 
  39, 40, 46, 48, 50, 51, 57, 63 ],
[ 1, 2, 3, 5, 6, 10, 12, 14, 15, 17, 20, 24, 26, 27, 28, 29, 31, 33, 34, 36, 
  39, 40, 46, 48, 54, 55, 57, 62 ],
[ 1, 2, 3, 5, 6, 10, 12, 14, 15, 17, 20, 24, 25, 26, 27, 29, 31, 33, 34, 36, 
  39, 40, 49, 51, 54, 55, 57, 61 ],
[ 1, 2, 3, 5, 6, 10, 12, 14, 15, 17, 20, 24, 25, 26, 27, 28, 31, 33, 35, 36, 
  39, 40, 50, 51, 53, 55, 57, 61 ],
[ 1, 2, 3, 5, 6, 10, 12, 14, 15, 17, 20, 24, 25, 26, 27, 28, 31, 33, 34, 35, 
  36, 39, 40, 50, 51, 57, 61, 63 ],
[ 1, 2, 3, 5, 6, 10, 12, 14, 15, 17, 20, 24, 25, 26, 27, 28, 29, 31, 33, 34, 
  36, 39, 40, 54, 55, 57, 61, 62 ],
[ 1, 2, 3, 5, 6, 10, 12, 14, 15, 17, 19, 24, 27, 28, 31, 34, 35, 39, 41, 42, 
  46, 47, 50, 51, 53, 54, 56, 61 ],
[ 1, 2, 3, 5, 6, 10, 12, 14, 15, 17, 19, 24, 25, 27, 31, 34, 35, 39, 41, 42, 
  47, 48, 49, 50, 53, 54, 56, 62 ],
[ 1, 2, 3, 5, 6, 10, 12, 14, 15, 17, 19, 20, 24, 27, 29, 31, 33, 34, 36, 39, 
  41, 46, 47, 49, 51, 54, 55, 61 ],
[ 1, 2, 3, 5, 6, 10, 12, 14, 15, 17, 19, 20, 24, 27, 28, 31, 33, 35, 36, 39, 
  41, 46, 47, 50, 51, 53, 55, 61 ],
[ 1, 2, 3, 5, 6, 10, 12, 14, 15, 17, 19, 20, 24, 27, 28, 31, 33, 34, 35, 36, 
  39, 41, 46, 47, 50, 51, 61, 63 ],
[ 1, 2, 3, 5, 6, 10, 12, 14, 15, 17, 19, 20, 24, 27, 28, 29, 31, 33, 34, 36, 
  39, 41, 46, 47, 54, 55, 61, 62 ],
[ 1, 2, 3, 5, 6, 10, 12, 14, 15, 17, 19, 20, 24, 25, 27, 31, 33, 35, 36, 39, 
  41, 47, 48, 49, 50, 53, 55, 62 ],
[ 1, 2, 3, 5, 6, 10, 12, 14, 15, 17, 19, 20, 24, 25, 27, 31, 33, 34, 35, 36, 
  39, 41, 47, 48, 49, 50, 62, 63 ],
[ 1, 2, 3, 5, 6, 10, 12, 14, 15, 17, 19, 20, 24, 25, 27, 29, 31, 33, 36, 39, 
  41, 47, 48, 49, 51, 53, 54, 63 ],
[ 1, 2, 3, 5, 6, 10, 12, 14, 15, 17, 19, 20, 24, 25, 27, 28, 29, 31, 33, 36, 
  39, 41, 47, 48, 53, 54, 62, 63 ],
[ 1, 2, 3, 5, 6, 10, 12, 14, 15, 17, 18, 20, 24, 26, 27, 31, 33, 35, 36, 40, 
  41, 46, 48, 49, 50, 53, 55, 62 ],
[ 1, 2, 3, 5, 6, 10, 12, 14, 15, 17, 18, 20, 24, 26, 27, 31, 33, 34, 35, 36, 
  40, 41, 46, 48, 49, 50, 62, 63 ],
[ 1, 2, 3, 5, 6, 10, 12, 14, 15, 17, 18, 20, 24, 26, 27, 29, 31, 33, 36, 40, 
  41, 46, 48, 49, 51, 53, 54, 63 ],
[ 1, 2, 3, 5, 6, 10, 12, 14, 15, 17, 18, 20, 24, 26, 27, 28, 29, 31, 33, 36, 
  40, 41, 46, 48, 53, 54, 62, 63 ],
[ 1, 2, 3, 5, 6, 10, 12, 14, 15, 17, 18, 20, 24, 25, 26, 27, 31, 33, 35, 36, 
  40, 41, 49, 50, 53, 55, 61, 62 ],
[ 1, 2, 3, 5, 6, 10, 12, 14, 15, 17, 18, 20, 24, 25, 26, 27, 31, 33, 34, 35, 
  36, 40, 41, 49, 50, 61, 62, 63 ],
[ 1, 2, 3, 5, 6, 10, 12, 14, 15, 17, 18, 20, 24, 25, 26, 27, 29, 31, 33, 36, 
  40, 41, 49, 51, 53, 54, 61, 63 ],
[ 1, 2, 3, 5, 6, 10, 12, 14, 15, 17, 18, 20, 24, 25, 26, 27, 28, 29, 31, 33, 
  36, 40, 41, 53, 54, 61, 62, 63 ],
[ 1, 2, 3, 5, 6, 10, 12, 14, 15, 17, 18, 19, 24, 25, 27, 31, 35, 39, 42, 47, 
  48, 49, 50, 53, 54, 55, 56, 62 ],
[ 1, 2, 3, 5, 6, 10, 12, 14, 15, 17, 18, 19, 20, 24, 27, 29, 31, 33, 34, 36, 
  46, 47, 49, 51, 54, 55, 57, 61 ],
[ 1, 2, 3, 5, 6, 10, 12, 14, 15, 17, 18, 19, 20, 24, 27, 28, 31, 33, 35, 36, 
  46, 47, 50, 51, 53, 55, 57, 61 ],
[ 1, 2, 3, 5, 6, 10, 12, 14, 15, 17, 18, 19, 20, 24, 27, 28, 31, 33, 34, 35, 
  36, 46, 47, 50, 51, 57, 61, 63 ],
[ 1, 2, 3, 5, 6, 10, 12, 14, 15, 17, 18, 19, 20, 24, 27, 28, 29, 31, 33, 34, 
  36, 46, 47, 54, 55, 57, 61, 62 ],
[ 1, 2, 3, 5, 6, 10, 12, 14, 15, 17, 18, 19, 20, 24, 25, 27, 31, 33, 35, 36, 
  47, 48, 49, 50, 53, 55, 57, 62 ],
[ 1, 2, 3, 5, 6, 10, 12, 14, 15, 17, 18, 19, 20, 24, 25, 27, 31, 33, 34, 35, 
  36, 47, 48, 49, 50, 57, 62, 63 ],
[ 1, 2, 3, 5, 6, 10, 12, 14, 15, 17, 18, 19, 20, 24, 25, 27, 29, 31, 33, 36, 
  47, 48, 49, 51, 53, 54, 57, 63 ],
[ 1, 2, 3, 5, 6, 10, 12, 14, 15, 17, 18, 19, 20, 24, 25, 27, 28, 29, 31, 33, 
  36, 47, 48, 53, 54, 57, 62, 63 ],
[ 1, 2, 3, 5, 6, 10, 12, 13, 14, 17, 19, 24, 27, 28, 31, 38, 39, 41, 42, 46, 
  47, 50, 51, 54, 55, 56, 61, 63 ],
[ 1, 2, 3, 5, 6, 10, 12, 13, 14, 17, 19, 24, 27, 28, 31, 33, 36, 38, 39, 41, 
  42, 46, 47, 50, 51, 55, 61, 63 ],
[ 1, 2, 3, 5, 6, 10, 12, 13, 14, 17, 19, 24, 27, 28, 31, 33, 34, 36, 38, 41, 
  42, 46, 47, 50, 51, 57, 61, 63 ],
[ 1, 2, 3, 5, 6, 10, 12, 13, 14, 17, 19, 24, 25, 27, 31, 38, 39, 41, 42, 47, 
  48, 49, 50, 54, 55, 56, 62, 63 ],
[ 1, 2, 3, 5, 6, 10, 12, 13, 14, 17, 19, 24, 25, 27, 31, 33, 36, 38, 39, 41, 
  42, 47, 48, 49, 50, 55, 62, 63 ],
[ 1, 2, 3, 5, 6, 10, 12, 13, 14, 17, 19, 24, 25, 27, 31, 33, 34, 36, 38, 41, 
  42, 47, 48, 49, 50, 57, 62, 63 ],
[ 1, 2, 3, 5, 6, 10, 12, 13, 14, 15, 17, 20, 24, 26, 27, 29, 31, 35, 36, 39, 
  40, 46, 48, 49, 51, 53, 57, 63 ],
[ 1, 2, 3, 5, 6, 10, 12, 13, 14, 15, 17, 20, 24, 26, 27, 28, 29, 31, 35, 36, 
  39, 40, 46, 48, 53, 57, 62, 63 ],
[ 1, 2, 3, 5, 6, 10, 12, 13, 14, 15, 17, 20, 24, 25, 26, 27, 29, 31, 35, 36, 
  39, 40, 49, 51, 53, 57, 61, 63 ],
[ 1, 2, 3, 5, 6, 10, 12, 13, 14, 15, 17, 20, 24, 25, 26, 27, 28, 29, 31, 35, 
  36, 39, 40, 53, 57, 61, 62, 63 ],
[ 1, 2, 3, 5, 6, 10, 12, 13, 14, 15, 17, 19, 24, 27, 28, 31, 33, 39, 41, 42, 
  46, 47, 50, 51, 55, 56, 61, 63 ],
[ 1, 2, 3, 5, 6, 10, 12, 13, 14, 15, 17, 19, 24, 27, 28, 31, 33, 36, 39, 41, 
  42, 46, 47, 50, 51, 53, 55, 61 ],
[ 1, 2, 3, 5, 6, 10, 12, 13, 14, 15, 17, 19, 24, 27, 28, 31, 33, 34, 36, 39, 
  41, 42, 46, 47, 50, 51, 61, 63 ],
[ 1, 2, 3, 5, 6, 10, 12, 13, 14, 15, 17, 19, 24, 25, 27, 31, 33, 41, 42, 47, 
  48, 49, 50, 53, 55, 56, 57, 62 ],
[ 1, 2, 3, 5, 6, 10, 12, 13, 14, 15, 17, 19, 24, 25, 27, 31, 33, 39, 41, 42, 
  47, 48, 49, 50, 55, 56, 62, 63 ],
[ 1, 2, 3, 5, 6, 10, 12, 13, 14, 15, 17, 19, 24, 25, 27, 31, 33, 36, 39, 41, 
  42, 47, 48, 49, 50, 53, 55, 62 ],
[ 1, 2, 3, 5, 6, 10, 12, 13, 14, 15, 17, 19, 24, 25, 27, 31, 33, 34, 36, 39, 
  41, 42, 47, 48, 49, 50, 62, 63 ],
[ 1, 2, 3, 5, 6, 10, 12, 13, 14, 15, 17, 19, 20, 24, 27, 28, 31, 36, 39, 41, 
  46, 47, 50, 51, 53, 54, 55, 61 ],
[ 1, 2, 3, 5, 6, 10, 12, 13, 14, 15, 17, 19, 20, 24, 27, 28, 31, 34, 36, 39, 
  41, 46, 47, 50, 51, 54, 61, 63 ],
[ 1, 2, 3, 5, 6, 10, 12, 13, 14, 15, 17, 19, 20, 24, 25, 27, 31, 36, 39, 41, 
  47, 48, 49, 50, 53, 54, 55, 62 ],
[ 1, 2, 3, 5, 6, 10, 12, 13, 14, 15, 17, 19, 20, 24, 25, 27, 31, 34, 36, 39, 
  41, 47, 48, 49, 50, 54, 62, 63 ],
[ 1, 2, 3, 5, 6, 10, 12, 13, 14, 15, 17, 18, 20, 24, 26, 27, 29, 31, 34, 35, 
  36, 40, 41, 46, 48, 49, 51, 55 ],
[ 1, 2, 3, 5, 6, 10, 12, 13, 14, 15, 17, 18, 20, 24, 26, 27, 28, 29, 31, 34, 
  35, 36, 40, 41, 46, 48, 55, 62 ],
[ 1, 2, 3, 5, 6, 10, 12, 13, 14, 15, 17, 18, 20, 24, 25, 26, 27, 29, 31, 34, 
  35, 36, 40, 41, 49, 51, 55, 61 ],
[ 1, 2, 3, 5, 6, 10, 12, 13, 14, 15, 17, 18, 20, 24, 25, 26, 27, 28, 29, 31, 
  34, 35, 36, 40, 41, 55, 61, 62 ],
[ 1, 2, 3, 5, 6, 10, 12, 13, 14, 15, 17, 18, 19, 24, 27, 28, 31, 39, 42, 46, 
  47, 50, 51, 54, 55, 56, 61, 63 ],
[ 1, 2, 3, 5, 6, 10, 12, 13, 14, 15, 17, 18, 19, 24, 25, 27, 31, 39, 42, 47, 
  48, 49, 50, 54, 55, 56, 62, 63 ],
[ 1, 2, 3, 5, 6, 10, 12, 13, 14, 15, 17, 18, 19, 20, 24, 27, 28, 31, 36, 46, 
  47, 50, 51, 53, 54, 55, 57, 61 ],
[ 1, 2, 3, 5, 6, 10, 12, 13, 14, 15, 17, 18, 19, 20, 24, 27, 28, 31, 34, 36, 
  46, 47, 50, 51, 54, 57, 61, 63 ],
[ 1, 2, 3, 5, 6, 10, 12, 13, 14, 15, 17, 18, 19, 20, 24, 25, 27, 31, 36, 47, 
  48, 49, 50, 53, 54, 55, 57, 62 ],
[ 1, 2, 3, 5, 6, 10, 12, 13, 14, 15, 17, 18, 19, 20, 24, 25, 27, 31, 34, 36, 
  47, 48, 49, 50, 54, 57, 62, 63 ],
[ 1, 2, 3, 4, 5, 10, 12, 14, 17, 20, 22, 24, 27, 28, 31, 34, 35, 36, 38, 39, 
  41, 46, 47, 50, 51, 54, 61, 63 ],
[ 1, 2, 3, 4, 5, 10, 12, 14, 17, 20, 22, 24, 27, 28, 31, 33, 35, 36, 38, 41, 
  46, 47, 50, 51, 53, 55, 57, 61 ],
[ 1, 2, 3, 4, 5, 10, 12, 14, 17, 20, 22, 24, 27, 28, 31, 33, 35, 36, 38, 39, 
  41, 46, 47, 50, 51, 55, 61, 63 ],
[ 1, 2, 3, 4, 5, 10, 12, 14, 17, 20, 22, 24, 25, 27, 31, 34, 35, 36, 38, 39, 
  41, 47, 48, 49, 50, 54, 62, 63 ],
[ 1, 2, 3, 4, 5, 10, 12, 14, 17, 20, 22, 24, 25, 27, 31, 33, 35, 36, 38, 41, 
  47, 48, 49, 50, 53, 55, 57, 62 ],
[ 1, 2, 3, 4, 5, 10, 12, 14, 17, 20, 22, 24, 25, 27, 31, 33, 35, 36, 38, 39, 
  41, 47, 48, 49, 50, 55, 62, 63 ],
[ 1, 2, 3, 4, 5, 10, 12, 14, 17, 18, 20, 22, 24, 27, 28, 31, 35, 36, 38, 46, 
  47, 50, 51, 53, 54, 55, 57, 61 ],
[ 1, 2, 3, 4, 5, 10, 12, 14, 17, 18, 20, 22, 24, 25, 27, 31, 35, 36, 38, 47, 
  48, 49, 50, 53, 54, 55, 57, 62 ],
[ 1, 2, 3, 4, 5, 10, 12, 14, 15, 17, 20, 22, 24, 27, 28, 31, 33, 35, 41, 46, 
  47, 50, 51, 53, 55, 56, 57, 61 ],
[ 1, 2, 3, 4, 5, 10, 12, 14, 15, 17, 20, 22, 24, 25, 27, 31, 33, 35, 41, 47, 
  48, 49, 50, 53, 55, 56, 57, 62 ],
[ 1, 2, 3, 4, 5, 10, 12, 14, 15, 17, 18, 20, 22, 24, 27, 28, 31, 33, 35, 46, 
  47, 50, 51, 55, 56, 57, 61, 63 ],
[ 1, 2, 3, 4, 5, 10, 12, 14, 15, 17, 18, 20, 22, 24, 25, 27, 31, 33, 35, 47, 
  48, 49, 50, 55, 56, 57, 62, 63 ],
[ 1, 2, 3, 4, 5, 10, 12, 13, 14, 17, 20, 22, 24, 27, 28, 31, 34, 36, 38, 41, 
  46, 47, 50, 51, 54, 57, 61, 63 ],
[ 1, 2, 3, 4, 5, 10, 12, 13, 14, 17, 20, 22, 24, 25, 27, 31, 34, 36, 38, 41, 
  47, 48, 49, 50, 54, 57, 62, 63 ],
[ 1, 2, 3, 4, 5, 10, 12, 13, 14, 17, 18, 20, 22, 24, 27, 28, 31, 36, 38, 46, 
  47, 50, 51, 54, 55, 57, 61, 63 ],
[ 1, 2, 3, 4, 5, 10, 12, 13, 14, 17, 18, 20, 22, 24, 25, 27, 31, 36, 38, 47, 
  48, 49, 50, 54, 55, 57, 62, 63 ],
[ 1, 2, 3, 4, 5, 10, 12, 13, 14, 15, 17, 20, 22, 24, 27, 28, 31, 39, 41, 46, 
  47, 50, 51, 54, 55, 56, 61, 63 ],
[ 1, 2, 3, 4, 5, 10, 12, 13, 14, 15, 17, 20, 22, 24, 27, 28, 31, 34, 41, 46, 
  47, 50, 51, 54, 56, 57, 61, 63 ],
[ 1, 2, 3, 4, 5, 10, 12, 13, 14, 15, 17, 20, 22, 24, 25, 27, 31, 39, 41, 47, 
  48, 49, 50, 54, 55, 56, 62, 63 ],
[ 1, 2, 3, 4, 5, 10, 12, 13, 14, 15, 17, 20, 22, 24, 25, 27, 31, 34, 41, 47, 
  48, 49, 50, 54, 56, 57, 62, 63 ],
[ 1, 2, 3, 4, 5, 6, 10, 12, 14, 17, 20, 24, 27, 28, 31, 33, 35, 36, 38, 39, 
  41, 46, 47, 50, 51, 53, 55, 61 ],
[ 1, 2, 3, 4, 5, 6, 10, 12, 14, 17, 20, 24, 25, 27, 31, 33, 35, 36, 38, 39, 
  41, 47, 48, 49, 50, 53, 55, 62 ],
[ 1, 2, 3, 4, 5, 6, 10, 12, 14, 17, 18, 20, 24, 27, 28, 31, 33, 35, 36, 38, 
  46, 47, 50, 51, 53, 55, 57, 61 ],
[ 1, 2, 3, 4, 5, 6, 10, 12, 14, 17, 18, 20, 24, 25, 27, 31, 33, 35, 36, 38, 
  47, 48, 49, 50, 53, 55, 57, 62 ],
[ 1, 2, 3, 4, 5, 6, 10, 12, 14, 15, 17, 20, 24, 27, 28, 31, 33, 35, 39, 41, 
  46, 47, 50, 51, 53, 55, 56, 61 ],
[ 1, 2, 3, 4, 5, 6, 10, 12, 14, 15, 17, 20, 24, 25, 27, 31, 33, 35, 39, 41, 
  47, 48, 49, 50, 53, 55, 56, 62 ],
[ 1, 2, 3, 4, 5, 6, 10, 12, 14, 15, 17, 18, 20, 24, 27, 28, 31, 33, 35, 46, 
  47, 50, 51, 53, 55, 56, 57, 61 ],
[ 1, 2, 3, 4, 5, 6, 10, 12, 14, 15, 17, 18, 20, 24, 25, 27, 31, 33, 35, 47, 
  48, 49, 50, 53, 55, 56, 57, 62 ]
];

