## Group: [64, 46]
## Difference Sets: 152
## Time:  0:11:51.217

return [
[ 1, 4, 6, 7, 8, 12, 16, 19, 22, 24, 26, 27, 28, 29, 31, 32, 33, 35, 37, 38, 
  39, 47, 52, 53, 55, 56, 57, 62 ],
[ 1, 4, 6, 7, 8, 12, 16, 17, 19, 22, 26, 27, 28, 29, 31, 32, 33, 35, 37, 38, 
  40, 46, 52, 53, 55, 56, 61, 62 ],
[ 1, 4, 6, 7, 8, 12, 15, 16, 19, 22, 24, 26, 27, 29, 31, 32, 33, 35, 36, 37, 
  39, 47, 49, 51, 52, 53, 55, 57 ],
[ 1, 4, 6, 7, 8, 12, 15, 16, 17, 19, 22, 26, 27, 29, 31, 32, 33, 35, 36, 37, 
  40, 46, 49, 51, 52, 53, 55, 61 ],
[ 1, 4, 6, 7, 8, 12, 14, 16, 19, 22, 24, 26, 27, 29, 31, 32, 35, 36, 38, 39, 
  47, 49, 51, 52, 54, 55, 57, 63 ],
[ 1, 4, 6, 7, 8, 12, 14, 16, 17, 19, 22, 26, 27, 29, 31, 32, 35, 36, 38, 40, 
  46, 49, 51, 52, 54, 55, 61, 63 ],
[ 1, 4, 6, 7, 8, 12, 14, 15, 16, 19, 22, 24, 26, 27, 29, 31, 32, 34, 35, 39, 
  47, 49, 51, 52, 53, 54, 56, 57 ],
[ 1, 4, 6, 7, 8, 12, 14, 15, 16, 19, 22, 24, 26, 27, 28, 29, 31, 32, 35, 39, 
  47, 52, 54, 55, 56, 57, 62, 63 ],
[ 1, 4, 6, 7, 8, 12, 14, 15, 16, 17, 19, 22, 26, 27, 29, 31, 32, 34, 35, 40, 
  46, 49, 51, 52, 53, 54, 56, 61 ],
[ 1, 4, 6, 7, 8, 12, 14, 15, 16, 17, 19, 22, 26, 27, 28, 29, 31, 32, 35, 40, 
  46, 52, 54, 55, 56, 61, 62, 63 ],
[ 1, 4, 6, 7, 8, 12, 13, 16, 19, 22, 24, 26, 27, 29, 31, 32, 37, 38, 39, 47, 
  49, 51, 52, 53, 54, 55, 56, 57 ],
[ 1, 4, 6, 7, 8, 12, 13, 16, 17, 19, 22, 26, 27, 29, 31, 32, 37, 38, 40, 46, 
  49, 51, 52, 53, 54, 55, 56, 61 ],
[ 1, 4, 6, 7, 8, 12, 13, 14, 16, 19, 22, 24, 26, 27, 28, 29, 31, 32, 33, 36, 
  38, 39, 47, 52, 55, 57, 62, 63 ],
[ 1, 4, 6, 7, 8, 12, 13, 14, 16, 17, 19, 22, 26, 27, 28, 29, 31, 32, 33, 36, 
  38, 40, 46, 52, 55, 61, 62, 63 ],
[ 1, 4, 6, 7, 8, 10, 12, 16, 19, 22, 24, 26, 28, 29, 30, 32, 33, 34, 35, 37, 
  38, 39, 47, 49, 50, 56, 57, 63 ],
[ 1, 4, 6, 7, 8, 10, 12, 16, 17, 19, 22, 26, 28, 29, 30, 32, 33, 34, 35, 37, 
  38, 40, 46, 49, 50, 56, 61, 63 ],
[ 1, 4, 6, 7, 8, 10, 12, 14, 16, 19, 22, 24, 26, 29, 30, 32, 34, 35, 36, 38, 
  39, 47, 50, 51, 53, 54, 57, 62 ],
[ 1, 4, 6, 7, 8, 10, 12, 14, 16, 17, 19, 22, 26, 29, 30, 32, 34, 35, 36, 38, 
  40, 46, 50, 51, 53, 54, 61, 62 ],
[ 1, 4, 6, 7, 8, 10, 12, 13, 16, 19, 22, 24, 26, 29, 30, 32, 34, 37, 38, 39, 
  47, 50, 51, 54, 56, 57, 62, 63 ],
[ 1, 4, 6, 7, 8, 10, 12, 13, 16, 17, 19, 22, 26, 29, 30, 32, 34, 37, 38, 40, 
  46, 50, 51, 54, 56, 61, 62, 63 ],
[ 1, 4, 6, 7, 8, 10, 12, 13, 15, 16, 19, 22, 24, 26, 29, 30, 32, 36, 37, 39, 
  47, 50, 51, 53, 54, 55, 57, 62 ],
[ 1, 4, 6, 7, 8, 10, 12, 13, 15, 16, 19, 22, 24, 26, 28, 29, 30, 32, 34, 36, 
  37, 39, 47, 49, 50, 54, 57, 63 ],
[ 1, 4, 6, 7, 8, 10, 12, 13, 15, 16, 17, 19, 22, 26, 29, 30, 32, 36, 37, 40, 
  46, 50, 51, 53, 54, 55, 61, 62 ],
[ 1, 4, 6, 7, 8, 10, 12, 13, 15, 16, 17, 19, 22, 26, 28, 29, 30, 32, 34, 36, 
  37, 40, 46, 49, 50, 54, 61, 63 ],
[ 1, 4, 6, 7, 8, 10, 12, 13, 14, 16, 19, 22, 24, 26, 28, 29, 30, 32, 33, 34, 
  36, 38, 39, 47, 49, 50, 53, 57 ],
[ 1, 4, 6, 7, 8, 10, 12, 13, 14, 16, 17, 19, 22, 26, 28, 29, 30, 32, 33, 34, 
  36, 38, 40, 46, 49, 50, 53, 61 ],
[ 1, 4, 6, 7, 8, 10, 12, 13, 14, 15, 16, 19, 22, 24, 26, 29, 30, 32, 33, 34, 
  39, 47, 50, 51, 53, 56, 57, 62 ],
[ 1, 4, 6, 7, 8, 10, 12, 13, 14, 15, 16, 17, 19, 22, 26, 29, 30, 32, 33, 34, 
  40, 46, 50, 51, 53, 56, 61, 62 ],
[ 1, 4, 6, 7, 8, 9, 12, 14, 16, 19, 22, 24, 26, 31, 32, 34, 35, 36, 38, 39, 
  47, 49, 50, 51, 52, 53, 54, 57 ],
[ 1, 4, 6, 7, 8, 9, 12, 14, 16, 17, 19, 22, 26, 31, 32, 34, 35, 36, 38, 40, 
  46, 49, 50, 51, 52, 53, 54, 61 ],
[ 1, 4, 6, 7, 8, 9, 12, 13, 16, 19, 22, 24, 26, 31, 32, 34, 37, 38, 39, 47, 
  49, 50, 51, 52, 54, 56, 57, 63 ],
[ 1, 4, 6, 7, 8, 9, 12, 13, 16, 17, 19, 22, 26, 31, 32, 34, 37, 38, 40, 46, 
  49, 50, 51, 52, 54, 56, 61, 63 ],
[ 1, 4, 6, 7, 8, 9, 12, 13, 14, 15, 16, 19, 22, 24, 26, 31, 32, 33, 34, 39, 
  47, 49, 50, 51, 52, 53, 56, 57 ],
[ 1, 4, 6, 7, 8, 9, 12, 13, 14, 15, 16, 17, 19, 22, 26, 31, 32, 33, 34, 40, 
  46, 49, 50, 51, 52, 53, 56, 61 ],
[ 1, 4, 6, 7, 8, 9, 10, 12, 15, 16, 19, 22, 24, 26, 27, 30, 32, 33, 35, 36, 
  37, 39, 47, 51, 53, 55, 57, 62 ],
[ 1, 4, 6, 7, 8, 9, 10, 12, 15, 16, 17, 19, 22, 26, 27, 30, 32, 33, 35, 36, 
  37, 40, 46, 51, 53, 55, 61, 62 ],
[ 1, 4, 6, 7, 8, 9, 10, 12, 14, 16, 19, 22, 24, 26, 27, 30, 32, 35, 36, 38, 
  39, 47, 51, 54, 55, 57, 62, 63 ],
[ 1, 4, 6, 7, 8, 9, 10, 12, 14, 16, 17, 19, 22, 26, 27, 30, 32, 35, 36, 38, 
  40, 46, 51, 54, 55, 61, 62, 63 ],
[ 1, 4, 6, 7, 8, 9, 10, 12, 13, 16, 19, 22, 24, 26, 27, 30, 32, 37, 38, 39, 
  47, 51, 53, 54, 55, 56, 57, 62 ],
[ 1, 4, 6, 7, 8, 9, 10, 12, 13, 16, 17, 19, 22, 26, 27, 30, 32, 37, 38, 40, 
  46, 51, 53, 54, 55, 56, 61, 62 ],
[ 1, 4, 5, 7, 8, 12, 16, 19, 21, 25, 26, 27, 28, 29, 31, 32, 33, 35, 37, 38, 
  39, 48, 52, 53, 55, 56, 57, 62 ],
[ 1, 4, 5, 7, 8, 12, 15, 16, 19, 21, 25, 26, 27, 29, 31, 32, 33, 35, 36, 37, 
  39, 48, 49, 51, 52, 53, 55, 57 ],
[ 1, 4, 5, 7, 8, 12, 15, 16, 19, 21, 25, 26, 27, 28, 29, 31, 32, 33, 34, 35, 
  36, 37, 39, 48, 52, 57, 62, 63 ],
[ 1, 4, 5, 7, 8, 12, 14, 16, 19, 21, 25, 26, 27, 29, 31, 32, 35, 36, 38, 39, 
  48, 49, 51, 52, 54, 55, 57, 63 ],
[ 1, 4, 5, 7, 8, 12, 14, 15, 16, 19, 21, 25, 26, 27, 29, 31, 32, 34, 35, 39, 
  48, 49, 51, 52, 53, 54, 56, 57 ],
[ 1, 4, 5, 7, 8, 12, 14, 15, 16, 19, 21, 25, 26, 27, 28, 29, 31, 32, 35, 39, 
  48, 52, 54, 55, 56, 57, 62, 63 ],
[ 1, 4, 5, 7, 8, 12, 13, 16, 19, 21, 25, 26, 27, 29, 31, 32, 37, 38, 39, 48, 
  49, 51, 52, 53, 54, 55, 56, 57 ],
[ 1, 4, 5, 7, 8, 12, 13, 14, 16, 19, 21, 25, 26, 27, 28, 29, 31, 32, 33, 36, 
  38, 39, 48, 52, 55, 57, 62, 63 ],
[ 1, 4, 5, 7, 8, 10, 12, 16, 19, 21, 25, 26, 28, 29, 30, 32, 33, 34, 35, 37, 
  38, 39, 48, 49, 50, 56, 57, 63 ],
[ 1, 4, 5, 7, 8, 10, 12, 14, 16, 19, 21, 25, 26, 29, 30, 32, 34, 35, 36, 38, 
  39, 48, 50, 51, 53, 54, 57, 62 ],
[ 1, 4, 5, 7, 8, 10, 12, 13, 16, 19, 21, 25, 26, 29, 30, 32, 34, 37, 38, 39, 
  48, 50, 51, 54, 56, 57, 62, 63 ],
[ 1, 4, 5, 7, 8, 10, 12, 13, 15, 16, 19, 21, 25, 26, 29, 30, 32, 36, 37, 39, 
  48, 50, 51, 53, 54, 55, 57, 62 ],
[ 1, 4, 5, 7, 8, 10, 12, 13, 15, 16, 19, 21, 25, 26, 28, 29, 30, 32, 34, 36, 
  37, 39, 48, 49, 50, 54, 57, 63 ],
[ 1, 4, 5, 7, 8, 10, 12, 13, 14, 16, 19, 21, 25, 26, 28, 29, 30, 32, 33, 34, 
  36, 38, 39, 48, 49, 50, 53, 57 ],
[ 1, 4, 5, 7, 8, 10, 12, 13, 14, 15, 16, 19, 21, 25, 26, 29, 30, 32, 33, 34, 
  39, 48, 50, 51, 53, 56, 57, 62 ],
[ 1, 4, 5, 7, 8, 10, 12, 13, 14, 15, 16, 19, 21, 25, 26, 28, 29, 30, 32, 33, 
  39, 48, 49, 50, 55, 56, 57, 63 ],
[ 1, 3, 7, 9, 12, 15, 16, 17, 19, 20, 26, 27, 29, 31, 32, 33, 34, 35, 38, 39, 
  41, 42, 47, 48, 50, 52, 61, 63 ],
[ 1, 3, 7, 9, 11, 12, 15, 16, 17, 19, 20, 26, 27, 29, 30, 31, 33, 35, 38, 39, 
  41, 42, 47, 48, 50, 53, 55, 61 ],
[ 1, 3, 7, 9, 10, 12, 15, 16, 19, 20, 24, 26, 27, 29, 30, 32, 34, 35, 38, 40, 
  41, 42, 46, 48, 50, 53, 54, 57 ],
[ 1, 3, 7, 9, 10, 11, 12, 15, 16, 19, 20, 24, 26, 27, 29, 35, 38, 40, 41, 42, 
  46, 48, 50, 52, 54, 55, 57, 63 ],
[ 1, 3, 5, 7, 9, 12, 15, 16, 17, 19, 21, 26, 29, 31, 32, 33, 34, 35, 38, 39, 
  41, 47, 48, 49, 52, 61, 62, 63 ],
[ 1, 3, 5, 7, 9, 12, 13, 15, 16, 17, 18, 19, 21, 26, 29, 31, 32, 34, 38, 47, 
  48, 49, 52, 54, 57, 61, 62, 63 ],
[ 1, 3, 5, 7, 9, 11, 12, 15, 16, 17, 19, 21, 26, 29, 30, 31, 33, 35, 38, 39, 
  41, 47, 48, 49, 53, 55, 61, 62 ],
[ 1, 3, 5, 7, 9, 11, 12, 15, 16, 17, 18, 19, 21, 26, 29, 30, 31, 33, 34, 35, 
  38, 47, 48, 49, 57, 61, 62, 63 ],
[ 1, 3, 5, 7, 9, 10, 12, 15, 16, 19, 21, 24, 26, 29, 30, 32, 34, 35, 38, 40, 
  41, 46, 48, 49, 53, 54, 57, 62 ],
[ 1, 3, 5, 7, 9, 10, 12, 13, 15, 16, 18, 19, 21, 24, 26, 29, 30, 32, 33, 34, 
  38, 39, 40, 46, 48, 49, 53, 62 ],
[ 1, 3, 5, 7, 9, 10, 11, 12, 15, 16, 19, 21, 24, 26, 29, 35, 38, 40, 41, 46, 
  48, 49, 52, 54, 55, 57, 62, 63 ],
[ 1, 3, 5, 7, 9, 10, 11, 12, 15, 16, 18, 19, 21, 24, 26, 29, 34, 35, 38, 39, 
  40, 46, 48, 49, 52, 53, 54, 62 ],
[ 1, 2, 7, 11, 12, 13, 16, 19, 20, 24, 25, 26, 27, 29, 32, 33, 35, 37, 38, 
  40, 41, 42, 49, 51, 54, 56, 57, 61 ],
[ 1, 2, 7, 11, 12, 13, 15, 16, 18, 19, 20, 24, 25, 26, 27, 29, 32, 33, 35, 
  36, 37, 39, 40, 42, 49, 51, 54, 61 ],
[ 1, 2, 7, 11, 12, 13, 14, 16, 17, 19, 20, 25, 26, 29, 32, 33, 35, 36, 38, 
  39, 41, 42, 46, 47, 50, 51, 54, 62 ],
[ 1, 2, 7, 11, 12, 13, 14, 15, 16, 17, 18, 19, 20, 25, 26, 29, 32, 33, 35, 
  42, 46, 47, 50, 51, 54, 56, 57, 62 ],
[ 1, 2, 6, 7, 12, 13, 16, 19, 22, 24, 25, 26, 27, 29, 30, 33, 35, 37, 38, 40, 
  41, 49, 51, 52, 54, 56, 57, 61 ],
[ 1, 2, 6, 7, 12, 13, 15, 16, 18, 19, 22, 24, 25, 26, 27, 29, 30, 33, 35, 36, 
  37, 39, 40, 49, 51, 52, 54, 61 ],
[ 1, 2, 6, 7, 12, 13, 14, 16, 17, 19, 22, 25, 26, 29, 30, 33, 35, 36, 38, 39, 
  41, 46, 47, 50, 51, 52, 54, 62 ],
[ 1, 2, 6, 7, 12, 13, 14, 15, 16, 17, 18, 19, 22, 25, 26, 29, 30, 33, 35, 46, 
  47, 50, 51, 52, 54, 56, 57, 62 ],
[ 1, 2, 6, 7, 10, 12, 13, 16, 19, 22, 24, 25, 26, 27, 29, 31, 35, 37, 38, 40, 
  41, 49, 51, 53, 56, 57, 61, 63 ],
[ 1, 2, 6, 7, 10, 12, 13, 16, 18, 19, 22, 24, 25, 26, 27, 28, 29, 31, 35, 37, 
  38, 39, 40, 53, 56, 61, 62, 63 ],
[ 1, 2, 6, 7, 10, 12, 13, 14, 16, 17, 19, 22, 25, 26, 29, 31, 35, 36, 38, 39, 
  41, 46, 47, 50, 51, 53, 62, 63 ],
[ 1, 2, 6, 7, 10, 12, 13, 14, 16, 17, 18, 19, 22, 25, 26, 28, 29, 31, 35, 36, 
  38, 46, 47, 49, 50, 53, 57, 63 ],
[ 1, 2, 5, 7, 11, 12, 13, 16, 19, 21, 24, 25, 26, 27, 29, 32, 35, 37, 38, 40, 
  41, 49, 51, 53, 56, 57, 61, 63 ],
[ 1, 2, 5, 7, 11, 12, 13, 16, 18, 19, 21, 24, 26, 27, 29, 32, 35, 37, 38, 39, 
  40, 46, 48, 49, 51, 53, 56, 63 ],
[ 1, 2, 5, 7, 11, 12, 13, 15, 16, 18, 19, 21, 24, 25, 26, 27, 29, 32, 35, 36, 
  37, 39, 40, 49, 51, 53, 61, 63 ],
[ 1, 2, 5, 7, 11, 12, 13, 14, 16, 17, 19, 21, 25, 26, 29, 32, 35, 36, 38, 39, 
  41, 46, 47, 50, 51, 53, 62, 63 ],
[ 1, 2, 5, 7, 11, 12, 13, 14, 16, 17, 18, 19, 21, 26, 29, 32, 35, 36, 38, 47, 
  48, 50, 51, 53, 57, 61, 62, 63 ],
[ 1, 2, 5, 7, 11, 12, 13, 14, 15, 16, 17, 18, 19, 21, 25, 26, 29, 32, 35, 46, 
  47, 50, 51, 53, 56, 57, 62, 63 ],
[ 1, 2, 5, 7, 9, 11, 12, 13, 15, 16, 19, 21, 24, 26, 28, 32, 35, 36, 37, 40, 
  41, 46, 48, 50, 53, 57, 62, 63 ],
[ 1, 2, 5, 7, 9, 11, 12, 13, 14, 15, 16, 17, 19, 21, 26, 27, 28, 32, 35, 39, 
  41, 47, 48, 49, 53, 56, 61, 63 ],
[ 1, 2, 3, 7, 11, 12, 14, 16, 19, 20, 25, 26, 27, 29, 32, 33, 34, 35, 37, 40, 
  41, 42, 46, 47, 49, 51, 57, 63 ],
[ 1, 2, 3, 7, 11, 12, 14, 16, 18, 19, 20, 26, 27, 28, 29, 32, 33, 35, 37, 39, 
  40, 42, 47, 48, 53, 55, 61, 62 ],
[ 1, 2, 3, 7, 11, 12, 14, 16, 17, 19, 20, 24, 25, 26, 29, 32, 34, 35, 37, 39, 
  41, 42, 50, 51, 53, 54, 61, 62 ],
[ 1, 2, 3, 7, 11, 12, 14, 16, 17, 18, 19, 20, 24, 26, 28, 29, 32, 35, 37, 42, 
  46, 48, 49, 50, 54, 55, 57, 63 ],
[ 1, 2, 3, 7, 10, 12, 15, 16, 19, 20, 25, 26, 27, 29, 31, 33, 34, 35, 38, 40, 
  41, 42, 46, 47, 49, 51, 57, 63 ],
[ 1, 2, 3, 7, 10, 12, 15, 16, 18, 19, 20, 26, 27, 28, 29, 31, 33, 35, 38, 39, 
  40, 42, 47, 48, 53, 55, 61, 62 ],
[ 1, 2, 3, 7, 10, 12, 15, 16, 17, 19, 20, 24, 25, 26, 29, 31, 34, 35, 38, 39, 
  41, 42, 50, 51, 53, 54, 61, 62 ],
[ 1, 2, 3, 7, 10, 12, 15, 16, 17, 18, 19, 20, 24, 26, 28, 29, 31, 35, 38, 42, 
  46, 48, 49, 50, 54, 55, 57, 63 ],
[ 1, 2, 3, 6, 7, 12, 14, 16, 19, 22, 25, 26, 27, 29, 30, 33, 34, 35, 37, 40, 
  41, 46, 47, 49, 51, 52, 57, 63 ],
[ 1, 2, 3, 6, 7, 12, 14, 16, 18, 19, 22, 26, 27, 28, 29, 30, 33, 35, 37, 39, 
  40, 47, 48, 52, 53, 55, 61, 62 ],
[ 1, 2, 3, 6, 7, 12, 14, 16, 17, 19, 22, 24, 25, 26, 29, 30, 34, 35, 37, 39, 
  41, 50, 51, 52, 53, 54, 61, 62 ],
[ 1, 2, 3, 6, 7, 12, 14, 16, 17, 18, 19, 22, 24, 26, 28, 29, 30, 35, 37, 46, 
  48, 49, 50, 52, 54, 55, 57, 63 ],
[ 1, 2, 3, 6, 7, 10, 12, 16, 19, 22, 25, 26, 27, 29, 31, 33, 34, 35, 36, 40, 
  41, 46, 47, 49, 51, 56, 57, 63 ],
[ 1, 2, 3, 6, 7, 10, 12, 16, 18, 19, 22, 26, 27, 28, 29, 31, 33, 35, 36, 39, 
  40, 47, 48, 53, 55, 56, 61, 62 ],
[ 1, 2, 3, 6, 7, 10, 12, 16, 17, 19, 22, 24, 25, 26, 29, 31, 34, 35, 36, 39, 
  41, 50, 51, 53, 54, 56, 61, 62 ],
[ 1, 2, 3, 6, 7, 10, 12, 16, 17, 18, 19, 22, 24, 26, 28, 29, 31, 35, 36, 46, 
  48, 49, 50, 54, 55, 56, 57, 63 ],
[ 1, 2, 3, 5, 7, 12, 15, 16, 21, 22, 24, 26, 29, 30, 34, 35, 38, 39, 41, 42, 
  44, 49, 50, 51, 52, 54, 58, 63 ],
[ 1, 2, 3, 5, 7, 12, 15, 16, 21, 22, 24, 26, 29, 30, 33, 34, 35, 38, 39, 41, 
  42, 44, 49, 50, 51, 52, 53, 58 ],
[ 1, 2, 3, 5, 7, 12, 15, 16, 21, 22, 24, 26, 28, 29, 30, 33, 34, 35, 38, 39, 
  41, 42, 50, 52, 53, 60, 62, 64 ],
[ 1, 2, 3, 5, 7, 12, 15, 16, 21, 22, 24, 26, 27, 29, 30, 34, 35, 38, 39, 41, 
  42, 44, 51, 52, 54, 58, 62, 63 ],
[ 1, 2, 3, 5, 7, 12, 15, 16, 19, 21, 25, 26, 27, 29, 30, 33, 34, 35, 38, 40, 
  41, 46, 47, 49, 51, 52, 57, 63 ],
[ 1, 2, 3, 5, 7, 12, 15, 16, 18, 21, 22, 24, 26, 29, 30, 35, 38, 42, 44, 49, 
  50, 51, 52, 53, 54, 55, 57, 58 ],
[ 1, 2, 3, 5, 7, 12, 15, 16, 18, 21, 22, 24, 26, 29, 30, 33, 35, 38, 42, 44, 
  49, 50, 51, 52, 55, 57, 58, 63 ],
[ 1, 2, 3, 5, 7, 12, 15, 16, 18, 21, 22, 24, 26, 28, 29, 30, 33, 35, 38, 42, 
  50, 52, 55, 57, 60, 62, 63, 64 ],
[ 1, 2, 3, 5, 7, 12, 15, 16, 18, 21, 22, 24, 26, 27, 29, 30, 33, 35, 38, 42, 
  44, 51, 52, 55, 57, 58, 62, 63 ],
[ 1, 2, 3, 5, 7, 12, 15, 16, 18, 21, 22, 24, 26, 27, 28, 29, 30, 35, 38, 42, 
  49, 52, 53, 54, 55, 57, 60, 64 ],
[ 1, 2, 3, 5, 7, 12, 15, 16, 18, 21, 22, 24, 26, 27, 28, 29, 30, 33, 35, 38, 
  42, 49, 52, 55, 57, 60, 63, 64 ],
[ 1, 2, 3, 5, 7, 12, 15, 16, 18, 19, 21, 26, 27, 28, 29, 30, 33, 35, 38, 39, 
  40, 47, 48, 52, 53, 55, 61, 62 ],
[ 1, 2, 3, 5, 7, 12, 15, 16, 17, 19, 21, 24, 25, 26, 29, 30, 34, 35, 38, 39, 
  41, 50, 51, 52, 53, 54, 61, 62 ],
[ 1, 2, 3, 5, 7, 12, 15, 16, 17, 18, 19, 21, 24, 26, 28, 29, 30, 35, 38, 46, 
  48, 49, 50, 52, 54, 55, 57, 63 ],
[ 1, 2, 3, 5, 7, 12, 13, 15, 16, 21, 22, 24, 26, 28, 29, 30, 33, 38, 39, 41, 
  42, 50, 52, 53, 55, 60, 62, 64 ],
[ 1, 2, 3, 5, 7, 12, 13, 15, 16, 21, 22, 24, 26, 27, 29, 30, 38, 39, 41, 42, 
  44, 51, 52, 54, 55, 58, 62, 63 ],
[ 1, 2, 3, 5, 7, 12, 13, 15, 16, 21, 22, 24, 26, 27, 28, 29, 30, 38, 39, 41, 
  42, 49, 52, 54, 55, 60, 63, 64 ],
[ 1, 2, 3, 5, 7, 12, 13, 15, 16, 21, 22, 24, 26, 27, 28, 29, 30, 33, 38, 39, 
  41, 42, 49, 52, 53, 55, 60, 64 ],
[ 1, 2, 3, 5, 7, 12, 13, 15, 16, 19, 21, 26, 27, 28, 29, 30, 38, 40, 41, 47, 
  48, 52, 53, 54, 55, 57, 61, 62 ],
[ 1, 2, 3, 5, 7, 12, 13, 15, 16, 18, 21, 22, 24, 26, 28, 29, 30, 33, 34, 38, 
  42, 50, 52, 57, 60, 62, 63, 64 ],
[ 1, 2, 3, 5, 7, 12, 13, 15, 16, 18, 21, 22, 24, 26, 27, 29, 30, 33, 34, 38, 
  42, 44, 51, 52, 57, 58, 62, 63 ],
[ 1, 2, 3, 5, 7, 12, 13, 15, 16, 18, 19, 21, 26, 27, 29, 30, 38, 39, 40, 47, 
  48, 49, 51, 52, 53, 54, 55, 61 ],
[ 1, 2, 3, 5, 7, 12, 13, 15, 16, 17, 19, 21, 24, 26, 28, 29, 30, 33, 38, 39, 
  41, 46, 48, 49, 50, 52, 55, 63 ],
[ 1, 2, 3, 5, 7, 12, 13, 15, 16, 17, 18, 19, 21, 24, 26, 29, 30, 33, 38, 46, 
  48, 50, 51, 52, 55, 57, 62, 63 ],
[ 1, 2, 3, 5, 7, 11, 12, 16, 21, 22, 24, 26, 29, 32, 34, 35, 36, 39, 41, 42, 
  44, 49, 50, 51, 54, 56, 58, 63 ],
[ 1, 2, 3, 5, 7, 11, 12, 16, 21, 22, 24, 26, 29, 32, 33, 34, 35, 36, 39, 41, 
  42, 44, 49, 50, 51, 53, 56, 58 ],
[ 1, 2, 3, 5, 7, 11, 12, 16, 21, 22, 24, 26, 28, 29, 32, 33, 34, 35, 36, 39, 
  41, 42, 50, 53, 56, 60, 62, 64 ],
[ 1, 2, 3, 5, 7, 11, 12, 16, 21, 22, 24, 26, 27, 29, 32, 34, 35, 36, 39, 41, 
  42, 44, 51, 54, 56, 58, 62, 63 ],
[ 1, 2, 3, 5, 7, 11, 12, 16, 19, 21, 25, 26, 27, 29, 32, 33, 34, 35, 36, 40, 
  41, 46, 47, 49, 51, 56, 57, 63 ],
[ 1, 2, 3, 5, 7, 11, 12, 16, 18, 21, 22, 24, 26, 29, 32, 35, 36, 42, 44, 49, 
  50, 51, 53, 54, 55, 56, 57, 58 ],
[ 1, 2, 3, 5, 7, 11, 12, 16, 18, 21, 22, 24, 26, 29, 32, 33, 35, 36, 42, 44, 
  49, 50, 51, 55, 56, 57, 58, 63 ],
[ 1, 2, 3, 5, 7, 11, 12, 16, 18, 21, 22, 24, 26, 28, 29, 32, 33, 35, 36, 42, 
  50, 55, 56, 57, 60, 62, 63, 64 ],
[ 1, 2, 3, 5, 7, 11, 12, 16, 18, 21, 22, 24, 26, 27, 29, 32, 33, 35, 36, 42, 
  44, 51, 55, 56, 57, 58, 62, 63 ],
[ 1, 2, 3, 5, 7, 11, 12, 16, 18, 21, 22, 24, 26, 27, 28, 29, 32, 35, 36, 42, 
  49, 53, 54, 55, 56, 57, 60, 64 ],
[ 1, 2, 3, 5, 7, 11, 12, 16, 18, 21, 22, 24, 26, 27, 28, 29, 32, 33, 35, 36, 
  42, 49, 55, 56, 57, 60, 63, 64 ],
[ 1, 2, 3, 5, 7, 11, 12, 16, 18, 19, 21, 26, 27, 28, 29, 32, 33, 35, 36, 39, 
  40, 47, 48, 53, 55, 56, 61, 62 ],
[ 1, 2, 3, 5, 7, 11, 12, 16, 17, 19, 21, 24, 25, 26, 29, 32, 34, 35, 36, 39, 
  41, 50, 51, 53, 54, 56, 61, 62 ],
[ 1, 2, 3, 5, 7, 11, 12, 16, 17, 18, 19, 21, 24, 26, 28, 29, 32, 35, 36, 46, 
  48, 49, 50, 54, 55, 56, 57, 63 ],
[ 1, 2, 3, 5, 7, 11, 12, 13, 16, 21, 22, 24, 26, 28, 29, 32, 33, 36, 39, 41, 
  42, 50, 53, 55, 56, 60, 62, 64 ],
[ 1, 2, 3, 5, 7, 11, 12, 13, 16, 21, 22, 24, 26, 27, 29, 32, 36, 39, 41, 42, 
  44, 51, 54, 55, 56, 58, 62, 63 ],
[ 1, 2, 3, 5, 7, 11, 12, 13, 16, 21, 22, 24, 26, 27, 28, 29, 32, 36, 39, 41, 
  42, 49, 54, 55, 56, 60, 63, 64 ],
[ 1, 2, 3, 5, 7, 11, 12, 13, 16, 21, 22, 24, 26, 27, 28, 29, 32, 33, 36, 39, 
  41, 42, 49, 53, 55, 56, 60, 64 ],
[ 1, 2, 3, 5, 7, 11, 12, 13, 16, 19, 21, 26, 27, 29, 32, 34, 36, 40, 41, 47, 
  48, 49, 51, 54, 56, 57, 61, 63 ],
[ 1, 2, 3, 5, 7, 11, 12, 13, 16, 18, 21, 22, 24, 26, 28, 29, 32, 33, 34, 36, 
  42, 50, 56, 57, 60, 62, 63, 64 ],
[ 1, 2, 3, 5, 7, 11, 12, 13, 16, 18, 21, 22, 24, 26, 27, 29, 32, 33, 34, 36, 
  42, 44, 51, 56, 57, 58, 62, 63 ],
[ 1, 2, 3, 5, 7, 11, 12, 13, 16, 18, 19, 21, 26, 27, 29, 32, 36, 39, 40, 47, 
  48, 49, 51, 53, 54, 55, 56, 61 ],
[ 1, 2, 3, 5, 7, 11, 12, 13, 16, 17, 19, 21, 24, 26, 29, 32, 33, 34, 36, 39, 
  41, 46, 48, 50, 51, 53, 56, 62 ],
[ 1, 2, 3, 5, 7, 11, 12, 13, 16, 17, 18, 19, 21, 24, 26, 29, 32, 33, 36, 46, 
  48, 50, 51, 55, 56, 57, 62, 63 ]
];

