## Group: [64, 49]
## Difference Sets: 52
## Time:  0:06:34.114

return [
[ 1, 4, 6, 7, 8, 12, 16, 19, 22, 24, 26, 28, 29, 30, 31, 32, 33, 35, 36, 37, 
  38, 39, 47, 50, 55, 57, 62, 63 ],
[ 1, 4, 6, 7, 8, 12, 16, 17, 19, 22, 26, 28, 29, 30, 31, 32, 33, 35, 36, 37, 
  38, 40, 46, 50, 55, 61, 62, 63 ],
[ 1, 4, 6, 7, 8, 12, 15, 16, 19, 22, 24, 26, 28, 29, 30, 31, 32, 35, 37, 39, 
  47, 50, 53, 54, 55, 56, 57, 62 ],
[ 1, 4, 6, 7, 8, 12, 15, 16, 19, 22, 24, 26, 27, 29, 30, 31, 32, 33, 34, 35, 
  37, 39, 47, 51, 53, 56, 57, 62 ],
[ 1, 4, 6, 7, 8, 12, 15, 16, 17, 19, 22, 26, 28, 29, 30, 31, 32, 35, 37, 40, 
  46, 50, 53, 54, 55, 56, 61, 62 ],
[ 1, 4, 6, 7, 8, 12, 15, 16, 17, 19, 22, 26, 27, 29, 30, 31, 32, 33, 34, 35, 
  37, 40, 46, 51, 53, 56, 61, 62 ],
[ 1, 4, 6, 7, 8, 12, 14, 16, 19, 22, 24, 26, 27, 29, 30, 31, 32, 35, 38, 39, 
  47, 51, 53, 54, 55, 56, 57, 62 ],
[ 1, 4, 6, 7, 8, 12, 14, 16, 17, 19, 22, 26, 27, 29, 30, 31, 32, 35, 38, 40, 
  46, 51, 53, 54, 55, 56, 61, 62 ],
[ 1, 4, 6, 7, 8, 12, 14, 15, 16, 19, 22, 24, 26, 28, 29, 30, 31, 32, 34, 35, 
  36, 39, 47, 50, 54, 57, 62, 63 ],
[ 1, 4, 6, 7, 8, 12, 14, 15, 16, 19, 22, 24, 26, 27, 29, 30, 31, 32, 33, 35, 
  36, 39, 47, 51, 55, 57, 62, 63 ],
[ 1, 4, 6, 7, 8, 12, 14, 15, 16, 17, 19, 22, 26, 28, 29, 30, 31, 32, 34, 35, 
  36, 40, 46, 50, 54, 61, 62, 63 ],
[ 1, 4, 6, 7, 8, 12, 14, 15, 16, 17, 19, 22, 26, 27, 29, 30, 31, 32, 33, 35, 
  36, 40, 46, 51, 55, 61, 62, 63 ],
[ 1, 4, 6, 7, 8, 12, 13, 14, 16, 19, 22, 24, 26, 28, 29, 30, 31, 32, 38, 39, 
  47, 50, 54, 55, 56, 57, 62, 63 ],
[ 1, 4, 6, 7, 8, 12, 13, 14, 16, 17, 19, 22, 26, 28, 29, 30, 31, 32, 38, 40, 
  46, 50, 54, 55, 56, 61, 62, 63 ],
[ 1, 4, 6, 7, 8, 11, 12, 14, 16, 19, 22, 24, 26, 27, 28, 29, 31, 33, 34, 35, 
  38, 39, 47, 49, 52, 53, 56, 57 ],
[ 1, 4, 6, 7, 8, 11, 12, 13, 16, 19, 22, 24, 26, 27, 28, 29, 31, 34, 36, 37, 
  38, 39, 47, 49, 52, 53, 54, 57 ],
[ 1, 4, 6, 7, 8, 11, 12, 13, 14, 15, 16, 19, 22, 24, 26, 27, 28, 29, 31, 33, 
  36, 39, 47, 49, 52, 53, 55, 57 ],
[ 1, 4, 6, 7, 8, 10, 12, 14, 16, 17, 19, 22, 26, 29, 32, 33, 34, 35, 38, 40, 
  46, 49, 50, 51, 52, 53, 56, 61 ],
[ 1, 4, 6, 7, 8, 10, 12, 13, 16, 17, 19, 22, 26, 29, 32, 34, 36, 37, 38, 40, 
  46, 49, 50, 51, 52, 53, 54, 61 ],
[ 1, 4, 6, 7, 8, 10, 12, 13, 14, 15, 16, 17, 19, 22, 26, 29, 32, 33, 36, 40, 
  46, 49, 50, 51, 52, 53, 55, 61 ],
[ 1, 4, 5, 7, 8, 12, 16, 19, 21, 25, 26, 28, 29, 30, 31, 32, 33, 35, 36, 37, 
  38, 39, 48, 50, 55, 57, 62, 63 ],
[ 1, 4, 5, 7, 8, 12, 15, 16, 19, 21, 25, 26, 28, 29, 30, 31, 32, 35, 37, 39, 
  48, 50, 53, 54, 55, 56, 57, 62 ],
[ 1, 4, 5, 7, 8, 12, 15, 16, 19, 21, 25, 26, 27, 29, 30, 31, 32, 33, 34, 35, 
  37, 39, 48, 51, 53, 56, 57, 62 ],
[ 1, 4, 5, 7, 8, 12, 14, 16, 19, 21, 25, 26, 27, 29, 30, 31, 32, 35, 38, 39, 
  48, 51, 53, 54, 55, 56, 57, 62 ],
[ 1, 4, 5, 7, 8, 12, 14, 15, 16, 19, 21, 25, 26, 28, 29, 30, 31, 32, 34, 35, 
  36, 39, 48, 50, 54, 57, 62, 63 ],
[ 1, 4, 5, 7, 8, 12, 14, 15, 16, 19, 21, 25, 26, 27, 29, 30, 31, 32, 33, 35, 
  36, 39, 48, 51, 55, 57, 62, 63 ],
[ 1, 4, 5, 7, 8, 12, 13, 16, 19, 21, 25, 26, 27, 29, 30, 31, 32, 33, 36, 37, 
  38, 39, 48, 51, 53, 55, 57, 62 ],
[ 1, 4, 5, 7, 8, 12, 13, 14, 16, 19, 21, 25, 26, 28, 29, 30, 31, 32, 38, 39, 
  48, 50, 54, 55, 56, 57, 62, 63 ],
[ 1, 2, 6, 7, 12, 13, 16, 17, 19, 22, 26, 28, 29, 30, 33, 35, 36, 37, 38, 41, 
  46, 47, 48, 50, 52, 54, 57, 62 ],
[ 1, 2, 6, 7, 12, 13, 15, 16, 17, 18, 19, 22, 25, 26, 29, 30, 33, 35, 37, 39, 
  47, 49, 50, 51, 52, 54, 56, 61 ],
[ 1, 2, 6, 7, 12, 13, 14, 16, 19, 22, 25, 26, 29, 30, 33, 35, 38, 39, 40, 41, 
  47, 49, 50, 51, 52, 54, 56, 61 ],
[ 1, 2, 6, 7, 12, 13, 14, 15, 16, 18, 19, 22, 26, 28, 29, 30, 33, 35, 36, 40, 
  46, 47, 48, 50, 52, 54, 57, 62 ],
[ 1, 2, 6, 7, 10, 12, 13, 16, 17, 19, 22, 26, 28, 29, 31, 35, 36, 37, 38, 41, 
  46, 47, 48, 50, 53, 57, 62, 63 ],
[ 1, 2, 6, 7, 10, 12, 13, 15, 16, 17, 18, 19, 22, 25, 26, 29, 31, 35, 37, 39, 
  47, 49, 50, 51, 53, 56, 61, 63 ],
[ 1, 2, 6, 7, 10, 12, 13, 14, 16, 17, 18, 19, 22, 25, 26, 27, 28, 29, 31, 35, 
  38, 39, 47, 49, 53, 56, 61, 63 ],
[ 1, 2, 6, 7, 10, 12, 13, 14, 15, 16, 17, 19, 22, 26, 27, 29, 31, 35, 36, 41, 
  46, 47, 48, 51, 53, 57, 62, 63 ],
[ 1, 2, 3, 7, 11, 12, 14, 16, 19, 20, 26, 28, 29, 32, 34, 35, 37, 39, 40, 41, 
  42, 46, 47, 48, 50, 54, 62, 63 ],
[ 1, 2, 3, 7, 11, 12, 14, 16, 19, 20, 26, 27, 29, 32, 33, 35, 37, 39, 40, 41, 
  42, 46, 47, 48, 51, 55, 62, 63 ],
[ 1, 2, 3, 7, 11, 12, 14, 16, 18, 19, 20, 24, 26, 27, 28, 29, 32, 35, 37, 40, 
  42, 48, 49, 53, 54, 55, 57, 61 ],
[ 1, 2, 3, 7, 11, 12, 14, 16, 17, 18, 19, 20, 24, 25, 26, 27, 29, 32, 33, 35, 
  37, 39, 42, 46, 51, 55, 62, 63 ],
[ 1, 2, 3, 6, 7, 12, 14, 16, 19, 22, 26, 28, 29, 30, 34, 35, 37, 39, 40, 41, 
  46, 47, 48, 50, 52, 54, 62, 63 ],
[ 1, 2, 3, 6, 7, 12, 14, 16, 19, 22, 26, 27, 29, 30, 33, 35, 37, 39, 40, 41, 
  46, 47, 48, 51, 52, 55, 62, 63 ],
[ 1, 2, 3, 6, 7, 12, 14, 16, 19, 22, 24, 25, 26, 28, 29, 30, 33, 35, 37, 39, 
  40, 41, 46, 50, 52, 55, 62, 63 ],
[ 1, 2, 3, 6, 7, 12, 14, 16, 17, 19, 22, 25, 26, 29, 30, 33, 34, 35, 37, 41, 
  47, 49, 50, 51, 52, 53, 57, 61 ],
[ 1, 2, 3, 6, 7, 10, 12, 16, 19, 22, 26, 28, 29, 31, 34, 35, 36, 39, 40, 41, 
  46, 47, 48, 50, 54, 56, 62, 63 ],
[ 1, 2, 3, 6, 7, 10, 12, 16, 19, 22, 26, 27, 29, 31, 33, 35, 36, 39, 40, 41, 
  46, 47, 48, 51, 55, 56, 62, 63 ],
[ 1, 2, 3, 6, 7, 10, 12, 16, 19, 22, 24, 25, 26, 28, 29, 31, 33, 35, 36, 39, 
  40, 41, 46, 50, 55, 56, 62, 63 ],
[ 1, 2, 3, 6, 7, 10, 12, 16, 17, 18, 19, 22, 26, 27, 29, 31, 34, 35, 36, 39, 
  46, 47, 48, 51, 54, 56, 62, 63 ],
[ 1, 2, 3, 5, 7, 11, 12, 16, 19, 21, 26, 28, 29, 32, 34, 35, 36, 39, 40, 41, 
  46, 47, 48, 50, 54, 56, 62, 63 ],
[ 1, 2, 3, 5, 7, 11, 12, 16, 19, 21, 26, 27, 29, 32, 33, 35, 36, 39, 40, 41, 
  46, 47, 48, 51, 55, 56, 62, 63 ],
[ 1, 2, 3, 5, 7, 11, 12, 16, 17, 19, 21, 25, 26, 29, 32, 33, 34, 35, 36, 41, 
  47, 49, 50, 51, 53, 56, 57, 61 ],
[ 1, 2, 3, 5, 7, 11, 12, 16, 17, 18, 19, 21, 24, 25, 26, 27, 29, 32, 33, 35, 
  36, 39, 46, 51, 55, 56, 62, 63 ]
];

