## Group: [64, 42]
## Difference Sets: 60
## Time:  0:04:47.788

return [
[ 1, 3, 8, 11, 12, 13, 15, 16, 18, 19, 21, 22, 26, 27, 28, 29, 31, 33, 35, 
  38, 40, 42, 46, 49, 52, 54, 57, 61 ],
[ 1, 3, 8, 11, 12, 13, 15, 16, 18, 19, 21, 22, 24, 26, 27, 28, 29, 31, 35, 
  38, 40, 42, 47, 49, 52, 53, 57, 63 ],
[ 1, 3, 8, 11, 12, 13, 14, 16, 18, 19, 21, 22, 25, 26, 27, 28, 29, 31, 35, 
  37, 40, 42, 48, 49, 52, 53, 57, 63 ],
[ 1, 3, 8, 10, 12, 13, 15, 16, 18, 19, 21, 22, 26, 29, 32, 33, 35, 38, 40, 
  42, 46, 49, 50, 51, 52, 54, 57, 61 ],
[ 1, 3, 8, 10, 12, 13, 15, 16, 18, 19, 21, 22, 24, 26, 29, 32, 35, 38, 40, 
  42, 47, 49, 50, 51, 52, 53, 57, 63 ],
[ 1, 3, 8, 10, 12, 13, 15, 16, 17, 19, 21, 22, 26, 27, 28, 29, 32, 33, 35, 
  38, 41, 42, 46, 49, 52, 54, 57, 61 ],
[ 1, 3, 8, 10, 12, 13, 15, 16, 17, 19, 21, 22, 24, 26, 27, 28, 29, 32, 35, 
  38, 41, 42, 47, 49, 52, 53, 57, 63 ],
[ 1, 3, 8, 10, 12, 13, 14, 16, 18, 19, 21, 22, 25, 26, 29, 32, 35, 37, 40, 
  42, 48, 49, 50, 51, 52, 53, 57, 63 ],
[ 1, 3, 8, 10, 12, 13, 14, 16, 17, 19, 21, 22, 25, 26, 27, 28, 29, 32, 35, 
  37, 41, 42, 48, 49, 52, 53, 57, 63 ],
[ 1, 3, 8, 10, 11, 12, 13, 15, 16, 18, 19, 21, 22, 26, 27, 29, 30, 33, 35, 
  38, 40, 42, 46, 51, 54, 57, 61, 62 ],
[ 1, 3, 8, 10, 11, 12, 13, 15, 16, 18, 19, 21, 22, 24, 26, 27, 29, 30, 35, 
  38, 40, 42, 47, 51, 53, 57, 62, 63 ],
[ 1, 3, 8, 10, 11, 12, 13, 14, 16, 18, 19, 21, 22, 25, 26, 27, 29, 30, 35, 
  37, 40, 42, 48, 51, 53, 57, 62, 63 ],
[ 1, 3, 8, 9, 12, 13, 15, 16, 18, 19, 21, 22, 26, 27, 30, 31, 32, 33, 35, 38, 
  40, 42, 46, 49, 51, 54, 57, 61 ],
[ 1, 3, 8, 9, 12, 13, 15, 16, 18, 19, 21, 22, 24, 26, 27, 30, 31, 32, 35, 38, 
  40, 42, 47, 49, 51, 53, 57, 63 ],
[ 1, 3, 8, 9, 12, 13, 15, 16, 17, 19, 21, 22, 26, 28, 30, 31, 32, 33, 35, 38, 
  41, 42, 46, 49, 50, 54, 57, 61 ],
[ 1, 3, 8, 9, 12, 13, 15, 16, 17, 19, 21, 22, 24, 26, 28, 30, 31, 32, 35, 38, 
  41, 42, 47, 49, 50, 53, 57, 63 ],
[ 1, 3, 8, 9, 12, 13, 14, 16, 18, 19, 21, 22, 25, 26, 27, 30, 31, 32, 35, 37, 
  40, 42, 48, 49, 51, 53, 57, 63 ],
[ 1, 3, 8, 9, 12, 13, 14, 16, 17, 19, 21, 22, 25, 26, 28, 30, 31, 32, 35, 37, 
  41, 42, 48, 49, 50, 53, 57, 63 ],
[ 1, 3, 8, 9, 11, 12, 13, 14, 16, 17, 19, 21, 22, 25, 26, 27, 28, 31, 35, 37, 
  41, 42, 48, 52, 53, 57, 62, 63 ],
[ 1, 3, 8, 9, 10, 11, 12, 13, 15, 16, 17, 19, 21, 22, 26, 27, 30, 33, 35, 38, 
  41, 42, 46, 49, 51, 54, 57, 61 ],
[ 1, 3, 8, 9, 10, 11, 12, 13, 15, 16, 17, 19, 21, 22, 24, 26, 27, 30, 35, 38, 
  41, 42, 47, 49, 51, 53, 57, 63 ],
[ 1, 3, 8, 9, 10, 11, 12, 13, 14, 16, 17, 19, 21, 22, 25, 26, 27, 30, 35, 37, 
  41, 42, 48, 49, 51, 53, 57, 63 ],
[ 1, 3, 7, 9, 12, 15, 16, 19, 20, 25, 26, 27, 29, 30, 31, 32, 34, 35, 38, 39, 
  40, 41, 42, 47, 50, 54, 61, 63 ],
[ 1, 3, 7, 9, 12, 15, 16, 17, 18, 19, 20, 25, 26, 27, 29, 30, 31, 32, 33, 35, 
  38, 39, 42, 47, 50, 55, 61, 63 ],
[ 1, 3, 6, 8, 12, 13, 15, 16, 17, 18, 19, 20, 21, 24, 26, 28, 29, 30, 31, 32, 
  35, 38, 39, 47, 50, 53, 62, 63 ],
[ 1, 3, 6, 8, 9, 11, 12, 13, 15, 16, 17, 18, 19, 20, 21, 24, 26, 31, 35, 38, 
  39, 47, 50, 51, 52, 53, 62, 63 ],
[ 1, 3, 6, 8, 9, 10, 12, 13, 15, 16, 17, 18, 19, 20, 21, 24, 26, 27, 28, 32, 
  35, 38, 39, 47, 52, 53, 62, 63 ],
[ 1, 3, 5, 7, 9, 12, 15, 16, 19, 21, 25, 26, 29, 30, 31, 32, 34, 35, 38, 39, 
  40, 41, 47, 49, 54, 61, 62, 63 ],
[ 1, 3, 5, 7, 9, 11, 12, 15, 16, 17, 19, 21, 24, 25, 26, 29, 31, 35, 38, 41, 
  46, 49, 52, 53, 54, 55, 57, 62 ],
[ 1, 3, 4, 8, 12, 13, 15, 16, 18, 21, 22, 26, 27, 29, 30, 31, 32, 33, 35, 38, 
  39, 40, 42, 46, 51, 54, 61, 62 ],
[ 1, 3, 4, 8, 11, 12, 13, 15, 16, 18, 21, 22, 26, 29, 31, 33, 35, 38, 39, 40, 
  42, 46, 49, 50, 51, 52, 54, 61 ],
[ 1, 3, 4, 8, 10, 11, 12, 13, 15, 16, 18, 21, 22, 26, 28, 29, 30, 33, 35, 38, 
  39, 40, 42, 46, 50, 54, 61, 62 ],
[ 1, 2, 7, 11, 12, 13, 16, 18, 19, 20, 24, 25, 26, 28, 29, 32, 33, 35, 36, 
  37, 38, 40, 42, 46, 50, 54, 57, 62 ],
[ 1, 2, 7, 11, 12, 13, 16, 17, 19, 20, 26, 28, 29, 32, 33, 35, 36, 37, 38, 
  41, 42, 46, 47, 48, 50, 54, 57, 62 ],
[ 1, 2, 6, 7, 12, 13, 16, 18, 19, 22, 24, 25, 26, 28, 29, 30, 33, 35, 36, 37, 
  38, 40, 46, 50, 52, 54, 57, 62 ],
[ 1, 2, 6, 7, 12, 13, 16, 17, 19, 22, 24, 25, 26, 27, 29, 30, 33, 35, 36, 37, 
  38, 41, 46, 51, 52, 54, 57, 62 ],
[ 1, 2, 6, 7, 10, 12, 13, 16, 18, 19, 22, 24, 25, 26, 28, 29, 31, 35, 36, 37, 
  38, 40, 46, 50, 53, 57, 62, 63 ],
[ 1, 2, 6, 7, 10, 12, 13, 16, 17, 19, 22, 24, 25, 26, 27, 29, 31, 35, 36, 37, 
  38, 41, 46, 51, 53, 57, 62, 63 ],
[ 1, 2, 6, 7, 10, 12, 13, 15, 16, 19, 22, 24, 26, 29, 31, 35, 37, 39, 40, 41, 
  48, 49, 50, 51, 53, 56, 61, 63 ],
[ 1, 2, 6, 7, 10, 12, 13, 15, 16, 17, 18, 19, 22, 24, 26, 27, 28, 29, 31, 35, 
  37, 39, 48, 49, 53, 56, 61, 63 ],
[ 1, 2, 5, 7, 11, 12, 13, 16, 18, 19, 21, 24, 25, 26, 28, 29, 32, 35, 36, 37, 
  38, 40, 46, 50, 53, 57, 62, 63 ],
[ 1, 2, 5, 7, 11, 12, 13, 16, 17, 19, 21, 26, 28, 29, 32, 35, 36, 37, 38, 41, 
  46, 47, 48, 50, 53, 57, 62, 63 ],
[ 1, 2, 5, 7, 11, 12, 13, 15, 16, 19, 21, 24, 26, 29, 32, 35, 37, 39, 40, 41, 
  48, 49, 50, 51, 53, 56, 61, 63 ],
[ 1, 2, 5, 7, 11, 12, 13, 15, 16, 17, 18, 19, 21, 25, 26, 29, 32, 35, 37, 39, 
  47, 49, 50, 51, 53, 56, 61, 63 ],
[ 1, 2, 3, 7, 11, 12, 14, 16, 19, 20, 24, 25, 26, 27, 29, 32, 34, 35, 37, 39, 
  40, 41, 42, 46, 51, 54, 62, 63 ],
[ 1, 2, 3, 7, 11, 12, 14, 16, 18, 19, 20, 25, 26, 29, 32, 35, 37, 40, 42, 47, 
  49, 50, 51, 53, 54, 55, 57, 61 ],
[ 1, 2, 3, 7, 10, 12, 15, 16, 19, 20, 24, 25, 26, 27, 29, 31, 34, 35, 38, 39, 
  40, 41, 42, 46, 51, 54, 62, 63 ],
[ 1, 2, 3, 7, 10, 12, 15, 16, 18, 19, 20, 25, 26, 29, 31, 35, 38, 40, 42, 47, 
  49, 50, 51, 53, 54, 55, 57, 61 ],
[ 1, 2, 3, 6, 7, 12, 14, 16, 19, 22, 24, 25, 26, 27, 29, 30, 34, 35, 37, 39, 
  40, 41, 46, 51, 52, 54, 62, 63 ],
[ 1, 2, 3, 6, 7, 12, 14, 16, 18, 19, 22, 25, 26, 27, 28, 29, 30, 33, 34, 35, 
  37, 40, 47, 49, 52, 53, 57, 61 ],
[ 1, 2, 3, 6, 7, 10, 12, 16, 19, 22, 24, 25, 26, 27, 29, 31, 34, 35, 36, 39, 
  40, 41, 46, 51, 54, 56, 62, 63 ],
[ 1, 2, 3, 6, 7, 10, 12, 16, 18, 19, 22, 25, 26, 29, 31, 35, 36, 40, 47, 49, 
  50, 51, 53, 54, 55, 56, 57, 61 ],
[ 1, 2, 3, 6, 7, 10, 12, 16, 18, 19, 22, 24, 26, 29, 31, 33, 34, 35, 36, 40, 
  48, 49, 50, 51, 53, 56, 57, 61 ],
[ 1, 2, 3, 6, 7, 10, 12, 16, 17, 19, 22, 25, 26, 27, 28, 29, 31, 35, 36, 41, 
  47, 49, 53, 54, 55, 56, 57, 61 ],
[ 1, 2, 3, 5, 7, 12, 15, 16, 19, 21, 24, 25, 26, 27, 29, 30, 34, 35, 38, 39, 
  40, 41, 46, 51, 52, 54, 62, 63 ],
[ 1, 2, 3, 5, 7, 12, 15, 16, 18, 19, 21, 25, 26, 27, 28, 29, 30, 33, 34, 35, 
  38, 40, 47, 49, 52, 53, 57, 61 ],
[ 1, 2, 3, 5, 7, 11, 12, 16, 19, 21, 24, 25, 26, 27, 29, 32, 34, 35, 36, 39, 
  40, 41, 46, 51, 54, 56, 62, 63 ],
[ 1, 2, 3, 5, 7, 11, 12, 16, 18, 19, 21, 25, 26, 29, 32, 35, 36, 40, 47, 49, 
  50, 51, 53, 54, 55, 56, 57, 61 ],
[ 1, 2, 3, 5, 7, 11, 12, 16, 17, 19, 21, 25, 26, 27, 28, 29, 32, 35, 36, 41, 
  47, 49, 53, 54, 55, 56, 57, 61 ],
[ 1, 2, 3, 5, 7, 11, 12, 16, 17, 19, 21, 24, 26, 27, 28, 29, 32, 33, 34, 35, 
  36, 41, 48, 49, 53, 56, 57, 61 ]
];

