## Group: [64, 43]
## Difference Sets: 340
## Time:  0:05:13.481

return [
[ 1, 3, 8, 11, 12, 13, 15, 16, 18, 19, 21, 22, 26, 27, 28, 29, 31, 33, 35, 
  38, 40, 42, 46, 49, 52, 54, 57, 61 ],
[ 1, 3, 8, 11, 12, 13, 15, 16, 18, 19, 21, 22, 24, 26, 27, 28, 29, 31, 35, 
  38, 40, 42, 47, 49, 52, 53, 57, 63 ],
[ 1, 3, 8, 11, 12, 13, 14, 16, 18, 19, 21, 22, 25, 26, 27, 28, 29, 31, 35, 
  37, 40, 42, 48, 49, 52, 53, 57, 63 ],
[ 1, 3, 8, 10, 12, 13, 15, 16, 18, 19, 21, 22, 26, 29, 32, 33, 35, 38, 40, 
  42, 46, 49, 50, 51, 52, 54, 57, 61 ],
[ 1, 3, 8, 10, 12, 13, 15, 16, 18, 19, 21, 22, 24, 26, 29, 32, 35, 38, 40, 
  42, 47, 49, 50, 51, 52, 53, 57, 63 ],
[ 1, 3, 8, 10, 12, 13, 15, 16, 17, 19, 21, 22, 26, 27, 28, 29, 32, 33, 35, 
  38, 41, 42, 46, 49, 52, 54, 57, 61 ],
[ 1, 3, 8, 10, 12, 13, 15, 16, 17, 19, 21, 22, 24, 26, 27, 28, 29, 32, 35, 
  38, 41, 42, 47, 49, 52, 53, 57, 63 ],
[ 1, 3, 8, 10, 12, 13, 14, 16, 18, 19, 21, 22, 25, 26, 29, 32, 35, 37, 40, 
  42, 48, 49, 50, 51, 52, 53, 57, 63 ],
[ 1, 3, 8, 10, 12, 13, 14, 16, 17, 19, 21, 22, 25, 26, 27, 28, 29, 32, 35, 
  37, 41, 42, 48, 49, 52, 53, 57, 63 ],
[ 1, 3, 8, 10, 11, 12, 13, 15, 16, 18, 19, 21, 22, 26, 27, 29, 30, 33, 35, 
  38, 40, 42, 46, 51, 54, 57, 61, 62 ],
[ 1, 3, 8, 10, 11, 12, 13, 15, 16, 18, 19, 21, 22, 24, 26, 27, 29, 30, 35, 
  38, 40, 42, 47, 51, 53, 57, 62, 63 ],
[ 1, 3, 8, 10, 11, 12, 13, 14, 16, 18, 19, 21, 22, 25, 26, 27, 29, 30, 35, 
  37, 40, 42, 48, 51, 53, 57, 62, 63 ],
[ 1, 3, 8, 9, 12, 13, 15, 16, 18, 19, 21, 22, 26, 27, 30, 31, 32, 33, 35, 38, 
  40, 42, 46, 49, 51, 54, 57, 61 ],
[ 1, 3, 8, 9, 12, 13, 15, 16, 18, 19, 21, 22, 24, 26, 27, 30, 31, 32, 35, 38, 
  40, 42, 47, 49, 51, 53, 57, 63 ],
[ 1, 3, 8, 9, 12, 13, 15, 16, 17, 19, 21, 22, 26, 28, 30, 31, 32, 33, 35, 38, 
  41, 42, 46, 49, 50, 54, 57, 61 ],
[ 1, 3, 8, 9, 12, 13, 15, 16, 17, 19, 21, 22, 24, 26, 28, 30, 31, 32, 35, 38, 
  41, 42, 47, 49, 50, 53, 57, 63 ],
[ 1, 3, 8, 9, 12, 13, 14, 16, 18, 19, 21, 22, 25, 26, 27, 30, 31, 32, 35, 37, 
  40, 42, 48, 49, 51, 53, 57, 63 ],
[ 1, 3, 8, 9, 12, 13, 14, 16, 17, 19, 21, 22, 25, 26, 28, 30, 31, 32, 35, 37, 
  41, 42, 48, 49, 50, 53, 57, 63 ],
[ 1, 3, 8, 9, 11, 12, 13, 14, 16, 17, 19, 21, 22, 25, 26, 27, 28, 31, 35, 37, 
  41, 42, 48, 52, 53, 57, 62, 63 ],
[ 1, 3, 8, 9, 10, 11, 12, 13, 15, 16, 17, 19, 21, 22, 26, 27, 30, 33, 35, 38, 
  41, 42, 46, 49, 51, 54, 57, 61 ],
[ 1, 3, 8, 9, 10, 11, 12, 13, 15, 16, 17, 19, 21, 22, 24, 26, 27, 30, 35, 38, 
  41, 42, 47, 49, 51, 53, 57, 63 ],
[ 1, 3, 8, 9, 10, 11, 12, 13, 14, 16, 17, 19, 21, 22, 25, 26, 27, 30, 35, 37, 
  41, 42, 48, 49, 51, 53, 57, 63 ],
[ 1, 3, 7, 9, 12, 15, 16, 19, 20, 25, 26, 27, 29, 30, 31, 32, 34, 35, 38, 39, 
  40, 41, 42, 47, 50, 54, 61, 63 ],
[ 1, 3, 7, 9, 12, 15, 16, 17, 18, 19, 20, 25, 26, 27, 29, 30, 31, 32, 33, 35, 
  38, 39, 42, 47, 50, 55, 61, 63 ],
[ 1, 3, 6, 8, 12, 13, 15, 16, 17, 18, 19, 20, 21, 24, 26, 28, 29, 30, 31, 32, 
  35, 38, 39, 47, 50, 53, 62, 63 ],
[ 1, 3, 6, 8, 9, 11, 12, 13, 15, 16, 17, 18, 19, 20, 21, 24, 26, 31, 35, 38, 
  39, 47, 50, 51, 52, 53, 62, 63 ],
[ 1, 3, 6, 8, 9, 10, 12, 13, 15, 16, 17, 18, 19, 20, 21, 24, 26, 27, 28, 32, 
  35, 38, 39, 47, 52, 53, 62, 63 ],
[ 1, 3, 5, 7, 9, 12, 15, 16, 19, 21, 25, 26, 29, 30, 31, 32, 34, 35, 38, 39, 
  40, 41, 47, 49, 54, 61, 62, 63 ],
[ 1, 3, 5, 7, 9, 11, 12, 15, 16, 17, 19, 21, 24, 25, 26, 29, 31, 35, 38, 41, 
  46, 49, 52, 53, 54, 55, 57, 62 ],
[ 1, 3, 4, 8, 12, 13, 15, 16, 18, 21, 22, 26, 27, 29, 30, 31, 32, 33, 35, 38, 
  39, 40, 42, 46, 51, 54, 61, 62 ],
[ 1, 3, 4, 8, 11, 12, 13, 15, 16, 18, 21, 22, 26, 29, 31, 33, 35, 38, 39, 40, 
  42, 46, 49, 50, 51, 52, 54, 61 ],
[ 1, 3, 4, 8, 10, 11, 12, 13, 15, 16, 18, 21, 22, 26, 28, 29, 30, 33, 35, 38, 
  39, 40, 42, 46, 50, 54, 61, 62 ],
[ 1, 2, 8, 9, 11, 12, 16, 19, 20, 21, 22, 26, 27, 29, 32, 33, 34, 35, 37, 38, 
  40, 41, 46, 50, 56, 57, 61, 63 ],
[ 1, 2, 8, 9, 11, 12, 16, 19, 20, 21, 22, 24, 26, 29, 32, 33, 34, 35, 37, 38, 
  40, 41, 47, 49, 56, 57, 62, 63 ],
[ 1, 2, 8, 9, 11, 12, 16, 18, 19, 21, 22, 26, 27, 29, 32, 34, 35, 36, 37, 38, 
  40, 42, 46, 50, 54, 57, 61, 63 ],
[ 1, 2, 8, 9, 11, 12, 16, 18, 19, 21, 22, 26, 27, 29, 32, 33, 35, 37, 38, 39, 
  40, 42, 46, 50, 55, 56, 61, 63 ],
[ 1, 2, 8, 9, 11, 12, 16, 18, 19, 21, 22, 26, 27, 29, 32, 33, 35, 36, 37, 38, 
  40, 42, 46, 50, 55, 57, 61, 63 ],
[ 1, 2, 8, 9, 11, 12, 16, 18, 19, 21, 22, 24, 26, 29, 32, 34, 35, 36, 37, 38, 
  40, 42, 47, 49, 54, 57, 62, 63 ],
[ 1, 2, 8, 9, 11, 12, 16, 18, 19, 21, 22, 24, 26, 29, 32, 33, 35, 37, 38, 39, 
  40, 42, 47, 49, 55, 56, 62, 63 ],
[ 1, 2, 8, 9, 11, 12, 16, 18, 19, 21, 22, 24, 26, 29, 32, 33, 35, 36, 37, 38, 
  40, 42, 47, 49, 55, 57, 62, 63 ],
[ 1, 2, 8, 9, 11, 12, 16, 18, 19, 20, 21, 22, 26, 27, 29, 32, 33, 34, 35, 37, 
  38, 39, 40, 46, 50, 56, 61, 63 ],
[ 1, 2, 8, 9, 11, 12, 16, 18, 19, 20, 21, 22, 24, 26, 29, 32, 33, 34, 35, 37, 
  38, 39, 40, 47, 49, 56, 62, 63 ],
[ 1, 2, 8, 9, 11, 12, 16, 17, 19, 21, 22, 26, 27, 29, 32, 34, 35, 36, 37, 38, 
  41, 42, 46, 50, 54, 57, 61, 63 ],
[ 1, 2, 8, 9, 11, 12, 16, 17, 19, 21, 22, 26, 27, 29, 32, 33, 35, 37, 38, 39, 
  41, 42, 46, 50, 55, 56, 61, 63 ],
[ 1, 2, 8, 9, 11, 12, 16, 17, 19, 21, 22, 26, 27, 29, 32, 33, 35, 36, 37, 38, 
  41, 42, 46, 50, 55, 57, 61, 63 ],
[ 1, 2, 8, 9, 11, 12, 16, 17, 19, 21, 22, 24, 26, 29, 32, 34, 35, 36, 37, 38, 
  41, 42, 47, 49, 54, 57, 62, 63 ],
[ 1, 2, 8, 9, 11, 12, 16, 17, 19, 21, 22, 24, 26, 29, 32, 33, 35, 37, 38, 39, 
  41, 42, 47, 49, 55, 56, 62, 63 ],
[ 1, 2, 8, 9, 11, 12, 16, 17, 19, 21, 22, 24, 26, 29, 32, 33, 35, 36, 37, 38, 
  41, 42, 47, 49, 55, 57, 62, 63 ],
[ 1, 2, 8, 9, 11, 12, 16, 17, 19, 20, 21, 22, 26, 27, 29, 32, 35, 36, 37, 38, 
  41, 46, 50, 54, 55, 57, 61, 63 ],
[ 1, 2, 8, 9, 11, 12, 16, 17, 19, 20, 21, 22, 26, 27, 29, 32, 33, 34, 35, 37, 
  38, 41, 46, 50, 53, 56, 57, 61 ],
[ 1, 2, 8, 9, 11, 12, 16, 17, 19, 20, 21, 22, 26, 27, 29, 32, 33, 34, 35, 36, 
  37, 38, 41, 46, 50, 57, 61, 63 ],
[ 1, 2, 8, 9, 11, 12, 16, 17, 19, 20, 21, 22, 24, 26, 29, 32, 35, 36, 37, 38, 
  41, 47, 49, 54, 55, 57, 62, 63 ],
[ 1, 2, 8, 9, 11, 12, 16, 17, 19, 20, 21, 22, 24, 26, 29, 32, 33, 34, 35, 37, 
  38, 41, 47, 49, 53, 56, 57, 62 ],
[ 1, 2, 8, 9, 11, 12, 16, 17, 19, 20, 21, 22, 24, 26, 29, 32, 33, 34, 35, 36, 
  37, 38, 41, 47, 49, 57, 62, 63 ],
[ 1, 2, 8, 9, 11, 12, 16, 17, 18, 19, 20, 21, 22, 26, 27, 29, 32, 35, 37, 38, 
  46, 50, 54, 55, 56, 57, 61, 63 ],
[ 1, 2, 8, 9, 11, 12, 16, 17, 18, 19, 20, 21, 22, 26, 27, 29, 32, 34, 35, 37, 
  38, 46, 50, 53, 54, 56, 57, 61 ],
[ 1, 2, 8, 9, 11, 12, 16, 17, 18, 19, 20, 21, 22, 26, 27, 29, 32, 33, 35, 37, 
  38, 39, 46, 50, 55, 56, 61, 63 ],
[ 1, 2, 8, 9, 11, 12, 16, 17, 18, 19, 20, 21, 22, 24, 26, 29, 32, 35, 37, 38, 
  47, 49, 54, 55, 56, 57, 62, 63 ],
[ 1, 2, 8, 9, 11, 12, 16, 17, 18, 19, 20, 21, 22, 24, 26, 29, 32, 34, 35, 37, 
  38, 47, 49, 53, 54, 56, 57, 62 ],
[ 1, 2, 8, 9, 11, 12, 16, 17, 18, 19, 20, 21, 22, 24, 26, 29, 32, 33, 35, 37, 
  38, 39, 47, 49, 55, 56, 62, 63 ],
[ 1, 2, 8, 9, 11, 12, 15, 16, 18, 19, 21, 22, 26, 27, 29, 32, 35, 37, 40, 42, 
  46, 50, 53, 54, 55, 56, 57, 61 ],
[ 1, 2, 8, 9, 11, 12, 15, 16, 18, 19, 21, 22, 26, 27, 29, 32, 35, 37, 39, 40, 
  42, 46, 50, 54, 55, 56, 61, 63 ],
[ 1, 2, 8, 9, 11, 12, 15, 16, 18, 19, 21, 22, 26, 27, 29, 32, 33, 34, 35, 37, 
  40, 42, 46, 50, 53, 56, 57, 61 ],
[ 1, 2, 8, 9, 11, 12, 15, 16, 18, 19, 21, 22, 26, 27, 29, 32, 33, 34, 35, 37, 
  39, 40, 42, 46, 50, 56, 61, 63 ],
[ 1, 2, 8, 9, 11, 12, 15, 16, 18, 19, 21, 22, 24, 26, 29, 32, 35, 37, 40, 42, 
  47, 49, 53, 54, 55, 56, 57, 62 ],
[ 1, 2, 8, 9, 11, 12, 15, 16, 18, 19, 21, 22, 24, 26, 29, 32, 34, 35, 36, 37, 
  39, 40, 42, 47, 49, 54, 62, 63 ],
[ 1, 2, 8, 9, 11, 12, 15, 16, 18, 19, 21, 22, 24, 26, 29, 32, 33, 34, 35, 37, 
  40, 42, 47, 49, 53, 56, 57, 62 ],
[ 1, 2, 8, 9, 11, 12, 15, 16, 18, 19, 21, 22, 24, 26, 29, 32, 33, 34, 35, 37, 
  39, 40, 42, 47, 49, 56, 62, 63 ],
[ 1, 2, 8, 9, 11, 12, 15, 16, 17, 19, 21, 22, 26, 27, 29, 32, 35, 37, 41, 42, 
  46, 50, 53, 54, 55, 56, 57, 61 ],
[ 1, 2, 8, 9, 11, 12, 15, 16, 17, 19, 21, 22, 26, 27, 29, 32, 35, 37, 39, 41, 
  42, 46, 50, 54, 55, 56, 61, 63 ],
[ 1, 2, 8, 9, 11, 12, 15, 16, 17, 19, 21, 22, 26, 27, 29, 32, 34, 35, 36, 37, 
  39, 41, 42, 46, 50, 54, 61, 63 ],
[ 1, 2, 8, 9, 11, 12, 15, 16, 17, 19, 21, 22, 26, 27, 29, 32, 33, 34, 35, 37, 
  41, 42, 46, 50, 53, 56, 57, 61 ],
[ 1, 2, 8, 9, 11, 12, 15, 16, 17, 19, 21, 22, 26, 27, 29, 32, 33, 34, 35, 37, 
  39, 41, 42, 46, 50, 56, 61, 63 ],
[ 1, 2, 8, 9, 11, 12, 15, 16, 17, 19, 21, 22, 24, 26, 29, 32, 35, 37, 41, 42, 
  47, 49, 53, 54, 55, 56, 57, 62 ],
[ 1, 2, 8, 9, 11, 12, 15, 16, 17, 19, 21, 22, 24, 26, 29, 32, 35, 37, 39, 41, 
  42, 47, 49, 54, 55, 56, 62, 63 ],
[ 1, 2, 8, 9, 11, 12, 15, 16, 17, 19, 21, 22, 24, 26, 29, 32, 34, 35, 36, 37, 
  39, 41, 42, 47, 49, 54, 62, 63 ],
[ 1, 2, 8, 9, 11, 12, 15, 16, 17, 19, 21, 22, 24, 26, 29, 32, 33, 34, 35, 37, 
  41, 42, 47, 49, 53, 56, 57, 62 ],
[ 1, 2, 8, 9, 11, 12, 15, 16, 17, 19, 21, 22, 24, 26, 29, 32, 33, 34, 35, 37, 
  39, 41, 42, 47, 49, 56, 62, 63 ],
[ 1, 2, 8, 9, 11, 12, 15, 16, 17, 19, 20, 21, 22, 26, 27, 29, 32, 35, 36, 37, 
  39, 41, 46, 50, 54, 55, 61, 63 ],
[ 1, 2, 8, 9, 11, 12, 15, 16, 17, 19, 20, 21, 22, 24, 26, 29, 32, 35, 36, 37, 
  41, 47, 49, 53, 54, 55, 57, 62 ],
[ 1, 2, 8, 9, 11, 12, 15, 16, 17, 19, 20, 21, 22, 24, 26, 29, 32, 35, 36, 37, 
  39, 41, 47, 49, 54, 55, 62, 63 ],
[ 1, 2, 8, 9, 11, 12, 15, 16, 17, 18, 19, 20, 21, 22, 26, 27, 29, 32, 35, 37, 
  39, 46, 50, 54, 55, 56, 61, 63 ],
[ 1, 2, 8, 9, 11, 12, 15, 16, 17, 18, 19, 20, 21, 22, 26, 27, 29, 32, 34, 35, 
  36, 37, 46, 50, 53, 54, 57, 61 ],
[ 1, 2, 8, 9, 11, 12, 15, 16, 17, 18, 19, 20, 21, 22, 24, 26, 29, 32, 34, 35, 
  36, 37, 47, 49, 53, 54, 57, 62 ],
[ 1, 2, 8, 9, 11, 12, 14, 16, 19, 20, 21, 22, 26, 27, 29, 32, 35, 36, 38, 40, 
  41, 46, 50, 54, 55, 57, 61, 63 ],
[ 1, 2, 8, 9, 11, 12, 14, 16, 19, 20, 21, 22, 24, 26, 29, 32, 35, 36, 38, 40, 
  41, 47, 49, 54, 55, 57, 62, 63 ],
[ 1, 2, 8, 9, 11, 12, 14, 16, 18, 19, 21, 22, 26, 27, 29, 32, 35, 38, 40, 42, 
  46, 50, 53, 54, 55, 56, 57, 61 ],
[ 1, 2, 8, 9, 11, 12, 14, 16, 18, 19, 21, 22, 24, 26, 29, 32, 35, 38, 40, 42, 
  47, 49, 53, 54, 55, 56, 57, 62 ],
[ 1, 2, 8, 9, 11, 12, 14, 16, 18, 19, 21, 22, 24, 26, 29, 32, 34, 35, 38, 39, 
  40, 42, 47, 49, 53, 54, 56, 62 ],
[ 1, 2, 8, 9, 11, 12, 14, 16, 18, 19, 21, 22, 24, 26, 29, 32, 34, 35, 36, 38, 
  39, 40, 42, 47, 49, 54, 62, 63 ],
[ 1, 2, 8, 9, 11, 12, 14, 16, 18, 19, 20, 21, 22, 26, 27, 29, 32, 35, 36, 38, 
  39, 40, 46, 50, 54, 55, 61, 63 ],
[ 1, 2, 8, 9, 11, 12, 14, 16, 18, 19, 20, 21, 22, 24, 26, 29, 32, 35, 36, 38, 
  39, 40, 47, 49, 54, 55, 62, 63 ],
[ 1, 2, 8, 9, 11, 12, 14, 16, 17, 19, 21, 22, 26, 27, 29, 32, 34, 35, 38, 39, 
  41, 42, 46, 50, 53, 54, 56, 61 ],
[ 1, 2, 8, 9, 11, 12, 14, 16, 17, 19, 21, 22, 26, 27, 29, 32, 34, 35, 36, 38, 
  39, 41, 42, 46, 50, 54, 61, 63 ],
[ 1, 2, 8, 9, 11, 12, 14, 16, 17, 19, 21, 22, 26, 27, 29, 32, 33, 35, 38, 39, 
  41, 42, 46, 50, 53, 55, 56, 61 ],
[ 1, 2, 8, 9, 11, 12, 14, 16, 17, 19, 21, 22, 26, 27, 29, 32, 33, 34, 35, 38, 
  41, 42, 46, 50, 53, 56, 57, 61 ],
[ 1, 2, 8, 9, 11, 12, 14, 16, 17, 19, 21, 22, 24, 26, 29, 32, 34, 35, 38, 39, 
  41, 42, 47, 49, 53, 54, 56, 62 ],
[ 1, 2, 8, 9, 11, 12, 14, 16, 17, 19, 21, 22, 24, 26, 29, 32, 34, 35, 36, 38, 
  39, 41, 42, 47, 49, 54, 62, 63 ],
[ 1, 2, 8, 9, 11, 12, 14, 16, 17, 19, 20, 21, 22, 24, 26, 29, 32, 35, 36, 38, 
  41, 47, 49, 53, 54, 55, 57, 62 ],
[ 1, 2, 8, 9, 11, 12, 14, 16, 17, 18, 19, 20, 21, 22, 26, 27, 29, 32, 34, 35, 
  38, 39, 46, 50, 53, 54, 56, 61 ],
[ 1, 2, 8, 9, 11, 12, 14, 16, 17, 18, 19, 20, 21, 22, 26, 27, 29, 32, 34, 35, 
  36, 38, 39, 46, 50, 54, 61, 63 ],
[ 1, 2, 8, 9, 11, 12, 14, 16, 17, 18, 19, 20, 21, 22, 26, 27, 29, 32, 33, 34, 
  35, 36, 38, 46, 50, 57, 61, 63 ],
[ 1, 2, 8, 9, 11, 12, 14, 16, 17, 18, 19, 20, 21, 22, 24, 26, 29, 32, 34, 35, 
  38, 39, 47, 49, 53, 54, 56, 62 ],
[ 1, 2, 8, 9, 11, 12, 14, 16, 17, 18, 19, 20, 21, 22, 24, 26, 29, 32, 34, 35, 
  36, 38, 39, 47, 49, 54, 62, 63 ],
[ 1, 2, 8, 9, 11, 12, 14, 15, 16, 19, 20, 21, 22, 26, 27, 29, 32, 34, 35, 40, 
  41, 46, 50, 53, 54, 56, 57, 61 ],
[ 1, 2, 8, 9, 11, 12, 14, 15, 16, 19, 20, 21, 22, 24, 26, 29, 32, 35, 40, 41, 
  47, 49, 54, 55, 56, 57, 62, 63 ],
[ 1, 2, 8, 9, 11, 12, 14, 15, 16, 19, 20, 21, 22, 24, 26, 29, 32, 34, 35, 40, 
  41, 47, 49, 53, 54, 56, 57, 62 ],
[ 1, 2, 8, 9, 11, 12, 14, 15, 16, 18, 19, 21, 22, 26, 27, 29, 32, 34, 35, 36, 
  40, 42, 46, 50, 54, 57, 61, 63 ],
[ 1, 2, 8, 9, 11, 12, 14, 15, 16, 18, 19, 21, 22, 26, 27, 29, 32, 33, 35, 39, 
  40, 42, 46, 50, 55, 56, 61, 63 ],
[ 1, 2, 8, 9, 11, 12, 14, 15, 16, 18, 19, 21, 22, 24, 26, 29, 32, 34, 35, 36, 
  40, 42, 47, 49, 54, 57, 62, 63 ],
[ 1, 2, 8, 9, 11, 12, 14, 15, 16, 18, 19, 20, 21, 22, 26, 27, 29, 32, 35, 39, 
  40, 46, 50, 54, 55, 56, 61, 63 ],
[ 1, 2, 8, 9, 11, 12, 14, 15, 16, 18, 19, 20, 21, 22, 26, 27, 29, 32, 34, 35, 
  39, 40, 46, 50, 53, 54, 56, 61 ],
[ 1, 2, 8, 9, 11, 12, 14, 15, 16, 18, 19, 20, 21, 22, 24, 26, 29, 32, 34, 35, 
  39, 40, 47, 49, 53, 54, 56, 62 ],
[ 1, 2, 8, 9, 11, 12, 14, 15, 16, 17, 19, 21, 22, 26, 27, 29, 32, 33, 35, 39, 
  41, 42, 46, 50, 55, 56, 61, 63 ],
[ 1, 2, 8, 9, 11, 12, 14, 15, 16, 17, 19, 21, 22, 26, 27, 29, 32, 33, 35, 36, 
  41, 42, 46, 50, 55, 57, 61, 63 ],
[ 1, 2, 8, 9, 11, 12, 14, 15, 16, 17, 19, 20, 21, 22, 26, 27, 29, 32, 33, 35, 
  39, 41, 46, 50, 53, 55, 56, 61 ],
[ 1, 2, 8, 9, 11, 12, 14, 15, 16, 17, 19, 20, 21, 22, 24, 26, 29, 32, 34, 35, 
  36, 41, 47, 49, 53, 54, 57, 62 ],
[ 1, 2, 8, 9, 11, 12, 14, 15, 16, 17, 18, 19, 20, 21, 22, 26, 27, 29, 32, 33, 
  35, 39, 46, 50, 55, 56, 61, 63 ],
[ 1, 2, 8, 9, 11, 12, 13, 16, 18, 19, 21, 22, 26, 27, 29, 32, 34, 37, 38, 39, 
  40, 42, 46, 50, 53, 54, 56, 61 ],
[ 1, 2, 8, 9, 11, 12, 13, 16, 18, 19, 21, 22, 26, 27, 29, 32, 33, 36, 37, 38, 
  40, 42, 46, 50, 53, 55, 57, 61 ],
[ 1, 2, 8, 9, 11, 12, 13, 16, 18, 19, 21, 22, 24, 26, 29, 32, 33, 36, 37, 38, 
  40, 42, 47, 49, 53, 55, 57, 62 ],
[ 1, 2, 8, 9, 11, 12, 13, 16, 18, 19, 20, 21, 22, 26, 27, 29, 32, 34, 37, 38, 
  39, 40, 46, 50, 54, 56, 61, 63 ],
[ 1, 2, 8, 9, 11, 12, 13, 16, 17, 19, 21, 22, 26, 27, 29, 32, 34, 37, 38, 39, 
  41, 42, 46, 50, 53, 54, 56, 61 ],
[ 1, 2, 8, 9, 11, 12, 13, 16, 17, 19, 21, 22, 26, 27, 29, 32, 34, 36, 37, 38, 
  41, 42, 46, 50, 53, 54, 57, 61 ],
[ 1, 2, 8, 9, 11, 12, 13, 16, 17, 19, 21, 22, 26, 27, 29, 32, 33, 36, 37, 38, 
  41, 42, 46, 50, 53, 55, 57, 61 ],
[ 1, 2, 8, 9, 11, 12, 13, 16, 17, 19, 21, 22, 24, 26, 29, 32, 33, 36, 37, 38, 
  41, 42, 47, 49, 53, 55, 57, 62 ],
[ 1, 2, 8, 9, 11, 12, 13, 16, 17, 19, 20, 21, 22, 26, 27, 29, 32, 33, 34, 37, 
  38, 39, 41, 46, 50, 53, 56, 61 ],
[ 1, 2, 8, 9, 11, 12, 13, 16, 17, 19, 20, 21, 22, 26, 27, 29, 32, 33, 34, 36, 
  37, 38, 41, 46, 50, 53, 57, 61 ],
[ 1, 2, 8, 9, 11, 12, 13, 16, 17, 19, 20, 21, 22, 24, 26, 29, 32, 33, 37, 38, 
  39, 41, 47, 49, 55, 56, 62, 63 ],
[ 1, 2, 8, 9, 11, 12, 13, 16, 17, 19, 20, 21, 22, 24, 26, 29, 32, 33, 34, 37, 
  38, 39, 41, 47, 49, 53, 56, 62 ],
[ 1, 2, 8, 9, 11, 12, 13, 16, 17, 19, 20, 21, 22, 24, 26, 29, 32, 33, 34, 36, 
  37, 38, 41, 47, 49, 53, 57, 62 ],
[ 1, 2, 8, 9, 11, 12, 13, 16, 17, 18, 19, 20, 21, 22, 26, 27, 29, 32, 34, 37, 
  38, 39, 46, 50, 53, 54, 56, 61 ],
[ 1, 2, 8, 9, 11, 12, 13, 15, 16, 19, 20, 21, 22, 26, 27, 29, 32, 34, 36, 37, 
  40, 41, 46, 50, 54, 57, 61, 63 ],
[ 1, 2, 8, 9, 11, 12, 13, 15, 16, 18, 19, 21, 22, 26, 27, 29, 32, 37, 39, 40, 
  42, 46, 50, 53, 54, 55, 56, 61 ],
[ 1, 2, 8, 9, 11, 12, 13, 15, 16, 18, 19, 21, 22, 26, 27, 29, 32, 33, 34, 37, 
  40, 42, 46, 50, 56, 57, 61, 63 ],
[ 1, 2, 8, 9, 11, 12, 13, 15, 16, 18, 19, 21, 22, 24, 26, 29, 32, 33, 34, 37, 
  40, 42, 47, 49, 56, 57, 62, 63 ],
[ 1, 2, 8, 9, 11, 12, 13, 15, 16, 18, 19, 20, 21, 22, 26, 27, 29, 32, 36, 37, 
  39, 40, 46, 50, 53, 54, 55, 61 ],
[ 1, 2, 8, 9, 11, 12, 13, 15, 16, 17, 19, 21, 22, 26, 27, 29, 32, 37, 41, 42, 
  46, 50, 54, 55, 56, 57, 61, 63 ],
[ 1, 2, 8, 9, 11, 12, 13, 15, 16, 17, 19, 21, 22, 26, 27, 29, 32, 37, 39, 41, 
  42, 46, 50, 53, 54, 55, 56, 61 ],
[ 1, 2, 8, 9, 11, 12, 13, 15, 16, 17, 19, 21, 22, 26, 27, 29, 32, 33, 36, 37, 
  39, 41, 42, 46, 50, 53, 55, 61 ],
[ 1, 2, 8, 9, 11, 12, 13, 15, 16, 17, 19, 21, 22, 26, 27, 29, 32, 33, 34, 37, 
  41, 42, 46, 50, 56, 57, 61, 63 ],
[ 1, 2, 8, 9, 11, 12, 13, 15, 16, 17, 19, 21, 22, 26, 27, 29, 32, 33, 34, 37, 
  39, 41, 42, 46, 50, 53, 56, 61 ],
[ 1, 2, 8, 9, 11, 12, 13, 15, 16, 17, 19, 21, 22, 24, 26, 29, 32, 33, 36, 37, 
  39, 41, 42, 47, 49, 53, 55, 62 ],
[ 1, 2, 8, 9, 11, 12, 13, 15, 16, 17, 19, 21, 22, 24, 26, 29, 32, 33, 34, 37, 
  41, 42, 47, 49, 56, 57, 62, 63 ],
[ 1, 2, 8, 9, 11, 12, 13, 15, 16, 17, 19, 21, 22, 24, 26, 29, 32, 33, 34, 37, 
  39, 41, 42, 47, 49, 53, 56, 62 ],
[ 1, 2, 8, 9, 11, 12, 13, 15, 16, 17, 19, 20, 21, 22, 26, 27, 29, 32, 33, 36, 
  37, 39, 41, 46, 50, 55, 61, 63 ],
[ 1, 2, 8, 9, 11, 12, 13, 15, 16, 17, 19, 20, 21, 22, 24, 26, 29, 32, 33, 36, 
  37, 39, 41, 47, 49, 55, 62, 63 ],
[ 1, 2, 8, 9, 11, 12, 13, 15, 16, 17, 19, 20, 21, 22, 24, 26, 29, 32, 33, 34, 
  36, 37, 41, 47, 49, 57, 62, 63 ],
[ 1, 2, 8, 9, 11, 12, 13, 15, 16, 17, 18, 19, 20, 21, 22, 24, 26, 29, 32, 33, 
  34, 36, 37, 47, 49, 53, 57, 62 ],
[ 1, 2, 8, 9, 11, 12, 13, 14, 16, 17, 19, 21, 22, 26, 27, 29, 32, 38, 41, 42, 
  46, 50, 54, 55, 56, 57, 61, 63 ],
[ 1, 2, 8, 9, 11, 12, 13, 14, 16, 17, 19, 21, 22, 26, 27, 29, 32, 34, 38, 39, 
  41, 42, 46, 50, 54, 56, 61, 63 ],
[ 1, 2, 8, 9, 11, 12, 13, 14, 16, 17, 19, 21, 22, 26, 27, 29, 32, 33, 38, 39, 
  41, 42, 46, 50, 55, 56, 61, 63 ],
[ 1, 2, 8, 9, 11, 12, 13, 14, 16, 17, 19, 21, 22, 26, 27, 29, 32, 33, 36, 38, 
  39, 41, 42, 46, 50, 53, 55, 61 ],
[ 1, 2, 8, 9, 11, 12, 13, 14, 15, 16, 17, 19, 21, 22, 26, 27, 29, 32, 34, 39, 
  41, 42, 46, 50, 53, 54, 56, 61 ],
[ 1, 2, 8, 9, 11, 12, 13, 14, 15, 16, 17, 19, 21, 22, 26, 27, 29, 32, 34, 36, 
  41, 42, 46, 50, 53, 54, 57, 61 ],
[ 1, 2, 8, 9, 10, 12, 16, 19, 20, 21, 22, 25, 26, 29, 31, 33, 34, 35, 37, 38, 
  40, 41, 48, 49, 56, 57, 62, 63 ],
[ 1, 2, 8, 9, 10, 12, 16, 18, 19, 21, 22, 25, 26, 29, 31, 34, 35, 36, 37, 38, 
  40, 42, 48, 49, 54, 57, 62, 63 ],
[ 1, 2, 8, 9, 10, 12, 16, 18, 19, 21, 22, 25, 26, 29, 31, 33, 35, 37, 38, 39, 
  40, 42, 48, 49, 55, 56, 62, 63 ],
[ 1, 2, 8, 9, 10, 12, 16, 18, 19, 21, 22, 25, 26, 29, 31, 33, 35, 36, 37, 38, 
  40, 42, 48, 49, 55, 57, 62, 63 ],
[ 1, 2, 8, 9, 10, 12, 16, 18, 19, 20, 21, 22, 25, 26, 29, 31, 33, 34, 35, 37, 
  38, 39, 40, 48, 49, 56, 62, 63 ],
[ 1, 2, 8, 9, 10, 12, 16, 17, 19, 21, 22, 25, 26, 29, 31, 34, 35, 36, 37, 38, 
  41, 42, 48, 49, 54, 57, 62, 63 ],
[ 1, 2, 8, 9, 10, 12, 16, 17, 19, 21, 22, 25, 26, 29, 31, 33, 35, 37, 38, 39, 
  41, 42, 48, 49, 55, 56, 62, 63 ],
[ 1, 2, 8, 9, 10, 12, 16, 17, 19, 21, 22, 25, 26, 29, 31, 33, 35, 36, 37, 38, 
  41, 42, 48, 49, 55, 57, 62, 63 ],
[ 1, 2, 8, 9, 10, 12, 16, 17, 19, 20, 21, 22, 25, 26, 29, 31, 35, 36, 37, 38, 
  41, 48, 49, 54, 55, 57, 62, 63 ],
[ 1, 2, 8, 9, 10, 12, 16, 17, 19, 20, 21, 22, 25, 26, 29, 31, 33, 34, 35, 37, 
  38, 41, 48, 49, 53, 56, 57, 62 ],
[ 1, 2, 8, 9, 10, 12, 16, 17, 19, 20, 21, 22, 25, 26, 29, 31, 33, 34, 35, 36, 
  37, 38, 41, 48, 49, 57, 62, 63 ],
[ 1, 2, 8, 9, 10, 12, 16, 17, 18, 19, 20, 21, 22, 25, 26, 29, 31, 35, 37, 38, 
  48, 49, 54, 55, 56, 57, 62, 63 ],
[ 1, 2, 8, 9, 10, 12, 16, 17, 18, 19, 20, 21, 22, 25, 26, 29, 31, 34, 35, 37, 
  38, 48, 49, 53, 54, 56, 57, 62 ],
[ 1, 2, 8, 9, 10, 12, 16, 17, 18, 19, 20, 21, 22, 25, 26, 29, 31, 33, 35, 37, 
  38, 39, 48, 49, 55, 56, 62, 63 ],
[ 1, 2, 8, 9, 10, 12, 15, 16, 18, 19, 21, 22, 25, 26, 29, 31, 35, 37, 40, 42, 
  48, 49, 53, 54, 55, 56, 57, 62 ],
[ 1, 2, 8, 9, 10, 12, 15, 16, 18, 19, 21, 22, 25, 26, 29, 31, 35, 37, 39, 40, 
  42, 48, 49, 54, 55, 56, 62, 63 ],
[ 1, 2, 8, 9, 10, 12, 15, 16, 18, 19, 21, 22, 25, 26, 29, 31, 34, 35, 36, 37, 
  39, 40, 42, 48, 49, 54, 62, 63 ],
[ 1, 2, 8, 9, 10, 12, 15, 16, 18, 19, 21, 22, 25, 26, 29, 31, 33, 34, 35, 37, 
  40, 42, 48, 49, 53, 56, 57, 62 ],
[ 1, 2, 8, 9, 10, 12, 15, 16, 18, 19, 21, 22, 25, 26, 29, 31, 33, 34, 35, 37, 
  39, 40, 42, 48, 49, 56, 62, 63 ],
[ 1, 2, 8, 9, 10, 12, 15, 16, 17, 19, 21, 22, 25, 26, 29, 31, 35, 37, 41, 42, 
  48, 49, 53, 54, 55, 56, 57, 62 ],
[ 1, 2, 8, 9, 10, 12, 15, 16, 17, 19, 21, 22, 25, 26, 29, 31, 35, 37, 39, 41, 
  42, 48, 49, 54, 55, 56, 62, 63 ],
[ 1, 2, 8, 9, 10, 12, 15, 16, 17, 19, 21, 22, 25, 26, 29, 31, 34, 35, 36, 37, 
  39, 41, 42, 48, 49, 54, 62, 63 ],
[ 1, 2, 8, 9, 10, 12, 15, 16, 17, 19, 21, 22, 25, 26, 29, 31, 33, 34, 35, 37, 
  41, 42, 48, 49, 53, 56, 57, 62 ],
[ 1, 2, 8, 9, 10, 12, 15, 16, 17, 19, 20, 21, 22, 25, 26, 29, 31, 35, 36, 37, 
  39, 41, 48, 49, 54, 55, 62, 63 ],
[ 1, 2, 8, 9, 10, 12, 15, 16, 17, 18, 19, 20, 21, 22, 25, 26, 29, 31, 35, 37, 
  39, 48, 49, 54, 55, 56, 62, 63 ],
[ 1, 2, 8, 9, 10, 12, 15, 16, 17, 18, 19, 20, 21, 22, 25, 26, 29, 31, 34, 35, 
  36, 37, 39, 48, 49, 54, 62, 63 ],
[ 1, 2, 8, 9, 10, 12, 14, 16, 19, 20, 21, 22, 25, 26, 29, 31, 35, 36, 38, 40, 
  41, 48, 49, 54, 55, 57, 62, 63 ],
[ 1, 2, 8, 9, 10, 12, 14, 16, 18, 19, 21, 22, 25, 26, 29, 31, 35, 38, 40, 42, 
  48, 49, 53, 54, 55, 56, 57, 62 ],
[ 1, 2, 8, 9, 10, 12, 14, 16, 18, 19, 21, 22, 25, 26, 29, 31, 34, 35, 38, 39, 
  40, 42, 48, 49, 53, 54, 56, 62 ],
[ 1, 2, 8, 9, 10, 12, 14, 16, 18, 19, 21, 22, 25, 26, 29, 31, 34, 35, 36, 38, 
  39, 40, 42, 48, 49, 54, 62, 63 ],
[ 1, 2, 8, 9, 10, 12, 14, 16, 18, 19, 21, 22, 25, 26, 29, 31, 33, 35, 38, 39, 
  40, 42, 48, 49, 53, 55, 56, 62 ],
[ 1, 2, 8, 9, 10, 12, 14, 16, 18, 19, 21, 22, 25, 26, 29, 31, 33, 34, 35, 38, 
  40, 42, 48, 49, 53, 56, 57, 62 ],
[ 1, 2, 8, 9, 10, 12, 14, 16, 18, 19, 20, 21, 22, 25, 26, 29, 31, 35, 36, 38, 
  39, 40, 48, 49, 54, 55, 62, 63 ],
[ 1, 2, 8, 9, 10, 12, 14, 16, 17, 19, 21, 22, 25, 26, 29, 31, 35, 38, 41, 42, 
  48, 49, 53, 54, 55, 56, 57, 62 ],
[ 1, 2, 8, 9, 10, 12, 14, 16, 17, 19, 21, 22, 25, 26, 29, 31, 34, 35, 38, 39, 
  41, 42, 48, 49, 53, 54, 56, 62 ],
[ 1, 2, 8, 9, 10, 12, 14, 16, 17, 19, 21, 22, 25, 26, 29, 31, 34, 35, 36, 38, 
  39, 41, 42, 48, 49, 54, 62, 63 ],
[ 1, 2, 8, 9, 10, 12, 14, 16, 17, 19, 21, 22, 25, 26, 29, 31, 33, 34, 35, 38, 
  41, 42, 48, 49, 53, 56, 57, 62 ],
[ 1, 2, 8, 9, 10, 12, 14, 15, 16, 19, 20, 21, 22, 25, 26, 29, 31, 35, 40, 41, 
  48, 49, 54, 55, 56, 57, 62, 63 ],
[ 1, 2, 8, 9, 10, 12, 14, 15, 16, 19, 20, 21, 22, 25, 26, 29, 31, 34, 35, 40, 
  41, 48, 49, 53, 54, 56, 57, 62 ],
[ 1, 2, 8, 9, 10, 12, 14, 15, 16, 18, 19, 21, 22, 25, 26, 29, 31, 34, 35, 36, 
  40, 42, 48, 49, 54, 57, 62, 63 ],
[ 1, 2, 8, 9, 10, 12, 14, 15, 16, 18, 19, 21, 22, 25, 26, 29, 31, 33, 35, 39, 
  40, 42, 48, 49, 55, 56, 62, 63 ],
[ 1, 2, 8, 9, 10, 12, 14, 15, 16, 18, 19, 21, 22, 25, 26, 29, 31, 33, 35, 36, 
  40, 42, 48, 49, 55, 57, 62, 63 ],
[ 1, 2, 8, 9, 10, 12, 14, 15, 16, 18, 19, 20, 21, 22, 25, 26, 29, 31, 35, 39, 
  40, 48, 49, 54, 55, 56, 62, 63 ],
[ 1, 2, 8, 9, 10, 12, 14, 15, 16, 18, 19, 20, 21, 22, 25, 26, 29, 31, 34, 35, 
  39, 40, 48, 49, 53, 54, 56, 62 ],
[ 1, 2, 8, 9, 10, 12, 14, 15, 16, 17, 19, 21, 22, 25, 26, 29, 31, 34, 35, 36, 
  41, 42, 48, 49, 54, 57, 62, 63 ],
[ 1, 2, 8, 9, 10, 12, 14, 15, 16, 17, 19, 21, 22, 25, 26, 29, 31, 33, 35, 36, 
  41, 42, 48, 49, 55, 57, 62, 63 ],
[ 1, 2, 8, 9, 10, 12, 14, 15, 16, 17, 19, 20, 21, 22, 25, 26, 29, 31, 33, 34, 
  35, 41, 48, 49, 53, 56, 57, 62 ],
[ 1, 2, 8, 9, 10, 12, 13, 16, 19, 20, 21, 22, 25, 26, 29, 31, 34, 37, 38, 40, 
  41, 48, 49, 54, 56, 57, 62, 63 ],
[ 1, 2, 8, 9, 10, 12, 13, 16, 18, 19, 21, 22, 25, 26, 29, 31, 34, 37, 38, 39, 
  40, 42, 48, 49, 53, 54, 56, 62 ],
[ 1, 2, 8, 9, 10, 12, 13, 16, 18, 19, 20, 21, 22, 25, 26, 29, 31, 34, 37, 38, 
  39, 40, 48, 49, 54, 56, 62, 63 ],
[ 1, 2, 8, 9, 10, 12, 13, 16, 17, 19, 21, 22, 25, 26, 29, 31, 34, 37, 38, 39, 
  41, 42, 48, 49, 53, 54, 56, 62 ],
[ 1, 2, 8, 9, 10, 12, 13, 16, 17, 19, 20, 21, 22, 25, 26, 29, 31, 33, 34, 37, 
  38, 39, 41, 48, 49, 53, 56, 62 ],
[ 1, 2, 8, 9, 10, 12, 13, 16, 17, 18, 19, 20, 21, 22, 25, 26, 29, 31, 34, 37, 
  38, 39, 48, 49, 53, 54, 56, 62 ],
[ 1, 2, 8, 9, 10, 12, 13, 15, 16, 19, 20, 21, 22, 25, 26, 29, 31, 36, 37, 40, 
  41, 48, 49, 53, 54, 55, 57, 62 ],
[ 1, 2, 8, 9, 10, 12, 13, 15, 16, 19, 20, 21, 22, 25, 26, 29, 31, 34, 36, 37, 
  40, 41, 48, 49, 54, 57, 62, 63 ],
[ 1, 2, 8, 9, 10, 12, 13, 15, 16, 18, 19, 21, 22, 25, 26, 29, 31, 37, 39, 40, 
  42, 48, 49, 53, 54, 55, 56, 62 ],
[ 1, 2, 8, 9, 10, 12, 13, 15, 16, 18, 19, 21, 22, 25, 26, 29, 31, 33, 36, 37, 
  39, 40, 42, 48, 49, 53, 55, 62 ],
[ 1, 2, 8, 9, 10, 12, 13, 15, 16, 18, 19, 21, 22, 25, 26, 29, 31, 33, 34, 37, 
  39, 40, 42, 48, 49, 53, 56, 62 ],
[ 1, 2, 8, 9, 10, 12, 13, 15, 16, 18, 19, 20, 21, 22, 25, 26, 29, 31, 36, 37, 
  39, 40, 48, 49, 53, 54, 55, 62 ],
[ 1, 2, 8, 9, 10, 12, 13, 15, 16, 18, 19, 20, 21, 22, 25, 26, 29, 31, 34, 36, 
  37, 39, 40, 48, 49, 54, 62, 63 ],
[ 1, 2, 8, 9, 10, 12, 13, 15, 16, 17, 19, 21, 22, 25, 26, 29, 31, 33, 34, 37, 
  39, 41, 42, 48, 49, 53, 56, 62 ],
[ 1, 2, 8, 9, 10, 12, 13, 15, 16, 17, 18, 19, 20, 21, 22, 25, 26, 29, 31, 33, 
  34, 37, 39, 48, 49, 53, 56, 62 ],
[ 1, 2, 8, 9, 10, 12, 13, 14, 16, 19, 20, 21, 22, 25, 26, 29, 31, 33, 36, 38, 
  40, 41, 48, 49, 55, 57, 62, 63 ],
[ 1, 2, 8, 9, 10, 12, 13, 14, 16, 18, 19, 21, 22, 25, 26, 29, 31, 34, 38, 39, 
  40, 42, 48, 49, 54, 56, 62, 63 ],
[ 1, 2, 8, 9, 10, 12, 13, 14, 16, 18, 19, 21, 22, 25, 26, 29, 31, 33, 38, 39, 
  40, 42, 48, 49, 55, 56, 62, 63 ],
[ 1, 2, 8, 9, 10, 12, 13, 14, 16, 18, 19, 21, 22, 25, 26, 29, 31, 33, 36, 38, 
  39, 40, 42, 48, 49, 53, 55, 62 ],
[ 1, 2, 8, 9, 10, 12, 13, 14, 16, 18, 19, 20, 21, 22, 25, 26, 29, 31, 33, 36, 
  38, 39, 40, 48, 49, 55, 62, 63 ],
[ 1, 2, 8, 9, 10, 12, 13, 14, 15, 16, 18, 19, 21, 22, 25, 26, 29, 31, 34, 39, 
  40, 42, 48, 49, 53, 54, 56, 62 ],
[ 1, 2, 7, 11, 12, 13, 16, 18, 19, 20, 24, 25, 26, 28, 29, 32, 33, 35, 36, 
  37, 38, 40, 42, 46, 50, 54, 57, 62 ],
[ 1, 2, 7, 11, 12, 13, 16, 17, 19, 20, 26, 28, 29, 32, 33, 35, 36, 37, 38, 
  41, 42, 46, 47, 48, 50, 54, 57, 62 ],
[ 1, 2, 6, 8, 9, 11, 12, 16, 19, 21, 24, 26, 29, 32, 33, 34, 35, 37, 38, 40, 
  41, 42, 47, 49, 56, 57, 62, 63 ],
[ 1, 2, 6, 8, 9, 11, 12, 16, 17, 19, 20, 21, 24, 26, 29, 32, 35, 36, 37, 38, 
  39, 41, 47, 49, 54, 55, 62, 63 ],
[ 1, 2, 6, 8, 9, 11, 12, 16, 17, 19, 20, 21, 24, 26, 29, 32, 33, 34, 35, 37, 
  38, 39, 41, 47, 49, 53, 56, 62 ],
[ 1, 2, 6, 8, 9, 11, 12, 16, 17, 19, 20, 21, 24, 26, 29, 32, 33, 34, 35, 36, 
  37, 38, 39, 41, 47, 49, 62, 63 ],
[ 1, 2, 6, 8, 9, 11, 12, 16, 17, 18, 19, 20, 21, 24, 26, 29, 32, 34, 35, 36, 
  37, 38, 39, 47, 49, 54, 62, 63 ],
[ 1, 2, 6, 8, 9, 11, 12, 16, 17, 18, 19, 20, 21, 24, 26, 29, 32, 33, 35, 36, 
  37, 38, 39, 47, 49, 55, 62, 63 ],
[ 1, 2, 6, 8, 9, 11, 12, 15, 16, 17, 19, 20, 21, 24, 26, 29, 32, 35, 36, 37, 
  39, 41, 47, 49, 53, 54, 55, 62 ],
[ 1, 2, 6, 8, 9, 11, 12, 15, 16, 17, 18, 19, 20, 21, 24, 26, 29, 32, 35, 37, 
  39, 47, 49, 53, 54, 55, 56, 62 ],
[ 1, 2, 6, 8, 9, 11, 12, 15, 16, 17, 18, 19, 20, 21, 24, 26, 29, 32, 33, 34, 
  35, 37, 39, 47, 49, 53, 56, 62 ],
[ 1, 2, 6, 8, 9, 11, 12, 14, 16, 19, 21, 24, 26, 29, 32, 35, 36, 38, 40, 41, 
  42, 47, 49, 54, 55, 57, 62, 63 ],
[ 1, 2, 6, 8, 9, 11, 12, 14, 16, 17, 19, 20, 21, 24, 26, 29, 32, 35, 36, 38, 
  39, 41, 47, 49, 53, 54, 55, 62 ],
[ 1, 2, 6, 8, 9, 11, 12, 14, 15, 16, 19, 21, 24, 26, 29, 32, 34, 35, 40, 41, 
  42, 47, 49, 53, 54, 56, 57, 62 ],
[ 1, 2, 6, 8, 9, 11, 12, 14, 15, 16, 17, 19, 20, 21, 24, 26, 29, 32, 34, 35, 
  36, 39, 41, 47, 49, 53, 54, 62 ],
[ 1, 2, 6, 8, 9, 11, 12, 13, 16, 17, 19, 20, 21, 24, 26, 29, 32, 33, 34, 36, 
  37, 38, 39, 41, 47, 49, 53, 62 ],
[ 1, 2, 6, 8, 9, 11, 12, 13, 16, 17, 18, 19, 20, 21, 24, 26, 29, 32, 33, 36, 
  37, 38, 39, 47, 49, 53, 55, 62 ],
[ 1, 2, 6, 8, 9, 11, 12, 13, 15, 16, 17, 19, 20, 21, 24, 26, 29, 32, 33, 34, 
  36, 37, 39, 41, 47, 49, 62, 63 ],
[ 1, 2, 6, 8, 9, 11, 12, 13, 15, 16, 17, 18, 19, 20, 21, 24, 26, 29, 32, 33, 
  34, 37, 39, 47, 49, 56, 62, 63 ],
[ 1, 2, 6, 7, 12, 13, 16, 18, 19, 22, 24, 25, 26, 28, 29, 30, 33, 35, 36, 37, 
  38, 40, 46, 50, 52, 54, 57, 62 ],
[ 1, 2, 6, 7, 12, 13, 16, 17, 19, 22, 24, 25, 26, 27, 29, 30, 33, 35, 36, 37, 
  38, 41, 46, 51, 52, 54, 57, 62 ],
[ 1, 2, 6, 7, 10, 12, 13, 16, 18, 19, 22, 24, 25, 26, 28, 29, 31, 35, 36, 37, 
  38, 40, 46, 50, 53, 57, 62, 63 ],
[ 1, 2, 6, 7, 10, 12, 13, 16, 17, 19, 22, 24, 25, 26, 27, 29, 31, 35, 36, 37, 
  38, 41, 46, 51, 53, 57, 62, 63 ],
[ 1, 2, 6, 7, 10, 12, 13, 15, 16, 19, 22, 24, 26, 29, 31, 35, 37, 39, 40, 41, 
  48, 49, 50, 51, 53, 56, 61, 63 ],
[ 1, 2, 6, 7, 10, 12, 13, 15, 16, 17, 18, 19, 22, 24, 26, 27, 28, 29, 31, 35, 
  37, 39, 48, 49, 53, 56, 61, 63 ],
[ 1, 2, 5, 8, 9, 11, 12, 16, 17, 19, 22, 26, 27, 29, 32, 33, 35, 37, 38, 39, 
  41, 42, 46, 50, 53, 55, 56, 61 ],
[ 1, 2, 5, 8, 9, 11, 12, 16, 17, 19, 22, 24, 26, 29, 32, 33, 35, 37, 38, 39, 
  41, 42, 47, 49, 53, 55, 56, 62 ],
[ 1, 2, 5, 8, 9, 11, 12, 16, 17, 18, 19, 22, 26, 27, 29, 32, 33, 35, 37, 38, 
  42, 46, 50, 53, 55, 56, 57, 61 ],
[ 1, 2, 5, 8, 9, 11, 12, 16, 17, 18, 19, 22, 24, 26, 29, 32, 33, 35, 37, 38, 
  42, 47, 49, 53, 55, 56, 57, 62 ],
[ 1, 2, 5, 8, 9, 11, 12, 15, 16, 17, 19, 22, 26, 27, 29, 32, 33, 35, 36, 37, 
  39, 41, 42, 46, 50, 53, 55, 61 ],
[ 1, 2, 5, 8, 9, 11, 12, 15, 16, 17, 19, 22, 26, 27, 29, 32, 33, 34, 35, 36, 
  37, 39, 41, 42, 46, 50, 61, 63 ],
[ 1, 2, 5, 8, 9, 11, 12, 15, 16, 17, 19, 22, 24, 26, 29, 32, 33, 35, 36, 37, 
  39, 41, 42, 47, 49, 53, 55, 62 ],
[ 1, 2, 5, 8, 9, 11, 12, 15, 16, 17, 19, 22, 24, 26, 29, 32, 33, 34, 35, 36, 
  37, 39, 41, 42, 47, 49, 62, 63 ],
[ 1, 2, 5, 8, 9, 11, 12, 15, 16, 17, 18, 19, 22, 26, 27, 29, 32, 33, 35, 36, 
  37, 42, 46, 50, 53, 55, 57, 61 ],
[ 1, 2, 5, 8, 9, 11, 12, 15, 16, 17, 18, 19, 22, 26, 27, 29, 32, 33, 34, 35, 
  36, 37, 42, 46, 50, 57, 61, 63 ],
[ 1, 2, 5, 8, 9, 11, 12, 15, 16, 17, 18, 19, 22, 24, 26, 29, 32, 33, 35, 36, 
  37, 42, 47, 49, 53, 55, 57, 62 ],
[ 1, 2, 5, 8, 9, 11, 12, 15, 16, 17, 18, 19, 22, 24, 26, 29, 32, 33, 34, 35, 
  36, 37, 42, 47, 49, 57, 62, 63 ],
[ 1, 2, 5, 8, 9, 11, 12, 14, 16, 17, 19, 22, 24, 26, 29, 32, 34, 35, 36, 38, 
  39, 41, 42, 47, 49, 53, 54, 62 ],
[ 1, 2, 5, 8, 9, 11, 12, 14, 16, 17, 18, 19, 22, 26, 27, 29, 32, 34, 35, 36, 
  38, 42, 46, 50, 53, 54, 57, 61 ],
[ 1, 2, 5, 8, 9, 11, 12, 13, 16, 17, 19, 22, 26, 27, 29, 32, 37, 38, 39, 41, 
  42, 46, 50, 53, 54, 55, 56, 61 ],
[ 1, 2, 5, 8, 9, 11, 12, 13, 14, 16, 17, 18, 19, 22, 26, 27, 29, 32, 33, 34, 
  36, 38, 42, 46, 50, 53, 57, 61 ],
[ 1, 2, 5, 8, 9, 11, 12, 13, 14, 15, 16, 17, 18, 19, 22, 26, 27, 29, 32, 33, 
  42, 46, 50, 55, 56, 57, 61, 63 ],
[ 1, 2, 5, 8, 9, 10, 12, 16, 18, 19, 22, 25, 26, 29, 31, 35, 37, 38, 39, 40, 
  42, 48, 49, 54, 55, 56, 62, 63 ],
[ 1, 2, 5, 8, 9, 10, 12, 16, 18, 19, 22, 25, 26, 29, 31, 34, 35, 37, 38, 39, 
  40, 42, 48, 49, 53, 54, 56, 62 ],
[ 1, 2, 5, 8, 9, 10, 12, 15, 16, 19, 22, 25, 26, 29, 31, 35, 36, 37, 40, 41, 
  42, 48, 49, 54, 55, 57, 62, 63 ],
[ 1, 2, 5, 8, 9, 10, 12, 13, 16, 19, 22, 25, 26, 29, 31, 33, 34, 37, 38, 40, 
  41, 42, 48, 49, 53, 56, 57, 62 ],
[ 1, 2, 5, 7, 11, 12, 13, 16, 18, 19, 21, 24, 25, 26, 28, 29, 32, 35, 36, 37, 
  38, 40, 46, 50, 53, 57, 62, 63 ],
[ 1, 2, 5, 7, 11, 12, 13, 16, 17, 19, 21, 26, 28, 29, 32, 35, 36, 37, 38, 41, 
  46, 47, 48, 50, 53, 57, 62, 63 ],
[ 1, 2, 5, 7, 11, 12, 13, 15, 16, 19, 21, 24, 26, 29, 32, 35, 37, 39, 40, 41, 
  48, 49, 50, 51, 53, 56, 61, 63 ],
[ 1, 2, 5, 7, 11, 12, 13, 15, 16, 17, 18, 19, 21, 25, 26, 29, 32, 35, 37, 39, 
  47, 49, 50, 51, 53, 56, 61, 63 ],
[ 1, 2, 5, 6, 8, 9, 11, 12, 16, 17, 19, 20, 24, 26, 29, 32, 33, 35, 37, 38, 
  39, 41, 47, 49, 53, 55, 56, 62 ],
[ 1, 2, 5, 6, 8, 9, 11, 12, 15, 16, 17, 19, 20, 24, 26, 29, 32, 33, 35, 36, 
  37, 39, 41, 47, 49, 53, 55, 62 ],
[ 1, 2, 5, 6, 8, 9, 11, 12, 15, 16, 17, 19, 20, 24, 26, 29, 32, 33, 34, 35, 
  36, 37, 39, 41, 47, 49, 62, 63 ],
[ 1, 2, 3, 7, 11, 12, 14, 16, 19, 20, 24, 25, 26, 27, 29, 32, 34, 35, 37, 39, 
  40, 41, 42, 46, 51, 54, 62, 63 ],
[ 1, 2, 3, 7, 11, 12, 14, 16, 19, 20, 23, 26, 30, 31, 32, 33, 35, 37, 39, 40, 
  41, 42, 48, 49, 50, 55, 60, 63 ],
[ 1, 2, 3, 7, 11, 12, 14, 16, 19, 20, 23, 25, 26, 27, 30, 31, 32, 34, 35, 37, 
  39, 40, 41, 42, 44, 54, 62, 63 ],
[ 1, 2, 3, 7, 11, 12, 14, 16, 18, 19, 20, 25, 26, 30, 31, 32, 35, 37, 40, 42, 
  45, 49, 50, 53, 54, 55, 57, 60 ],
[ 1, 2, 3, 7, 11, 12, 14, 16, 18, 19, 20, 25, 26, 29, 32, 35, 37, 40, 42, 47, 
  49, 50, 51, 53, 54, 55, 57, 61 ],
[ 1, 2, 3, 7, 11, 12, 14, 16, 17, 19, 20, 26, 29, 31, 32, 33, 35, 37, 39, 41, 
  42, 43, 48, 51, 52, 53, 55, 64 ],
[ 1, 2, 3, 7, 11, 12, 14, 16, 17, 19, 20, 26, 28, 29, 30, 31, 32, 33, 34, 35, 
  37, 39, 41, 42, 43, 48, 63, 64 ],
[ 1, 2, 3, 7, 11, 12, 14, 16, 17, 18, 19, 20, 25, 26, 30, 31, 32, 33, 35, 37, 
  39, 42, 45, 49, 50, 55, 60, 63 ],
[ 1, 2, 3, 7, 11, 12, 13, 14, 16, 17, 19, 20, 26, 29, 31, 32, 34, 37, 39, 41, 
  42, 43, 48, 51, 52, 54, 63, 64 ],
[ 1, 2, 3, 7, 11, 12, 13, 14, 16, 17, 19, 20, 26, 28, 29, 30, 31, 32, 37, 39, 
  41, 42, 43, 48, 53, 54, 55, 64 ],
[ 1, 2, 3, 7, 10, 12, 15, 16, 19, 20, 24, 25, 26, 27, 29, 31, 34, 35, 38, 39, 
  40, 41, 42, 46, 51, 54, 62, 63 ],
[ 1, 2, 3, 7, 10, 12, 15, 16, 18, 19, 20, 25, 26, 29, 31, 35, 38, 40, 42, 47, 
  49, 50, 51, 53, 54, 55, 57, 61 ],
[ 1, 2, 3, 6, 7, 12, 14, 16, 19, 22, 24, 25, 26, 27, 29, 30, 34, 35, 37, 39, 
  40, 41, 46, 51, 52, 54, 62, 63 ],
[ 1, 2, 3, 6, 7, 12, 14, 16, 18, 19, 22, 25, 26, 27, 28, 29, 30, 33, 34, 35, 
  37, 40, 47, 49, 52, 53, 57, 61 ],
[ 1, 2, 3, 6, 7, 10, 12, 16, 19, 22, 26, 29, 31, 35, 36, 37, 38, 40, 41, 43, 
  46, 50, 51, 56, 57, 60, 62, 63 ],
[ 1, 2, 3, 6, 7, 10, 12, 16, 19, 22, 26, 27, 29, 31, 35, 36, 37, 38, 40, 41, 
  43, 46, 49, 51, 56, 57, 60, 63 ],
[ 1, 2, 3, 6, 7, 10, 12, 16, 19, 22, 24, 25, 26, 27, 29, 31, 34, 35, 36, 39, 
  40, 41, 46, 51, 54, 56, 62, 63 ],
[ 1, 2, 3, 6, 7, 10, 12, 16, 18, 19, 22, 25, 26, 29, 31, 35, 36, 40, 47, 49, 
  50, 51, 53, 54, 55, 56, 57, 61 ],
[ 1, 2, 3, 6, 7, 10, 12, 16, 18, 19, 22, 24, 26, 29, 31, 33, 34, 35, 36, 40, 
  48, 49, 50, 51, 53, 56, 57, 61 ],
[ 1, 2, 3, 6, 7, 10, 12, 16, 17, 19, 22, 26, 27, 29, 31, 35, 36, 37, 38, 39, 
  41, 43, 46, 49, 51, 56, 60, 63 ],
[ 1, 2, 3, 6, 7, 10, 12, 16, 17, 19, 22, 25, 26, 27, 28, 29, 31, 35, 36, 41, 
  47, 49, 53, 54, 55, 56, 57, 61 ],
[ 1, 2, 3, 6, 7, 10, 12, 16, 17, 18, 19, 22, 26, 29, 31, 35, 36, 37, 38, 44, 
  46, 50, 51, 56, 57, 59, 62, 63 ],
[ 1, 2, 3, 6, 7, 10, 12, 15, 16, 19, 22, 26, 27, 29, 31, 35, 36, 37, 40, 41, 
  43, 44, 49, 51, 53, 56, 57, 61 ],
[ 1, 2, 3, 6, 7, 10, 12, 15, 16, 18, 19, 22, 26, 29, 31, 35, 36, 37, 39, 40, 
  50, 51, 53, 56, 59, 60, 61, 62 ],
[ 1, 2, 3, 6, 7, 10, 12, 15, 16, 17, 19, 22, 26, 27, 29, 31, 35, 36, 37, 39, 
  41, 43, 44, 49, 51, 53, 56, 61 ],
[ 1, 2, 3, 6, 7, 10, 12, 14, 16, 19, 22, 26, 28, 29, 31, 35, 36, 38, 40, 41, 
  43, 44, 49, 50, 53, 56, 57, 61 ],
[ 1, 2, 3, 6, 7, 10, 12, 14, 16, 19, 22, 26, 27, 28, 29, 31, 35, 36, 38, 40, 
  41, 43, 44, 53, 56, 57, 61, 62 ],
[ 1, 2, 3, 6, 7, 10, 12, 14, 16, 17, 19, 22, 26, 27, 28, 29, 31, 35, 36, 38, 
  39, 41, 43, 44, 53, 56, 61, 62 ],
[ 1, 2, 3, 6, 7, 10, 12, 14, 16, 17, 18, 19, 22, 26, 28, 29, 31, 35, 36, 38, 
  49, 50, 53, 56, 57, 59, 60, 61 ],
[ 1, 2, 3, 6, 7, 10, 12, 14, 15, 16, 17, 19, 22, 26, 28, 29, 31, 35, 36, 39, 
  41, 43, 46, 49, 50, 56, 60, 63 ],
[ 1, 2, 3, 6, 7, 10, 12, 13, 16, 19, 22, 26, 27, 28, 29, 31, 36, 37, 38, 40, 
  41, 43, 46, 53, 56, 57, 60, 62 ],
[ 1, 2, 3, 6, 7, 10, 12, 13, 16, 18, 19, 22, 26, 28, 29, 31, 36, 37, 38, 39, 
  40, 44, 46, 49, 50, 53, 56, 59 ],
[ 1, 2, 3, 6, 7, 10, 12, 13, 16, 17, 19, 22, 26, 27, 28, 29, 31, 36, 37, 38, 
  39, 41, 43, 46, 53, 56, 60, 62 ],
[ 1, 2, 3, 6, 7, 10, 12, 13, 14, 16, 17, 19, 22, 26, 29, 31, 36, 38, 39, 41, 
  43, 44, 50, 51, 56, 61, 62, 63 ],
[ 1, 2, 3, 5, 7, 12, 15, 16, 19, 21, 24, 25, 26, 27, 29, 30, 34, 35, 38, 39, 
  40, 41, 46, 51, 52, 54, 62, 63 ],
[ 1, 2, 3, 5, 7, 12, 15, 16, 18, 19, 21, 25, 26, 27, 28, 29, 30, 33, 34, 35, 
  38, 40, 47, 49, 52, 53, 57, 61 ],
[ 1, 2, 3, 5, 7, 11, 12, 16, 19, 21, 26, 29, 32, 35, 36, 37, 38, 40, 41, 43, 
  46, 50, 51, 56, 57, 60, 62, 63 ],
[ 1, 2, 3, 5, 7, 11, 12, 16, 19, 21, 26, 27, 29, 32, 35, 36, 37, 38, 40, 41, 
  43, 46, 49, 51, 56, 57, 60, 63 ],
[ 1, 2, 3, 5, 7, 11, 12, 16, 19, 21, 24, 25, 26, 27, 29, 32, 34, 35, 36, 39, 
  40, 41, 46, 51, 54, 56, 62, 63 ],
[ 1, 2, 3, 5, 7, 11, 12, 16, 19, 21, 23, 26, 30, 31, 32, 33, 35, 36, 39, 40, 
  41, 48, 49, 50, 55, 56, 60, 63 ],
[ 1, 2, 3, 5, 7, 11, 12, 16, 19, 21, 23, 25, 26, 27, 30, 31, 32, 34, 35, 36, 
  39, 40, 41, 44, 54, 56, 62, 63 ],
[ 1, 2, 3, 5, 7, 11, 12, 16, 18, 19, 21, 25, 26, 29, 32, 35, 36, 40, 47, 49, 
  50, 51, 53, 54, 55, 56, 57, 61 ],
[ 1, 2, 3, 5, 7, 11, 12, 16, 17, 19, 21, 26, 29, 31, 32, 33, 35, 36, 39, 41, 
  43, 48, 51, 52, 53, 55, 56, 64 ],
[ 1, 2, 3, 5, 7, 11, 12, 16, 17, 19, 21, 26, 27, 29, 32, 35, 36, 37, 38, 39, 
  41, 43, 46, 49, 51, 56, 60, 63 ],
[ 1, 2, 3, 5, 7, 11, 12, 16, 17, 19, 21, 25, 26, 27, 28, 29, 32, 35, 36, 41, 
  47, 49, 53, 54, 55, 56, 57, 61 ],
[ 1, 2, 3, 5, 7, 11, 12, 16, 17, 19, 21, 24, 26, 27, 28, 29, 32, 33, 34, 35, 
  36, 41, 48, 49, 53, 56, 57, 61 ],
[ 1, 2, 3, 5, 7, 11, 12, 16, 17, 19, 21, 23, 26, 30, 31, 32, 35, 36, 41, 48, 
  49, 50, 53, 54, 55, 56, 57, 60 ],
[ 1, 2, 3, 5, 7, 11, 12, 16, 17, 19, 21, 23, 25, 26, 27, 30, 31, 32, 33, 34, 
  35, 36, 41, 44, 53, 56, 57, 62 ],
[ 1, 2, 3, 5, 7, 11, 12, 16, 17, 18, 19, 21, 26, 29, 32, 35, 36, 37, 38, 44, 
  46, 50, 51, 56, 57, 59, 62, 63 ],
[ 1, 2, 3, 5, 7, 11, 12, 16, 17, 18, 19, 21, 25, 26, 29, 31, 32, 33, 35, 36, 
  51, 52, 53, 55, 56, 57, 59, 64 ],
[ 1, 2, 3, 5, 7, 11, 12, 15, 16, 19, 21, 26, 29, 32, 35, 36, 37, 40, 41, 43, 
  44, 50, 51, 53, 56, 57, 61, 62 ],
[ 1, 2, 3, 5, 7, 11, 12, 15, 16, 19, 21, 26, 27, 29, 32, 35, 36, 37, 40, 41, 
  43, 44, 49, 51, 53, 56, 57, 61 ],
[ 1, 2, 3, 5, 7, 11, 12, 15, 16, 18, 19, 21, 26, 29, 32, 35, 36, 37, 39, 40, 
  50, 51, 53, 56, 59, 60, 61, 62 ],
[ 1, 2, 3, 5, 7, 11, 12, 15, 16, 18, 19, 21, 26, 27, 29, 32, 35, 36, 37, 39, 
  40, 49, 51, 53, 56, 59, 60, 61 ],
[ 1, 2, 3, 5, 7, 11, 12, 15, 16, 17, 19, 21, 26, 27, 29, 32, 35, 36, 37, 39, 
  41, 43, 44, 49, 51, 53, 56, 61 ],
[ 1, 2, 3, 5, 7, 11, 12, 15, 16, 17, 18, 19, 21, 26, 27, 29, 32, 35, 36, 37, 
  49, 51, 53, 56, 57, 59, 60, 61 ],
[ 1, 2, 3, 5, 7, 11, 12, 14, 16, 17, 19, 21, 26, 27, 28, 29, 32, 35, 36, 38, 
  39, 41, 43, 44, 53, 56, 61, 62 ],
[ 1, 2, 3, 5, 7, 11, 12, 14, 16, 17, 18, 19, 21, 26, 28, 29, 32, 35, 36, 38, 
  49, 50, 53, 56, 57, 59, 60, 61 ],
[ 1, 2, 3, 5, 7, 11, 12, 13, 16, 17, 19, 21, 26, 29, 31, 32, 34, 36, 39, 41, 
  43, 48, 51, 52, 54, 56, 63, 64 ],
[ 1, 2, 3, 5, 7, 11, 12, 13, 16, 17, 19, 21, 26, 27, 28, 29, 32, 36, 37, 38, 
  39, 41, 43, 46, 53, 56, 60, 62 ],
[ 1, 2, 3, 5, 7, 11, 12, 13, 16, 17, 18, 19, 21, 26, 27, 28, 29, 32, 36, 37, 
  38, 44, 46, 53, 56, 57, 59, 62 ],
[ 1, 2, 3, 5, 7, 11, 12, 13, 16, 17, 18, 19, 21, 25, 26, 29, 31, 32, 34, 36, 
  51, 52, 54, 56, 57, 59, 63, 64 ],
[ 1, 2, 3, 5, 7, 11, 12, 13, 15, 16, 18, 19, 21, 26, 28, 29, 32, 36, 37, 39, 
  40, 49, 50, 56, 59, 60, 61, 63 ],
[ 1, 2, 3, 5, 7, 11, 12, 13, 15, 16, 18, 19, 21, 26, 27, 28, 29, 32, 36, 37, 
  39, 40, 56, 59, 60, 61, 62, 63 ]
];

