## Group: [64, 48]
## Difference Sets: 56
## Time:  0:01:05.686

return [
[ 1, 2, 5, 7, 10, 11, 13, 14, 17, 19, 21, 24, 25, 27, 29, 30, 33, 34, 36, 37, 
  39, 41, 47, 48, 49, 51, 53, 56 ],
[ 1, 2, 5, 7, 10, 11, 13, 14, 17, 19, 21, 24, 25, 27, 28, 29, 30, 33, 34, 36, 
  37, 39, 41, 47, 48, 53, 56, 62 ],
[ 1, 2, 5, 7, 10, 11, 13, 14, 17, 18, 19, 21, 24, 25, 27, 29, 30, 33, 34, 36, 
  37, 47, 48, 49, 51, 53, 56, 57 ],
[ 1, 2, 5, 7, 10, 11, 13, 14, 17, 18, 19, 21, 24, 25, 27, 28, 29, 30, 33, 34, 
  36, 37, 47, 48, 53, 56, 57, 62 ],
[ 1, 2, 5, 7, 10, 11, 13, 14, 16, 17, 21, 24, 26, 27, 28, 30, 33, 34, 36, 38, 
  39, 40, 46, 48, 50, 51, 53, 57 ],
[ 1, 2, 5, 7, 10, 11, 13, 14, 16, 17, 21, 24, 25, 26, 27, 28, 30, 33, 34, 36, 
  38, 39, 40, 50, 51, 53, 57, 61 ],
[ 1, 2, 5, 7, 10, 11, 13, 14, 16, 17, 18, 21, 24, 26, 27, 30, 33, 34, 36, 38, 
  40, 41, 46, 48, 49, 50, 53, 62 ],
[ 1, 2, 5, 7, 10, 11, 13, 14, 16, 17, 18, 21, 24, 25, 26, 27, 30, 33, 34, 36, 
  38, 40, 41, 49, 50, 53, 61, 62 ],
[ 1, 2, 5, 7, 10, 11, 13, 14, 15, 17, 19, 21, 24, 27, 29, 30, 33, 34, 37, 38, 
  39, 41, 46, 47, 49, 51, 53, 61 ],
[ 1, 2, 5, 7, 10, 11, 13, 14, 15, 17, 19, 21, 24, 27, 28, 29, 30, 33, 34, 37, 
  38, 39, 41, 46, 47, 53, 61, 62 ],
[ 1, 2, 5, 7, 10, 11, 13, 14, 15, 17, 18, 19, 21, 24, 27, 29, 30, 33, 34, 37, 
  38, 46, 47, 49, 51, 53, 57, 61 ],
[ 1, 2, 5, 7, 10, 11, 13, 14, 15, 17, 18, 19, 21, 24, 27, 28, 29, 30, 33, 34, 
  37, 38, 46, 47, 53, 57, 61, 62 ],
[ 1, 2, 5, 7, 10, 11, 13, 14, 15, 16, 17, 21, 24, 26, 27, 28, 30, 33, 34, 39, 
  40, 46, 48, 50, 51, 53, 56, 57 ],
[ 1, 2, 5, 7, 10, 11, 13, 14, 15, 16, 17, 21, 24, 25, 26, 27, 28, 30, 33, 34, 
  39, 40, 50, 51, 53, 56, 57, 61 ],
[ 1, 2, 5, 7, 10, 11, 13, 14, 15, 16, 17, 18, 21, 24, 26, 27, 30, 33, 34, 40, 
  41, 46, 48, 49, 50, 53, 56, 62 ],
[ 1, 2, 5, 7, 10, 11, 13, 14, 15, 16, 17, 18, 21, 24, 25, 26, 27, 30, 33, 34, 
  40, 41, 49, 50, 53, 56, 61, 62 ],
[ 1, 2, 5, 6, 8, 10, 12, 14, 17, 19, 20, 24, 25, 27, 29, 31, 33, 34, 36, 37, 
  39, 41, 46, 49, 51, 54, 55, 56 ],
[ 1, 2, 5, 6, 8, 10, 12, 14, 17, 19, 20, 24, 25, 27, 28, 29, 31, 33, 34, 36, 
  37, 39, 41, 46, 54, 55, 56, 62 ],
[ 1, 2, 5, 6, 8, 10, 12, 14, 17, 18, 19, 20, 24, 25, 27, 29, 31, 33, 34, 36, 
  37, 46, 49, 51, 54, 55, 56, 57 ],
[ 1, 2, 5, 6, 8, 10, 12, 14, 17, 18, 19, 20, 24, 25, 27, 28, 29, 31, 33, 34, 
  36, 37, 46, 54, 55, 56, 57, 62 ],
[ 1, 2, 5, 6, 8, 10, 12, 14, 15, 17, 19, 20, 24, 25, 27, 29, 31, 33, 37, 38, 
  39, 41, 46, 49, 51, 53, 54, 63 ],
[ 1, 2, 5, 6, 8, 10, 12, 14, 15, 17, 19, 20, 24, 25, 27, 28, 29, 31, 33, 37, 
  38, 39, 41, 46, 53, 54, 62, 63 ],
[ 1, 2, 5, 6, 8, 10, 12, 14, 15, 17, 18, 19, 20, 24, 25, 27, 29, 31, 33, 37, 
  38, 46, 49, 51, 53, 54, 57, 63 ],
[ 1, 2, 5, 6, 8, 10, 12, 14, 15, 17, 18, 19, 20, 24, 25, 27, 28, 29, 31, 33, 
  37, 38, 46, 53, 54, 57, 62, 63 ],
[ 1, 2, 5, 6, 8, 10, 12, 13, 14, 17, 19, 20, 24, 25, 27, 29, 31, 35, 36, 37, 
  39, 41, 46, 49, 51, 53, 56, 63 ],
[ 1, 2, 5, 6, 8, 10, 12, 13, 14, 17, 19, 20, 24, 25, 27, 28, 29, 31, 35, 36, 
  37, 39, 41, 46, 53, 56, 62, 63 ],
[ 1, 2, 5, 6, 8, 10, 12, 13, 14, 17, 18, 19, 20, 24, 25, 27, 29, 31, 35, 36, 
  37, 46, 49, 51, 53, 56, 57, 63 ],
[ 1, 2, 5, 6, 8, 10, 12, 13, 14, 17, 18, 19, 20, 24, 25, 27, 28, 29, 31, 35, 
  36, 37, 46, 53, 56, 57, 62, 63 ],
[ 1, 2, 5, 6, 8, 10, 12, 13, 14, 15, 17, 19, 20, 24, 25, 27, 29, 31, 34, 35, 
  37, 38, 39, 41, 46, 49, 51, 55 ],
[ 1, 2, 5, 6, 8, 10, 12, 13, 14, 15, 17, 19, 20, 24, 25, 27, 28, 29, 31, 34, 
  35, 37, 38, 39, 41, 46, 55, 62 ],
[ 1, 2, 5, 6, 8, 10, 12, 13, 14, 15, 17, 18, 19, 20, 24, 25, 27, 29, 31, 34, 
  35, 37, 38, 46, 49, 51, 55, 57 ],
[ 1, 2, 5, 6, 8, 10, 12, 13, 14, 15, 17, 18, 19, 20, 24, 25, 27, 28, 29, 31, 
  34, 35, 37, 38, 46, 55, 57, 62 ],
[ 1, 2, 3, 8, 10, 11, 14, 15, 17, 20, 21, 22, 24, 26, 27, 29, 30, 33, 34, 36, 
  39, 40, 47, 49, 51, 54, 55, 57 ],
[ 1, 2, 3, 8, 10, 11, 14, 15, 17, 20, 21, 22, 24, 26, 27, 28, 29, 30, 33, 34, 
  36, 39, 40, 47, 54, 55, 57, 62 ],
[ 1, 2, 3, 8, 10, 11, 14, 15, 17, 18, 20, 21, 22, 24, 26, 27, 28, 29, 30, 33, 
  36, 40, 41, 47, 53, 54, 62, 63 ],
[ 1, 2, 3, 7, 8, 10, 11, 14, 15, 17, 19, 20, 24, 26, 27, 29, 30, 33, 36, 39, 
  41, 42, 47, 49, 51, 53, 54, 63 ],
[ 1, 2, 3, 7, 8, 10, 11, 14, 15, 17, 19, 20, 24, 26, 27, 28, 29, 30, 33, 36, 
  39, 41, 42, 47, 53, 54, 62, 63 ],
[ 1, 2, 3, 7, 8, 10, 11, 14, 15, 17, 18, 19, 20, 24, 26, 27, 29, 30, 33, 36, 
  42, 47, 49, 51, 53, 54, 57, 63 ],
[ 1, 2, 3, 7, 8, 10, 11, 14, 15, 17, 18, 19, 20, 24, 26, 27, 28, 29, 30, 33, 
  36, 42, 47, 53, 54, 57, 62, 63 ],
[ 1, 2, 3, 6, 8, 10, 11, 14, 15, 17, 21, 24, 26, 27, 29, 30, 33, 34, 36, 39, 
  40, 42, 47, 49, 51, 54, 55, 57 ],
[ 1, 2, 3, 5, 7, 10, 11, 14, 15, 17, 21, 24, 26, 27, 28, 30, 33, 35, 36, 39, 
  40, 46, 48, 50, 51, 53, 55, 57 ],
[ 1, 2, 3, 5, 7, 10, 11, 14, 15, 17, 21, 24, 26, 27, 28, 30, 33, 34, 35, 36, 
  39, 40, 46, 48, 50, 51, 57, 63 ],
[ 1, 2, 3, 5, 7, 10, 11, 14, 15, 17, 21, 24, 25, 26, 27, 28, 30, 33, 35, 36, 
  39, 40, 50, 51, 53, 55, 57, 61 ],
[ 1, 2, 3, 5, 7, 10, 11, 14, 15, 17, 21, 24, 25, 26, 27, 28, 30, 33, 34, 35, 
  36, 39, 40, 50, 51, 57, 61, 63 ],
[ 1, 2, 3, 5, 7, 10, 11, 14, 15, 17, 19, 21, 24, 27, 29, 30, 33, 34, 36, 39, 
  41, 46, 47, 49, 51, 54, 55, 61 ],
[ 1, 2, 3, 5, 7, 10, 11, 14, 15, 17, 19, 21, 24, 27, 28, 29, 30, 33, 34, 36, 
  39, 41, 46, 47, 54, 55, 61, 62 ],
[ 1, 2, 3, 5, 7, 10, 11, 14, 15, 17, 19, 21, 24, 25, 27, 29, 30, 33, 36, 39, 
  41, 47, 48, 49, 51, 53, 54, 63 ],
[ 1, 2, 3, 5, 7, 10, 11, 14, 15, 17, 19, 21, 24, 25, 27, 28, 29, 30, 33, 36, 
  39, 41, 47, 48, 53, 54, 62, 63 ],
[ 1, 2, 3, 5, 7, 10, 11, 14, 15, 17, 18, 21, 24, 26, 27, 30, 33, 35, 36, 40, 
  41, 46, 48, 49, 50, 53, 55, 62 ],
[ 1, 2, 3, 5, 7, 10, 11, 14, 15, 17, 18, 21, 24, 26, 27, 30, 33, 34, 35, 36, 
  40, 41, 46, 48, 49, 50, 62, 63 ],
[ 1, 2, 3, 5, 7, 10, 11, 14, 15, 17, 18, 21, 24, 25, 26, 27, 30, 33, 35, 36, 
  40, 41, 49, 50, 53, 55, 61, 62 ],
[ 1, 2, 3, 5, 7, 10, 11, 14, 15, 17, 18, 21, 24, 25, 26, 27, 30, 33, 34, 35, 
  36, 40, 41, 49, 50, 61, 62, 63 ],
[ 1, 2, 3, 5, 7, 10, 11, 14, 15, 17, 18, 19, 21, 24, 27, 29, 30, 33, 34, 36, 
  46, 47, 49, 51, 54, 55, 57, 61 ],
[ 1, 2, 3, 5, 7, 10, 11, 14, 15, 17, 18, 19, 21, 24, 27, 28, 29, 30, 33, 34, 
  36, 46, 47, 54, 55, 57, 61, 62 ],
[ 1, 2, 3, 5, 7, 10, 11, 14, 15, 17, 18, 19, 21, 24, 25, 27, 29, 30, 33, 36, 
  47, 48, 49, 51, 53, 54, 57, 63 ],
[ 1, 2, 3, 5, 7, 10, 11, 14, 15, 17, 18, 19, 21, 24, 25, 27, 28, 29, 30, 33, 
  36, 47, 48, 53, 54, 57, 62, 63 ]
];

