## Group: [64, 45]
## Difference Sets: 136
## Time:  0:11:05.233

return [
[ 1, 6, 7, 10, 12, 14, 16, 20, 21, 22, 23, 26, 28, 29, 31, 32, 33, 34, 35, 
  37, 38, 40, 48, 49, 54, 57, 60, 62 ],
[ 1, 6, 7, 10, 12, 14, 16, 20, 21, 22, 23, 26, 27, 28, 29, 31, 32, 34, 35, 
  37, 38, 40, 48, 50, 53, 57, 60, 63 ],
[ 1, 6, 7, 10, 12, 14, 15, 16, 17, 20, 21, 22, 23, 26, 28, 29, 31, 32, 33, 
  35, 37, 39, 48, 49, 54, 55, 60, 62 ],
[ 1, 6, 7, 10, 12, 14, 15, 16, 17, 20, 21, 22, 23, 26, 27, 28, 29, 31, 32, 
  35, 37, 39, 48, 50, 53, 55, 60, 63 ],
[ 1, 6, 7, 10, 12, 13, 14, 15, 16, 20, 21, 22, 25, 26, 28, 29, 31, 32, 33, 
  34, 37, 40, 45, 49, 54, 57, 60, 62 ],
[ 1, 6, 7, 10, 12, 13, 14, 15, 16, 20, 21, 22, 25, 26, 27, 28, 29, 31, 32, 
  34, 37, 40, 45, 50, 53, 57, 60, 63 ],
[ 1, 6, 7, 10, 12, 13, 14, 15, 16, 17, 21, 22, 23, 26, 28, 29, 31, 32, 33, 
  34, 37, 42, 48, 49, 54, 57, 60, 62 ],
[ 1, 6, 7, 10, 12, 13, 14, 15, 16, 17, 21, 22, 23, 26, 27, 28, 29, 31, 32, 
  34, 37, 42, 48, 50, 53, 57, 60, 63 ],
[ 1, 6, 7, 10, 11, 12, 14, 16, 17, 21, 22, 23, 25, 26, 29, 31, 33, 34, 35, 
  37, 38, 42, 44, 49, 51, 54, 57, 62 ],
[ 1, 6, 7, 10, 11, 12, 14, 16, 17, 21, 22, 23, 25, 26, 27, 29, 31, 34, 35, 
  37, 38, 42, 44, 50, 51, 53, 57, 63 ],
[ 1, 6, 7, 10, 11, 12, 14, 15, 16, 21, 22, 23, 25, 26, 29, 31, 33, 35, 37, 
  39, 40, 42, 44, 49, 51, 54, 55, 62 ],
[ 1, 6, 7, 10, 11, 12, 13, 14, 16, 21, 22, 26, 29, 31, 33, 37, 38, 39, 40, 
  42, 44, 45, 48, 49, 51, 54, 55, 62 ],
[ 1, 6, 7, 10, 11, 12, 13, 14, 16, 17, 20, 21, 22, 23, 25, 26, 29, 31, 33, 
  37, 38, 39, 44, 49, 51, 54, 55, 62 ],
[ 1, 6, 7, 10, 11, 12, 13, 14, 16, 17, 20, 21, 22, 23, 25, 26, 27, 29, 31, 
  37, 38, 39, 44, 50, 51, 53, 55, 63 ],
[ 1, 6, 7, 9, 10, 12, 13, 14, 15, 16, 20, 21, 22, 26, 31, 32, 33, 34, 37, 40, 
  44, 45, 48, 49, 51, 54, 57, 62 ],
[ 1, 6, 7, 9, 10, 12, 13, 14, 15, 16, 20, 21, 22, 26, 27, 31, 32, 34, 37, 40, 
  44, 45, 48, 50, 51, 53, 57, 63 ],
[ 1, 6, 7, 9, 10, 11, 12, 13, 14, 16, 21, 22, 25, 26, 28, 31, 33, 37, 38, 39, 
  40, 42, 45, 49, 54, 55, 60, 62 ],
[ 1, 6, 7, 9, 10, 11, 12, 13, 14, 16, 21, 22, 25, 26, 27, 28, 31, 37, 38, 39, 
  40, 42, 45, 50, 53, 55, 60, 63 ],
[ 1, 6, 7, 8, 10, 12, 14, 16, 17, 21, 22, 23, 28, 29, 31, 32, 33, 34, 35, 37, 
  38, 42, 44, 48, 49, 54, 57, 62 ],
[ 1, 6, 7, 8, 10, 12, 14, 15, 16, 21, 22, 23, 28, 29, 31, 32, 33, 35, 37, 39, 
  40, 42, 44, 48, 49, 54, 55, 62 ],
[ 1, 6, 7, 8, 10, 12, 13, 14, 16, 21, 22, 25, 28, 29, 31, 32, 33, 37, 38, 39, 
  40, 42, 44, 45, 49, 54, 55, 62 ],
[ 1, 6, 7, 8, 10, 11, 12, 14, 16, 20, 21, 22, 23, 25, 29, 31, 33, 34, 35, 37, 
  38, 40, 49, 51, 54, 57, 60, 62 ],
[ 1, 6, 7, 8, 10, 11, 12, 14, 15, 16, 17, 20, 21, 22, 23, 25, 29, 31, 33, 35, 
  37, 39, 49, 51, 54, 55, 60, 62 ],
[ 1, 6, 7, 8, 10, 11, 12, 13, 14, 15, 16, 20, 21, 22, 29, 31, 33, 34, 37, 40, 
  45, 48, 49, 51, 54, 57, 60, 62 ],
[ 1, 3, 7, 10, 11, 12, 14, 16, 19, 20, 21, 22, 26, 28, 29, 31, 33, 35, 38, 
  42, 45, 48, 49, 53, 54, 57, 60, 62 ],
[ 1, 3, 7, 10, 11, 12, 13, 15, 16, 19, 20, 21, 22, 23, 26, 28, 29, 31, 33, 
  37, 42, 44, 48, 49, 54, 57, 62, 63 ],
[ 1, 3, 7, 9, 10, 11, 12, 14, 16, 19, 20, 21, 22, 26, 31, 33, 35, 38, 42, 45, 
  48, 49, 51, 53, 54, 57, 60, 62 ],
[ 1, 3, 7, 9, 10, 11, 12, 14, 16, 19, 20, 21, 22, 23, 26, 31, 33, 35, 38, 42, 
  44, 48, 49, 51, 53, 54, 57, 62 ],
[ 1, 3, 6, 7, 10, 12, 14, 15, 16, 19, 20, 21, 25, 26, 29, 31, 32, 33, 35, 39, 
  42, 44, 45, 49, 51, 54, 62, 63 ],
[ 1, 3, 6, 7, 10, 12, 13, 16, 19, 20, 21, 23, 25, 26, 29, 31, 32, 33, 37, 38, 
  39, 42, 49, 51, 53, 54, 60, 62 ],
[ 1, 3, 6, 7, 9, 10, 12, 14, 15, 16, 19, 20, 21, 25, 26, 28, 31, 32, 33, 35, 
  39, 42, 44, 45, 49, 54, 62, 63 ],
[ 1, 3, 6, 7, 9, 10, 12, 14, 15, 16, 19, 20, 21, 23, 25, 26, 28, 31, 32, 33, 
  35, 39, 42, 49, 54, 60, 62, 63 ],
[ 1, 2, 10, 11, 12, 15, 16, 19, 20, 21, 22, 31, 32, 33, 35, 36, 37, 40, 41, 
  46, 49, 53, 55, 57, 58, 61, 62, 64 ],
[ 1, 2, 10, 11, 12, 15, 16, 19, 20, 21, 22, 24, 31, 32, 33, 35, 36, 37, 40, 
  41, 43, 47, 49, 53, 55, 57, 59, 62 ],
[ 1, 2, 10, 11, 12, 15, 16, 19, 20, 21, 22, 24, 27, 31, 32, 33, 35, 36, 37, 
  40, 41, 47, 50, 53, 55, 57, 58, 64 ],
[ 1, 2, 10, 11, 12, 14, 15, 16, 19, 20, 21, 22, 31, 32, 35, 40, 41, 46, 49, 
  54, 55, 56, 57, 58, 61, 62, 63, 64 ],
[ 1, 2, 10, 11, 12, 14, 15, 16, 19, 20, 21, 22, 24, 31, 32, 35, 40, 41, 43, 
  47, 49, 54, 55, 56, 57, 59, 62, 63 ],
[ 1, 2, 10, 11, 12, 14, 15, 16, 19, 20, 21, 22, 24, 27, 31, 32, 35, 40, 41, 
  47, 50, 54, 55, 56, 57, 58, 63, 64 ],
[ 1, 2, 10, 11, 12, 13, 16, 17, 19, 21, 22, 31, 32, 33, 36, 37, 38, 41, 42, 
  46, 49, 53, 55, 57, 58, 61, 62, 64 ],
[ 1, 2, 10, 11, 12, 13, 16, 17, 19, 21, 22, 24, 31, 32, 33, 36, 37, 38, 41, 
  42, 43, 47, 49, 53, 55, 57, 59, 62 ],
[ 1, 2, 10, 11, 12, 13, 16, 17, 19, 21, 22, 24, 27, 31, 32, 33, 36, 37, 38, 
  41, 42, 47, 50, 53, 55, 57, 58, 64 ],
[ 1, 2, 10, 11, 12, 13, 14, 16, 17, 19, 21, 22, 31, 32, 38, 41, 42, 46, 49, 
  54, 55, 56, 57, 58, 61, 62, 63, 64 ],
[ 1, 2, 10, 11, 12, 13, 14, 16, 17, 19, 21, 22, 24, 31, 32, 38, 41, 42, 43, 
  47, 49, 54, 55, 56, 57, 59, 62, 63 ],
[ 1, 2, 10, 11, 12, 13, 14, 16, 17, 19, 21, 22, 24, 27, 31, 32, 38, 41, 42, 
  47, 50, 54, 55, 56, 57, 58, 63, 64 ],
[ 1, 2, 8, 10, 12, 15, 16, 19, 20, 21, 22, 25, 26, 27, 28, 31, 33, 35, 36, 
  37, 40, 41, 48, 50, 51, 53, 55, 57 ],
[ 1, 2, 8, 10, 12, 14, 15, 16, 19, 20, 21, 22, 25, 26, 27, 28, 31, 35, 40, 
  41, 48, 50, 51, 54, 55, 56, 57, 63 ],
[ 1, 2, 8, 10, 12, 13, 16, 17, 19, 21, 22, 25, 26, 27, 28, 31, 33, 36, 37, 
  38, 41, 42, 48, 50, 51, 53, 55, 57 ],
[ 1, 2, 8, 10, 12, 13, 14, 16, 17, 19, 21, 22, 25, 26, 27, 28, 31, 38, 41, 
  42, 48, 50, 51, 54, 55, 56, 57, 63 ],
[ 1, 2, 8, 10, 11, 12, 15, 16, 19, 20, 21, 22, 26, 27, 31, 32, 33, 35, 36, 
  37, 40, 41, 44, 50, 53, 55, 57, 60 ],
[ 1, 2, 8, 10, 11, 12, 15, 16, 19, 20, 21, 22, 23, 26, 31, 32, 33, 35, 36, 
  37, 40, 41, 45, 49, 53, 55, 57, 62 ],
[ 1, 2, 8, 10, 11, 12, 14, 15, 16, 19, 20, 21, 22, 26, 27, 31, 32, 35, 40, 
  41, 44, 50, 54, 55, 56, 57, 60, 63 ],
[ 1, 2, 8, 10, 11, 12, 14, 15, 16, 19, 20, 21, 22, 23, 26, 31, 32, 35, 40, 
  41, 45, 49, 54, 55, 56, 57, 62, 63 ],
[ 1, 2, 8, 10, 11, 12, 13, 16, 17, 19, 21, 22, 26, 27, 31, 32, 33, 36, 37, 
  38, 41, 42, 44, 50, 53, 55, 57, 60 ],
[ 1, 2, 8, 10, 11, 12, 13, 16, 17, 19, 21, 22, 23, 26, 31, 32, 33, 36, 37, 
  38, 41, 42, 45, 49, 53, 55, 57, 62 ],
[ 1, 2, 8, 10, 11, 12, 13, 14, 16, 17, 19, 21, 22, 26, 27, 31, 32, 38, 41, 
  42, 44, 50, 54, 55, 56, 57, 60, 63 ],
[ 1, 2, 8, 10, 11, 12, 13, 14, 16, 17, 19, 21, 22, 23, 26, 31, 32, 38, 41, 
  42, 45, 49, 54, 55, 56, 57, 62, 63 ],
[ 1, 2, 8, 9, 10, 12, 15, 16, 19, 20, 21, 22, 25, 26, 29, 31, 33, 35, 36, 37, 
  40, 41, 48, 49, 53, 55, 57, 62 ],
[ 1, 2, 8, 9, 10, 12, 14, 15, 16, 19, 20, 21, 22, 25, 26, 29, 31, 35, 40, 41, 
  48, 49, 54, 55, 56, 57, 62, 63 ],
[ 1, 2, 8, 9, 10, 12, 13, 16, 17, 19, 21, 22, 25, 26, 29, 31, 33, 36, 37, 38, 
  41, 42, 48, 49, 53, 55, 57, 62 ],
[ 1, 2, 8, 9, 10, 12, 13, 14, 16, 17, 19, 21, 22, 25, 26, 29, 31, 38, 41, 42, 
  48, 49, 54, 55, 56, 57, 62, 63 ],
[ 1, 2, 6, 10, 11, 12, 13, 14, 15, 16, 18, 19, 21, 31, 32, 33, 34, 39, 40, 
  42, 46, 49, 53, 56, 58, 61, 62, 64 ],
[ 1, 2, 6, 10, 11, 12, 13, 14, 15, 16, 18, 19, 21, 24, 31, 32, 33, 34, 39, 
  40, 42, 43, 47, 49, 53, 56, 59, 62 ],
[ 1, 2, 6, 10, 11, 12, 13, 14, 15, 16, 18, 19, 21, 24, 27, 31, 32, 33, 34, 
  39, 40, 42, 47, 50, 53, 56, 58, 64 ],
[ 1, 2, 6, 8, 10, 12, 14, 16, 17, 18, 19, 20, 21, 25, 26, 27, 28, 31, 33, 34, 
  35, 38, 39, 48, 50, 51, 53, 56 ],
[ 1, 2, 6, 8, 10, 12, 13, 14, 15, 16, 18, 19, 21, 25, 26, 27, 28, 31, 33, 34, 
  39, 40, 42, 48, 50, 51, 53, 56 ],
[ 1, 2, 6, 8, 10, 11, 12, 14, 16, 17, 18, 19, 20, 21, 26, 27, 31, 32, 33, 34, 
  35, 38, 39, 44, 50, 53, 56, 60 ],
[ 1, 2, 6, 8, 10, 11, 12, 13, 14, 15, 16, 18, 19, 21, 26, 27, 31, 32, 33, 34, 
  39, 40, 42, 44, 50, 53, 56, 60 ],
[ 1, 2, 6, 8, 10, 11, 12, 13, 14, 15, 16, 18, 19, 21, 23, 26, 31, 32, 33, 34, 
  39, 40, 42, 45, 49, 53, 56, 62 ],
[ 1, 2, 5, 10, 11, 12, 15, 16, 17, 19, 22, 24, 27, 31, 32, 33, 35, 36, 37, 
  39, 41, 42, 47, 50, 53, 55, 58, 64 ],
[ 1, 2, 5, 8, 10, 11, 12, 13, 14, 16, 19, 20, 22, 23, 26, 31, 32, 38, 39, 40, 
  41, 45, 49, 54, 55, 56, 62, 63 ],
[ 1, 2, 5, 8, 9, 10, 12, 15, 16, 17, 19, 22, 25, 26, 29, 31, 33, 35, 36, 37, 
  39, 41, 42, 48, 49, 53, 55, 62 ],
[ 1, 2, 5, 8, 9, 10, 12, 13, 14, 16, 19, 20, 22, 25, 26, 29, 31, 38, 39, 40, 
  41, 48, 49, 54, 55, 56, 62, 63 ],
[ 1, 2, 4, 7, 11, 12, 14, 16, 19, 20, 21, 31, 32, 34, 35, 37, 38, 40, 46, 47, 
  49, 50, 52, 53, 57, 59, 63, 64 ],
[ 1, 2, 4, 7, 11, 12, 14, 16, 19, 20, 21, 27, 31, 32, 34, 35, 37, 38, 40, 47, 
  52, 53, 57, 58, 59, 61, 62, 63 ],
[ 1, 2, 4, 7, 11, 12, 14, 16, 17, 19, 21, 31, 32, 34, 35, 37, 38, 42, 43, 47, 
  49, 50, 52, 53, 57, 61, 63, 64 ],
[ 1, 2, 4, 7, 11, 12, 14, 16, 17, 19, 21, 24, 30, 31, 32, 34, 35, 37, 38, 42, 
  43, 46, 50, 53, 57, 62, 63, 64 ],
[ 1, 2, 4, 7, 11, 12, 14, 15, 16, 19, 21, 31, 32, 35, 37, 39, 40, 42, 43, 47, 
  49, 50, 52, 53, 55, 61, 63, 64 ],
[ 1, 2, 4, 7, 11, 12, 14, 15, 16, 19, 21, 24, 30, 31, 32, 35, 37, 39, 40, 42, 
  43, 46, 50, 53, 55, 62, 63, 64 ],
[ 1, 2, 4, 7, 11, 12, 14, 15, 16, 17, 19, 20, 21, 31, 32, 35, 37, 39, 46, 47, 
  49, 50, 52, 53, 55, 59, 63, 64 ],
[ 1, 2, 4, 7, 11, 12, 14, 15, 16, 17, 19, 20, 21, 27, 31, 32, 35, 37, 39, 47, 
  52, 53, 55, 58, 59, 61, 62, 63 ],
[ 1, 2, 3, 7, 12, 14, 15, 16, 19, 20, 21, 22, 26, 27, 28, 29, 30, 32, 33, 35, 
  39, 42, 43, 51, 53, 54, 60, 61 ],
[ 1, 2, 3, 7, 11, 12, 14, 15, 16, 19, 20, 21, 22, 23, 25, 28, 29, 31, 33, 35, 
  39, 42, 51, 53, 54, 59, 61, 62 ],
[ 1, 2, 3, 7, 11, 12, 14, 15, 16, 19, 20, 21, 22, 23, 25, 27, 28, 29, 33, 35, 
  39, 42, 47, 51, 52, 53, 54, 58 ],
[ 1, 2, 3, 7, 10, 12, 14, 15, 16, 19, 20, 21, 22, 24, 26, 28, 29, 32, 33, 35, 
  39, 42, 51, 53, 54, 58, 60, 62 ],
[ 1, 2, 3, 6, 7, 12, 14, 16, 19, 20, 21, 26, 27, 28, 31, 33, 35, 38, 39, 42, 
  44, 45, 48, 51, 52, 53, 54, 62 ],
[ 1, 2, 3, 6, 7, 12, 14, 16, 19, 20, 21, 25, 26, 28, 31, 33, 35, 38, 39, 42, 
  45, 49, 50, 51, 52, 53, 54, 60 ],
[ 1, 2, 3, 6, 7, 12, 14, 16, 19, 20, 21, 23, 28, 29, 32, 33, 35, 38, 42, 47, 
  48, 50, 51, 52, 54, 57, 63, 64 ],
[ 1, 2, 3, 6, 7, 12, 14, 16, 19, 20, 21, 23, 28, 29, 31, 32, 33, 35, 38, 42, 
  43, 48, 49, 51, 54, 57, 61, 63 ],
[ 1, 2, 3, 6, 7, 12, 14, 16, 19, 20, 21, 23, 26, 27, 28, 30, 31, 33, 35, 38, 
  39, 42, 48, 49, 51, 53, 54, 60 ],
[ 1, 2, 3, 6, 7, 12, 13, 16, 21, 22, 26, 28, 30, 31, 33, 35, 37, 39, 40, 42, 
  44, 45, 48, 50, 51, 56, 62, 63 ],
[ 1, 2, 3, 6, 7, 12, 13, 16, 21, 22, 25, 26, 27, 28, 30, 31, 33, 35, 37, 39, 
  40, 42, 45, 49, 51, 56, 60, 63 ],
[ 1, 2, 3, 6, 7, 12, 13, 16, 21, 22, 23, 25, 26, 28, 30, 31, 35, 36, 37, 39, 
  40, 42, 44, 50, 51, 54, 62, 63 ],
[ 1, 2, 3, 6, 7, 12, 13, 16, 21, 22, 23, 25, 26, 27, 28, 31, 33, 35, 37, 39, 
  40, 42, 44, 51, 52, 56, 62, 63 ],
[ 1, 2, 3, 6, 7, 12, 13, 16, 20, 21, 22, 26, 27, 28, 31, 33, 35, 36, 37, 40, 
  44, 45, 48, 51, 52, 53, 57, 62 ],
[ 1, 2, 3, 6, 7, 12, 13, 16, 20, 21, 22, 25, 26, 28, 31, 33, 35, 36, 37, 40, 
  45, 49, 50, 51, 52, 53, 57, 60 ],
[ 1, 2, 3, 6, 7, 12, 13, 16, 20, 21, 22, 23, 26, 28, 31, 35, 37, 40, 48, 49, 
  50, 51, 52, 53, 54, 56, 57, 60 ],
[ 1, 2, 3, 6, 7, 12, 13, 16, 20, 21, 22, 23, 26, 27, 28, 30, 31, 33, 35, 36, 
  37, 40, 48, 49, 51, 53, 57, 60 ],
[ 1, 2, 3, 6, 7, 12, 13, 16, 17, 21, 22, 23, 25, 26, 28, 30, 31, 35, 37, 42, 
  44, 50, 51, 53, 54, 56, 57, 62 ],
[ 1, 2, 3, 6, 7, 12, 13, 16, 17, 20, 21, 22, 23, 26, 28, 31, 35, 36, 37, 39, 
  48, 49, 50, 51, 52, 54, 60, 63 ],
[ 1, 2, 3, 6, 7, 12, 13, 15, 16, 19, 20, 21, 23, 25, 26, 28, 30, 31, 33, 37, 
  39, 42, 44, 50, 51, 54, 62, 63 ],
[ 1, 2, 3, 6, 7, 12, 13, 14, 16, 21, 22, 26, 27, 28, 31, 33, 35, 39, 40, 42, 
  44, 45, 48, 51, 52, 53, 56, 62 ],
[ 1, 2, 3, 6, 7, 12, 13, 14, 16, 21, 22, 25, 26, 28, 31, 33, 35, 39, 40, 42, 
  45, 49, 50, 51, 52, 53, 56, 60 ],
[ 1, 2, 3, 6, 7, 12, 13, 14, 16, 21, 22, 23, 26, 28, 31, 35, 36, 39, 40, 42, 
  48, 49, 50, 51, 52, 53, 54, 60 ],
[ 1, 2, 3, 6, 7, 12, 13, 14, 16, 20, 21, 22, 26, 28, 30, 31, 33, 35, 36, 40, 
  44, 45, 48, 50, 51, 57, 62, 63 ],
[ 1, 2, 3, 6, 7, 12, 13, 14, 16, 20, 21, 22, 25, 26, 27, 28, 30, 31, 33, 35, 
  36, 40, 45, 49, 51, 57, 60, 63 ],
[ 1, 2, 3, 6, 7, 12, 13, 14, 16, 20, 21, 22, 23, 25, 26, 28, 30, 31, 35, 40, 
  44, 50, 51, 54, 56, 57, 62, 63 ],
[ 1, 2, 3, 6, 7, 11, 12, 14, 16, 19, 20, 21, 26, 28, 29, 30, 33, 35, 38, 42, 
  43, 44, 46, 50, 51, 54, 57, 63 ],
[ 1, 2, 3, 6, 7, 10, 11, 12, 14, 16, 19, 20, 21, 26, 28, 29, 33, 35, 38, 42, 
  44, 47, 49, 51, 54, 57, 58, 63 ],
[ 1, 2, 3, 6, 7, 9, 12, 16, 21, 22, 26, 29, 30, 31, 33, 34, 37, 39, 40, 42, 
  44, 45, 48, 50, 55, 56, 62, 63 ],
[ 1, 2, 3, 6, 7, 9, 12, 16, 21, 22, 25, 26, 27, 29, 30, 31, 33, 34, 37, 39, 
  40, 42, 45, 49, 55, 56, 60, 63 ],
[ 1, 2, 3, 6, 7, 9, 12, 16, 21, 22, 23, 25, 26, 29, 30, 31, 34, 36, 37, 39, 
  40, 42, 44, 50, 54, 55, 62, 63 ],
[ 1, 2, 3, 6, 7, 9, 12, 16, 20, 21, 22, 26, 27, 29, 31, 33, 34, 36, 37, 40, 
  44, 45, 48, 52, 53, 55, 57, 62 ],
[ 1, 2, 3, 6, 7, 9, 12, 16, 17, 21, 22, 23, 26, 29, 31, 33, 34, 36, 37, 42, 
  48, 49, 50, 52, 53, 55, 57, 60 ],
[ 1, 2, 3, 6, 7, 9, 12, 16, 17, 21, 22, 23, 25, 26, 29, 30, 31, 34, 37, 42, 
  44, 50, 53, 54, 55, 56, 57, 62 ],
[ 1, 2, 3, 6, 7, 9, 12, 16, 17, 20, 21, 22, 23, 26, 29, 31, 34, 36, 37, 39, 
  48, 49, 50, 52, 54, 55, 60, 63 ],
[ 1, 2, 3, 6, 7, 9, 12, 16, 17, 20, 21, 22, 23, 25, 26, 29, 30, 31, 33, 34, 
  37, 39, 44, 50, 55, 56, 62, 63 ],
[ 1, 2, 3, 5, 7, 12, 15, 16, 19, 21, 22, 23, 24, 27, 28, 29, 30, 32, 35, 36, 
  40, 42, 48, 51, 53, 54, 58, 63 ],
[ 1, 2, 3, 5, 7, 12, 15, 16, 19, 20, 21, 22, 23, 26, 28, 31, 35, 40, 48, 49, 
  50, 51, 52, 53, 54, 56, 60, 63 ],
[ 1, 2, 3, 5, 7, 12, 15, 16, 17, 19, 20, 21, 22, 25, 28, 29, 31, 32, 33, 35, 
  45, 46, 49, 51, 53, 56, 59, 63 ],
[ 1, 2, 3, 5, 7, 12, 13, 16, 19, 20, 21, 22, 26, 28, 30, 31, 33, 36, 38, 40, 
  44, 45, 48, 50, 51, 53, 62, 63 ],
[ 1, 2, 3, 5, 7, 12, 13, 16, 19, 20, 21, 22, 25, 26, 27, 28, 30, 31, 33, 36, 
  38, 40, 45, 49, 51, 53, 60, 63 ],
[ 1, 2, 3, 5, 7, 12, 13, 16, 19, 20, 21, 22, 23, 25, 26, 27, 28, 31, 33, 36, 
  38, 40, 44, 51, 52, 53, 62, 63 ],
[ 1, 2, 3, 5, 7, 11, 12, 15, 16, 19, 21, 22, 26, 27, 28, 29, 35, 36, 40, 42, 
  44, 51, 52, 53, 54, 59, 61, 63 ],
[ 1, 2, 3, 5, 7, 11, 12, 15, 16, 19, 21, 22, 24, 26, 28, 29, 31, 35, 36, 40, 
  42, 44, 51, 53, 54, 62, 63, 64 ],
[ 1, 2, 3, 5, 6, 7, 12, 16, 19, 20, 21, 26, 27, 28, 29, 30, 32, 35, 38, 40, 
  43, 51, 53, 54, 56, 60, 61, 63 ],
[ 1, 2, 3, 5, 6, 7, 12, 13, 15, 16, 17, 19, 21, 26, 28, 29, 31, 32, 42, 47, 
  49, 51, 53, 54, 56, 60, 63, 64 ],
[ 1, 2, 3, 5, 6, 7, 11, 12, 16, 19, 20, 21, 23, 25, 28, 29, 31, 35, 38, 40, 
  51, 53, 54, 56, 59, 61, 62, 63 ],
[ 1, 2, 3, 5, 6, 7, 11, 12, 16, 19, 20, 21, 23, 25, 27, 28, 29, 35, 38, 40, 
  47, 51, 52, 53, 54, 56, 58, 63 ],
[ 1, 2, 3, 4, 7, 11, 12, 16, 19, 21, 26, 30, 31, 32, 33, 34, 37, 39, 40, 42, 
  44, 45, 48, 50, 55, 56, 62, 63 ],
[ 1, 2, 3, 4, 7, 11, 12, 16, 19, 21, 25, 26, 27, 30, 31, 32, 33, 34, 37, 39, 
  40, 42, 45, 49, 55, 56, 60, 63 ],
[ 1, 2, 3, 4, 7, 11, 12, 16, 19, 21, 23, 25, 26, 30, 31, 32, 34, 36, 37, 39, 
  40, 42, 44, 50, 54, 55, 62, 63 ],
[ 1, 2, 3, 4, 7, 11, 12, 16, 19, 20, 21, 26, 27, 31, 32, 33, 34, 36, 37, 40, 
  44, 45, 48, 52, 53, 55, 57, 62 ],
[ 1, 2, 3, 4, 7, 11, 12, 16, 17, 19, 21, 23, 26, 31, 32, 33, 34, 36, 37, 42, 
  48, 49, 50, 52, 53, 55, 57, 60 ],
[ 1, 2, 3, 4, 7, 11, 12, 16, 17, 19, 21, 23, 25, 26, 30, 31, 32, 34, 37, 42, 
  44, 50, 53, 54, 55, 56, 57, 62 ],
[ 1, 2, 3, 4, 7, 11, 12, 16, 17, 19, 20, 21, 23, 26, 31, 32, 34, 36, 37, 39, 
  48, 49, 50, 52, 54, 55, 60, 63 ],
[ 1, 2, 3, 4, 7, 11, 12, 16, 17, 19, 20, 21, 23, 25, 26, 30, 31, 32, 33, 34, 
  37, 39, 44, 50, 55, 56, 62, 63 ]
];

