## Group: [64, 44]
## Difference Sets: 52
## Time:  0:11:01.796

return [
[ 1, 4, 5, 7, 9, 12, 14, 19, 21, 22, 23, 24, 26, 28, 31, 32, 36, 37, 38, 39, 
  41, 43, 44, 48, 50, 55, 56, 57 ],
[ 1, 4, 5, 7, 9, 11, 12, 14, 19, 21, 22, 23, 24, 25, 26, 31, 36, 37, 38, 39, 
  41, 43, 50, 51, 55, 56, 57, 60 ],
[ 1, 3, 6, 7, 10, 12, 16, 17, 21, 22, 25, 26, 27, 29, 31, 32, 33, 34, 37, 39, 
  42, 44, 45, 50, 51, 53, 55, 56 ],
[ 1, 3, 6, 7, 10, 12, 16, 17, 20, 21, 22, 25, 26, 27, 29, 31, 32, 33, 34, 36, 
  37, 44, 45, 50, 51, 55, 57, 63 ],
[ 1, 3, 6, 7, 10, 12, 13, 16, 17, 21, 22, 25, 26, 29, 31, 32, 33, 35, 37, 39, 
  42, 44, 45, 49, 51, 53, 56, 62 ],
[ 1, 3, 6, 7, 10, 12, 13, 16, 17, 20, 21, 22, 25, 26, 29, 31, 32, 33, 35, 36, 
  37, 44, 45, 49, 51, 57, 62, 63 ],
[ 1, 3, 6, 7, 10, 11, 12, 16, 17, 21, 22, 26, 27, 28, 29, 31, 33, 34, 37, 39, 
  42, 45, 48, 50, 53, 55, 56, 60 ],
[ 1, 3, 6, 7, 10, 11, 12, 16, 17, 20, 21, 22, 26, 27, 28, 29, 31, 33, 34, 36, 
  37, 45, 48, 50, 55, 57, 60, 63 ],
[ 1, 3, 6, 7, 9, 10, 12, 16, 21, 22, 23, 26, 27, 28, 31, 32, 34, 36, 37, 40, 
  42, 44, 48, 50, 53, 54, 55, 57 ],
[ 1, 3, 6, 7, 9, 10, 12, 14, 16, 21, 22, 23, 26, 27, 28, 31, 32, 33, 34, 40, 
  42, 44, 48, 50, 55, 56, 57, 63 ],
[ 1, 3, 6, 7, 9, 10, 12, 13, 16, 21, 22, 23, 26, 28, 31, 32, 35, 36, 37, 40, 
  42, 44, 48, 49, 53, 54, 57, 62 ],
[ 1, 3, 6, 7, 9, 10, 12, 13, 16, 20, 21, 22, 23, 26, 28, 31, 32, 35, 37, 39, 
  40, 44, 48, 49, 54, 56, 62, 63 ],
[ 1, 3, 6, 7, 9, 10, 11, 12, 16, 21, 22, 23, 25, 26, 27, 31, 34, 36, 37, 40, 
  42, 50, 51, 53, 54, 55, 57, 60 ],
[ 1, 3, 6, 7, 9, 10, 11, 12, 14, 16, 21, 22, 23, 25, 26, 27, 31, 33, 34, 40, 
  42, 50, 51, 55, 56, 57, 60, 63 ],
[ 1, 3, 5, 6, 7, 9, 12, 16, 17, 21, 22, 23, 26, 28, 31, 32, 34, 36, 40, 42, 
  44, 47, 48, 50, 53, 55, 57, 59 ],
[ 1, 3, 5, 6, 7, 9, 11, 12, 16, 17, 21, 22, 23, 25, 26, 31, 34, 36, 40, 42, 
  47, 50, 51, 53, 55, 57, 59, 60 ],
[ 1, 2, 10, 11, 12, 13, 15, 16, 18, 19, 21, 22, 31, 32, 36, 37, 40, 42, 46, 
  49, 53, 54, 55, 57, 58, 61, 62, 64 ],
[ 1, 2, 10, 11, 12, 13, 15, 16, 18, 19, 21, 22, 24, 31, 32, 36, 37, 40, 42, 
  43, 47, 49, 53, 54, 55, 57, 59, 62 ],
[ 1, 2, 10, 11, 12, 13, 15, 16, 18, 19, 21, 22, 24, 27, 31, 32, 36, 37, 40, 
  42, 47, 50, 53, 54, 55, 57, 58, 64 ],
[ 1, 2, 10, 11, 12, 13, 15, 16, 18, 19, 20, 21, 22, 24, 27, 31, 32, 37, 39, 
  40, 47, 50, 54, 55, 56, 58, 63, 64 ],
[ 1, 2, 8, 10, 12, 13, 15, 16, 18, 19, 21, 22, 25, 26, 27, 28, 31, 36, 37, 
  40, 42, 48, 50, 51, 53, 54, 55, 57 ],
[ 1, 2, 8, 10, 12, 13, 15, 16, 18, 19, 20, 21, 22, 25, 26, 27, 28, 31, 37, 
  39, 40, 48, 50, 51, 54, 55, 56, 63 ],
[ 1, 2, 8, 10, 11, 12, 13, 15, 16, 18, 19, 21, 22, 26, 27, 31, 32, 36, 37, 
  40, 42, 44, 50, 53, 54, 55, 57, 60 ],
[ 1, 2, 8, 10, 11, 12, 13, 15, 16, 18, 19, 21, 22, 23, 26, 31, 32, 36, 37, 
  40, 42, 45, 49, 53, 54, 55, 57, 62 ],
[ 1, 2, 8, 10, 11, 12, 13, 15, 16, 18, 19, 20, 21, 22, 26, 27, 31, 32, 37, 
  39, 40, 44, 50, 54, 55, 56, 60, 63 ],
[ 1, 2, 8, 9, 10, 12, 13, 15, 16, 18, 19, 21, 22, 25, 26, 29, 31, 36, 37, 40, 
  42, 48, 49, 53, 54, 55, 57, 62 ],
[ 1, 2, 8, 9, 10, 12, 13, 15, 16, 18, 19, 20, 21, 22, 25, 26, 29, 31, 37, 39, 
  40, 48, 49, 54, 55, 56, 62, 63 ],
[ 1, 2, 4, 8, 10, 11, 12, 16, 17, 21, 22, 23, 26, 31, 32, 33, 35, 37, 38, 39, 
  41, 42, 45, 49, 53, 55, 56, 62 ],
[ 1, 2, 4, 7, 8, 11, 12, 17, 19, 21, 22, 24, 26, 31, 32, 33, 37, 38, 39, 41, 
  42, 43, 44, 50, 53, 55, 56, 60 ],
[ 1, 2, 4, 7, 8, 11, 12, 17, 19, 20, 21, 22, 24, 26, 31, 32, 33, 36, 37, 38, 
  41, 43, 44, 50, 55, 57, 60, 63 ],
[ 1, 2, 4, 7, 8, 11, 12, 15, 17, 19, 21, 22, 26, 31, 32, 33, 34, 37, 39, 41, 
  42, 44, 47, 50, 53, 56, 59, 60 ],
[ 1, 2, 4, 7, 8, 11, 12, 15, 17, 19, 20, 21, 22, 26, 31, 32, 33, 34, 36, 37, 
  41, 44, 47, 50, 57, 59, 60, 63 ],
[ 1, 2, 3, 6, 7, 9, 12, 16, 21, 22, 23, 26, 28, 29, 30, 32, 34, 36, 37, 40, 
  42, 43, 47, 53, 54, 55, 57, 62 ],
[ 1, 2, 3, 6, 7, 9, 12, 16, 21, 22, 23, 26, 27, 28, 29, 31, 32, 34, 36, 37, 
  40, 42, 53, 54, 55, 57, 58, 61 ],
[ 1, 2, 3, 6, 7, 9, 12, 16, 21, 22, 23, 24, 26, 28, 29, 32, 34, 36, 37, 40, 
  42, 49, 52, 53, 54, 55, 57, 59 ],
[ 1, 2, 3, 6, 7, 9, 12, 16, 20, 21, 22, 23, 26, 27, 28, 29, 31, 32, 34, 37, 
  39, 40, 54, 55, 56, 58, 61, 63 ],
[ 1, 2, 3, 6, 7, 9, 12, 16, 17, 21, 22, 29, 32, 33, 34, 37, 39, 42, 46, 48, 
  51, 52, 53, 55, 56, 58, 60, 62 ],
[ 1, 2, 3, 6, 7, 9, 12, 16, 17, 21, 22, 29, 30, 32, 33, 34, 37, 39, 42, 48, 
  49, 51, 53, 55, 56, 60, 61, 64 ],
[ 1, 2, 3, 6, 7, 9, 12, 16, 17, 21, 22, 25, 29, 32, 33, 34, 37, 39, 42, 44, 
  51, 52, 53, 55, 56, 61, 62, 64 ],
[ 1, 2, 3, 6, 7, 9, 12, 16, 17, 21, 22, 25, 29, 31, 32, 33, 34, 37, 39, 42, 
  44, 47, 50, 51, 53, 55, 56, 59 ],
[ 1, 2, 3, 6, 7, 9, 12, 16, 17, 21, 22, 25, 29, 30, 32, 33, 34, 37, 39, 42, 
  44, 46, 49, 51, 53, 55, 56, 58 ],
[ 1, 2, 3, 6, 7, 9, 12, 16, 17, 21, 22, 24, 29, 31, 32, 33, 34, 37, 39, 42, 
  43, 48, 50, 51, 53, 55, 56, 60 ],
[ 1, 2, 3, 6, 7, 9, 12, 16, 17, 20, 21, 22, 25, 29, 31, 32, 33, 34, 36, 37, 
  44, 47, 50, 51, 55, 57, 59, 63 ],
[ 1, 2, 3, 6, 7, 9, 12, 16, 17, 20, 21, 22, 24, 29, 31, 32, 33, 34, 36, 37, 
  43, 48, 50, 51, 55, 57, 60, 63 ],
[ 1, 2, 3, 6, 7, 9, 12, 14, 16, 21, 22, 23, 26, 28, 29, 30, 32, 33, 34, 40, 
  42, 43, 47, 55, 56, 57, 62, 63 ],
[ 1, 2, 3, 6, 7, 9, 12, 14, 16, 21, 22, 23, 26, 27, 28, 29, 31, 32, 33, 34, 
  40, 42, 55, 56, 57, 58, 61, 63 ],
[ 1, 2, 3, 6, 7, 9, 12, 14, 16, 21, 22, 23, 24, 26, 28, 29, 32, 33, 34, 40, 
  42, 49, 52, 55, 56, 57, 59, 63 ],
[ 1, 2, 3, 6, 7, 9, 12, 14, 16, 20, 21, 22, 23, 26, 27, 28, 29, 31, 32, 33, 
  34, 36, 39, 40, 53, 55, 58, 61 ],
[ 1, 2, 3, 4, 7, 11, 12, 16, 19, 21, 27, 31, 32, 34, 36, 37, 40, 42, 43, 47, 
  49, 52, 53, 54, 55, 57, 58, 61 ],
[ 1, 2, 3, 4, 7, 11, 12, 16, 19, 20, 21, 27, 31, 32, 34, 37, 39, 40, 43, 47, 
  49, 52, 54, 55, 56, 58, 61, 63 ],
[ 1, 2, 3, 4, 7, 11, 12, 16, 17, 19, 21, 31, 32, 33, 34, 37, 39, 42, 46, 47, 
  50, 52, 53, 55, 56, 58, 59, 62 ],
[ 1, 2, 3, 4, 7, 11, 12, 16, 17, 19, 20, 21, 31, 32, 33, 34, 36, 37, 46, 47, 
  50, 52, 55, 57, 58, 59, 62, 63 ]
];

