## Group: [64, 41]
## Difference Sets: 204
## Time:  0:05:37.169

return [
[ 1, 3, 7, 9, 12, 15, 16, 17, 19, 20, 24, 25, 26, 27, 29, 31, 32, 35, 38, 39, 
  41, 42, 50, 52, 54, 55, 61, 63 ],
[ 1, 3, 7, 9, 12, 13, 15, 16, 17, 18, 19, 20, 24, 26, 27, 29, 31, 32, 33, 34, 
  38, 42, 46, 48, 50, 52, 53, 57 ],
[ 1, 3, 7, 9, 11, 12, 15, 16, 17, 19, 20, 24, 26, 27, 29, 30, 31, 35, 38, 39, 
  41, 42, 46, 48, 50, 54, 55, 63 ],
[ 1, 3, 7, 9, 11, 12, 15, 16, 17, 18, 19, 20, 24, 25, 26, 27, 29, 30, 31, 35, 
  38, 42, 50, 54, 55, 57, 61, 63 ],
[ 1, 3, 7, 9, 10, 12, 15, 16, 19, 20, 25, 26, 27, 29, 30, 32, 33, 35, 38, 40, 
  41, 42, 46, 47, 50, 53, 55, 57 ],
[ 1, 3, 7, 9, 10, 12, 13, 15, 16, 18, 19, 20, 26, 27, 29, 30, 32, 34, 38, 39, 
  40, 42, 47, 48, 50, 54, 61, 63 ],
[ 1, 3, 7, 9, 10, 11, 12, 15, 16, 19, 20, 26, 27, 29, 33, 35, 38, 40, 41, 42, 
  47, 48, 50, 52, 53, 55, 57, 61 ],
[ 1, 3, 7, 9, 10, 11, 12, 15, 16, 18, 19, 20, 25, 26, 27, 29, 33, 35, 38, 39, 
  40, 42, 46, 47, 50, 52, 53, 55 ],
[ 1, 3, 7, 8, 12, 15, 16, 19, 20, 24, 26, 27, 29, 31, 32, 33, 35, 38, 39, 40, 
  41, 42, 47, 49, 51, 52, 55, 63 ],
[ 1, 3, 7, 8, 12, 15, 16, 18, 19, 20, 24, 26, 27, 29, 31, 32, 35, 38, 40, 42, 
  47, 49, 51, 52, 53, 54, 55, 57 ],
[ 1, 3, 7, 8, 12, 15, 16, 17, 19, 20, 24, 26, 27, 29, 31, 32, 35, 38, 41, 42, 
  47, 49, 51, 52, 53, 54, 55, 57 ],
[ 1, 3, 7, 8, 12, 15, 16, 17, 18, 19, 20, 24, 26, 27, 29, 31, 32, 33, 35, 38, 
  39, 42, 47, 49, 51, 52, 55, 63 ],
[ 1, 3, 7, 8, 12, 14, 16, 19, 20, 25, 26, 27, 29, 31, 32, 33, 35, 37, 39, 40, 
  41, 42, 48, 49, 51, 52, 55, 63 ],
[ 1, 3, 7, 8, 12, 14, 16, 18, 19, 20, 25, 26, 27, 29, 31, 32, 35, 37, 40, 42, 
  48, 49, 51, 52, 53, 54, 55, 57 ],
[ 1, 3, 7, 8, 12, 14, 16, 17, 19, 20, 25, 26, 27, 29, 31, 32, 35, 37, 41, 42, 
  48, 49, 51, 52, 53, 54, 55, 57 ],
[ 1, 3, 7, 8, 12, 14, 16, 17, 18, 19, 20, 25, 26, 27, 29, 31, 32, 33, 35, 37, 
  39, 42, 48, 49, 51, 52, 55, 63 ],
[ 1, 3, 7, 8, 9, 12, 15, 16, 19, 20, 24, 26, 28, 31, 32, 34, 35, 38, 39, 40, 
  41, 42, 47, 50, 52, 54, 62, 63 ],
[ 1, 3, 7, 8, 9, 12, 15, 16, 18, 19, 20, 24, 26, 28, 31, 32, 33, 34, 35, 38, 
  40, 42, 47, 50, 52, 53, 57, 62 ],
[ 1, 3, 7, 8, 9, 12, 15, 16, 17, 19, 20, 24, 26, 28, 31, 32, 33, 34, 35, 38, 
  41, 42, 47, 50, 52, 53, 57, 62 ],
[ 1, 3, 7, 8, 9, 12, 15, 16, 17, 18, 19, 20, 24, 26, 28, 31, 32, 34, 35, 38, 
  39, 42, 47, 50, 52, 54, 62, 63 ],
[ 1, 3, 6, 7, 8, 12, 16, 19, 22, 24, 26, 27, 29, 31, 32, 33, 35, 36, 39, 40, 
  41, 47, 49, 51, 52, 55, 56, 63 ],
[ 1, 3, 6, 7, 8, 12, 16, 18, 19, 22, 24, 26, 27, 29, 31, 32, 35, 36, 40, 47, 
  49, 51, 52, 53, 54, 55, 56, 57 ],
[ 1, 3, 6, 7, 8, 12, 16, 17, 19, 22, 24, 26, 27, 29, 31, 32, 35, 36, 41, 47, 
  49, 51, 52, 53, 54, 55, 56, 57 ],
[ 1, 3, 6, 7, 8, 12, 16, 17, 18, 19, 22, 24, 26, 27, 29, 31, 32, 33, 35, 36, 
  39, 47, 49, 51, 52, 55, 56, 63 ],
[ 1, 3, 6, 7, 8, 12, 14, 16, 19, 22, 26, 27, 29, 31, 32, 33, 35, 37, 39, 40, 
  41, 46, 49, 51, 52, 55, 61, 63 ],
[ 1, 3, 6, 7, 8, 12, 14, 16, 18, 19, 22, 26, 27, 29, 31, 32, 35, 37, 40, 46, 
  49, 51, 52, 53, 54, 55, 57, 61 ],
[ 1, 3, 6, 7, 8, 11, 12, 16, 19, 22, 24, 26, 27, 28, 29, 30, 31, 34, 35, 36, 
  39, 40, 41, 47, 54, 56, 62, 63 ],
[ 1, 3, 6, 7, 8, 11, 12, 16, 18, 19, 22, 24, 26, 27, 28, 29, 30, 31, 33, 34, 
  35, 36, 40, 47, 53, 56, 57, 62 ],
[ 1, 3, 6, 7, 8, 11, 12, 16, 17, 19, 22, 24, 26, 27, 28, 29, 30, 31, 33, 34, 
  35, 36, 41, 47, 53, 56, 57, 62 ],
[ 1, 3, 6, 7, 8, 11, 12, 16, 17, 18, 19, 22, 24, 26, 27, 28, 29, 30, 31, 34, 
  35, 36, 39, 47, 54, 56, 62, 63 ],
[ 1, 3, 6, 7, 8, 11, 12, 14, 16, 19, 22, 26, 27, 28, 29, 30, 31, 34, 35, 37, 
  39, 40, 41, 46, 54, 61, 62, 63 ],
[ 1, 3, 6, 7, 8, 11, 12, 14, 16, 18, 19, 22, 26, 27, 28, 29, 30, 31, 33, 34, 
  35, 37, 40, 46, 53, 57, 61, 62 ],
[ 1, 3, 5, 7, 9, 12, 15, 16, 17, 19, 21, 24, 25, 26, 29, 31, 32, 35, 38, 39, 
  41, 49, 52, 54, 55, 61, 62, 63 ],
[ 1, 3, 5, 7, 9, 12, 13, 15, 16, 17, 18, 19, 21, 24, 26, 29, 31, 32, 33, 34, 
  38, 46, 48, 49, 52, 53, 57, 62 ],
[ 1, 3, 5, 7, 9, 10, 12, 15, 16, 19, 21, 25, 26, 29, 30, 32, 33, 35, 38, 40, 
  41, 46, 47, 49, 53, 55, 57, 62 ],
[ 1, 3, 5, 7, 9, 10, 12, 13, 15, 16, 18, 19, 21, 26, 29, 30, 32, 34, 38, 39, 
  40, 47, 48, 49, 54, 61, 62, 63 ],
[ 1, 3, 5, 7, 8, 12, 16, 19, 21, 25, 26, 27, 29, 31, 32, 33, 35, 36, 39, 40, 
  41, 48, 49, 51, 52, 55, 56, 63 ],
[ 1, 3, 5, 7, 8, 12, 16, 17, 19, 21, 25, 26, 27, 29, 31, 32, 35, 36, 41, 48, 
  49, 51, 52, 53, 54, 55, 56, 57 ],
[ 1, 3, 5, 7, 8, 12, 15, 16, 19, 21, 26, 27, 29, 31, 32, 33, 35, 38, 39, 40, 
  41, 46, 49, 51, 52, 55, 61, 63 ],
[ 1, 3, 5, 7, 8, 12, 15, 16, 18, 19, 21, 26, 27, 29, 31, 32, 35, 38, 40, 46, 
  49, 51, 52, 53, 54, 55, 57, 61 ],
[ 1, 3, 5, 7, 8, 12, 15, 16, 17, 19, 21, 26, 27, 29, 31, 32, 35, 38, 41, 46, 
  49, 51, 52, 53, 54, 55, 57, 61 ],
[ 1, 3, 5, 7, 8, 12, 15, 16, 17, 18, 19, 21, 26, 27, 29, 31, 32, 33, 35, 38, 
  39, 46, 49, 51, 52, 55, 61, 63 ],
[ 1, 3, 5, 7, 8, 11, 12, 16, 19, 21, 25, 26, 27, 28, 29, 30, 31, 34, 35, 36, 
  39, 40, 41, 48, 54, 56, 62, 63 ],
[ 1, 3, 5, 7, 8, 11, 12, 16, 17, 19, 21, 25, 26, 27, 28, 29, 30, 31, 33, 34, 
  35, 36, 41, 48, 53, 56, 57, 62 ],
[ 1, 2, 8, 9, 11, 12, 16, 18, 19, 20, 21, 22, 26, 27, 29, 32, 33, 34, 35, 37, 
  38, 39, 40, 46, 50, 56, 61, 63 ],
[ 1, 2, 8, 9, 11, 12, 16, 18, 19, 20, 21, 22, 24, 26, 29, 32, 33, 34, 35, 37, 
  38, 39, 40, 47, 49, 56, 62, 63 ],
[ 1, 2, 8, 9, 11, 12, 15, 16, 19, 21, 22, 26, 27, 29, 32, 33, 35, 37, 39, 40, 
  41, 42, 46, 50, 55, 56, 61, 63 ],
[ 1, 2, 8, 9, 11, 12, 15, 16, 19, 21, 22, 24, 26, 29, 32, 33, 35, 37, 39, 40, 
  41, 42, 47, 49, 55, 56, 62, 63 ],
[ 1, 2, 8, 9, 11, 12, 15, 16, 17, 18, 19, 21, 22, 26, 27, 29, 32, 34, 35, 37, 
  39, 42, 46, 50, 54, 56, 61, 63 ],
[ 1, 2, 8, 9, 11, 12, 15, 16, 17, 18, 19, 21, 22, 24, 26, 29, 32, 34, 35, 37, 
  39, 42, 47, 49, 54, 56, 62, 63 ],
[ 1, 2, 8, 9, 11, 12, 14, 16, 18, 19, 20, 21, 22, 26, 27, 29, 32, 35, 36, 38, 
  39, 40, 46, 50, 54, 55, 61, 63 ],
[ 1, 2, 8, 9, 11, 12, 14, 16, 18, 19, 20, 21, 22, 24, 26, 29, 32, 35, 36, 38, 
  39, 40, 47, 49, 54, 55, 62, 63 ],
[ 1, 2, 8, 9, 11, 12, 14, 16, 17, 18, 19, 21, 22, 26, 27, 29, 32, 34, 35, 38, 
  39, 42, 46, 50, 54, 56, 61, 63 ],
[ 1, 2, 8, 9, 11, 12, 14, 16, 17, 18, 19, 21, 22, 26, 27, 29, 32, 33, 35, 38, 
  39, 42, 46, 50, 55, 56, 61, 63 ],
[ 1, 2, 8, 9, 11, 12, 14, 16, 17, 18, 19, 21, 22, 24, 26, 29, 32, 34, 35, 38, 
  39, 42, 47, 49, 54, 56, 62, 63 ],
[ 1, 2, 8, 9, 11, 12, 14, 16, 17, 18, 19, 21, 22, 24, 26, 29, 32, 33, 35, 38, 
  39, 42, 47, 49, 55, 56, 62, 63 ],
[ 1, 2, 8, 9, 11, 12, 14, 15, 16, 19, 20, 21, 22, 26, 27, 29, 32, 35, 40, 41, 
  46, 50, 54, 55, 56, 57, 61, 63 ],
[ 1, 2, 8, 9, 11, 12, 14, 15, 16, 19, 20, 21, 22, 24, 26, 29, 32, 35, 40, 41, 
  47, 49, 54, 55, 56, 57, 62, 63 ],
[ 1, 2, 8, 9, 11, 12, 14, 15, 16, 18, 19, 20, 21, 22, 26, 27, 29, 32, 34, 35, 
  39, 40, 46, 50, 53, 54, 56, 61 ],
[ 1, 2, 8, 9, 11, 12, 14, 15, 16, 18, 19, 20, 21, 22, 24, 26, 29, 32, 34, 35, 
  39, 40, 47, 49, 53, 54, 56, 62 ],
[ 1, 2, 8, 9, 11, 12, 13, 16, 19, 20, 21, 22, 26, 27, 29, 32, 34, 37, 38, 40, 
  41, 46, 50, 54, 56, 57, 61, 63 ],
[ 1, 2, 8, 9, 11, 12, 13, 16, 19, 20, 21, 22, 24, 26, 29, 32, 34, 37, 38, 40, 
  41, 47, 49, 54, 56, 57, 62, 63 ],
[ 1, 2, 8, 9, 11, 12, 13, 15, 16, 19, 21, 22, 26, 27, 29, 32, 33, 37, 39, 40, 
  41, 42, 46, 50, 53, 55, 56, 61 ],
[ 1, 2, 8, 9, 11, 12, 13, 15, 16, 19, 21, 22, 24, 26, 29, 32, 33, 37, 39, 40, 
  41, 42, 47, 49, 53, 55, 56, 62 ],
[ 1, 2, 8, 9, 11, 12, 13, 15, 16, 19, 20, 21, 22, 26, 27, 29, 32, 36, 37, 40, 
  41, 46, 50, 53, 54, 55, 57, 61 ],
[ 1, 2, 8, 9, 11, 12, 13, 15, 16, 19, 20, 21, 22, 24, 26, 29, 32, 36, 37, 40, 
  41, 47, 49, 53, 54, 55, 57, 62 ],
[ 1, 2, 8, 9, 11, 12, 13, 14, 16, 19, 21, 22, 26, 27, 29, 32, 34, 38, 39, 40, 
  41, 42, 46, 50, 53, 54, 56, 61 ],
[ 1, 2, 8, 9, 11, 12, 13, 14, 16, 19, 21, 22, 26, 27, 29, 32, 33, 38, 39, 40, 
  41, 42, 46, 50, 53, 55, 56, 61 ],
[ 1, 2, 8, 9, 11, 12, 13, 14, 16, 19, 21, 22, 24, 26, 29, 32, 34, 38, 39, 40, 
  41, 42, 47, 49, 53, 54, 56, 62 ],
[ 1, 2, 8, 9, 11, 12, 13, 14, 16, 19, 21, 22, 24, 26, 29, 32, 33, 38, 39, 40, 
  41, 42, 47, 49, 53, 55, 56, 62 ],
[ 1, 2, 8, 9, 11, 12, 13, 14, 16, 19, 20, 21, 22, 26, 27, 29, 32, 33, 36, 38, 
  40, 41, 46, 50, 55, 57, 61, 63 ],
[ 1, 2, 8, 9, 11, 12, 13, 14, 16, 19, 20, 21, 22, 24, 26, 29, 32, 33, 36, 38, 
  40, 41, 47, 49, 55, 57, 62, 63 ],
[ 1, 2, 8, 9, 10, 12, 16, 18, 19, 20, 21, 22, 25, 26, 29, 31, 33, 34, 35, 37, 
  38, 39, 40, 48, 49, 56, 62, 63 ],
[ 1, 2, 8, 9, 10, 12, 15, 16, 19, 21, 22, 25, 26, 29, 31, 33, 35, 37, 39, 40, 
  41, 42, 48, 49, 55, 56, 62, 63 ],
[ 1, 2, 8, 9, 10, 12, 15, 16, 17, 18, 19, 21, 22, 25, 26, 29, 31, 34, 35, 37, 
  39, 42, 48, 49, 54, 56, 62, 63 ],
[ 1, 2, 8, 9, 10, 12, 14, 16, 18, 19, 20, 21, 22, 25, 26, 29, 31, 35, 36, 38, 
  39, 40, 48, 49, 54, 55, 62, 63 ],
[ 1, 2, 8, 9, 10, 12, 14, 16, 17, 18, 19, 21, 22, 25, 26, 29, 31, 34, 35, 38, 
  39, 42, 48, 49, 54, 56, 62, 63 ],
[ 1, 2, 8, 9, 10, 12, 14, 16, 17, 18, 19, 21, 22, 25, 26, 29, 31, 33, 35, 38, 
  39, 42, 48, 49, 55, 56, 62, 63 ],
[ 1, 2, 8, 9, 10, 12, 14, 15, 16, 19, 20, 21, 22, 25, 26, 29, 31, 35, 40, 41, 
  48, 49, 54, 55, 56, 57, 62, 63 ],
[ 1, 2, 8, 9, 10, 12, 14, 15, 16, 18, 19, 20, 21, 22, 25, 26, 29, 31, 34, 35, 
  39, 40, 48, 49, 53, 54, 56, 62 ],
[ 1, 2, 8, 9, 10, 12, 13, 16, 19, 20, 21, 22, 25, 26, 29, 31, 34, 37, 38, 40, 
  41, 48, 49, 54, 56, 57, 62, 63 ],
[ 1, 2, 8, 9, 10, 12, 13, 15, 16, 19, 21, 22, 25, 26, 29, 31, 33, 37, 39, 40, 
  41, 42, 48, 49, 53, 55, 56, 62 ],
[ 1, 2, 8, 9, 10, 12, 13, 15, 16, 19, 20, 21, 22, 25, 26, 29, 31, 36, 37, 40, 
  41, 48, 49, 53, 54, 55, 57, 62 ],
[ 1, 2, 8, 9, 10, 12, 13, 15, 16, 18, 19, 20, 21, 22, 25, 26, 29, 31, 34, 36, 
  37, 39, 40, 48, 49, 54, 62, 63 ],
[ 1, 2, 8, 9, 10, 12, 13, 15, 16, 17, 18, 19, 21, 22, 25, 26, 29, 31, 34, 37, 
  39, 42, 48, 49, 53, 54, 56, 62 ],
[ 1, 2, 8, 9, 10, 12, 13, 14, 16, 19, 21, 22, 25, 26, 29, 31, 34, 38, 39, 40, 
  41, 42, 48, 49, 53, 54, 56, 62 ],
[ 1, 2, 8, 9, 10, 12, 13, 14, 16, 19, 21, 22, 25, 26, 29, 31, 33, 38, 39, 40, 
  41, 42, 48, 49, 53, 55, 56, 62 ],
[ 1, 2, 8, 9, 10, 12, 13, 14, 16, 19, 20, 21, 22, 25, 26, 29, 31, 33, 36, 38, 
  40, 41, 48, 49, 55, 57, 62, 63 ],
[ 1, 2, 7, 11, 12, 13, 16, 17, 19, 20, 24, 25, 26, 28, 29, 32, 33, 35, 37, 
  38, 39, 41, 42, 49, 50, 54, 56, 61 ],
[ 1, 2, 7, 11, 12, 13, 15, 16, 17, 18, 19, 20, 24, 26, 29, 32, 33, 35, 36, 
  37, 42, 46, 48, 50, 51, 54, 57, 62 ],
[ 1, 2, 7, 11, 12, 13, 14, 16, 19, 20, 25, 26, 27, 28, 29, 32, 33, 35, 36, 
  38, 40, 41, 42, 46, 47, 54, 57, 62 ],
[ 1, 2, 7, 11, 12, 13, 14, 15, 16, 18, 19, 20, 26, 27, 29, 32, 33, 35, 39, 
  40, 42, 47, 48, 49, 51, 54, 56, 61 ],
[ 1, 2, 6, 8, 9, 11, 12, 16, 19, 21, 26, 27, 29, 32, 33, 34, 35, 37, 38, 40, 
  41, 42, 46, 50, 56, 57, 61, 63 ],
[ 1, 2, 6, 8, 9, 11, 12, 16, 19, 21, 24, 26, 29, 32, 33, 34, 35, 37, 38, 40, 
  41, 42, 47, 49, 56, 57, 62, 63 ],
[ 1, 2, 6, 8, 9, 11, 12, 16, 17, 19, 20, 21, 26, 27, 29, 32, 35, 36, 37, 38, 
  41, 46, 50, 53, 54, 55, 57, 61 ],
[ 1, 2, 6, 8, 9, 11, 12, 16, 17, 19, 20, 21, 26, 27, 29, 32, 33, 34, 35, 36, 
  37, 38, 41, 46, 50, 53, 57, 61 ],
[ 1, 2, 6, 8, 9, 11, 12, 16, 17, 19, 20, 21, 24, 26, 29, 32, 35, 36, 37, 38, 
  41, 47, 49, 53, 54, 55, 57, 62 ],
[ 1, 2, 6, 8, 9, 11, 12, 16, 17, 19, 20, 21, 24, 26, 29, 32, 33, 34, 35, 36, 
  37, 38, 41, 47, 49, 53, 57, 62 ],
[ 1, 2, 6, 8, 9, 11, 12, 14, 16, 19, 21, 26, 27, 29, 32, 35, 36, 38, 40, 41, 
  42, 46, 50, 54, 55, 57, 61, 63 ],
[ 1, 2, 6, 8, 9, 11, 12, 14, 16, 19, 21, 24, 26, 29, 32, 35, 36, 38, 40, 41, 
  42, 47, 49, 54, 55, 57, 62, 63 ],
[ 1, 2, 6, 8, 9, 11, 12, 14, 15, 16, 19, 21, 26, 27, 29, 32, 34, 35, 40, 41, 
  42, 46, 50, 53, 54, 56, 57, 61 ],
[ 1, 2, 6, 8, 9, 11, 12, 14, 15, 16, 19, 21, 24, 26, 29, 32, 34, 35, 40, 41, 
  42, 47, 49, 53, 54, 56, 57, 62 ],
[ 1, 2, 6, 8, 9, 11, 12, 14, 15, 16, 17, 19, 20, 21, 26, 27, 29, 32, 33, 34, 
  35, 36, 41, 46, 50, 53, 57, 61 ],
[ 1, 2, 6, 8, 9, 11, 12, 14, 15, 16, 17, 19, 20, 21, 24, 26, 29, 32, 33, 34, 
  35, 36, 41, 47, 49, 53, 57, 62 ],
[ 1, 2, 6, 7, 12, 13, 16, 17, 19, 22, 24, 25, 26, 28, 29, 30, 33, 35, 37, 38, 
  39, 41, 49, 50, 52, 54, 56, 61 ],
[ 1, 2, 6, 7, 12, 13, 15, 16, 17, 18, 19, 22, 24, 26, 29, 30, 33, 35, 36, 37, 
  46, 48, 50, 51, 52, 54, 57, 62 ],
[ 1, 2, 6, 7, 12, 13, 14, 16, 19, 22, 25, 26, 27, 28, 29, 30, 33, 35, 36, 38, 
  40, 41, 46, 47, 52, 54, 57, 62 ],
[ 1, 2, 6, 7, 12, 13, 14, 15, 16, 18, 19, 22, 26, 27, 29, 30, 33, 35, 39, 40, 
  47, 48, 49, 51, 52, 54, 56, 61 ],
[ 1, 2, 6, 7, 10, 12, 13, 16, 17, 19, 22, 24, 25, 26, 28, 29, 31, 35, 37, 38, 
  39, 41, 49, 50, 53, 56, 61, 63 ],
[ 1, 2, 6, 7, 10, 12, 13, 15, 16, 17, 18, 19, 22, 24, 26, 29, 31, 35, 36, 37, 
  46, 48, 50, 51, 53, 57, 62, 63 ],
[ 1, 2, 6, 7, 10, 12, 13, 14, 16, 19, 22, 25, 26, 27, 28, 29, 31, 35, 36, 38, 
  40, 41, 46, 47, 53, 57, 62, 63 ],
[ 1, 2, 6, 7, 10, 12, 13, 14, 15, 16, 18, 19, 22, 26, 27, 29, 31, 35, 39, 40, 
  47, 48, 49, 51, 53, 56, 61, 63 ],
[ 1, 2, 6, 7, 9, 10, 12, 13, 16, 17, 19, 22, 24, 26, 27, 28, 31, 35, 37, 38, 
  39, 41, 46, 48, 49, 53, 56, 63 ],
[ 1, 2, 6, 7, 9, 10, 12, 13, 15, 16, 17, 19, 22, 24, 26, 27, 31, 35, 36, 37, 
  39, 41, 46, 48, 51, 53, 62, 63 ],
[ 1, 2, 6, 7, 9, 10, 12, 13, 14, 16, 19, 22, 26, 28, 31, 35, 36, 38, 40, 41, 
  47, 48, 50, 53, 57, 61, 62, 63 ],
[ 1, 2, 6, 7, 9, 10, 12, 13, 14, 15, 16, 19, 22, 26, 31, 35, 40, 41, 47, 48, 
  49, 50, 51, 53, 56, 57, 61, 63 ],
[ 1, 2, 5, 8, 9, 11, 12, 16, 17, 18, 19, 22, 26, 27, 29, 32, 33, 35, 37, 38, 
  42, 46, 50, 53, 55, 56, 57, 61 ],
[ 1, 2, 5, 8, 9, 11, 12, 16, 17, 18, 19, 22, 24, 26, 29, 32, 33, 35, 37, 38, 
  42, 47, 49, 53, 55, 56, 57, 62 ],
[ 1, 2, 5, 8, 9, 11, 12, 15, 16, 17, 19, 22, 26, 27, 29, 32, 33, 35, 36, 37, 
  39, 41, 42, 46, 50, 53, 55, 61 ],
[ 1, 2, 5, 8, 9, 11, 12, 15, 16, 17, 19, 22, 24, 26, 29, 32, 33, 35, 36, 37, 
  39, 41, 42, 47, 49, 53, 55, 62 ],
[ 1, 2, 5, 8, 9, 11, 12, 15, 16, 17, 18, 19, 22, 26, 27, 29, 32, 33, 34, 35, 
  36, 37, 42, 46, 50, 57, 61, 63 ],
[ 1, 2, 5, 8, 9, 11, 12, 15, 16, 17, 18, 19, 22, 24, 26, 29, 32, 33, 34, 35, 
  36, 37, 42, 47, 49, 57, 62, 63 ],
[ 1, 2, 5, 8, 9, 11, 12, 14, 16, 17, 18, 19, 22, 26, 27, 29, 32, 34, 35, 36, 
  38, 42, 46, 50, 53, 54, 57, 61 ],
[ 1, 2, 5, 8, 9, 11, 12, 14, 16, 17, 18, 19, 22, 24, 26, 29, 32, 34, 35, 36, 
  38, 42, 47, 49, 53, 54, 57, 62 ],
[ 1, 2, 5, 8, 9, 11, 12, 13, 16, 17, 19, 22, 26, 27, 29, 32, 37, 38, 39, 41, 
  42, 46, 50, 53, 54, 55, 56, 61 ],
[ 1, 2, 5, 8, 9, 11, 12, 13, 16, 17, 19, 22, 24, 26, 29, 32, 37, 38, 39, 41, 
  42, 47, 49, 53, 54, 55, 56, 62 ],
[ 1, 2, 5, 8, 9, 11, 12, 13, 14, 16, 17, 19, 22, 26, 27, 29, 32, 33, 34, 36, 
  38, 39, 41, 42, 46, 50, 53, 61 ],
[ 1, 2, 5, 8, 9, 11, 12, 13, 14, 16, 17, 19, 22, 24, 26, 29, 32, 33, 34, 36, 
  38, 39, 41, 42, 47, 49, 53, 62 ],
[ 1, 2, 5, 8, 9, 11, 12, 13, 14, 15, 16, 17, 19, 22, 26, 27, 29, 32, 33, 39, 
  41, 42, 46, 50, 55, 56, 61, 63 ],
[ 1, 2, 5, 8, 9, 11, 12, 13, 14, 15, 16, 17, 19, 22, 24, 26, 29, 32, 33, 39, 
  41, 42, 47, 49, 55, 56, 62, 63 ],
[ 1, 2, 5, 8, 9, 10, 12, 16, 17, 18, 19, 22, 25, 26, 29, 31, 33, 35, 37, 38, 
  42, 48, 49, 53, 55, 56, 57, 62 ],
[ 1, 2, 5, 8, 9, 10, 12, 15, 16, 17, 19, 22, 25, 26, 29, 31, 33, 35, 36, 37, 
  39, 41, 42, 48, 49, 53, 55, 62 ],
[ 1, 2, 5, 8, 9, 10, 12, 15, 16, 17, 18, 19, 22, 25, 26, 29, 31, 33, 34, 35, 
  36, 37, 42, 48, 49, 57, 62, 63 ],
[ 1, 2, 5, 8, 9, 10, 12, 14, 16, 17, 18, 19, 22, 25, 26, 29, 31, 34, 35, 36, 
  38, 42, 48, 49, 53, 54, 57, 62 ],
[ 1, 2, 5, 8, 9, 10, 12, 13, 16, 17, 19, 22, 25, 26, 29, 31, 37, 38, 39, 41, 
  42, 48, 49, 53, 54, 55, 56, 62 ],
[ 1, 2, 5, 8, 9, 10, 12, 13, 14, 16, 17, 19, 22, 25, 26, 29, 31, 33, 34, 36, 
  38, 39, 41, 42, 48, 49, 53, 62 ],
[ 1, 2, 5, 8, 9, 10, 12, 13, 14, 15, 16, 17, 19, 22, 25, 26, 29, 31, 33, 39, 
  41, 42, 48, 49, 55, 56, 62, 63 ],
[ 1, 2, 5, 8, 9, 10, 12, 13, 14, 15, 16, 17, 18, 19, 22, 25, 26, 29, 31, 33, 
  34, 42, 48, 49, 53, 56, 57, 62 ],
[ 1, 2, 5, 7, 11, 12, 13, 16, 17, 19, 21, 24, 25, 26, 28, 29, 32, 35, 37, 38, 
  39, 41, 49, 50, 53, 56, 61, 63 ],
[ 1, 2, 5, 7, 11, 12, 13, 15, 16, 17, 18, 19, 21, 24, 26, 29, 32, 35, 36, 37, 
  46, 48, 50, 51, 53, 57, 62, 63 ],
[ 1, 2, 5, 7, 11, 12, 13, 14, 16, 19, 21, 25, 26, 27, 28, 29, 32, 35, 36, 38, 
  40, 41, 46, 47, 53, 57, 62, 63 ],
[ 1, 2, 5, 7, 11, 12, 13, 14, 15, 16, 18, 19, 21, 26, 27, 29, 32, 35, 39, 40, 
  47, 48, 49, 51, 53, 56, 61, 63 ],
[ 1, 2, 5, 6, 8, 9, 11, 12, 16, 17, 19, 20, 26, 27, 29, 32, 33, 35, 37, 38, 
  39, 41, 46, 50, 53, 55, 56, 61 ],
[ 1, 2, 5, 6, 8, 9, 11, 12, 16, 17, 19, 20, 24, 26, 29, 32, 33, 35, 37, 38, 
  39, 41, 47, 49, 53, 55, 56, 62 ],
[ 1, 2, 5, 6, 8, 9, 11, 12, 15, 16, 17, 19, 20, 26, 27, 29, 32, 33, 34, 35, 
  36, 37, 39, 41, 46, 50, 61, 63 ],
[ 1, 2, 5, 6, 8, 9, 11, 12, 15, 16, 17, 19, 20, 24, 26, 29, 32, 33, 34, 35, 
  36, 37, 39, 41, 47, 49, 62, 63 ],
[ 1, 2, 5, 6, 8, 9, 11, 12, 14, 16, 17, 19, 20, 26, 27, 29, 32, 34, 35, 36, 
  38, 39, 41, 46, 50, 53, 54, 61 ],
[ 1, 2, 5, 6, 8, 9, 11, 12, 14, 16, 17, 19, 20, 24, 26, 29, 32, 34, 35, 36, 
  38, 39, 41, 47, 49, 53, 54, 62 ],
[ 1, 2, 4, 6, 7, 12, 16, 17, 19, 22, 26, 28, 29, 30, 33, 34, 35, 37, 38, 40, 
  46, 47, 48, 50, 52, 56, 62, 63 ],
[ 1, 2, 4, 6, 7, 12, 16, 17, 19, 22, 25, 26, 27, 28, 29, 30, 33, 34, 35, 37, 
  38, 40, 47, 49, 52, 56, 61, 63 ],
[ 1, 2, 4, 6, 7, 12, 13, 16, 17, 19, 22, 26, 27, 29, 30, 37, 38, 40, 46, 47, 
  48, 51, 52, 53, 54, 55, 56, 62 ],
[ 1, 2, 4, 6, 7, 12, 13, 16, 17, 19, 22, 25, 26, 29, 30, 37, 38, 40, 47, 49, 
  50, 51, 52, 53, 54, 55, 56, 61 ],
[ 1, 2, 4, 6, 7, 10, 12, 16, 19, 22, 26, 28, 29, 31, 33, 34, 35, 37, 38, 39, 
  46, 47, 48, 50, 56, 57, 62, 63 ],
[ 1, 2, 4, 6, 7, 10, 12, 16, 19, 22, 25, 26, 27, 28, 29, 31, 33, 34, 35, 37, 
  38, 39, 47, 49, 56, 57, 61, 63 ],
[ 1, 2, 4, 6, 7, 10, 12, 16, 19, 22, 24, 26, 27, 28, 29, 31, 33, 34, 35, 37, 
  38, 39, 48, 49, 56, 57, 61, 63 ],
[ 1, 2, 4, 6, 7, 10, 12, 16, 19, 22, 24, 25, 26, 28, 29, 31, 33, 34, 35, 37, 
  38, 39, 46, 50, 56, 57, 62, 63 ],
[ 1, 2, 4, 5, 7, 11, 12, 16, 19, 21, 26, 28, 29, 32, 33, 34, 35, 37, 38, 39, 
  46, 47, 48, 50, 56, 57, 62, 63 ],
[ 1, 2, 4, 5, 7, 11, 12, 16, 19, 21, 25, 26, 27, 28, 29, 32, 33, 34, 35, 37, 
  38, 39, 47, 49, 56, 57, 61, 63 ],
[ 1, 2, 4, 5, 7, 11, 12, 16, 19, 21, 24, 26, 27, 28, 29, 32, 33, 34, 35, 37, 
  38, 39, 48, 49, 56, 57, 61, 63 ],
[ 1, 2, 4, 5, 7, 11, 12, 16, 19, 21, 24, 25, 26, 28, 29, 32, 33, 34, 35, 37, 
  38, 39, 46, 50, 56, 57, 62, 63 ],
[ 1, 2, 3, 7, 11, 12, 14, 16, 19, 20, 24, 26, 27, 29, 32, 34, 35, 37, 40, 41, 
  42, 46, 48, 49, 51, 53, 54, 57 ],
[ 1, 2, 3, 7, 11, 12, 14, 16, 19, 20, 24, 25, 26, 27, 29, 32, 35, 37, 40, 41, 
  42, 49, 51, 54, 55, 57, 61, 63 ],
[ 1, 2, 3, 7, 11, 12, 14, 16, 17, 19, 20, 26, 29, 32, 33, 34, 35, 37, 39, 41, 
  42, 47, 48, 50, 51, 61, 62, 63 ],
[ 1, 2, 3, 7, 11, 12, 14, 16, 17, 19, 20, 25, 26, 29, 32, 33, 35, 37, 39, 41, 
  42, 46, 47, 50, 51, 53, 55, 62 ],
[ 1, 2, 3, 7, 10, 12, 15, 16, 19, 20, 24, 26, 27, 29, 31, 34, 35, 38, 40, 41, 
  42, 46, 48, 49, 51, 53, 54, 57 ],
[ 1, 2, 3, 7, 10, 12, 15, 16, 19, 20, 24, 25, 26, 27, 28, 29, 31, 34, 35, 38, 
  40, 41, 42, 53, 54, 57, 61, 62 ],
[ 1, 2, 3, 7, 10, 12, 15, 16, 18, 19, 20, 24, 25, 26, 27, 29, 31, 34, 35, 38, 
  39, 40, 42, 49, 51, 53, 54, 61 ],
[ 1, 2, 3, 7, 10, 12, 15, 16, 17, 19, 20, 26, 29, 31, 33, 34, 35, 38, 39, 41, 
  42, 47, 48, 50, 51, 61, 62, 63 ],
[ 1, 2, 3, 7, 10, 12, 15, 16, 17, 19, 20, 25, 26, 28, 29, 31, 33, 34, 35, 38, 
  39, 41, 42, 46, 47, 49, 50, 63 ],
[ 1, 2, 3, 7, 10, 12, 15, 16, 17, 18, 19, 20, 25, 26, 29, 31, 33, 34, 35, 38, 
  42, 46, 47, 50, 51, 57, 62, 63 ],
[ 1, 2, 3, 7, 10, 12, 13, 15, 16, 18, 19, 20, 24, 26, 27, 28, 29, 31, 33, 38, 
  39, 40, 42, 46, 48, 55, 62, 63 ],
[ 1, 2, 3, 7, 10, 12, 13, 15, 16, 17, 18, 19, 20, 26, 28, 29, 31, 38, 42, 47, 
  48, 49, 50, 53, 54, 55, 57, 61 ],
[ 1, 2, 3, 6, 7, 12, 14, 16, 19, 22, 24, 26, 27, 29, 30, 34, 35, 37, 40, 41, 
  46, 48, 49, 51, 52, 53, 54, 57 ],
[ 1, 2, 3, 6, 7, 12, 14, 16, 19, 22, 24, 25, 26, 27, 29, 30, 35, 37, 40, 41, 
  49, 51, 52, 54, 55, 57, 61, 63 ],
[ 1, 2, 3, 6, 7, 12, 14, 16, 17, 19, 22, 26, 29, 30, 33, 34, 35, 37, 39, 41, 
  47, 48, 50, 51, 52, 61, 62, 63 ],
[ 1, 2, 3, 6, 7, 12, 14, 16, 17, 19, 22, 25, 26, 29, 30, 33, 35, 37, 39, 41, 
  46, 47, 50, 51, 52, 53, 55, 62 ],
[ 1, 2, 3, 6, 7, 10, 12, 16, 19, 22, 24, 26, 27, 29, 31, 34, 35, 36, 40, 41, 
  46, 48, 49, 51, 53, 54, 56, 57 ],
[ 1, 2, 3, 6, 7, 10, 12, 16, 19, 22, 24, 25, 26, 27, 29, 31, 35, 36, 40, 41, 
  49, 51, 54, 55, 56, 57, 61, 63 ],
[ 1, 2, 3, 6, 7, 10, 12, 16, 19, 22, 24, 25, 26, 27, 28, 29, 31, 34, 35, 36, 
  40, 41, 53, 54, 56, 57, 61, 62 ],
[ 1, 2, 3, 6, 7, 10, 12, 16, 17, 19, 22, 26, 29, 31, 33, 34, 35, 36, 39, 41, 
  47, 48, 50, 51, 56, 61, 62, 63 ],
[ 1, 2, 3, 6, 7, 10, 12, 16, 17, 19, 22, 25, 26, 29, 31, 33, 35, 36, 39, 41, 
  46, 47, 50, 51, 53, 55, 56, 62 ],
[ 1, 2, 3, 6, 7, 10, 12, 16, 17, 19, 22, 25, 26, 28, 29, 31, 33, 34, 35, 36, 
  39, 41, 46, 47, 49, 50, 56, 63 ],
[ 1, 2, 3, 6, 7, 10, 12, 13, 16, 19, 22, 24, 26, 27, 28, 29, 31, 33, 34, 36, 
  40, 41, 46, 48, 53, 56, 57, 62 ],
[ 1, 2, 3, 6, 7, 10, 12, 13, 16, 17, 19, 22, 26, 28, 29, 31, 34, 36, 39, 41, 
  47, 48, 49, 50, 54, 56, 61, 63 ],
[ 1, 2, 3, 5, 12, 13, 15, 16, 17, 19, 22, 25, 26, 29, 30, 33, 35, 38, 39, 41, 
  42, 47, 49, 50, 51, 52, 54, 61 ],
[ 1, 2, 3, 5, 12, 13, 15, 16, 17, 19, 22, 25, 26, 27, 28, 29, 30, 33, 35, 38, 
  39, 41, 42, 47, 49, 52, 54, 61 ],
[ 1, 2, 3, 5, 11, 12, 13, 14, 16, 17, 19, 22, 25, 26, 29, 32, 35, 37, 39, 41, 
  42, 47, 49, 50, 51, 53, 61, 63 ],
[ 1, 2, 3, 5, 11, 12, 13, 14, 16, 17, 19, 22, 25, 26, 27, 28, 29, 32, 35, 37, 
  39, 41, 42, 47, 49, 53, 61, 63 ],
[ 1, 2, 3, 5, 11, 12, 13, 14, 16, 17, 19, 22, 24, 25, 26, 28, 29, 32, 35, 37, 
  39, 41, 42, 46, 50, 53, 62, 63 ],
[ 1, 2, 3, 5, 11, 12, 13, 14, 16, 17, 19, 22, 24, 25, 26, 27, 29, 32, 35, 37, 
  39, 41, 42, 46, 51, 53, 62, 63 ],
[ 1, 2, 3, 5, 10, 12, 13, 15, 16, 17, 19, 22, 25, 26, 29, 31, 35, 38, 39, 41, 
  42, 47, 49, 50, 51, 53, 61, 63 ],
[ 1, 2, 3, 5, 10, 12, 13, 15, 16, 17, 19, 22, 25, 26, 27, 28, 29, 31, 35, 38, 
  39, 41, 42, 47, 49, 53, 61, 63 ],
[ 1, 2, 3, 5, 10, 12, 13, 15, 16, 17, 19, 22, 24, 25, 26, 28, 29, 31, 35, 38, 
  39, 41, 42, 46, 50, 53, 62, 63 ],
[ 1, 2, 3, 5, 10, 12, 13, 15, 16, 17, 19, 22, 24, 25, 26, 27, 29, 31, 35, 38, 
  39, 41, 42, 46, 51, 53, 62, 63 ],
[ 1, 2, 3, 5, 7, 12, 15, 16, 19, 21, 24, 26, 27, 29, 30, 34, 35, 38, 40, 41, 
  46, 48, 49, 51, 52, 53, 54, 57 ],
[ 1, 2, 3, 5, 7, 12, 15, 16, 18, 19, 21, 24, 25, 26, 27, 29, 30, 34, 35, 38, 
  39, 40, 49, 51, 52, 53, 54, 61 ],
[ 1, 2, 3, 5, 7, 12, 15, 16, 17, 19, 21, 26, 29, 30, 33, 34, 35, 38, 39, 41, 
  47, 48, 50, 51, 52, 61, 62, 63 ],
[ 1, 2, 3, 5, 7, 12, 15, 16, 17, 18, 19, 21, 25, 26, 29, 30, 33, 34, 35, 38, 
  46, 47, 50, 51, 52, 57, 62, 63 ],
[ 1, 2, 3, 5, 7, 11, 12, 16, 19, 21, 24, 26, 27, 29, 32, 34, 35, 36, 40, 41, 
  46, 48, 49, 51, 53, 54, 56, 57 ],
[ 1, 2, 3, 5, 7, 11, 12, 16, 18, 19, 21, 24, 25, 26, 27, 29, 32, 34, 35, 36, 
  39, 40, 49, 51, 53, 54, 56, 61 ],
[ 1, 2, 3, 5, 7, 11, 12, 16, 17, 19, 21, 26, 29, 32, 33, 34, 35, 36, 39, 41, 
  47, 48, 50, 51, 56, 61, 62, 63 ],
[ 1, 2, 3, 5, 7, 11, 12, 16, 17, 18, 19, 21, 25, 26, 29, 32, 33, 34, 35, 36, 
  46, 47, 50, 51, 56, 57, 62, 63 ],
[ 1, 2, 3, 5, 6, 12, 13, 15, 16, 17, 18, 19, 20, 25, 26, 29, 30, 33, 35, 38, 
  47, 49, 50, 51, 52, 54, 57, 61 ],
[ 1, 2, 3, 5, 6, 12, 13, 15, 16, 17, 18, 19, 20, 25, 26, 27, 28, 29, 30, 33, 
  35, 38, 47, 49, 52, 54, 57, 61 ]
];

