## Group: [64, 57]
## Difference Sets: 590
## Time:  1:22:50.062

return [
[ 1, 2, 3, 4, 5, 6, 7, 8, 9, 10, 11, 12, 13, 14, 15, 17, 21, 22, 39, 45, 51, 
  54, 56, 57, 58, 60, 61, 64 ],
[ 1, 2, 3, 4, 5, 6, 7, 8, 9, 10, 11, 12, 13, 14, 15, 17, 21, 28, 35, 42, 48, 
  51, 53, 56, 59, 62, 63, 64 ],
[ 1, 2, 3, 4, 5, 6, 7, 8, 9, 10, 11, 12, 13, 14, 15, 17, 21, 35, 38, 39, 41, 
  42, 44, 51, 59, 60, 61, 64 ],
[ 1, 2, 3, 4, 5, 6, 7, 8, 9, 10, 11, 12, 13, 14, 15, 21, 35, 38, 40, 41, 42, 
  43, 44, 51, 57, 58, 60, 61 ],
[ 1, 2, 3, 4, 5, 6, 7, 8, 9, 10, 11, 12, 13, 14, 15, 27, 31, 32, 41, 45, 49, 
  54, 56, 58, 60, 61, 62, 64 ],
[ 1, 2, 3, 4, 5, 6, 7, 8, 9, 10, 11, 12, 13, 14, 15, 31, 34, 35, 38, 39, 40, 
  49, 52, 54, 57, 60, 61, 64 ],
[ 1, 2, 3, 4, 5, 6, 7, 8, 9, 10, 11, 12, 13, 14, 15, 31, 34, 38, 39, 40, 45, 
  49, 52, 55, 57, 59, 61, 63 ],
[ 1, 2, 3, 4, 5, 6, 7, 8, 9, 10, 11, 12, 13, 14, 16, 17, 29, 32, 34, 39, 46, 
  52, 54, 56, 57, 60, 63, 64 ],
[ 1, 2, 3, 4, 5, 6, 7, 8, 9, 10, 11, 12, 13, 14, 16, 17, 29, 34, 39, 46, 48, 
  51, 54, 56, 57, 61, 62, 63 ],
[ 1, 2, 3, 4, 5, 6, 7, 8, 9, 10, 11, 12, 13, 14, 16, 19, 22, 27, 34, 42, 46, 
  49, 54, 56, 60, 62, 63, 64 ],
[ 1, 2, 3, 4, 5, 6, 7, 8, 9, 10, 11, 12, 13, 14, 16, 20, 29, 34, 38, 39, 42, 
  44, 50, 51, 55, 59, 61, 63 ],
[ 1, 2, 3, 4, 5, 6, 7, 8, 9, 10, 11, 12, 13, 14, 16, 27, 30, 32, 41, 45, 50, 
  53, 56, 58, 60, 61, 62, 64 ],
[ 1, 2, 3, 4, 5, 6, 7, 8, 9, 10, 11, 12, 13, 14, 16, 29, 30, 32, 34, 39, 40, 
  53, 54, 56, 57, 60, 61, 64 ],
[ 1, 2, 3, 4, 5, 6, 7, 8, 9, 10, 11, 12, 13, 14, 16, 29, 30, 32, 39, 40, 44, 
  54, 55, 56, 57, 58, 61, 63 ],
[ 1, 2, 3, 4, 5, 6, 7, 8, 9, 10, 11, 12, 13, 14, 17, 20, 22, 35, 40, 44, 47, 
  48, 51, 53, 57, 61, 63, 64 ],
[ 1, 2, 3, 4, 5, 6, 7, 8, 9, 10, 11, 12, 13, 14, 17, 20, 26, 34, 40, 41, 42, 
  48, 51, 54, 58, 61, 63, 64 ],
[ 1, 2, 3, 4, 5, 6, 7, 8, 9, 10, 11, 12, 13, 14, 17, 21, 22, 34, 39, 45, 46, 
  48, 51, 54, 57, 61, 63, 64 ],
[ 1, 2, 3, 4, 5, 6, 7, 8, 9, 10, 11, 12, 13, 14, 17, 21, 25, 35, 39, 41, 42, 
  48, 51, 53, 59, 61, 63, 64 ],
[ 1, 2, 3, 4, 5, 6, 7, 8, 9, 10, 11, 12, 13, 14, 17, 21, 28, 35, 36, 38, 42, 
  48, 51, 53, 59, 62, 63, 64 ],
[ 1, 2, 3, 4, 5, 6, 7, 8, 9, 10, 11, 12, 13, 14, 17, 22, 25, 35, 39, 40, 42, 
  47, 51, 53, 60, 61, 63, 64 ],
[ 1, 2, 3, 4, 5, 6, 7, 8, 9, 10, 11, 12, 13, 14, 17, 22, 26, 34, 39, 40, 42, 
  46, 51, 54, 60, 61, 63, 64 ],
[ 1, 2, 3, 4, 5, 6, 7, 8, 9, 10, 11, 12, 13, 14, 17, 29, 32, 34, 37, 38, 39, 
  46, 52, 54, 57, 60, 63, 64 ],
[ 1, 2, 3, 4, 5, 6, 7, 8, 9, 10, 11, 12, 13, 14, 17, 29, 34, 37, 38, 39, 46, 
  48, 51, 54, 57, 61, 62, 63 ],
[ 1, 2, 3, 4, 5, 6, 7, 8, 9, 10, 11, 12, 13, 14, 18, 29, 30, 34, 35, 37, 38, 
  40, 48, 52, 53, 57, 60, 64 ],
[ 1, 2, 3, 4, 5, 6, 7, 8, 9, 10, 11, 12, 13, 14, 18, 31, 34, 35, 36, 40, 41, 
  49, 52, 54, 56, 60, 61, 64 ],
[ 1, 2, 3, 4, 5, 6, 7, 8, 9, 10, 11, 12, 13, 14, 18, 31, 34, 36, 40, 41, 45, 
  49, 52, 55, 56, 59, 61, 63 ],
[ 1, 2, 3, 4, 5, 6, 7, 8, 9, 10, 11, 12, 13, 14, 19, 22, 27, 34, 37, 38, 42, 
  46, 49, 54, 60, 62, 63, 64 ],
[ 1, 2, 3, 4, 5, 6, 7, 8, 9, 10, 11, 12, 13, 14, 19, 26, 30, 34, 38, 40, 41, 
  44, 49, 52, 54, 56, 60, 63 ],
[ 1, 2, 3, 4, 5, 6, 7, 8, 9, 10, 11, 12, 13, 14, 19, 28, 31, 34, 36, 38, 39, 
  45, 48, 52, 55, 57, 59, 63 ],
[ 1, 2, 3, 4, 5, 6, 7, 8, 9, 10, 11, 12, 13, 14, 19, 31, 34, 35, 36, 39, 41, 
  49, 52, 54, 56, 60, 61, 64 ],
[ 1, 2, 3, 4, 5, 6, 7, 8, 9, 10, 11, 12, 13, 14, 19, 31, 34, 36, 39, 41, 45, 
  49, 52, 55, 56, 59, 61, 63 ],
[ 1, 2, 3, 4, 5, 6, 7, 8, 9, 10, 11, 12, 13, 14, 20, 26, 34, 39, 41, 42, 43, 
  48, 51, 54, 57, 59, 61, 63 ],
[ 1, 2, 3, 4, 5, 6, 7, 8, 9, 10, 11, 12, 13, 14, 21, 25, 35, 40, 41, 42, 43, 
  48, 51, 53, 57, 58, 61, 63 ],
[ 1, 2, 3, 4, 5, 6, 7, 8, 9, 10, 11, 12, 13, 14, 23, 25, 31, 35, 41, 44, 48, 
  50, 51, 52, 53, 61, 62, 63 ],
[ 1, 2, 3, 4, 5, 6, 7, 8, 9, 10, 11, 12, 13, 14, 23, 31, 35, 36, 41, 44, 50, 
  51, 52, 56, 58, 61, 62, 64 ],
[ 1, 2, 3, 4, 5, 6, 7, 8, 9, 10, 11, 12, 13, 14, 25, 27, 31, 35, 41, 45, 48, 
  49, 51, 52, 53, 60, 61, 63 ],
[ 1, 2, 3, 4, 5, 6, 7, 8, 9, 10, 11, 12, 13, 14, 25, 27, 32, 35, 41, 47, 49, 
  50, 52, 53, 60, 61, 63, 64 ],
[ 1, 2, 3, 4, 5, 6, 7, 8, 9, 10, 11, 12, 13, 14, 26, 27, 32, 34, 41, 46, 49, 
  50, 52, 54, 60, 61, 63, 64 ],
[ 1, 2, 3, 4, 5, 6, 7, 8, 9, 10, 11, 12, 13, 14, 27, 30, 34, 37, 41, 45, 50, 
  51, 52, 56, 58, 60, 61, 64 ],
[ 1, 2, 3, 4, 5, 6, 7, 8, 9, 10, 11, 12, 13, 14, 27, 31, 32, 34, 41, 45, 46, 
  48, 49, 54, 61, 62, 63, 64 ],
[ 1, 2, 3, 4, 5, 6, 7, 8, 9, 10, 11, 12, 13, 14, 27, 31, 35, 36, 41, 45, 49, 
  51, 52, 56, 58, 60, 61, 64 ],
[ 1, 2, 3, 4, 5, 6, 7, 8, 9, 10, 11, 12, 13, 14, 30, 34, 37, 41, 43, 45, 49, 
  51, 52, 56, 59, 60, 61, 62 ],
[ 1, 2, 3, 4, 5, 6, 7, 8, 9, 10, 11, 12, 13, 15, 16, 17, 21, 23, 28, 35, 42, 
  46, 51, 55, 56, 62, 63, 64 ],
[ 1, 2, 3, 4, 5, 6, 7, 8, 9, 10, 11, 12, 13, 15, 16, 17, 21, 28, 35, 41, 42, 
  45, 46, 56, 57, 58, 60, 64 ],
[ 1, 2, 3, 4, 5, 6, 7, 8, 9, 10, 11, 12, 13, 15, 16, 18, 21, 23, 27, 41, 42, 
  45, 46, 56, 57, 60, 63, 64 ],
[ 1, 2, 3, 4, 5, 6, 7, 8, 9, 10, 11, 12, 13, 15, 16, 18, 21, 27, 35, 42, 46, 
  51, 54, 56, 58, 62, 63, 64 ],
[ 1, 2, 3, 4, 5, 6, 7, 8, 9, 10, 11, 12, 13, 15, 16, 19, 20, 21, 34, 45, 49, 
  51, 53, 54, 56, 60, 61, 62 ],
[ 1, 2, 3, 4, 5, 6, 7, 8, 9, 10, 11, 12, 13, 15, 16, 19, 20, 21, 41, 43, 49, 
  54, 56, 57, 58, 60, 61, 64 ],
[ 1, 2, 3, 4, 5, 6, 7, 8, 9, 10, 11, 12, 13, 15, 16, 19, 21, 23, 33, 41, 42, 
  44, 46, 56, 57, 60, 62, 64 ],
[ 1, 2, 3, 4, 5, 6, 7, 8, 9, 10, 11, 12, 13, 15, 16, 19, 21, 28, 33, 42, 45, 
  46, 49, 55, 56, 60, 62, 63 ],
[ 1, 2, 3, 4, 5, 6, 7, 8, 9, 10, 11, 12, 13, 15, 16, 19, 21, 28, 33, 42, 46, 
  49, 55, 56, 59, 62, 63, 64 ],
[ 1, 2, 3, 4, 5, 6, 7, 8, 9, 10, 11, 12, 13, 15, 16, 19, 21, 33, 41, 42, 43, 
  46, 56, 57, 58, 60, 62, 64 ],
[ 1, 2, 3, 4, 5, 6, 7, 8, 9, 10, 11, 12, 13, 15, 16, 19, 31, 33, 36, 39, 41, 
  49, 52, 54, 60, 61, 63, 64 ],
[ 1, 2, 3, 4, 5, 6, 7, 8, 9, 10, 11, 12, 13, 15, 16, 20, 29, 34, 37, 39, 42, 
  43, 50, 51, 55, 60, 61, 63 ],
[ 1, 2, 3, 4, 5, 6, 7, 8, 9, 10, 11, 12, 13, 15, 16, 21, 28, 29, 34, 42, 45, 
  46, 49, 55, 56, 57, 59, 63 ],
[ 1, 2, 3, 4, 5, 6, 7, 8, 9, 10, 11, 12, 13, 15, 16, 21, 29, 34, 35, 42, 44, 
  46, 51, 54, 56, 57, 58, 62 ],
[ 1, 2, 3, 4, 5, 6, 7, 8, 9, 10, 11, 12, 13, 15, 16, 31, 33, 35, 36, 39, 40, 
  49, 52, 55, 57, 60, 61, 64 ],
[ 1, 2, 3, 4, 5, 6, 7, 8, 9, 10, 11, 12, 13, 15, 17, 21, 22, 36, 39, 43, 45, 
  47, 51, 56, 57, 60, 63, 64 ],
[ 1, 2, 3, 4, 5, 6, 7, 8, 9, 10, 11, 12, 13, 15, 17, 21, 26, 33, 35, 39, 41, 
  42, 46, 51, 55, 60, 61, 64 ],
[ 1, 2, 3, 4, 5, 6, 7, 8, 9, 10, 11, 12, 13, 15, 17, 21, 28, 35, 37, 38, 41, 
  42, 44, 46, 57, 59, 60, 64 ],
[ 1, 2, 3, 4, 5, 6, 7, 8, 9, 10, 11, 12, 13, 15, 17, 21, 28, 35, 37, 38, 42, 
  43, 46, 51, 55, 60, 62, 63 ],
[ 1, 2, 3, 4, 5, 6, 7, 8, 9, 10, 11, 12, 13, 15, 17, 32, 35, 36, 39, 40, 45, 
  51, 52, 54, 56, 58, 61, 63 ],
[ 1, 2, 3, 4, 5, 6, 7, 8, 9, 10, 11, 12, 13, 15, 18, 21, 24, 35, 39, 41, 42, 
  45, 48, 50, 53, 60, 61, 63 ],
[ 1, 2, 3, 4, 5, 6, 7, 8, 9, 10, 11, 12, 13, 15, 18, 21, 24, 35, 39, 41, 42, 
  48, 50, 53, 59, 61, 63, 64 ],
[ 1, 2, 3, 4, 5, 6, 7, 8, 9, 10, 11, 12, 13, 15, 18, 21, 26, 33, 39, 41, 42, 
  45, 46, 50, 55, 60, 61, 63 ],
[ 1, 2, 3, 4, 5, 6, 7, 8, 9, 10, 11, 12, 13, 15, 18, 21, 26, 33, 39, 41, 42, 
  46, 50, 55, 59, 61, 63, 64 ],
[ 1, 2, 3, 4, 5, 6, 7, 8, 9, 10, 11, 12, 13, 15, 18, 21, 26, 34, 39, 40, 42, 
  45, 46, 51, 55, 59, 61, 63 ],
[ 1, 2, 3, 4, 5, 6, 7, 8, 9, 10, 11, 12, 13, 15, 18, 21, 27, 35, 36, 38, 42, 
  45, 47, 51, 53, 60, 62, 63 ],
[ 1, 2, 3, 4, 5, 6, 7, 8, 9, 10, 11, 12, 13, 15, 18, 21, 27, 35, 37, 38, 42, 
  44, 46, 51, 54, 60, 62, 63 ],
[ 1, 2, 3, 4, 5, 6, 7, 8, 9, 10, 11, 12, 13, 15, 18, 21, 27, 37, 38, 41, 42, 
  43, 46, 57, 59, 60, 63, 64 ],
[ 1, 2, 3, 4, 5, 6, 7, 8, 9, 10, 11, 12, 13, 15, 18, 21, 29, 33, 36, 38, 42, 
  45, 47, 49, 55, 60, 62, 63 ],
[ 1, 2, 3, 4, 5, 6, 7, 8, 9, 10, 11, 12, 13, 15, 19, 20, 27, 34, 37, 38, 42, 
  45, 47, 51, 53, 60, 62, 63 ],
[ 1, 2, 3, 4, 5, 6, 7, 8, 9, 10, 11, 12, 13, 15, 19, 20, 27, 37, 38, 41, 42, 
  43, 47, 57, 58, 60, 63, 64 ],
[ 1, 2, 3, 4, 5, 6, 7, 8, 9, 10, 11, 12, 13, 15, 19, 21, 23, 33, 37, 38, 41, 
  42, 44, 46, 57, 60, 62, 64 ],
[ 1, 2, 3, 4, 5, 6, 7, 8, 9, 10, 11, 12, 13, 15, 19, 21, 28, 33, 37, 38, 42, 
  45, 46, 49, 55, 60, 62, 63 ],
[ 1, 2, 3, 4, 5, 6, 7, 8, 9, 10, 11, 12, 13, 15, 19, 21, 28, 33, 37, 38, 42, 
  46, 49, 55, 59, 62, 63, 64 ],
[ 1, 2, 3, 4, 5, 6, 7, 8, 9, 10, 11, 12, 13, 15, 19, 21, 33, 37, 38, 41, 42, 
  43, 46, 57, 58, 60, 62, 64 ],
[ 1, 2, 3, 4, 5, 6, 7, 8, 9, 10, 11, 12, 13, 15, 19, 26, 30, 33, 37, 40, 41, 
  44, 49, 52, 55, 56, 60, 63 ],
[ 1, 2, 3, 4, 5, 6, 7, 8, 9, 10, 11, 12, 13, 15, 20, 29, 33, 35, 38, 39, 42, 
  44, 50, 51, 55, 56, 59, 61 ],
[ 1, 2, 3, 4, 5, 6, 7, 8, 9, 10, 11, 12, 13, 15, 20, 29, 34, 35, 38, 39, 42, 
  43, 50, 51, 54, 56, 60, 61 ],
[ 1, 2, 3, 4, 5, 6, 7, 8, 9, 10, 11, 12, 13, 15, 21, 23, 26, 36, 40, 41, 42, 
  43, 51, 56, 57, 58, 63, 64 ],
[ 1, 2, 3, 4, 5, 6, 7, 8, 9, 10, 11, 12, 13, 15, 21, 23, 29, 34, 37, 38, 42, 
  43, 46, 51, 55, 57, 62, 63 ],
[ 1, 2, 3, 4, 5, 6, 7, 8, 9, 10, 11, 12, 13, 15, 21, 24, 27, 35, 38, 41, 42, 
  49, 51, 53, 56, 59, 63, 64 ],
[ 1, 2, 3, 4, 5, 6, 7, 8, 9, 10, 11, 12, 13, 15, 21, 26, 28, 33, 36, 39, 42, 
  50, 51, 55, 56, 59, 63, 64 ],
[ 1, 2, 3, 4, 5, 6, 7, 8, 9, 10, 11, 12, 13, 15, 21, 26, 29, 33, 36, 39, 42, 
  49, 51, 55, 56, 59, 63, 64 ],
[ 1, 2, 3, 4, 5, 6, 7, 8, 9, 10, 11, 12, 13, 15, 21, 28, 29, 34, 35, 37, 38, 
  42, 46, 49, 54, 57, 60, 64 ],
[ 1, 2, 3, 4, 5, 6, 7, 8, 9, 10, 11, 12, 13, 15, 21, 28, 29, 34, 37, 38, 42, 
  45, 46, 49, 55, 57, 59, 63 ],
[ 1, 2, 3, 4, 5, 6, 7, 8, 9, 10, 11, 12, 13, 15, 21, 29, 34, 35, 37, 38, 42, 
  44, 46, 51, 54, 57, 58, 62 ],
[ 1, 2, 3, 4, 5, 6, 7, 8, 9, 10, 11, 12, 13, 15, 22, 27, 35, 36, 41, 42, 45, 
  49, 50, 54, 56, 58, 61, 63 ],
[ 1, 2, 3, 4, 5, 6, 7, 8, 9, 10, 11, 12, 13, 15, 23, 26, 27, 31, 36, 41, 45, 
  49, 51, 52, 56, 60, 63, 64 ],
[ 1, 2, 3, 4, 5, 6, 7, 8, 9, 10, 11, 12, 13, 15, 26, 27, 31, 33, 41, 46, 49, 
  51, 52, 54, 60, 61, 63, 64 ],
[ 1, 2, 3, 4, 5, 6, 7, 8, 9, 10, 11, 12, 13, 15, 26, 30, 33, 41, 43, 47, 49, 
  51, 52, 54, 60, 61, 62, 63 ],
[ 1, 2, 3, 4, 5, 6, 7, 8, 9, 10, 11, 12, 13, 15, 27, 31, 32, 36, 41, 43, 45, 
  47, 49, 56, 60, 62, 63, 64 ],
[ 1, 2, 3, 4, 5, 6, 7, 8, 9, 10, 11, 12, 13, 16, 17, 21, 23, 28, 35, 36, 38, 
  42, 46, 51, 55, 62, 63, 64 ],
[ 1, 2, 3, 4, 5, 6, 7, 8, 9, 10, 11, 12, 13, 16, 17, 21, 23, 35, 38, 39, 41, 
  42, 44, 51, 56, 58, 61, 64 ],
[ 1, 2, 3, 4, 5, 6, 7, 8, 9, 10, 11, 12, 13, 16, 18, 20, 21, 34, 35, 40, 45, 
  46, 48, 51, 53, 57, 61, 64 ],
[ 1, 2, 3, 4, 5, 6, 7, 8, 9, 10, 11, 12, 13, 16, 18, 20, 21, 35, 38, 40, 44, 
  45, 46, 51, 56, 57, 58, 64 ],
[ 1, 2, 3, 4, 5, 6, 7, 8, 9, 10, 11, 12, 13, 16, 18, 21, 25, 33, 40, 41, 42, 
  45, 46, 49, 55, 60, 61, 63 ],
[ 1, 2, 3, 4, 5, 6, 7, 8, 9, 10, 11, 12, 13, 16, 18, 21, 25, 35, 39, 40, 42, 
  45, 46, 51, 55, 58, 61, 63 ],
[ 1, 2, 3, 4, 5, 6, 7, 8, 9, 10, 11, 12, 13, 16, 18, 21, 33, 38, 40, 41, 42, 
  44, 45, 49, 56, 58, 60, 61 ],
[ 1, 2, 3, 4, 5, 6, 7, 8, 9, 10, 11, 12, 13, 16, 18, 25, 31, 34, 36, 39, 40, 
  45, 51, 52, 55, 56, 59, 63 ],
[ 1, 2, 3, 4, 5, 6, 7, 8, 9, 10, 11, 12, 13, 16, 19, 20, 21, 34, 38, 44, 45, 
  46, 49, 51, 54, 56, 62, 63 ],
[ 1, 2, 3, 4, 5, 6, 7, 8, 9, 10, 11, 12, 13, 16, 19, 20, 21, 34, 41, 43, 46, 
  48, 49, 54, 57, 61, 63, 64 ],
[ 1, 2, 3, 4, 5, 6, 7, 8, 9, 10, 11, 12, 13, 16, 19, 20, 27, 34, 37, 38, 42, 
  44, 46, 51, 54, 60, 62, 63 ],
[ 1, 2, 3, 4, 5, 6, 7, 8, 9, 10, 11, 12, 13, 16, 19, 20, 28, 33, 37, 38, 42, 
  44, 46, 50, 55, 60, 62, 63 ],
[ 1, 2, 3, 4, 5, 6, 7, 8, 9, 10, 11, 12, 13, 16, 19, 21, 23, 33, 36, 38, 41, 
  42, 44, 46, 57, 60, 62, 64 ],
[ 1, 2, 3, 4, 5, 6, 7, 8, 9, 10, 11, 12, 13, 16, 19, 21, 25, 33, 39, 41, 42, 
  46, 49, 55, 59, 61, 63, 64 ],
[ 1, 2, 3, 4, 5, 6, 7, 8, 9, 10, 11, 12, 13, 16, 19, 21, 28, 33, 36, 38, 42, 
  45, 46, 49, 55, 60, 62, 63 ],
[ 1, 2, 3, 4, 5, 6, 7, 8, 9, 10, 11, 12, 13, 16, 19, 21, 33, 36, 38, 41, 42, 
  43, 46, 57, 58, 60, 62, 64 ],
[ 1, 2, 3, 4, 5, 6, 7, 8, 9, 10, 11, 12, 13, 16, 19, 21, 33, 38, 39, 41, 42, 
  44, 49, 56, 58, 59, 61, 64 ],
[ 1, 2, 3, 4, 5, 6, 7, 8, 9, 10, 11, 12, 13, 16, 21, 25, 33, 39, 40, 42, 45, 
  46, 49, 55, 57, 60, 61, 63 ],
[ 1, 2, 3, 4, 5, 6, 7, 8, 9, 10, 11, 12, 13, 16, 21, 25, 34, 35, 40, 41, 42, 
  45, 46, 51, 53, 57, 58, 61 ],
[ 1, 2, 3, 4, 5, 6, 7, 8, 9, 10, 11, 12, 13, 16, 21, 35, 38, 40, 41, 42, 45, 
  51, 56, 57, 58, 60, 61, 64 ],
[ 1, 2, 3, 4, 5, 6, 7, 8, 9, 10, 11, 12, 13, 17, 21, 22, 24, 25, 35, 39, 51, 
  54, 56, 57, 58, 60, 61, 63 ],
[ 1, 2, 3, 4, 5, 6, 7, 8, 9, 10, 11, 12, 13, 17, 21, 25, 28, 35, 37, 41, 42, 
  46, 48, 53, 57, 59, 63, 64 ],
[ 1, 2, 3, 4, 5, 6, 7, 8, 9, 10, 11, 12, 13, 17, 21, 28, 35, 37, 38, 42, 43, 
  48, 51, 53, 56, 58, 62, 63 ],
[ 1, 2, 3, 4, 5, 6, 7, 8, 9, 10, 11, 12, 13, 17, 22, 26, 29, 34, 36, 39, 42, 
  46, 47, 54, 57, 60, 63, 64 ],
[ 1, 2, 3, 4, 5, 6, 7, 8, 9, 10, 11, 12, 13, 17, 22, 29, 34, 36, 39, 42, 45, 
  46, 48, 54, 57, 59, 61, 63 ],
[ 1, 2, 3, 4, 5, 6, 7, 8, 9, 10, 11, 12, 13, 17, 23, 28, 31, 35, 36, 46, 47, 
  51, 52, 55, 61, 62, 63, 64 ],
[ 1, 2, 3, 4, 5, 6, 7, 8, 9, 10, 11, 12, 13, 17, 24, 29, 34, 36, 38, 39, 47, 
  48, 51, 54, 56, 57, 62, 63 ],
[ 1, 2, 3, 4, 5, 6, 7, 8, 9, 10, 11, 12, 13, 17, 25, 26, 29, 30, 34, 37, 43, 
  51, 52, 55, 60, 61, 62, 63 ],
[ 1, 2, 3, 4, 5, 6, 7, 8, 9, 10, 11, 12, 13, 17, 25, 28, 31, 35, 36, 41, 44, 
  47, 48, 52, 57, 59, 60, 64 ],
[ 1, 2, 3, 4, 5, 6, 7, 8, 9, 10, 11, 12, 13, 17, 29, 30, 34, 37, 43, 46, 47, 
  51, 52, 55, 60, 61, 62, 63 ],
[ 1, 2, 3, 4, 5, 6, 7, 8, 9, 10, 11, 12, 13, 18, 21, 24, 25, 27, 35, 38, 41, 
  42, 45, 53, 57, 60, 61, 63 ],
[ 1, 2, 3, 4, 5, 6, 7, 8, 9, 10, 11, 12, 13, 18, 21, 24, 27, 35, 38, 41, 42, 
  46, 48, 53, 57, 59, 63, 64 ],
[ 1, 2, 3, 4, 5, 6, 7, 8, 9, 10, 11, 12, 13, 18, 21, 25, 26, 35, 39, 40, 42, 
  46, 51, 54, 56, 58, 63, 64 ],
[ 1, 2, 3, 4, 5, 6, 7, 8, 9, 10, 11, 12, 13, 18, 21, 26, 29, 33, 36, 39, 42, 
  46, 48, 55, 57, 59, 63, 64 ],
[ 1, 2, 3, 4, 5, 6, 7, 8, 9, 10, 11, 12, 13, 18, 21, 27, 35, 38, 41, 42, 43, 
  47, 48, 53, 57, 58, 61, 63 ],
[ 1, 2, 3, 4, 5, 6, 7, 8, 9, 10, 11, 12, 13, 18, 21, 29, 33, 36, 39, 42, 45, 
  46, 47, 55, 57, 60, 61, 63 ],
[ 1, 2, 3, 4, 5, 6, 7, 8, 9, 10, 11, 12, 13, 18, 25, 27, 31, 35, 36, 44, 47, 
  48, 51, 52, 54, 60, 62, 63 ],
[ 1, 2, 3, 4, 5, 6, 7, 8, 9, 10, 11, 12, 13, 18, 25, 29, 31, 33, 38, 46, 47, 
  49, 52, 54, 60, 62, 63, 64 ],
[ 1, 2, 3, 4, 5, 6, 7, 8, 9, 10, 11, 12, 13, 18, 29, 31, 33, 38, 44, 47, 48, 
  49, 52, 54, 58, 61, 62, 63 ],
[ 1, 2, 3, 4, 5, 6, 7, 8, 9, 10, 11, 12, 13, 19, 20, 24, 27, 34, 38, 41, 42, 
  47, 48, 54, 57, 58, 63, 64 ],
[ 1, 2, 3, 4, 5, 6, 7, 8, 9, 10, 11, 12, 13, 19, 20, 27, 34, 38, 41, 42, 43, 
  46, 48, 54, 57, 59, 61, 63 ],
[ 1, 2, 3, 4, 5, 6, 7, 8, 9, 10, 11, 12, 13, 19, 21, 23, 33, 36, 37, 41, 42, 
  44, 46, 56, 57, 60, 62, 64 ],
[ 1, 2, 3, 4, 5, 6, 7, 8, 9, 10, 11, 12, 13, 19, 21, 25, 28, 33, 37, 39, 42, 
  46, 48, 55, 57, 59, 63, 64 ],
[ 1, 2, 3, 4, 5, 6, 7, 8, 9, 10, 11, 12, 13, 19, 21, 28, 33, 36, 37, 42, 45, 
  46, 49, 55, 56, 60, 62, 63 ],
[ 1, 2, 3, 4, 5, 6, 7, 8, 9, 10, 11, 12, 13, 19, 26, 28, 31, 33, 36, 45, 46, 
  48, 49, 52, 55, 60, 62, 63 ],
[ 1, 2, 3, 4, 5, 6, 7, 8, 9, 10, 11, 12, 13, 19, 28, 31, 33, 36, 46, 47, 49, 
  52, 55, 59, 61, 62, 63, 64 ],
[ 1, 2, 3, 4, 5, 6, 7, 8, 9, 10, 11, 12, 13, 20, 24, 26, 33, 34, 39, 41, 42, 
  48, 51, 54, 56, 57, 59, 64 ],
[ 1, 2, 3, 4, 5, 6, 7, 8, 9, 10, 11, 12, 13, 21, 24, 25, 33, 34, 40, 41, 42, 
  48, 51, 54, 56, 57, 58, 64 ],
[ 1, 2, 3, 4, 5, 6, 7, 8, 9, 10, 11, 12, 13, 24, 25, 27, 31, 32, 35, 41, 49, 
  54, 56, 58, 60, 61, 62, 63 ],
[ 1, 2, 3, 4, 5, 6, 7, 8, 9, 10, 11, 12, 13, 24, 25, 29, 31, 34, 39, 45, 48, 
  49, 51, 52, 55, 56, 59, 63 ],
[ 1, 2, 3, 4, 5, 6, 7, 8, 9, 10, 11, 12, 13, 24, 27, 31, 32, 35, 41, 44, 46, 
  48, 49, 54, 56, 62, 63, 64 ],
[ 1, 2, 3, 4, 5, 6, 7, 8, 9, 10, 11, 12, 13, 25, 26, 27, 28, 31, 33, 35, 36, 
  51, 52, 55, 57, 60, 61, 64 ],
[ 1, 2, 3, 4, 5, 6, 7, 8, 9, 10, 11, 12, 13, 25, 26, 28, 29, 31, 34, 35, 36, 
  49, 52, 54, 57, 60, 61, 64 ],
[ 1, 2, 3, 4, 5, 6, 7, 8, 9, 10, 11, 12, 13, 25, 26, 28, 29, 31, 34, 36, 45, 
  49, 52, 55, 57, 59, 61, 63 ],
[ 1, 2, 3, 4, 5, 6, 7, 8, 9, 10, 11, 12, 13, 25, 26, 29, 30, 31, 33, 39, 51, 
  54, 56, 58, 60, 61, 62, 63 ],
[ 1, 2, 3, 4, 5, 6, 7, 8, 9, 10, 11, 12, 13, 25, 26, 29, 30, 31, 34, 39, 41, 
  45, 56, 57, 58, 59, 60, 61 ],
[ 1, 2, 3, 4, 5, 6, 7, 8, 9, 10, 11, 12, 13, 25, 26, 29, 31, 34, 35, 36, 44, 
  51, 52, 54, 57, 58, 61, 62 ],
[ 1, 2, 3, 4, 5, 6, 7, 8, 9, 10, 11, 12, 13, 25, 26, 31, 33, 35, 39, 46, 49, 
  50, 52, 55, 56, 60, 62, 64 ],
[ 1, 2, 3, 4, 5, 6, 7, 8, 9, 10, 11, 12, 13, 25, 27, 28, 31, 33, 35, 36, 47, 
  48, 51, 52, 55, 57, 60, 64 ],
[ 1, 2, 3, 4, 5, 6, 7, 8, 9, 10, 11, 12, 13, 25, 27, 28, 31, 33, 36, 47, 48, 
  51, 52, 54, 57, 60, 63, 64 ],
[ 1, 2, 3, 4, 5, 6, 7, 8, 9, 10, 11, 12, 13, 25, 28, 29, 31, 34, 35, 36, 47, 
  48, 49, 52, 54, 57, 60, 64 ],
[ 1, 2, 3, 4, 5, 6, 7, 8, 9, 10, 11, 12, 13, 25, 28, 29, 31, 34, 36, 45, 47, 
  48, 49, 52, 55, 57, 59, 63 ],
[ 1, 2, 3, 4, 5, 6, 7, 8, 9, 10, 11, 12, 13, 25, 29, 30, 31, 33, 35, 39, 44, 
  47, 48, 51, 55, 56, 62, 64 ],
[ 1, 2, 3, 4, 5, 6, 7, 8, 9, 10, 11, 12, 13, 26, 28, 29, 31, 34, 36, 45, 46, 
  48, 49, 52, 55, 57, 59, 63 ],
[ 1, 2, 3, 4, 5, 6, 7, 8, 9, 10, 11, 12, 13, 26, 29, 30, 31, 33, 39, 44, 46, 
  48, 51, 54, 56, 62, 63, 64 ],
[ 1, 2, 3, 4, 5, 6, 7, 8, 9, 10, 11, 12, 13, 26, 29, 30, 31, 34, 39, 41, 44, 
  45, 46, 48, 56, 57, 59, 64 ],
[ 1, 2, 3, 4, 5, 6, 7, 8, 9, 10, 11, 12, 14, 15, 17, 21, 28, 33, 34, 42, 48, 
  51, 54, 55, 56, 59, 62, 64 ],
[ 1, 2, 3, 4, 5, 6, 7, 8, 9, 10, 11, 12, 14, 15, 17, 28, 31, 35, 43, 44, 48, 
  51, 52, 55, 56, 59, 60, 62 ],
[ 1, 2, 3, 4, 5, 6, 7, 8, 9, 10, 11, 12, 14, 15, 17, 32, 34, 37, 39, 40, 45, 
  51, 52, 54, 55, 58, 61, 63 ],
[ 1, 2, 3, 4, 5, 6, 7, 8, 9, 10, 11, 12, 14, 15, 22, 27, 34, 37, 41, 42, 45, 
  49, 50, 54, 55, 58, 61, 63 ],
[ 1, 2, 3, 4, 5, 6, 7, 8, 9, 10, 11, 12, 14, 15, 22, 27, 35, 37, 41, 42, 44, 
  49, 50, 53, 55, 59, 61, 63 ],
[ 1, 2, 3, 4, 5, 6, 7, 8, 9, 10, 11, 12, 14, 16, 17, 29, 33, 35, 39, 46, 48, 
  51, 53, 55, 56, 57, 61, 62 ],
[ 1, 2, 3, 4, 5, 6, 7, 8, 9, 10, 11, 12, 14, 17, 21, 22, 33, 35, 36, 38, 39, 
  45, 51, 57, 58, 60, 61, 64 ],
[ 1, 2, 3, 4, 5, 6, 7, 8, 9, 10, 11, 12, 14, 17, 21, 22, 33, 35, 39, 45, 46, 
  48, 51, 53, 55, 57, 61, 64 ],
[ 1, 2, 3, 4, 5, 6, 7, 8, 9, 10, 11, 12, 14, 17, 22, 25, 33, 34, 39, 40, 42, 
  47, 51, 54, 55, 60, 61, 64 ],
[ 1, 2, 3, 4, 5, 6, 7, 8, 9, 10, 11, 12, 14, 17, 22, 26, 33, 35, 39, 40, 42, 
  46, 51, 53, 55, 60, 61, 64 ],
[ 1, 2, 3, 4, 5, 6, 7, 8, 9, 10, 11, 12, 14, 19, 26, 30, 33, 35, 38, 40, 41, 
  44, 49, 52, 53, 55, 56, 60 ],
[ 1, 2, 3, 4, 5, 6, 7, 8, 9, 10, 11, 12, 14, 25, 27, 32, 33, 34, 41, 47, 49, 
  50, 52, 54, 55, 60, 61, 64 ],
[ 1, 2, 3, 4, 5, 6, 7, 8, 9, 10, 11, 12, 14, 25, 28, 31, 35, 38, 40, 43, 44, 
  49, 51, 52, 55, 56, 59, 60 ],
[ 1, 2, 3, 4, 5, 6, 7, 8, 9, 10, 11, 12, 14, 25, 28, 31, 38, 40, 43, 44, 49, 
  51, 52, 54, 56, 59, 60, 63 ],
[ 1, 2, 3, 4, 5, 6, 7, 8, 9, 10, 11, 12, 14, 26, 27, 32, 33, 35, 41, 46, 49, 
  50, 52, 53, 55, 60, 61, 64 ],
[ 1, 2, 3, 4, 5, 6, 7, 8, 9, 10, 11, 12, 14, 27, 30, 32, 33, 34, 37, 38, 41, 
  45, 50, 58, 60, 61, 62, 64 ],
[ 1, 2, 3, 4, 5, 6, 7, 8, 9, 10, 11, 12, 14, 27, 30, 32, 35, 37, 38, 41, 43, 
  44, 50, 58, 60, 61, 62, 63 ],
[ 1, 2, 3, 4, 5, 6, 7, 8, 9, 10, 11, 12, 14, 27, 31, 32, 33, 35, 36, 38, 41, 
  45, 49, 58, 60, 61, 62, 64 ],
[ 1, 2, 3, 4, 5, 6, 7, 8, 9, 10, 11, 12, 15, 16, 17, 21, 28, 34, 35, 42, 44, 
  46, 51, 54, 55, 56, 59, 62 ],
[ 1, 2, 3, 4, 5, 6, 7, 8, 9, 10, 11, 12, 15, 16, 17, 21, 28, 34, 41, 42, 43, 
  45, 46, 55, 56, 57, 59, 60 ],
[ 1, 2, 3, 4, 5, 6, 7, 8, 9, 10, 11, 12, 15, 16, 18, 21, 27, 34, 41, 42, 44, 
  45, 46, 54, 56, 57, 59, 60 ],
[ 1, 2, 3, 4, 5, 6, 7, 8, 9, 10, 11, 12, 15, 16, 18, 21, 27, 34, 42, 43, 46, 
  51, 54, 55, 56, 59, 62, 63 ],
[ 1, 2, 3, 4, 5, 6, 7, 8, 9, 10, 11, 12, 15, 16, 19, 20, 27, 34, 41, 42, 44, 
  45, 47, 54, 56, 57, 58, 60 ],
[ 1, 2, 3, 4, 5, 6, 7, 8, 9, 10, 11, 12, 15, 16, 19, 20, 27, 34, 42, 43, 47, 
  51, 54, 55, 56, 58, 62, 63 ],
[ 1, 2, 3, 4, 5, 6, 7, 8, 9, 10, 11, 12, 15, 16, 19, 21, 28, 34, 35, 42, 45, 
  46, 49, 53, 54, 56, 60, 62 ],
[ 1, 2, 3, 4, 5, 6, 7, 8, 9, 10, 11, 12, 15, 17, 21, 28, 34, 35, 37, 38, 42, 
  45, 46, 51, 54, 55, 58, 62 ],
[ 1, 2, 3, 4, 5, 6, 7, 8, 9, 10, 11, 12, 15, 18, 21, 26, 34, 35, 39, 41, 42, 
  45, 46, 50, 53, 54, 60, 61 ],
[ 1, 2, 3, 4, 5, 6, 7, 8, 9, 10, 11, 12, 15, 18, 21, 26, 34, 35, 39, 41, 42, 
  46, 50, 53, 54, 59, 61, 64 ],
[ 1, 2, 3, 4, 5, 6, 7, 8, 9, 10, 11, 12, 15, 18, 21, 27, 33, 34, 36, 38, 42, 
  45, 47, 51, 54, 55, 60, 62 ],
[ 1, 2, 3, 4, 5, 6, 7, 8, 9, 10, 11, 12, 15, 18, 21, 27, 34, 37, 38, 41, 42, 
  45, 46, 54, 57, 58, 59, 64 ],
[ 1, 2, 3, 4, 5, 6, 7, 8, 9, 10, 11, 12, 15, 18, 21, 29, 34, 35, 36, 38, 42, 
  45, 47, 49, 53, 54, 60, 62 ],
[ 1, 2, 3, 4, 5, 6, 7, 8, 9, 10, 11, 12, 15, 18, 27, 31, 36, 38, 43, 44, 47, 
  51, 52, 54, 59, 60, 62, 63 ],
[ 1, 2, 3, 4, 5, 6, 7, 8, 9, 10, 11, 12, 15, 18, 29, 31, 36, 38, 44, 45, 47, 
  49, 52, 54, 58, 59, 62, 63 ],
[ 1, 2, 3, 4, 5, 6, 7, 8, 9, 10, 11, 12, 15, 19, 20, 21, 33, 34, 35, 37, 38, 
  49, 51, 53, 59, 61, 62, 64 ],
[ 1, 2, 3, 4, 5, 6, 7, 8, 9, 10, 11, 12, 15, 19, 20, 21, 34, 35, 37, 38, 43, 
  49, 51, 54, 58, 61, 62, 63 ],
[ 1, 2, 3, 4, 5, 6, 7, 8, 9, 10, 11, 12, 15, 19, 20, 21, 34, 37, 39, 43, 45, 
  48, 51, 53, 56, 57, 59, 64 ],
[ 1, 2, 3, 4, 5, 6, 7, 8, 9, 10, 11, 12, 15, 19, 20, 21, 35, 37, 39, 43, 44, 
  48, 51, 54, 56, 57, 58, 64 ],
[ 1, 2, 3, 4, 5, 6, 7, 8, 9, 10, 11, 12, 15, 19, 21, 28, 34, 35, 37, 38, 42, 
  45, 46, 49, 53, 54, 60, 62 ],
[ 1, 2, 3, 4, 5, 6, 7, 8, 9, 10, 11, 12, 15, 19, 26, 30, 34, 35, 37, 40, 41, 
  44, 49, 52, 53, 54, 56, 60 ],
[ 1, 2, 3, 4, 5, 6, 7, 8, 9, 10, 11, 12, 15, 22, 27, 33, 35, 36, 41, 42, 44, 
  49, 50, 54, 55, 56, 59, 61 ],
[ 1, 2, 3, 4, 5, 6, 7, 8, 9, 10, 11, 12, 15, 26, 27, 31, 34, 41, 45, 46, 49, 
  51, 52, 53, 54, 59, 61, 63 ],
[ 1, 2, 3, 4, 5, 6, 7, 8, 9, 10, 11, 12, 15, 26, 28, 31, 33, 36, 41, 44, 45, 
  49, 50, 52, 55, 56, 59, 60 ],
[ 1, 2, 3, 4, 5, 6, 7, 8, 9, 10, 11, 12, 15, 26, 28, 31, 35, 36, 39, 44, 45, 
  50, 51, 52, 55, 56, 58, 59 ],
[ 1, 2, 3, 4, 5, 6, 7, 8, 9, 10, 11, 12, 15, 27, 31, 32, 35, 36, 41, 44, 45, 
  47, 49, 53, 56, 59, 62, 64 ],
[ 1, 2, 3, 4, 5, 6, 7, 8, 9, 10, 11, 12, 15, 29, 30, 31, 33, 35, 41, 44, 47, 
  48, 49, 53, 54, 61, 62, 64 ],
[ 1, 2, 3, 4, 5, 6, 7, 8, 9, 10, 11, 12, 15, 29, 30, 31, 33, 38, 41, 44, 45, 
  47, 49, 53, 56, 59, 62, 64 ],
[ 1, 2, 3, 4, 5, 6, 7, 8, 9, 10, 11, 12, 15, 29, 30, 31, 34, 41, 43, 45, 47, 
  48, 49, 53, 54, 61, 62, 63 ],
[ 1, 2, 3, 4, 5, 6, 7, 8, 9, 10, 11, 12, 16, 17, 21, 28, 34, 35, 36, 38, 42, 
  44, 46, 51, 54, 55, 59, 62 ],
[ 1, 2, 3, 4, 5, 6, 7, 8, 9, 10, 11, 12, 16, 18, 20, 21, 34, 35, 40, 43, 44, 
  46, 48, 51, 54, 55, 57, 61 ],
[ 1, 2, 3, 4, 5, 6, 7, 8, 9, 10, 11, 12, 16, 18, 20, 21, 34, 36, 40, 43, 45, 
  48, 51, 53, 56, 57, 59, 64 ],
[ 1, 2, 3, 4, 5, 6, 7, 8, 9, 10, 11, 12, 16, 18, 20, 21, 35, 36, 40, 43, 44, 
  48, 51, 54, 56, 57, 58, 64 ],
[ 1, 2, 3, 4, 5, 6, 7, 8, 9, 10, 11, 12, 16, 18, 21, 27, 33, 36, 38, 41, 42, 
  43, 46, 55, 57, 59, 60, 64 ],
[ 1, 2, 3, 4, 5, 6, 7, 8, 9, 10, 11, 12, 16, 19, 20, 21, 33, 34, 35, 36, 38, 
  45, 49, 51, 53, 60, 61, 62 ],
[ 1, 2, 3, 4, 5, 6, 7, 8, 9, 10, 11, 12, 16, 19, 20, 21, 33, 35, 38, 44, 45, 
  46, 49, 51, 53, 55, 56, 62 ],
[ 1, 2, 3, 4, 5, 6, 7, 8, 9, 10, 11, 12, 16, 19, 20, 21, 33, 35, 41, 43, 46, 
  48, 49, 53, 55, 57, 61, 64 ],
[ 1, 2, 3, 4, 5, 6, 7, 8, 9, 10, 11, 12, 16, 19, 20, 27, 33, 35, 37, 38, 42, 
  44, 46, 51, 53, 55, 60, 62 ],
[ 1, 2, 3, 4, 5, 6, 7, 8, 9, 10, 11, 12, 16, 19, 20, 27, 33, 36, 38, 41, 42, 
  43, 47, 55, 57, 58, 60, 64 ],
[ 1, 2, 3, 4, 5, 6, 7, 8, 9, 10, 11, 12, 16, 19, 20, 27, 34, 36, 38, 41, 42, 
  44, 47, 54, 57, 58, 59, 64 ],
[ 1, 2, 3, 4, 5, 6, 7, 8, 9, 10, 11, 12, 16, 19, 20, 28, 34, 35, 37, 38, 42, 
  44, 46, 50, 53, 54, 60, 62 ],
[ 1, 2, 3, 4, 5, 6, 7, 8, 9, 10, 11, 13, 14, 15, 17, 26, 29, 34, 37, 40, 41, 
  48, 49, 51, 52, 55, 61, 63 ],
[ 1, 2, 3, 4, 5, 6, 7, 8, 9, 10, 11, 13, 14, 15, 21, 26, 28, 29, 32, 40, 42, 
  49, 54, 55, 56, 58, 63, 64 ],
[ 1, 2, 3, 4, 5, 6, 7, 8, 9, 10, 11, 13, 14, 15, 26, 29, 33, 37, 39, 41, 48, 
  49, 51, 52, 54, 57, 61, 63 ],
[ 1, 2, 3, 4, 5, 6, 7, 8, 9, 10, 11, 13, 14, 15, 26, 29, 34, 38, 39, 40, 47, 
  49, 50, 52, 55, 57, 61, 63 ],
[ 1, 2, 3, 4, 5, 6, 7, 8, 9, 10, 11, 13, 14, 15, 26, 33, 35, 37, 39, 41, 48, 
  49, 50, 52, 55, 57, 61, 62 ],
[ 1, 2, 3, 4, 5, 6, 7, 8, 9, 10, 11, 13, 14, 16, 17, 19, 26, 28, 29, 34, 36, 
  48, 52, 55, 57, 61, 62, 63 ],
[ 1, 2, 3, 4, 5, 6, 7, 8, 9, 10, 11, 13, 14, 16, 17, 25, 29, 31, 39, 41, 48, 
  51, 53, 54, 56, 61, 62, 63 ],
[ 1, 2, 3, 4, 5, 6, 7, 8, 9, 10, 11, 13, 14, 16, 17, 26, 28, 34, 36, 40, 41, 
  48, 50, 51, 52, 55, 61, 63 ],
[ 1, 2, 3, 4, 5, 6, 7, 8, 9, 10, 11, 13, 14, 16, 17, 26, 34, 36, 40, 41, 48, 
  49, 50, 52, 55, 61, 62, 63 ],
[ 1, 2, 3, 4, 5, 6, 7, 8, 9, 10, 11, 13, 14, 16, 18, 25, 26, 29, 34, 35, 39, 
  51, 52, 54, 56, 57, 61, 62 ],
[ 1, 2, 3, 4, 5, 6, 7, 8, 9, 10, 11, 13, 14, 16, 18, 25, 29, 34, 35, 39, 47, 
  48, 51, 52, 54, 56, 57, 62 ],
[ 1, 2, 3, 4, 5, 6, 7, 8, 9, 10, 11, 13, 14, 16, 18, 29, 31, 36, 38, 39, 41, 
  44, 45, 48, 50, 56, 62, 63 ],
[ 1, 2, 3, 4, 5, 6, 7, 8, 9, 10, 11, 13, 14, 16, 18, 29, 34, 35, 39, 46, 47, 
  51, 52, 54, 56, 57, 61, 62 ],
[ 1, 2, 3, 4, 5, 6, 7, 8, 9, 10, 11, 13, 14, 16, 19, 28, 29, 34, 40, 46, 47, 
  49, 52, 55, 56, 57, 61, 63 ],
[ 1, 2, 3, 4, 5, 6, 7, 8, 9, 10, 11, 13, 14, 16, 22, 28, 30, 35, 37, 41, 42, 
  44, 45, 48, 50, 53, 62, 63 ],
[ 1, 2, 3, 4, 5, 6, 7, 8, 9, 10, 11, 13, 14, 16, 22, 28, 31, 35, 36, 41, 42, 
  44, 45, 48, 49, 54, 62, 63 ],
[ 1, 2, 3, 4, 5, 6, 7, 8, 9, 10, 11, 13, 14, 16, 22, 29, 30, 34, 37, 41, 42, 
  44, 45, 48, 49, 54, 62, 63 ],
[ 1, 2, 3, 4, 5, 6, 7, 8, 9, 10, 11, 13, 14, 16, 23, 25, 31, 41, 44, 45, 48, 
  53, 56, 59, 60, 61, 62, 64 ],
[ 1, 2, 3, 4, 5, 6, 7, 8, 9, 10, 11, 13, 14, 18, 22, 26, 29, 31, 34, 39, 40, 
  42, 45, 46, 48, 55, 63, 64 ],
[ 1, 2, 3, 4, 5, 6, 7, 8, 9, 10, 11, 13, 14, 18, 26, 29, 31, 34, 38, 39, 40, 
  41, 45, 46, 48, 56, 57, 64 ],
[ 1, 2, 3, 4, 5, 6, 7, 8, 9, 10, 11, 13, 14, 21, 22, 25, 28, 31, 35, 38, 39, 
  40, 41, 44, 56, 59, 60, 64 ],
[ 1, 2, 3, 4, 5, 6, 7, 8, 9, 10, 11, 13, 14, 22, 29, 31, 34, 35, 36, 41, 42, 
  44, 47, 50, 53, 56, 62, 64 ],
[ 1, 2, 3, 4, 5, 6, 7, 8, 9, 10, 11, 13, 14, 23, 25, 26, 35, 41, 44, 47, 48, 
  50, 52, 53, 60, 61, 63, 64 ],
[ 1, 2, 3, 4, 5, 6, 7, 8, 9, 10, 11, 13, 14, 26, 28, 29, 31, 34, 38, 40, 45, 
  46, 48, 49, 51, 56, 62, 64 ],
[ 1, 2, 3, 4, 5, 6, 7, 8, 9, 10, 11, 13, 14, 28, 29, 31, 32, 34, 40, 45, 46, 
  47, 49, 52, 55, 61, 63, 64 ],
[ 1, 2, 3, 4, 5, 6, 7, 8, 9, 10, 11, 13, 15, 16, 17, 20, 21, 26, 35, 50, 51, 
  52, 53, 55, 56, 58, 62, 64 ],
[ 1, 2, 3, 4, 5, 6, 7, 8, 9, 10, 11, 13, 15, 16, 17, 20, 21, 29, 32, 34, 35, 
  47, 51, 56, 58, 60, 62, 63 ],
[ 1, 2, 3, 4, 5, 6, 7, 8, 9, 10, 11, 13, 15, 16, 17, 20, 21, 35, 38, 44, 47, 
  50, 51, 52, 53, 62, 63, 64 ],
[ 1, 2, 3, 4, 5, 6, 7, 8, 9, 10, 11, 13, 15, 16, 19, 27, 30, 32, 40, 41, 45, 
  52, 53, 54, 56, 58, 61, 63 ],
[ 1, 2, 3, 4, 5, 6, 7, 8, 9, 10, 11, 13, 15, 16, 20, 21, 31, 34, 38, 40, 45, 
  49, 51, 53, 54, 61, 62, 64 ],
[ 1, 2, 3, 4, 5, 6, 7, 8, 9, 10, 11, 13, 15, 16, 22, 27, 29, 30, 41, 42, 45, 
  50, 53, 54, 56, 58, 61, 63 ],
[ 1, 2, 3, 4, 5, 6, 7, 8, 9, 10, 11, 13, 15, 17, 20, 21, 29, 32, 34, 37, 38, 
  47, 51, 54, 55, 58, 60, 62 ],
[ 1, 2, 3, 4, 5, 6, 7, 8, 9, 10, 11, 13, 15, 19, 27, 30, 32, 35, 37, 40, 41, 
  44, 45, 48, 52, 53, 56, 63 ],
[ 1, 2, 3, 4, 5, 6, 7, 8, 9, 10, 11, 13, 15, 22, 27, 29, 30, 35, 37, 41, 42, 
  44, 45, 48, 50, 53, 56, 63 ],
[ 1, 2, 3, 4, 5, 6, 7, 8, 9, 10, 11, 13, 15, 22, 27, 29, 31, 35, 36, 41, 42, 
  44, 45, 48, 49, 54, 56, 63 ],
[ 1, 2, 3, 4, 5, 6, 7, 8, 9, 10, 11, 13, 15, 22, 29, 30, 33, 35, 37, 41, 42, 
  44, 45, 48, 49, 54, 56, 62 ],
[ 1, 2, 3, 4, 5, 6, 7, 8, 9, 10, 11, 13, 15, 22, 29, 31, 33, 35, 36, 41, 42, 
  44, 45, 48, 50, 53, 56, 62 ],
[ 1, 2, 3, 4, 5, 6, 7, 8, 9, 10, 11, 13, 16, 17, 19, 21, 26, 30, 36, 38, 42, 
  43, 55, 57, 58, 60, 62, 64 ],
[ 1, 2, 3, 4, 5, 6, 7, 8, 9, 10, 11, 13, 16, 17, 19, 34, 36, 38, 39, 40, 45, 
  46, 48, 52, 57, 59, 61, 62 ],
[ 1, 2, 3, 4, 5, 6, 7, 8, 9, 10, 11, 13, 16, 17, 21, 31, 35, 38, 39, 41, 42, 
  43, 44, 48, 56, 58, 62, 64 ],
[ 1, 2, 3, 4, 5, 6, 7, 8, 9, 10, 11, 13, 16, 18, 20, 21, 29, 32, 34, 35, 40, 
  46, 47, 48, 53, 57, 60, 64 ],
[ 1, 2, 3, 4, 5, 6, 7, 8, 9, 10, 11, 13, 16, 18, 20, 21, 29, 32, 35, 40, 44, 
  46, 47, 48, 55, 57, 58, 63 ],
[ 1, 2, 3, 4, 5, 6, 7, 8, 9, 10, 11, 13, 16, 20, 21, 25, 29, 32, 34, 35, 39, 
  40, 41, 47, 53, 60, 61, 64 ],
[ 1, 2, 3, 4, 5, 6, 7, 8, 9, 10, 11, 13, 16, 20, 21, 25, 29, 32, 35, 39, 40, 
  41, 44, 47, 55, 58, 61, 63 ],
[ 1, 2, 3, 4, 5, 6, 7, 8, 9, 10, 11, 13, 16, 20, 21, 25, 31, 34, 35, 38, 40, 
  49, 51, 56, 58, 59, 62, 63 ],
[ 1, 2, 3, 4, 5, 6, 7, 8, 9, 10, 11, 13, 16, 20, 21, 25, 31, 38, 40, 44, 45, 
  49, 51, 53, 54, 56, 62, 63 ],
[ 1, 2, 3, 4, 5, 6, 7, 8, 9, 10, 11, 13, 16, 22, 27, 29, 30, 34, 36, 41, 42, 
  44, 45, 48, 50, 54, 56, 63 ],
[ 1, 2, 3, 4, 5, 6, 7, 8, 9, 10, 11, 13, 16, 22, 28, 30, 33, 35, 36, 41, 42, 
  44, 45, 48, 50, 54, 56, 62 ],
[ 1, 2, 3, 4, 5, 6, 7, 8, 9, 10, 11, 13, 16, 23, 25, 33, 36, 41, 44, 45, 48, 
  50, 52, 56, 59, 60, 61, 64 ],
[ 1, 2, 3, 4, 5, 6, 7, 8, 9, 10, 11, 13, 16, 24, 25, 34, 39, 40, 45, 47, 48, 
  49, 51, 52, 57, 59, 61, 62 ],
[ 1, 2, 3, 4, 5, 6, 7, 8, 9, 10, 11, 13, 16, 24, 26, 34, 36, 40, 44, 45, 48, 
  51, 52, 56, 58, 59, 60, 64 ],
[ 1, 2, 3, 4, 5, 6, 7, 8, 9, 10, 11, 13, 16, 24, 34, 36, 40, 44, 45, 47, 51, 
  52, 56, 58, 59, 60, 61, 64 ],
[ 1, 2, 3, 4, 5, 6, 7, 8, 9, 10, 11, 13, 16, 25, 26, 29, 34, 36, 37, 44, 45, 
  52, 57, 58, 59, 60, 61, 64 ],
[ 1, 2, 3, 4, 5, 6, 7, 8, 9, 10, 11, 13, 16, 25, 29, 34, 36, 37, 44, 45, 47, 
  48, 52, 57, 58, 59, 60, 64 ],
[ 1, 2, 3, 4, 5, 6, 7, 8, 9, 10, 11, 13, 16, 29, 34, 36, 37, 44, 45, 46, 47, 
  52, 57, 58, 59, 60, 61, 64 ],
[ 1, 2, 3, 4, 5, 6, 7, 8, 9, 10, 11, 13, 17, 21, 22, 25, 28, 31, 35, 36, 37, 
  38, 41, 44, 57, 59, 60, 64 ],
[ 1, 2, 3, 4, 5, 6, 7, 8, 9, 10, 11, 13, 17, 22, 26, 28, 29, 35, 36, 42, 45, 
  46, 48, 50, 52, 58, 60, 64 ],
[ 1, 2, 3, 4, 5, 6, 7, 8, 9, 10, 11, 13, 17, 25, 29, 30, 31, 32, 34, 37, 43, 
  47, 48, 51, 55, 60, 62, 63 ],
[ 1, 2, 3, 4, 5, 6, 7, 8, 9, 10, 11, 13, 21, 24, 25, 26, 28, 29, 32, 40, 42, 
  49, 56, 58, 59, 60, 63, 64 ],
[ 1, 2, 3, 4, 5, 6, 7, 8, 9, 10, 11, 13, 23, 26, 29, 34, 36, 38, 43, 45, 46, 
  48, 52, 56, 57, 59, 60, 64 ],
[ 1, 2, 3, 4, 5, 6, 7, 8, 9, 10, 11, 14, 15, 22, 26, 27, 28, 31, 35, 41, 42, 
  44, 50, 53, 54, 55, 56, 60 ],
[ 1, 2, 3, 4, 5, 6, 7, 8, 9, 10, 11, 14, 15, 22, 27, 28, 31, 35, 37, 41, 42, 
  44, 45, 48, 50, 53, 55, 63 ],
[ 1, 2, 3, 4, 5, 6, 7, 8, 9, 10, 11, 14, 15, 22, 27, 29, 31, 34, 37, 41, 42, 
  44, 45, 48, 49, 54, 55, 63 ],
[ 1, 2, 3, 4, 5, 6, 7, 8, 9, 10, 11, 14, 16, 19, 23, 25, 26, 34, 44, 45, 52, 
  53, 56, 59, 60, 61, 62, 64 ],
[ 1, 2, 3, 4, 5, 6, 7, 8, 9, 10, 11, 14, 16, 23, 26, 38, 41, 43, 44, 46, 50, 
  52, 54, 58, 60, 61, 63, 64 ],
[ 1, 2, 3, 4, 5, 6, 7, 8, 9, 10, 11, 14, 17, 19, 22, 28, 36, 38, 40, 42, 43, 
  44, 48, 52, 54, 59, 60, 63 ],
[ 1, 2, 3, 4, 5, 6, 7, 8, 9, 10, 11, 14, 18, 21, 22, 23, 25, 31, 35, 38, 39, 
  41, 44, 50, 56, 59, 60, 63 ],
[ 1, 2, 3, 4, 5, 6, 7, 8, 9, 10, 11, 14, 19, 22, 23, 28, 36, 38, 39, 42, 43, 
  45, 48, 52, 54, 57, 59, 63 ],
[ 1, 2, 3, 4, 5, 6, 7, 8, 9, 10, 11, 14, 19, 23, 25, 26, 34, 37, 38, 44, 45, 
  52, 53, 59, 60, 61, 62, 64 ],
[ 1, 2, 3, 4, 5, 6, 7, 8, 9, 10, 11, 14, 22, 26, 27, 28, 31, 34, 35, 36, 38, 
  41, 42, 44, 50, 54, 60, 63 ],
[ 1, 2, 3, 4, 5, 6, 7, 8, 9, 10, 11, 14, 23, 25, 26, 33, 34, 41, 44, 47, 48, 
  50, 52, 54, 55, 60, 61, 64 ],
[ 1, 2, 3, 4, 5, 6, 7, 8, 9, 10, 11, 14, 23, 25, 26, 34, 35, 40, 45, 47, 48, 
  51, 52, 53, 55, 58, 61, 64 ],
[ 1, 2, 3, 4, 5, 6, 7, 8, 9, 10, 11, 14, 23, 25, 26, 34, 40, 45, 47, 48, 51, 
  52, 53, 54, 58, 61, 63, 64 ],
[ 1, 2, 3, 4, 5, 6, 7, 8, 9, 10, 11, 14, 23, 26, 35, 37, 41, 43, 44, 46, 50, 
  52, 55, 56, 58, 60, 61, 64 ],
[ 1, 2, 3, 4, 5, 6, 7, 8, 9, 10, 11, 15, 16, 19, 24, 26, 33, 44, 45, 52, 53, 
  56, 58, 59, 60, 61, 62, 64 ],
[ 1, 2, 3, 4, 5, 6, 7, 8, 9, 10, 11, 15, 16, 19, 24, 33, 44, 45, 47, 48, 52, 
  53, 56, 58, 59, 60, 62, 64 ],
[ 1, 2, 3, 4, 5, 6, 7, 8, 9, 10, 11, 15, 16, 20, 21, 23, 31, 34, 35, 38, 40, 
  49, 51, 54, 58, 61, 62, 63 ],
[ 1, 2, 3, 4, 5, 6, 7, 8, 9, 10, 11, 15, 16, 22, 27, 29, 30, 33, 41, 42, 44, 
  50, 53, 54, 55, 56, 59, 61 ],
[ 1, 2, 3, 4, 5, 6, 7, 8, 9, 10, 11, 15, 22, 27, 28, 31, 33, 35, 36, 41, 42, 
  44, 45, 48, 50, 54, 55, 56 ],
[ 1, 2, 3, 4, 5, 6, 7, 8, 9, 10, 11, 15, 22, 27, 29, 30, 33, 34, 37, 41, 42, 
  44, 45, 48, 50, 54, 55, 56 ],
[ 1, 2, 3, 4, 5, 6, 7, 8, 9, 10, 11, 15, 23, 24, 26, 33, 41, 45, 47, 48, 50, 
  52, 53, 55, 58, 61, 63, 64 ],
[ 1, 2, 3, 4, 5, 6, 7, 8, 9, 10, 11, 15, 24, 26, 33, 41, 43, 44, 47, 48, 50, 
  52, 53, 55, 59, 60, 61, 63 ],
[ 1, 2, 3, 4, 5, 6, 7, 8, 9, 10, 11, 16, 19, 21, 22, 23, 25, 27, 30, 47, 51, 
  53, 58, 59, 60, 61, 62, 63 ],
[ 1, 2, 3, 4, 5, 6, 7, 8, 9, 10, 11, 16, 23, 24, 26, 36, 41, 43, 44, 45, 48, 
  50, 52, 55, 56, 58, 60, 63 ],
[ 1, 2, 3, 4, 5, 6, 7, 8, 9, 10, 12, 13, 14, 15, 17, 25, 35, 38, 39, 40, 41, 
  47, 49, 52, 57, 60, 61, 64 ],
[ 1, 2, 3, 4, 5, 6, 7, 8, 9, 10, 12, 13, 14, 15, 17, 26, 28, 32, 39, 40, 41, 
  46, 54, 56, 57, 60, 61, 64 ],
[ 1, 2, 3, 4, 5, 6, 7, 8, 9, 10, 12, 13, 14, 15, 22, 25, 29, 31, 34, 41, 42, 
  45, 49, 53, 54, 56, 60, 62 ],
[ 1, 2, 3, 4, 5, 6, 7, 8, 9, 10, 12, 13, 14, 15, 22, 26, 29, 34, 36, 41, 42, 
  44, 49, 50, 52, 54, 60, 63 ],
[ 1, 2, 3, 4, 5, 6, 7, 8, 9, 10, 12, 13, 14, 15, 22, 28, 31, 35, 36, 41, 42, 
  44, 45, 48, 50, 53, 62, 63 ],
[ 1, 2, 3, 4, 5, 6, 7, 8, 9, 10, 12, 13, 14, 15, 22, 29, 31, 34, 36, 41, 42, 
  44, 45, 48, 49, 54, 62, 63 ],
[ 1, 2, 3, 4, 5, 6, 7, 8, 9, 10, 12, 13, 14, 21, 22, 25, 32, 34, 39, 40, 45, 
  46, 51, 53, 54, 57, 61, 64 ],
[ 1, 2, 3, 4, 5, 6, 7, 8, 9, 10, 12, 13, 14, 22, 28, 31, 34, 35, 36, 41, 42, 
  45, 46, 50, 53, 56, 62, 64 ],
[ 1, 2, 3, 4, 5, 6, 7, 8, 9, 10, 12, 13, 15, 16, 18, 19, 20, 21, 32, 36, 49, 
  54, 57, 58, 59, 60, 61, 64 ],
[ 1, 2, 3, 4, 5, 6, 7, 8, 9, 10, 12, 13, 15, 16, 19, 20, 21, 32, 36, 39, 41, 
  49, 54, 58, 59, 60, 61, 64 ],
[ 1, 2, 3, 4, 5, 6, 7, 8, 9, 10, 12, 13, 15, 16, 19, 20, 21, 32, 41, 43, 44, 
  46, 54, 56, 57, 58, 62, 64 ],
[ 1, 2, 3, 4, 5, 6, 7, 8, 9, 10, 12, 13, 15, 16, 20, 24, 28, 29, 32, 34, 39, 
  42, 50, 54, 55, 56, 60, 64 ],
[ 1, 2, 3, 4, 5, 6, 7, 8, 9, 10, 12, 13, 15, 16, 20, 24, 28, 32, 34, 39, 42, 
  45, 51, 54, 55, 56, 59, 62 ],
[ 1, 2, 3, 4, 5, 6, 7, 8, 9, 10, 12, 13, 15, 16, 20, 24, 29, 34, 38, 39, 42, 
  49, 50, 52, 54, 60, 63, 64 ],
[ 1, 2, 3, 4, 5, 6, 7, 8, 9, 10, 12, 13, 15, 20, 24, 29, 34, 35, 37, 39, 42, 
  49, 50, 52, 55, 56, 60, 64 ],
[ 1, 2, 3, 4, 5, 6, 7, 8, 9, 10, 12, 13, 15, 22, 26, 29, 33, 34, 37, 41, 42, 
  44, 49, 50, 52, 53, 56, 60 ],
[ 1, 2, 3, 4, 5, 6, 7, 8, 9, 10, 12, 13, 15, 22, 29, 31, 33, 34, 37, 41, 42, 
  44, 45, 48, 49, 53, 56, 62 ],
[ 1, 2, 3, 4, 5, 6, 7, 8, 9, 10, 12, 13, 16, 17, 18, 20, 21, 25, 32, 34, 35, 
  45, 46, 51, 57, 61, 63, 64 ],
[ 1, 2, 3, 4, 5, 6, 7, 8, 9, 10, 12, 13, 16, 22, 28, 31, 33, 34, 36, 41, 42, 
  44, 45, 48, 50, 53, 56, 62 ],
[ 1, 2, 3, 4, 5, 6, 7, 8, 9, 10, 12, 14, 15, 18, 21, 32, 35, 38, 40, 41, 42, 
  43, 44, 46, 54, 58, 62, 64 ],
[ 1, 2, 3, 4, 5, 6, 7, 8, 9, 10, 12, 15, 17, 24, 25, 37, 39, 40, 45, 48, 49, 
  51, 52, 56, 58, 59, 62, 64 ],
[ 1, 2, 3, 4, 5, 6, 7, 8, 9, 10, 12, 15, 17, 24, 37, 39, 40, 44, 45, 46, 49, 
  51, 52, 56, 59, 60, 61, 62 ],
[ 1, 2, 3, 4, 5, 6, 7, 8, 9, 10, 12, 15, 18, 23, 25, 26, 27, 37, 39, 41, 45, 
  46, 50, 51, 52, 56, 60, 64 ],
[ 1, 2, 3, 4, 5, 6, 7, 8, 9, 10, 12, 15, 18, 23, 26, 27, 37, 39, 41, 44, 45, 
  48, 50, 51, 52, 56, 58, 61 ],
[ 1, 2, 3, 4, 5, 6, 7, 8, 9, 10, 15, 17, 18, 19, 23, 25, 29, 32, 37, 45, 46, 
  48, 49, 52, 56, 59, 60, 62 ],
[ 1, 2, 3, 4, 5, 6, 7, 8, 9, 11, 12, 13, 15, 16, 17, 20, 21, 24, 28, 35, 50, 
  51, 52, 53, 55, 56, 60, 64 ],
[ 1, 2, 3, 4, 5, 6, 7, 8, 9, 11, 12, 13, 15, 16, 17, 20, 21, 24, 29, 34, 49, 
  51, 52, 54, 55, 56, 60, 64 ],
[ 1, 2, 3, 4, 5, 6, 7, 8, 9, 11, 12, 13, 15, 17, 20, 21, 24, 28, 29, 35, 37, 
  38, 52, 53, 55, 60, 62, 64 ],
[ 1, 2, 3, 4, 5, 6, 7, 8, 9, 11, 12, 13, 15, 17, 20, 21, 24, 29, 32, 37, 49, 
  53, 54, 55, 56, 60, 62, 64 ],
[ 1, 2, 3, 4, 5, 6, 7, 8, 9, 11, 12, 13, 15, 17, 20, 21, 24, 32, 35, 37, 49, 
  50, 51, 53, 56, 60, 63, 64 ],
[ 1, 2, 3, 4, 5, 6, 7, 8, 9, 11, 12, 13, 16, 17, 20, 21, 24, 32, 34, 36, 49, 
  50, 51, 54, 56, 60, 63, 64 ],
[ 1, 2, 3, 4, 5, 6, 7, 8, 9, 11, 12, 13, 17, 20, 21, 24, 28, 32, 35, 36, 37, 
  38, 50, 53, 60, 62, 63, 64 ],
[ 1, 2, 3, 4, 5, 6, 7, 8, 9, 11, 12, 14, 17, 20, 21, 23, 25, 26, 28, 50, 51, 
  52, 55, 58, 59, 61, 63, 64 ],
[ 1, 2, 3, 4, 5, 6, 7, 8, 9, 11, 12, 14, 17, 20, 21, 23, 26, 28, 32, 46, 50, 
  55, 58, 59, 60, 61, 62, 63 ],
[ 1, 2, 3, 4, 5, 6, 7, 8, 9, 11, 12, 14, 17, 20, 21, 23, 28, 32, 45, 46, 47, 
  48, 50, 55, 58, 62, 63, 64 ],
[ 1, 2, 3, 4, 5, 6, 7, 8, 9, 11, 12, 14, 17, 20, 21, 29, 32, 43, 45, 46, 47, 
  48, 49, 55, 58, 60, 62, 63 ],
[ 1, 2, 3, 4, 5, 6, 7, 8, 9, 11, 12, 14, 17, 23, 25, 28, 38, 39, 40, 45, 46, 
  50, 51, 52, 56, 59, 61, 64 ],
[ 1, 2, 3, 4, 5, 6, 7, 8, 9, 11, 12, 14, 17, 24, 25, 28, 38, 39, 40, 44, 47, 
  50, 51, 52, 56, 59, 60, 64 ],
[ 1, 2, 3, 4, 5, 6, 7, 8, 9, 11, 12, 14, 17, 24, 25, 29, 38, 39, 40, 45, 47, 
  49, 51, 52, 56, 58, 60, 64 ],
[ 1, 2, 3, 4, 5, 6, 7, 8, 9, 11, 12, 14, 17, 25, 29, 38, 39, 40, 43, 45, 46, 
  49, 51, 52, 56, 59, 60, 61 ],
[ 1, 2, 3, 4, 5, 6, 7, 8, 9, 11, 14, 17, 18, 19, 23, 25, 29, 31, 38, 45, 46, 
  48, 49, 52, 56, 59, 60, 62 ],
[ 1, 2, 3, 4, 5, 6, 7, 8, 9, 11, 14, 17, 18, 19, 24, 25, 26, 29, 31, 38, 44, 
  45, 49, 52, 56, 60, 62, 64 ],
[ 1, 2, 3, 4, 5, 6, 7, 8, 9, 11, 16, 17, 18, 19, 23, 25, 27, 31, 36, 45, 46, 
  48, 51, 52, 56, 59, 60, 62 ],
[ 1, 2, 3, 4, 5, 6, 7, 8, 9, 12, 13, 17, 20, 21, 24, 28, 30, 34, 35, 36, 37, 
  38, 50, 52, 55, 60, 62, 64 ],
[ 1, 2, 3, 4, 5, 6, 8, 9, 10, 12, 13, 14, 18, 19, 20, 25, 29, 31, 38, 41, 47, 
  49, 53, 54, 55, 56, 61, 62 ],
[ 1, 2, 3, 4, 5, 6, 8, 9, 10, 12, 13, 14, 18, 19, 20, 25, 31, 35, 38, 41, 47, 
  49, 50, 51, 53, 56, 61, 63 ],
[ 1, 2, 3, 4, 5, 6, 8, 9, 10, 12, 13, 14, 18, 19, 20, 26, 28, 31, 38, 41, 46, 
  50, 53, 54, 55, 56, 61, 62 ],
[ 1, 2, 3, 4, 5, 6, 8, 9, 10, 12, 13, 14, 18, 19, 20, 26, 31, 34, 38, 41, 46, 
  49, 50, 51, 54, 56, 61, 63 ],
[ 1, 2, 3, 4, 5, 6, 8, 9, 10, 12, 13, 14, 18, 19, 20, 28, 31, 35, 38, 41, 46, 
  47, 48, 50, 53, 56, 62, 63 ],
[ 1, 2, 3, 4, 5, 6, 8, 9, 10, 12, 13, 14, 18, 19, 20, 29, 31, 34, 38, 41, 46, 
  47, 48, 49, 54, 56, 62, 63 ],
[ 1, 2, 3, 4, 5, 6, 8, 9, 10, 12, 13, 14, 18, 20, 25, 26, 29, 31, 38, 40, 48, 
  49, 53, 54, 55, 56, 57, 62 ],
[ 1, 2, 3, 4, 5, 6, 8, 9, 10, 12, 13, 14, 18, 20, 26, 28, 29, 31, 38, 40, 46, 
  51, 53, 54, 55, 56, 57, 61 ],
[ 1, 2, 3, 4, 5, 6, 8, 9, 10, 12, 13, 14, 18, 20, 26, 31, 34, 35, 38, 40, 46, 
  49, 50, 51, 55, 56, 57, 61 ],
[ 1, 2, 3, 4, 5, 6, 8, 9, 10, 12, 13, 14, 18, 20, 29, 31, 34, 35, 38, 40, 46, 
  47, 48, 49, 55, 56, 57, 62 ],
[ 1, 2, 3, 4, 5, 6, 8, 9, 10, 12, 13, 14, 19, 20, 25, 26, 28, 31, 38, 39, 48, 
  50, 53, 54, 55, 56, 57, 62 ],
[ 1, 2, 3, 4, 5, 6, 8, 9, 10, 12, 13, 14, 19, 20, 25, 28, 29, 31, 38, 39, 47, 
  51, 53, 54, 55, 56, 57, 61 ],
[ 1, 2, 3, 4, 5, 6, 8, 9, 10, 12, 13, 14, 19, 20, 25, 31, 34, 35, 38, 39, 47, 
  49, 50, 51, 55, 56, 57, 61 ],
[ 1, 2, 3, 4, 5, 6, 8, 9, 10, 12, 13, 14, 19, 20, 28, 31, 34, 35, 38, 39, 46, 
  47, 48, 50, 55, 56, 57, 62 ],
[ 1, 2, 3, 4, 5, 6, 8, 9, 10, 12, 13, 15, 16, 17, 20, 25, 29, 31, 38, 41, 47, 
  49, 53, 54, 55, 57, 61, 62 ],
[ 1, 2, 3, 4, 5, 6, 8, 9, 10, 12, 13, 15, 16, 17, 20, 25, 31, 35, 38, 41, 47, 
  49, 50, 51, 53, 57, 61, 63 ],
[ 1, 2, 3, 4, 5, 6, 8, 9, 10, 12, 13, 15, 16, 17, 20, 26, 28, 31, 38, 41, 46, 
  50, 53, 54, 55, 57, 61, 62 ],
[ 1, 2, 3, 4, 5, 6, 8, 9, 10, 12, 13, 15, 16, 17, 20, 26, 31, 34, 38, 41, 46, 
  49, 50, 51, 54, 57, 61, 63 ],
[ 1, 2, 3, 4, 5, 6, 8, 9, 10, 12, 13, 15, 16, 17, 20, 28, 31, 35, 38, 41, 46, 
  47, 48, 50, 53, 57, 62, 63 ],
[ 1, 2, 3, 4, 5, 6, 8, 9, 10, 12, 13, 15, 16, 17, 20, 29, 31, 34, 38, 41, 46, 
  47, 48, 49, 54, 57, 62, 63 ],
[ 1, 2, 3, 4, 5, 6, 8, 9, 10, 12, 13, 15, 16, 18, 20, 24, 29, 31, 38, 40, 48, 
  49, 53, 54, 55, 57, 61, 62 ],
[ 1, 2, 3, 4, 5, 6, 8, 9, 10, 12, 13, 15, 16, 18, 20, 24, 31, 35, 38, 40, 48, 
  49, 50, 51, 53, 57, 61, 63 ],
[ 1, 2, 3, 4, 5, 6, 8, 9, 10, 12, 13, 15, 16, 18, 20, 26, 27, 31, 38, 40, 46, 
  51, 53, 54, 55, 57, 61, 62 ],
[ 1, 2, 3, 4, 5, 6, 8, 9, 10, 12, 13, 15, 16, 18, 20, 26, 31, 33, 38, 40, 46, 
  49, 50, 51, 55, 57, 61, 63 ],
[ 1, 2, 3, 4, 5, 6, 8, 9, 10, 12, 13, 15, 16, 18, 20, 27, 31, 35, 38, 40, 46, 
  47, 48, 51, 53, 57, 62, 63 ],
[ 1, 2, 3, 4, 5, 6, 8, 9, 10, 12, 13, 15, 16, 18, 20, 29, 31, 33, 38, 40, 46, 
  47, 48, 49, 55, 57, 62, 63 ],
[ 1, 2, 3, 4, 5, 6, 8, 9, 10, 12, 13, 15, 16, 19, 20, 24, 28, 31, 38, 39, 48, 
  50, 53, 54, 55, 57, 61, 62 ],
[ 1, 2, 3, 4, 5, 6, 8, 9, 10, 12, 13, 15, 16, 19, 20, 24, 31, 34, 38, 39, 48, 
  49, 50, 51, 54, 57, 61, 63 ],
[ 1, 2, 3, 4, 5, 6, 8, 9, 10, 12, 13, 15, 16, 19, 20, 25, 27, 31, 38, 39, 47, 
  51, 53, 54, 55, 57, 61, 62 ],
[ 1, 2, 3, 4, 5, 6, 8, 9, 10, 12, 13, 15, 16, 19, 20, 25, 31, 33, 38, 39, 47, 
  49, 50, 51, 55, 57, 61, 63 ],
[ 1, 2, 3, 4, 5, 6, 8, 9, 10, 12, 13, 15, 16, 19, 20, 27, 31, 34, 38, 39, 46, 
  47, 48, 51, 54, 57, 62, 63 ],
[ 1, 2, 3, 4, 5, 6, 8, 9, 10, 12, 13, 15, 16, 19, 20, 28, 31, 33, 38, 39, 46, 
  47, 48, 50, 55, 57, 62, 63 ],
[ 1, 2, 3, 4, 5, 6, 8, 9, 10, 12, 13, 15, 16, 20, 24, 28, 31, 35, 38, 39, 40, 
  41, 48, 50, 53, 61, 62, 63 ],
[ 1, 2, 3, 4, 5, 6, 8, 9, 10, 12, 13, 15, 16, 20, 24, 29, 31, 34, 38, 39, 40, 
  41, 48, 49, 54, 61, 62, 63 ],
[ 1, 2, 3, 4, 5, 6, 8, 9, 10, 12, 13, 15, 16, 20, 25, 27, 31, 35, 38, 39, 40, 
  41, 47, 51, 53, 61, 62, 63 ],
[ 1, 2, 3, 4, 5, 6, 8, 9, 10, 12, 13, 15, 16, 20, 25, 29, 31, 33, 38, 39, 40, 
  41, 47, 49, 55, 61, 62, 63 ],
[ 1, 2, 3, 4, 5, 6, 8, 9, 10, 12, 13, 15, 16, 20, 26, 27, 31, 34, 38, 39, 40, 
  41, 46, 51, 54, 61, 62, 63 ],
[ 1, 2, 3, 4, 5, 6, 8, 9, 10, 12, 13, 15, 16, 20, 26, 28, 31, 33, 38, 39, 40, 
  41, 46, 50, 55, 61, 62, 63 ],
[ 1, 2, 3, 4, 5, 6, 8, 9, 10, 12, 13, 15, 17, 20, 25, 26, 29, 31, 37, 41, 48, 
  49, 53, 54, 55, 56, 57, 62 ],
[ 1, 2, 3, 4, 5, 6, 8, 9, 10, 12, 13, 15, 17, 20, 25, 26, 31, 35, 37, 41, 48, 
  49, 50, 51, 53, 56, 57, 63 ],
[ 1, 2, 3, 4, 5, 6, 8, 9, 10, 12, 13, 15, 17, 20, 26, 28, 29, 31, 37, 41, 46, 
  51, 53, 54, 55, 56, 57, 61 ],
[ 1, 2, 3, 4, 5, 6, 8, 9, 10, 12, 13, 15, 17, 20, 26, 31, 34, 35, 37, 41, 46, 
  49, 50, 51, 55, 56, 57, 61 ],
[ 1, 2, 3, 4, 5, 6, 8, 9, 10, 12, 13, 15, 17, 20, 28, 29, 31, 35, 37, 41, 46, 
  47, 48, 51, 53, 56, 57, 63 ],
[ 1, 2, 3, 4, 5, 6, 8, 9, 10, 12, 13, 15, 17, 20, 29, 31, 34, 35, 37, 41, 46, 
  47, 48, 49, 55, 56, 57, 62 ],
[ 1, 2, 3, 4, 5, 6, 8, 9, 10, 12, 13, 15, 18, 19, 20, 24, 29, 31, 37, 41, 48, 
  49, 53, 54, 55, 56, 61, 62 ],
[ 1, 2, 3, 4, 5, 6, 8, 9, 10, 12, 13, 15, 18, 19, 20, 24, 31, 35, 37, 41, 48, 
  49, 50, 51, 53, 56, 61, 63 ],
[ 1, 2, 3, 4, 5, 6, 8, 9, 10, 12, 13, 15, 18, 19, 20, 26, 27, 31, 37, 41, 46, 
  51, 53, 54, 55, 56, 61, 62 ],
[ 1, 2, 3, 4, 5, 6, 8, 9, 10, 12, 13, 15, 18, 19, 20, 27, 31, 35, 37, 41, 46, 
  47, 48, 51, 53, 56, 62, 63 ],
[ 1, 2, 3, 4, 5, 6, 8, 9, 10, 12, 13, 15, 19, 20, 24, 28, 29, 31, 37, 39, 48, 
  51, 53, 54, 55, 56, 57, 61 ],
[ 1, 2, 3, 4, 5, 6, 8, 9, 10, 12, 13, 15, 19, 20, 24, 31, 34, 35, 37, 39, 48, 
  49, 50, 51, 55, 56, 57, 61 ],
[ 1, 2, 3, 4, 5, 6, 8, 9, 10, 12, 13, 15, 19, 20, 25, 26, 27, 31, 37, 39, 48, 
  51, 53, 54, 55, 56, 57, 62 ],
[ 1, 2, 3, 4, 5, 6, 8, 9, 10, 12, 13, 15, 19, 20, 25, 26, 31, 33, 37, 39, 48, 
  49, 50, 51, 55, 56, 57, 63 ],
[ 1, 2, 3, 4, 5, 6, 8, 9, 10, 12, 13, 15, 19, 20, 27, 31, 34, 35, 37, 39, 46, 
  47, 48, 51, 55, 56, 57, 62 ],
[ 1, 2, 3, 4, 5, 6, 8, 9, 10, 12, 13, 15, 19, 20, 28, 29, 31, 33, 37, 39, 46, 
  47, 48, 51, 55, 56, 57, 63 ],
[ 1, 2, 3, 4, 5, 6, 8, 9, 10, 12, 13, 15, 20, 24, 28, 29, 31, 35, 37, 39, 40, 
  41, 48, 51, 53, 56, 61, 63 ],
[ 1, 2, 3, 4, 5, 6, 8, 9, 10, 12, 13, 15, 20, 24, 29, 31, 34, 35, 37, 39, 40, 
  41, 48, 49, 55, 56, 61, 62 ],
[ 1, 2, 3, 4, 5, 6, 8, 9, 10, 12, 13, 15, 20, 25, 26, 27, 31, 35, 37, 39, 40, 
  41, 48, 51, 53, 56, 62, 63 ],
[ 1, 2, 3, 4, 5, 6, 8, 9, 10, 12, 13, 15, 20, 25, 26, 29, 31, 33, 37, 39, 40, 
  41, 48, 49, 55, 56, 62, 63 ],
[ 1, 2, 3, 4, 5, 6, 8, 9, 10, 12, 13, 15, 20, 26, 27, 31, 34, 35, 37, 39, 40, 
  41, 46, 51, 55, 56, 61, 62 ],
[ 1, 2, 3, 4, 5, 6, 8, 9, 10, 12, 13, 15, 20, 26, 28, 29, 31, 33, 37, 39, 40, 
  41, 46, 51, 55, 56, 61, 63 ],
[ 1, 2, 3, 4, 5, 6, 8, 9, 10, 12, 13, 16, 17, 20, 25, 26, 28, 31, 36, 41, 48, 
  50, 53, 54, 55, 56, 57, 62 ],
[ 1, 2, 3, 4, 5, 6, 8, 9, 10, 12, 13, 16, 17, 20, 25, 26, 31, 34, 36, 41, 48, 
  49, 50, 51, 54, 56, 57, 63 ],
[ 1, 2, 3, 4, 5, 6, 8, 9, 10, 12, 13, 16, 17, 20, 25, 28, 29, 31, 36, 41, 47, 
  51, 53, 54, 55, 56, 57, 61 ],
[ 1, 2, 3, 4, 5, 6, 8, 9, 10, 12, 13, 16, 17, 20, 25, 31, 34, 35, 36, 41, 47, 
  49, 50, 51, 55, 56, 57, 61 ],
[ 1, 2, 3, 4, 5, 6, 8, 9, 10, 12, 13, 16, 17, 20, 28, 29, 31, 34, 36, 41, 46, 
  47, 48, 51, 54, 56, 57, 63 ],
[ 1, 2, 3, 4, 5, 6, 8, 9, 10, 12, 13, 16, 17, 20, 28, 31, 34, 35, 36, 41, 46, 
  47, 48, 50, 55, 56, 57, 62 ],
[ 1, 2, 3, 4, 5, 6, 8, 9, 10, 12, 13, 16, 18, 19, 20, 24, 28, 31, 36, 41, 48, 
  50, 53, 54, 55, 56, 61, 62 ],
[ 1, 2, 3, 4, 5, 6, 8, 9, 10, 12, 13, 16, 18, 19, 20, 24, 31, 34, 36, 41, 48, 
  49, 50, 51, 54, 56, 61, 63 ],
[ 1, 2, 3, 4, 5, 6, 8, 9, 10, 12, 13, 16, 18, 19, 20, 25, 27, 31, 36, 41, 47, 
  51, 53, 54, 55, 56, 61, 62 ],
[ 1, 2, 3, 4, 5, 6, 8, 9, 10, 12, 13, 16, 18, 19, 20, 27, 31, 34, 36, 41, 46, 
  47, 48, 51, 54, 56, 62, 63 ],
[ 1, 2, 3, 4, 5, 6, 8, 9, 10, 12, 13, 16, 18, 20, 24, 28, 29, 31, 36, 40, 48, 
  51, 53, 54, 55, 56, 57, 61 ],
[ 1, 2, 3, 4, 5, 6, 8, 9, 10, 12, 13, 16, 18, 20, 24, 31, 34, 35, 36, 40, 48, 
  49, 50, 51, 55, 56, 57, 61 ],
[ 1, 2, 3, 4, 5, 6, 8, 9, 10, 12, 13, 16, 18, 20, 25, 26, 27, 31, 36, 40, 48, 
  51, 53, 54, 55, 56, 57, 62 ],
[ 1, 2, 3, 4, 5, 6, 8, 9, 10, 12, 13, 16, 18, 20, 25, 26, 31, 33, 36, 40, 48, 
  49, 50, 51, 55, 56, 57, 63 ],
[ 1, 2, 3, 4, 5, 6, 8, 9, 10, 12, 13, 16, 18, 20, 27, 31, 34, 35, 36, 40, 46, 
  47, 48, 51, 55, 56, 57, 62 ],
[ 1, 2, 3, 4, 5, 6, 8, 9, 10, 12, 13, 16, 18, 20, 28, 29, 31, 33, 36, 40, 46, 
  47, 48, 51, 55, 56, 57, 63 ],
[ 1, 2, 3, 4, 5, 6, 8, 9, 10, 12, 13, 16, 20, 24, 28, 29, 31, 34, 36, 39, 40, 
  41, 48, 51, 54, 56, 61, 63 ],
[ 1, 2, 3, 4, 5, 6, 8, 9, 10, 12, 13, 16, 20, 24, 28, 31, 34, 35, 36, 39, 40, 
  41, 48, 50, 55, 56, 61, 62 ],
[ 1, 2, 3, 4, 5, 6, 8, 9, 10, 12, 13, 16, 20, 25, 26, 27, 31, 34, 36, 39, 40, 
  41, 48, 51, 54, 56, 62, 63 ],
[ 1, 2, 3, 4, 5, 6, 8, 9, 10, 12, 13, 16, 20, 25, 27, 31, 34, 35, 36, 39, 40, 
  41, 47, 51, 55, 56, 61, 62 ],
[ 1, 2, 3, 4, 5, 6, 8, 9, 10, 12, 13, 17, 20, 25, 26, 28, 31, 35, 36, 37, 38, 
  41, 48, 50, 53, 57, 62, 63 ],
[ 1, 2, 3, 4, 5, 6, 8, 9, 10, 12, 13, 17, 20, 25, 26, 29, 31, 34, 36, 37, 38, 
  41, 48, 49, 54, 57, 62, 63 ],
[ 1, 2, 3, 4, 5, 6, 8, 9, 10, 12, 13, 17, 20, 25, 28, 29, 31, 35, 36, 37, 38, 
  41, 47, 51, 53, 57, 61, 63 ],
[ 1, 2, 3, 4, 5, 6, 8, 9, 10, 12, 13, 17, 20, 25, 29, 31, 34, 35, 36, 37, 38, 
  41, 47, 49, 55, 57, 61, 62 ],
[ 1, 2, 3, 4, 5, 6, 8, 9, 10, 12, 13, 17, 20, 26, 28, 29, 31, 34, 36, 37, 38, 
  41, 46, 51, 54, 57, 61, 63 ],
[ 1, 2, 3, 4, 5, 6, 8, 9, 10, 12, 13, 17, 20, 26, 28, 31, 34, 35, 36, 37, 38, 
  41, 46, 50, 55, 57, 61, 62 ],
[ 1, 2, 3, 4, 5, 6, 8, 9, 10, 12, 13, 18, 19, 20, 24, 28, 31, 35, 36, 37, 38, 
  41, 48, 50, 53, 61, 62, 63 ],
[ 1, 2, 3, 4, 5, 6, 8, 9, 10, 12, 13, 18, 19, 20, 24, 29, 31, 34, 36, 37, 38, 
  41, 48, 49, 54, 61, 62, 63 ],
[ 1, 2, 3, 4, 5, 6, 8, 9, 10, 12, 13, 18, 19, 20, 25, 27, 31, 35, 36, 37, 38, 
  41, 47, 51, 53, 61, 62, 63 ],
[ 1, 2, 3, 4, 5, 6, 8, 9, 10, 12, 13, 18, 19, 20, 26, 27, 31, 34, 36, 37, 38, 
  41, 46, 51, 54, 61, 62, 63 ],
[ 1, 2, 3, 4, 5, 6, 8, 9, 10, 12, 13, 18, 20, 24, 28, 29, 31, 35, 36, 37, 38, 
  40, 48, 51, 53, 57, 61, 63 ],
[ 1, 2, 3, 4, 5, 6, 8, 9, 10, 12, 13, 18, 20, 24, 29, 31, 34, 35, 36, 37, 38, 
  40, 48, 49, 55, 57, 61, 62 ],
[ 1, 2, 3, 4, 5, 6, 8, 9, 10, 12, 13, 18, 20, 25, 26, 27, 31, 35, 36, 37, 38, 
  40, 48, 51, 53, 57, 62, 63 ],
[ 1, 2, 3, 4, 5, 6, 8, 9, 10, 12, 13, 18, 20, 25, 26, 29, 31, 33, 36, 37, 38, 
  40, 48, 49, 55, 57, 62, 63 ],
[ 1, 2, 3, 4, 5, 6, 8, 9, 10, 12, 13, 18, 20, 26, 27, 31, 34, 35, 36, 37, 38, 
  40, 46, 51, 55, 57, 61, 62 ],
[ 1, 2, 3, 4, 5, 6, 8, 9, 10, 12, 13, 18, 20, 26, 28, 29, 31, 33, 36, 37, 38, 
  40, 46, 51, 55, 57, 61, 63 ],
[ 1, 2, 3, 4, 5, 6, 8, 9, 10, 12, 13, 19, 20, 24, 28, 29, 31, 34, 36, 37, 38, 
  39, 48, 51, 54, 57, 61, 63 ],
[ 1, 2, 3, 4, 5, 6, 8, 9, 10, 12, 13, 19, 20, 24, 28, 31, 34, 35, 36, 37, 38, 
  39, 48, 50, 55, 57, 61, 62 ],
[ 1, 2, 3, 4, 5, 6, 8, 9, 10, 12, 13, 19, 20, 25, 26, 27, 31, 34, 36, 37, 38, 
  39, 48, 51, 54, 57, 62, 63 ],
[ 1, 2, 3, 4, 5, 6, 8, 9, 10, 12, 13, 19, 20, 25, 27, 31, 34, 35, 36, 37, 38, 
  39, 47, 51, 55, 57, 61, 62 ],
[ 1, 2, 3, 4, 5, 6, 8, 9, 10, 12, 14, 18, 19, 20, 23, 25, 29, 31, 38, 41, 47, 
  49, 56, 58, 59, 60, 61, 62 ],
[ 1, 2, 3, 4, 5, 6, 8, 9, 10, 12, 14, 18, 19, 20, 23, 25, 31, 38, 41, 45, 47, 
  49, 50, 51, 56, 58, 61, 64 ],
[ 1, 2, 3, 4, 5, 6, 8, 9, 10, 12, 14, 18, 19, 20, 23, 26, 28, 31, 38, 41, 46, 
  50, 56, 58, 59, 60, 61, 62 ],
[ 1, 2, 3, 4, 5, 6, 8, 9, 10, 12, 14, 18, 19, 20, 23, 26, 31, 38, 41, 44, 46, 
  49, 50, 51, 56, 59, 61, 64 ],
[ 1, 2, 3, 4, 5, 6, 8, 9, 10, 12, 14, 18, 19, 20, 23, 28, 31, 38, 41, 45, 46, 
  47, 48, 50, 56, 58, 62, 64 ],
[ 1, 2, 3, 4, 5, 6, 8, 9, 10, 12, 14, 18, 19, 20, 23, 29, 31, 38, 41, 44, 46, 
  47, 48, 49, 56, 59, 62, 64 ],
[ 1, 2, 3, 4, 5, 6, 8, 9, 10, 12, 14, 18, 20, 23, 25, 26, 29, 31, 38, 40, 48, 
  49, 56, 57, 58, 59, 60, 62 ],
[ 1, 2, 3, 4, 5, 6, 8, 9, 10, 12, 14, 18, 20, 23, 25, 26, 31, 38, 40, 45, 48, 
  49, 50, 51, 56, 57, 58, 64 ],
[ 1, 2, 3, 4, 5, 6, 8, 9, 10, 12, 14, 18, 20, 23, 26, 28, 29, 31, 38, 40, 46, 
  51, 56, 57, 58, 59, 60, 61 ],
[ 1, 2, 3, 4, 5, 6, 8, 9, 10, 12, 14, 18, 20, 23, 26, 31, 38, 40, 44, 45, 46, 
  49, 50, 51, 56, 57, 60, 61 ],
[ 1, 2, 3, 4, 5, 6, 8, 9, 10, 12, 14, 18, 20, 23, 28, 29, 31, 38, 40, 45, 46, 
  47, 48, 51, 56, 57, 58, 64 ],
[ 1, 2, 3, 4, 5, 6, 8, 9, 10, 12, 14, 18, 20, 23, 29, 31, 38, 40, 44, 45, 46, 
  47, 48, 49, 56, 57, 60, 62 ],
[ 1, 2, 3, 4, 5, 6, 8, 9, 10, 12, 14, 19, 20, 23, 25, 26, 28, 31, 38, 39, 48, 
  50, 56, 57, 58, 59, 60, 62 ],
[ 1, 2, 3, 4, 5, 6, 8, 9, 10, 12, 14, 19, 20, 23, 25, 26, 31, 38, 39, 44, 48, 
  49, 50, 51, 56, 57, 59, 64 ],
[ 1, 2, 3, 4, 5, 6, 8, 9, 10, 12, 14, 19, 20, 23, 25, 28, 29, 31, 38, 39, 47, 
  51, 56, 57, 58, 59, 60, 61 ],
[ 1, 2, 3, 4, 5, 6, 8, 9, 10, 12, 14, 19, 20, 23, 25, 31, 38, 39, 44, 45, 47, 
  49, 50, 51, 56, 57, 60, 61 ],
[ 1, 2, 3, 4, 5, 6, 8, 9, 10, 12, 14, 19, 20, 23, 28, 29, 31, 38, 39, 44, 46, 
  47, 48, 51, 56, 57, 59, 64 ],
[ 1, 2, 3, 4, 5, 6, 8, 9, 10, 12, 14, 19, 20, 23, 28, 31, 38, 39, 44, 45, 46, 
  47, 48, 50, 56, 57, 60, 62 ],
[ 1, 2, 3, 4, 5, 6, 8, 9, 10, 12, 14, 20, 23, 25, 26, 28, 31, 38, 39, 40, 41, 
  45, 48, 50, 56, 58, 62, 64 ],
[ 1, 2, 3, 4, 5, 6, 8, 9, 10, 12, 14, 20, 23, 25, 26, 29, 31, 38, 39, 40, 41, 
  44, 48, 49, 56, 59, 62, 64 ],
[ 1, 2, 3, 4, 5, 6, 8, 9, 10, 12, 14, 20, 23, 25, 28, 29, 31, 38, 39, 40, 41, 
  45, 47, 51, 56, 58, 61, 64 ],
[ 1, 2, 3, 4, 5, 6, 8, 9, 10, 12, 14, 20, 23, 25, 29, 31, 38, 39, 40, 41, 44, 
  45, 47, 49, 56, 60, 61, 62 ],
[ 1, 2, 3, 4, 5, 6, 8, 9, 10, 12, 14, 20, 23, 26, 28, 29, 31, 38, 39, 40, 41, 
  44, 46, 51, 56, 59, 61, 64 ],
[ 1, 2, 3, 4, 5, 6, 8, 9, 10, 12, 14, 20, 23, 26, 28, 31, 38, 39, 40, 41, 44, 
  45, 46, 50, 56, 60, 61, 62 ],
[ 1, 2, 3, 4, 5, 6, 8, 9, 10, 12, 15, 16, 17, 20, 23, 25, 29, 31, 38, 41, 47, 
  49, 57, 58, 59, 60, 61, 62 ],
[ 1, 2, 3, 4, 5, 6, 8, 9, 10, 12, 15, 16, 17, 20, 23, 25, 31, 38, 41, 45, 47, 
  49, 50, 51, 57, 58, 61, 64 ],
[ 1, 2, 3, 4, 5, 6, 8, 9, 10, 12, 15, 16, 17, 20, 23, 26, 28, 31, 38, 41, 46, 
  50, 57, 58, 59, 60, 61, 62 ],
[ 1, 2, 3, 4, 5, 6, 8, 9, 10, 12, 15, 16, 17, 20, 23, 26, 31, 38, 41, 44, 46, 
  49, 50, 51, 57, 59, 61, 64 ],
[ 1, 2, 3, 4, 5, 6, 8, 9, 10, 12, 15, 16, 17, 20, 23, 28, 31, 38, 41, 45, 46, 
  47, 48, 50, 57, 58, 62, 64 ],
[ 1, 2, 3, 4, 5, 6, 8, 9, 10, 12, 15, 16, 17, 20, 23, 29, 31, 38, 41, 44, 46, 
  47, 48, 49, 57, 59, 62, 64 ],
[ 1, 2, 3, 4, 5, 6, 8, 9, 10, 12, 15, 16, 18, 20, 23, 24, 29, 31, 38, 40, 48, 
  49, 57, 58, 59, 60, 61, 62 ],
[ 1, 2, 3, 4, 5, 6, 8, 9, 10, 12, 15, 16, 18, 20, 23, 24, 31, 38, 40, 45, 48, 
  49, 50, 51, 57, 58, 61, 64 ],
[ 1, 2, 3, 4, 5, 6, 8, 9, 10, 12, 15, 16, 18, 20, 23, 26, 31, 38, 40, 43, 46, 
  49, 50, 51, 57, 60, 61, 64 ],
[ 1, 2, 3, 4, 5, 6, 8, 9, 10, 12, 15, 16, 18, 20, 23, 29, 31, 38, 40, 43, 46, 
  47, 48, 49, 57, 60, 62, 64 ],
[ 1, 2, 3, 4, 5, 6, 8, 9, 10, 12, 15, 16, 18, 20, 29, 31, 38, 40, 44, 45, 46, 
  47, 48, 49, 57, 58, 59, 62 ],
[ 1, 2, 3, 4, 5, 6, 8, 9, 10, 12, 15, 16, 19, 20, 23, 24, 28, 31, 38, 39, 48, 
  50, 57, 58, 59, 60, 61, 62 ],
[ 1, 2, 3, 4, 5, 6, 8, 9, 10, 12, 15, 16, 19, 20, 23, 24, 31, 38, 39, 44, 48, 
  49, 50, 51, 57, 59, 61, 64 ],
[ 1, 2, 3, 4, 5, 6, 8, 9, 10, 12, 15, 16, 19, 20, 23, 25, 31, 38, 39, 43, 47, 
  49, 50, 51, 57, 60, 61, 64 ],
[ 1, 2, 3, 4, 5, 6, 8, 9, 10, 12, 15, 16, 19, 20, 23, 28, 31, 38, 39, 43, 46, 
  47, 48, 50, 57, 60, 62, 64 ],
[ 1, 2, 3, 4, 5, 6, 8, 9, 10, 12, 15, 16, 19, 20, 28, 31, 34, 35, 38, 39, 46, 
  47, 48, 50, 53, 54, 57, 62 ],
[ 1, 2, 3, 4, 5, 6, 8, 9, 10, 12, 15, 16, 20, 23, 24, 28, 31, 38, 39, 40, 41, 
  45, 48, 50, 58, 61, 62, 64 ],
[ 1, 2, 3, 4, 5, 6, 8, 9, 10, 12, 15, 16, 20, 23, 24, 29, 31, 38, 39, 40, 41, 
  44, 48, 49, 59, 61, 62, 64 ],
[ 1, 2, 3, 4, 5, 6, 8, 9, 10, 12, 15, 16, 20, 23, 25, 29, 31, 38, 39, 40, 41, 
  43, 47, 49, 60, 61, 62, 64 ],
[ 1, 2, 3, 4, 5, 6, 8, 9, 10, 12, 15, 16, 20, 23, 26, 28, 31, 38, 39, 40, 41, 
  43, 46, 50, 60, 61, 62, 64 ],
[ 1, 2, 3, 4, 5, 6, 8, 9, 10, 12, 15, 17, 20, 23, 25, 26, 29, 31, 37, 41, 48, 
  49, 56, 57, 58, 59, 60, 62 ],
[ 1, 2, 3, 4, 5, 6, 8, 9, 10, 12, 15, 17, 20, 23, 25, 26, 31, 37, 41, 45, 48, 
  49, 50, 51, 56, 57, 58, 64 ],
[ 1, 2, 3, 4, 5, 6, 8, 9, 10, 12, 15, 17, 20, 23, 26, 28, 29, 31, 37, 41, 46, 
  51, 56, 57, 58, 59, 60, 61 ],
[ 1, 2, 3, 4, 5, 6, 8, 9, 10, 12, 15, 17, 20, 23, 26, 31, 37, 41, 44, 45, 46, 
  49, 50, 51, 56, 57, 60, 61 ],
[ 1, 2, 3, 4, 5, 6, 8, 9, 10, 12, 15, 17, 20, 23, 28, 29, 31, 37, 41, 45, 46, 
  47, 48, 51, 56, 57, 58, 64 ],
[ 1, 2, 3, 4, 5, 6, 8, 9, 10, 12, 15, 17, 20, 23, 29, 31, 37, 41, 44, 45, 46, 
  47, 48, 49, 56, 57, 60, 62 ],
[ 1, 2, 3, 4, 5, 6, 8, 9, 10, 12, 16, 17, 20, 23, 25, 26, 28, 31, 36, 41, 48, 
  50, 56, 57, 58, 59, 60, 62 ],
[ 1, 2, 3, 4, 5, 6, 8, 9, 10, 12, 16, 17, 20, 23, 25, 26, 31, 36, 41, 44, 48, 
  49, 50, 51, 56, 57, 59, 64 ],
[ 1, 2, 3, 4, 5, 6, 8, 9, 10, 12, 16, 17, 20, 23, 25, 28, 29, 31, 36, 41, 47, 
  51, 56, 57, 58, 59, 60, 61 ],
[ 1, 2, 3, 4, 5, 6, 8, 9, 10, 12, 16, 17, 20, 23, 25, 31, 36, 41, 44, 45, 47, 
  49, 50, 51, 56, 57, 60, 61 ],
[ 1, 2, 3, 4, 5, 6, 8, 9, 10, 12, 16, 17, 20, 23, 28, 29, 31, 36, 41, 44, 46, 
  47, 48, 51, 56, 57, 59, 64 ],
[ 1, 2, 3, 4, 5, 6, 8, 9, 10, 12, 16, 17, 20, 23, 28, 31, 36, 41, 44, 45, 46, 
  47, 48, 50, 56, 57, 60, 62 ],
[ 1, 2, 3, 4, 5, 6, 8, 9, 10, 12, 16, 18, 19, 20, 23, 25, 31, 36, 41, 43, 47, 
  49, 50, 51, 56, 60, 61, 64 ],
[ 1, 2, 3, 4, 5, 6, 8, 9, 10, 12, 16, 18, 19, 20, 23, 28, 31, 36, 41, 43, 46, 
  47, 48, 50, 56, 60, 62, 64 ],
[ 1, 2, 3, 4, 5, 6, 8, 9, 10, 12, 16, 18, 20, 23, 25, 26, 31, 36, 40, 43, 48, 
  49, 50, 51, 56, 57, 60, 64 ],
[ 1, 2, 3, 4, 5, 6, 8, 9, 10, 12, 16, 20, 23, 25, 28, 29, 31, 36, 39, 40, 41, 
  43, 47, 51, 56, 60, 61, 64 ],
[ 1, 2, 3, 4, 5, 6, 8, 9, 10, 12, 16, 20, 25, 28, 29, 31, 36, 39, 40, 41, 44, 
  45, 47, 51, 56, 58, 59, 61 ],
[ 1, 2, 3, 4, 5, 6, 8, 9, 10, 12, 17, 20, 23, 25, 26, 28, 31, 36, 37, 38, 41, 
  45, 48, 50, 57, 58, 62, 64 ],
[ 1, 2, 3, 4, 5, 6, 8, 9, 10, 12, 17, 20, 23, 25, 26, 29, 31, 36, 37, 38, 41, 
  44, 48, 49, 57, 59, 62, 64 ],
[ 1, 2, 3, 4, 5, 6, 8, 9, 10, 12, 17, 20, 23, 25, 28, 29, 31, 36, 37, 38, 41, 
  45, 47, 51, 57, 58, 61, 64 ],
[ 1, 2, 3, 4, 5, 6, 8, 9, 10, 12, 17, 20, 23, 25, 29, 31, 36, 37, 38, 41, 44, 
  45, 47, 49, 57, 60, 61, 62 ],
[ 1, 2, 3, 4, 5, 6, 8, 9, 10, 12, 17, 20, 23, 26, 28, 29, 31, 36, 37, 38, 41, 
  44, 46, 51, 57, 59, 61, 64 ],
[ 1, 2, 3, 4, 5, 6, 8, 9, 10, 12, 17, 20, 23, 26, 28, 31, 36, 37, 38, 41, 44, 
  45, 46, 50, 57, 60, 61, 62 ],
[ 1, 2, 3, 4, 5, 6, 8, 9, 10, 12, 18, 19, 20, 23, 24, 28, 31, 36, 37, 38, 41, 
  45, 48, 50, 58, 61, 62, 64 ],
[ 1, 2, 3, 4, 5, 6, 8, 9, 10, 12, 18, 19, 20, 23, 24, 29, 31, 36, 37, 38, 41, 
  44, 48, 49, 59, 61, 62, 64 ],
[ 1, 2, 3, 4, 5, 6, 8, 9, 10, 12, 18, 20, 23, 24, 28, 29, 31, 36, 37, 38, 40, 
  45, 48, 51, 57, 58, 61, 64 ],
[ 1, 2, 3, 4, 5, 6, 8, 9, 10, 12, 19, 20, 23, 24, 28, 31, 36, 37, 38, 39, 44, 
  45, 48, 50, 57, 60, 61, 62 ],
[ 1, 2, 3, 4, 5, 6, 8, 9, 11, 12, 13, 14, 18, 20, 24, 26, 29, 32, 38, 40, 47, 
  49, 53, 54, 55, 56, 57, 62 ],
[ 1, 2, 3, 4, 5, 6, 8, 9, 11, 12, 13, 14, 18, 20, 24, 26, 32, 35, 38, 40, 47, 
  49, 50, 51, 53, 56, 57, 63 ],
[ 1, 2, 3, 4, 5, 6, 8, 9, 11, 12, 13, 14, 19, 20, 24, 26, 28, 32, 38, 39, 47, 
  50, 53, 54, 55, 56, 57, 62 ],
[ 1, 2, 3, 4, 5, 6, 8, 9, 11, 12, 13, 14, 19, 20, 24, 26, 32, 34, 38, 39, 47, 
  49, 50, 51, 54, 56, 57, 63 ],
[ 1, 2, 3, 4, 5, 6, 8, 9, 11, 12, 13, 14, 20, 24, 26, 28, 32, 35, 38, 39, 40, 
  41, 47, 50, 53, 56, 62, 63 ],
[ 1, 2, 3, 4, 5, 6, 8, 9, 11, 12, 13, 14, 20, 24, 26, 29, 32, 34, 38, 39, 40, 
  41, 47, 49, 54, 56, 62, 63 ],
[ 1, 2, 3, 4, 5, 6, 8, 9, 11, 12, 13, 15, 16, 17, 19, 20, 24, 28, 35, 40, 48, 
  50, 51, 52, 53, 55, 56, 61 ],
[ 1, 2, 3, 4, 5, 6, 8, 9, 11, 12, 13, 15, 16, 17, 20, 24, 26, 28, 35, 41, 47, 
  50, 51, 52, 53, 55, 56, 57 ],
[ 1, 2, 3, 4, 5, 6, 8, 9, 11, 12, 13, 15, 17, 19, 20, 24, 29, 32, 37, 40, 48, 
  49, 53, 54, 55, 56, 61, 62 ],
[ 1, 2, 3, 4, 5, 6, 8, 9, 11, 12, 13, 15, 17, 19, 20, 24, 32, 35, 37, 40, 48, 
  49, 50, 51, 53, 56, 61, 63 ],
[ 1, 2, 3, 4, 5, 6, 8, 9, 11, 12, 13, 15, 17, 20, 24, 26, 29, 32, 37, 41, 47, 
  49, 53, 54, 55, 56, 57, 62 ],
[ 1, 2, 3, 4, 5, 6, 8, 9, 11, 12, 13, 15, 17, 20, 24, 26, 32, 35, 37, 41, 47, 
  49, 50, 51, 53, 56, 57, 63 ],
[ 1, 2, 3, 4, 5, 6, 8, 9, 11, 12, 13, 15, 20, 24, 26, 29, 32, 33, 37, 39, 40, 
  41, 47, 49, 55, 56, 62, 63 ],
[ 1, 2, 3, 4, 5, 6, 8, 9, 11, 12, 13, 16, 17, 19, 20, 24, 28, 32, 36, 40, 48, 
  50, 53, 54, 55, 56, 61, 62 ],
[ 1, 2, 3, 4, 5, 6, 8, 9, 11, 12, 13, 16, 17, 19, 20, 24, 32, 34, 36, 40, 48, 
  49, 50, 51, 54, 56, 61, 63 ],
[ 1, 2, 3, 4, 5, 6, 8, 9, 11, 12, 13, 16, 17, 20, 24, 26, 28, 32, 36, 41, 47, 
  50, 53, 54, 55, 56, 57, 62 ],
[ 1, 2, 3, 4, 5, 6, 8, 9, 11, 12, 13, 16, 17, 20, 24, 26, 32, 34, 36, 41, 47, 
  49, 50, 51, 54, 56, 57, 63 ],
[ 1, 2, 3, 4, 5, 6, 8, 9, 11, 12, 13, 17, 19, 20, 24, 29, 32, 34, 36, 37, 38, 
  40, 48, 49, 54, 61, 62, 63 ],
[ 1, 2, 3, 4, 5, 6, 8, 9, 11, 12, 13, 17, 20, 24, 26, 28, 32, 35, 36, 37, 38, 
  41, 47, 50, 53, 57, 62, 63 ],
[ 1, 2, 3, 4, 5, 6, 8, 9, 11, 12, 13, 17, 20, 24, 26, 29, 32, 34, 36, 37, 38, 
  41, 47, 49, 54, 57, 62, 63 ],
[ 1, 2, 3, 4, 5, 6, 8, 9, 11, 12, 13, 18, 20, 24, 26, 29, 32, 33, 36, 37, 38, 
  40, 47, 49, 55, 57, 62, 63 ],
[ 1, 2, 3, 4, 5, 6, 8, 9, 11, 12, 14, 16, 17, 20, 23, 25, 29, 32, 37, 41, 47, 
  49, 57, 58, 59, 60, 61, 62 ],
[ 1, 2, 3, 4, 5, 6, 8, 9, 11, 12, 14, 16, 17, 20, 23, 26, 28, 32, 37, 41, 46, 
  50, 57, 58, 59, 60, 61, 62 ],
[ 1, 2, 3, 4, 5, 6, 8, 9, 11, 12, 14, 16, 17, 20, 23, 29, 32, 37, 41, 44, 46, 
  47, 48, 49, 57, 59, 62, 64 ],
[ 1, 2, 3, 4, 5, 6, 8, 9, 11, 12, 14, 17, 19, 20, 23, 25, 29, 32, 38, 40, 47, 
  49, 56, 58, 59, 60, 61, 62 ],
[ 1, 2, 3, 4, 5, 6, 8, 9, 11, 12, 14, 17, 19, 20, 23, 26, 28, 32, 38, 40, 46, 
  50, 56, 58, 59, 60, 61, 62 ],
[ 1, 2, 3, 4, 5, 6, 8, 9, 11, 12, 14, 17, 19, 20, 23, 26, 32, 38, 40, 44, 46, 
  49, 50, 51, 56, 59, 61, 64 ],
[ 1, 2, 3, 4, 5, 6, 8, 9, 11, 12, 14, 17, 19, 20, 23, 28, 32, 38, 40, 45, 46, 
  47, 48, 50, 56, 58, 62, 64 ],
[ 1, 2, 3, 4, 5, 6, 8, 9, 11, 12, 14, 17, 19, 20, 23, 29, 32, 38, 40, 44, 46, 
  47, 48, 49, 56, 59, 62, 64 ],
[ 1, 2, 3, 4, 5, 6, 8, 9, 11, 12, 14, 18, 20, 23, 24, 26, 29, 32, 38, 40, 47, 
  49, 56, 57, 58, 59, 60, 62 ],
[ 1, 2, 3, 4, 5, 6, 8, 9, 11, 12, 14, 18, 20, 23, 29, 32, 38, 40, 43, 45, 46, 
  47, 48, 49, 56, 57, 59, 62 ],
[ 1, 2, 3, 4, 5, 6, 8, 9, 11, 12, 14, 19, 20, 23, 28, 32, 38, 39, 43, 45, 46, 
  47, 48, 50, 56, 57, 59, 62 ],
[ 1, 2, 3, 4, 5, 6, 8, 9, 11, 12, 14, 20, 23, 26, 28, 32, 38, 39, 40, 41, 43, 
  45, 46, 50, 56, 59, 61, 62 ],
[ 1, 2, 3, 4, 5, 6, 8, 9, 11, 12, 16, 17, 19, 20, 24, 32, 33, 35, 36, 40, 48, 
  49, 50, 51, 53, 55, 56, 61 ],
[ 1, 2, 3, 4, 5, 6, 8, 9, 12, 13, 15, 16, 17, 19, 20, 24, 28, 30, 38, 40, 48, 
  50, 52, 53, 54, 55, 61, 62 ],
[ 1, 2, 3, 4, 5, 6, 8, 9, 12, 13, 15, 16, 17, 20, 24, 26, 28, 30, 38, 41, 47, 
  50, 52, 53, 54, 55, 57, 62 ],
[ 1, 2, 3, 4, 5, 6, 8, 9, 12, 13, 15, 17, 20, 24, 26, 28, 29, 30, 37, 41, 47, 
  51, 52, 53, 54, 55, 56, 57 ],
[ 1, 2, 3, 4, 5, 6, 8, 9, 12, 13, 15, 20, 24, 26, 28, 29, 30, 33, 37, 39, 40, 
  41, 47, 51, 52, 55, 56, 63 ],
[ 1, 2, 3, 4, 5, 6, 8, 9, 12, 13, 17, 20, 24, 26, 28, 29, 30, 34, 36, 37, 38, 
  41, 47, 51, 52, 54, 57, 63 ],
[ 1, 2, 3, 4, 5, 6, 8, 9, 12, 13, 17, 20, 24, 26, 28, 30, 34, 35, 36, 37, 38, 
  41, 47, 50, 52, 55, 57, 62 ],
[ 1, 2, 3, 4, 5, 6, 8, 9, 12, 13, 18, 20, 24, 26, 28, 29, 30, 33, 36, 37, 38, 
  40, 47, 51, 52, 55, 57, 63 ],
[ 1, 2, 3, 4, 5, 6, 8, 9, 12, 14, 17, 19, 20, 23, 25, 26, 28, 30, 38, 40, 48, 
  50, 52, 56, 58, 59, 60, 62 ],
[ 1, 2, 3, 4, 5, 6, 8, 9, 13, 15, 17, 20, 24, 26, 28, 29, 30, 31, 32, 35, 37, 
  41, 47, 51, 53, 56, 57, 63 ],
[ 1, 2, 3, 4, 5, 6, 8, 9, 13, 16, 17, 19, 20, 24, 28, 29, 30, 31, 32, 34, 36, 
  40, 48, 51, 54, 56, 61, 63 ],
[ 1, 2, 3, 4, 5, 6, 8, 9, 13, 16, 17, 20, 24, 26, 28, 29, 30, 31, 32, 34, 36, 
  41, 47, 51, 54, 56, 57, 63 ],
[ 1, 2, 3, 4, 5, 6, 8, 10, 12, 13, 14, 18, 19, 20, 23, 25, 31, 35, 38, 41, 
  47, 53, 56, 58, 59, 60, 61, 63 ],
[ 1, 2, 3, 4, 5, 6, 8, 10, 12, 13, 14, 18, 19, 20, 23, 25, 31, 38, 41, 45, 
  47, 53, 54, 55, 56, 58, 61, 64 ],
[ 1, 2, 3, 4, 5, 6, 8, 10, 12, 13, 14, 18, 19, 20, 23, 26, 31, 34, 38, 41, 
  46, 54, 56, 58, 59, 60, 61, 63 ],
[ 1, 2, 3, 4, 5, 6, 8, 10, 12, 13, 14, 18, 19, 20, 23, 26, 31, 38, 41, 44, 
  46, 53, 54, 55, 56, 59, 61, 64 ],
[ 1, 2, 3, 4, 5, 6, 8, 10, 12, 13, 14, 18, 19, 20, 23, 31, 34, 38, 41, 45, 
  46, 47, 48, 54, 56, 58, 63, 64 ],
[ 1, 2, 3, 4, 5, 6, 8, 10, 12, 13, 14, 18, 19, 20, 23, 31, 35, 38, 41, 44, 
  46, 47, 48, 53, 56, 59, 63, 64 ],
[ 1, 2, 3, 4, 5, 6, 8, 10, 12, 13, 14, 18, 20, 23, 25, 26, 31, 38, 40, 45, 
  48, 53, 54, 55, 56, 57, 58, 64 ],
[ 1, 2, 3, 4, 5, 6, 8, 10, 12, 13, 14, 18, 20, 23, 26, 31, 34, 35, 38, 40, 
  46, 55, 56, 57, 58, 59, 60, 61 ],
[ 1, 2, 3, 4, 5, 6, 8, 10, 12, 13, 14, 18, 20, 23, 26, 31, 38, 40, 44, 45, 
  46, 53, 54, 55, 56, 57, 60, 61 ],
[ 1, 2, 3, 4, 5, 6, 8, 10, 12, 13, 14, 18, 20, 23, 31, 34, 35, 38, 40, 45, 
  46, 47, 48, 55, 56, 57, 58, 64 ],
[ 1, 2, 3, 4, 5, 6, 8, 10, 12, 13, 14, 19, 20, 23, 25, 26, 31, 38, 39, 44, 
  48, 53, 54, 55, 56, 57, 59, 64 ],
[ 1, 2, 3, 4, 5, 6, 8, 10, 12, 13, 14, 19, 20, 23, 25, 31, 34, 35, 38, 39, 
  47, 55, 56, 57, 58, 59, 60, 61 ],
[ 1, 2, 3, 4, 5, 6, 8, 10, 12, 13, 14, 19, 20, 23, 25, 31, 38, 39, 44, 45, 
  47, 53, 54, 55, 56, 57, 60, 61 ],
[ 1, 2, 3, 4, 5, 6, 8, 10, 12, 13, 14, 19, 20, 23, 31, 34, 35, 38, 39, 44, 
  46, 47, 48, 55, 56, 57, 59, 64 ],
[ 1, 2, 3, 4, 5, 6, 8, 11, 12, 13, 14, 18, 20, 23, 24, 26, 32, 35, 38, 40, 
  47, 53, 56, 57, 58, 59, 60, 63 ],
[ 1, 2, 3, 4, 5, 6, 8, 11, 12, 13, 14, 18, 20, 23, 24, 26, 32, 38, 40, 45, 
  47, 53, 54, 55, 56, 57, 58, 64 ],
[ 1, 2, 3, 4, 5, 6, 8, 11, 12, 13, 14, 18, 20, 23, 26, 32, 38, 40, 43, 45, 
  46, 53, 54, 55, 56, 57, 59, 61 ],
[ 1, 2, 3, 4, 5, 6, 8, 11, 12, 13, 14, 18, 20, 23, 32, 35, 38, 40, 43, 45, 
  46, 47, 48, 53, 56, 57, 59, 63 ],
[ 1, 2, 3, 4, 5, 6, 8, 11, 12, 13, 14, 19, 20, 23, 24, 26, 32, 34, 38, 39, 
  47, 54, 56, 57, 58, 59, 60, 63 ],
[ 1, 2, 3, 4, 5, 6, 8, 11, 12, 13, 14, 19, 20, 23, 24, 26, 32, 38, 39, 44, 
  47, 53, 54, 55, 56, 57, 59, 64 ],
[ 1, 2, 3, 4, 5, 6, 8, 11, 12, 13, 14, 19, 20, 23, 25, 32, 38, 39, 43, 45, 
  47, 53, 54, 55, 56, 57, 59, 61 ],
[ 1, 2, 3, 4, 5, 6, 8, 11, 12, 13, 14, 19, 20, 23, 32, 34, 38, 39, 43, 45, 
  46, 47, 48, 54, 56, 57, 59, 63 ],
[ 1, 2, 3, 4, 5, 6, 8, 11, 12, 13, 15, 19, 20, 23, 24, 26, 32, 33, 37, 39, 
  47, 55, 56, 57, 58, 59, 60, 63 ],
[ 1, 2, 3, 4, 5, 6, 8, 11, 12, 13, 15, 20, 23, 24, 26, 32, 33, 37, 39, 40, 
  41, 45, 47, 55, 56, 58, 63, 64 ],
[ 1, 2, 3, 4, 5, 6, 8, 11, 12, 13, 18, 20, 23, 24, 26, 32, 33, 36, 37, 38, 
  40, 45, 47, 55, 57, 58, 63, 64 ],
[ 1, 2, 3, 4, 5, 6, 8, 12, 13, 15, 16, 18, 20, 23, 30, 33, 38, 40, 43, 45, 
  46, 47, 48, 52, 55, 57, 59, 63 ],
[ 1, 2, 3, 4, 5, 6, 8, 12, 13, 15, 16, 20, 23, 25, 30, 33, 38, 39, 40, 41, 
  43, 45, 47, 52, 55, 59, 61, 63 ],
[ 1, 2, 3, 4, 5, 6, 8, 12, 13, 15, 20, 23, 25, 26, 30, 33, 37, 39, 40, 41, 
  43, 45, 48, 52, 55, 56, 59, 63 ]
];

