## Group: [64, 51]
## Difference Sets: 112
## Time:  0:03:37.910

return [
[ 1, 6, 7, 9, 12, 14, 17, 18, 19, 20, 21, 22, 24, 26, 29, 31, 32, 33, 34, 35, 
  40, 44, 46, 48, 52, 54, 56, 60 ],
[ 1, 6, 7, 9, 12, 14, 17, 18, 19, 20, 21, 22, 23, 24, 26, 29, 31, 32, 34, 35, 
  40, 45, 46, 48, 52, 53, 56, 63 ],
[ 1, 6, 7, 9, 12, 13, 17, 18, 19, 20, 21, 22, 24, 26, 29, 31, 32, 33, 36, 37, 
  40, 44, 46, 48, 52, 54, 55, 60 ],
[ 1, 6, 7, 9, 12, 13, 17, 18, 19, 20, 21, 22, 23, 24, 26, 29, 31, 32, 36, 37, 
  40, 45, 46, 48, 52, 53, 55, 63 ],
[ 1, 6, 7, 9, 11, 12, 14, 17, 19, 21, 22, 24, 25, 26, 29, 30, 31, 33, 35, 36, 
  40, 41, 42, 44, 54, 55, 60, 61 ],
[ 1, 6, 7, 9, 11, 12, 14, 17, 19, 21, 22, 23, 24, 25, 26, 29, 30, 31, 35, 36, 
  40, 41, 42, 45, 53, 55, 61, 63 ],
[ 1, 6, 7, 9, 11, 12, 13, 17, 19, 21, 22, 24, 25, 26, 29, 30, 31, 33, 34, 37, 
  40, 41, 42, 44, 54, 56, 60, 61 ],
[ 1, 6, 7, 9, 11, 12, 13, 17, 19, 21, 22, 23, 24, 25, 26, 29, 30, 31, 34, 37, 
  40, 41, 42, 45, 53, 56, 61, 63 ],
[ 1, 6, 7, 9, 10, 12, 14, 17, 19, 21, 22, 23, 26, 29, 30, 32, 35, 36, 40, 41, 
  42, 45, 47, 48, 53, 55, 61, 63 ],
[ 1, 6, 7, 9, 10, 12, 14, 17, 19, 20, 21, 22, 26, 29, 32, 33, 35, 40, 41, 44, 
  46, 47, 48, 52, 54, 55, 56, 60 ],
[ 1, 6, 7, 9, 10, 12, 14, 17, 19, 20, 21, 22, 23, 26, 29, 32, 35, 40, 41, 45, 
  46, 47, 48, 52, 53, 55, 56, 63 ],
[ 1, 6, 7, 9, 10, 12, 14, 17, 18, 19, 21, 22, 26, 29, 32, 33, 34, 35, 36, 40, 
  42, 44, 46, 47, 48, 52, 54, 60 ],
[ 1, 6, 7, 9, 10, 12, 14, 17, 18, 19, 21, 22, 23, 26, 29, 32, 34, 35, 36, 40, 
  42, 45, 46, 47, 48, 52, 53, 63 ],
[ 1, 6, 7, 9, 10, 12, 13, 17, 19, 21, 22, 23, 26, 29, 30, 32, 34, 37, 40, 41, 
  42, 45, 47, 48, 53, 56, 61, 63 ],
[ 1, 6, 7, 9, 10, 12, 13, 17, 19, 20, 21, 22, 26, 29, 32, 33, 34, 36, 37, 40, 
  41, 44, 46, 47, 48, 52, 54, 60 ],
[ 1, 6, 7, 9, 10, 12, 13, 17, 19, 20, 21, 22, 23, 26, 29, 32, 34, 36, 37, 40, 
  41, 45, 46, 47, 48, 52, 53, 63 ],
[ 1, 6, 7, 9, 10, 12, 13, 17, 18, 19, 21, 22, 26, 29, 32, 33, 37, 40, 42, 44, 
  46, 47, 48, 52, 54, 55, 56, 60 ],
[ 1, 6, 7, 9, 10, 12, 13, 17, 18, 19, 21, 22, 23, 26, 29, 32, 37, 40, 42, 45, 
  46, 47, 48, 52, 53, 55, 56, 63 ],
[ 1, 6, 7, 9, 10, 11, 12, 14, 17, 19, 20, 21, 22, 23, 25, 26, 29, 30, 35, 40, 
  41, 45, 47, 53, 55, 56, 61, 63 ],
[ 1, 6, 7, 9, 10, 11, 12, 14, 17, 18, 19, 21, 22, 23, 25, 26, 29, 30, 34, 35, 
  36, 40, 42, 45, 47, 53, 61, 63 ],
[ 1, 6, 7, 9, 10, 11, 12, 14, 17, 18, 19, 20, 21, 22, 23, 25, 26, 29, 34, 35, 
  40, 45, 46, 47, 52, 53, 56, 63 ],
[ 1, 6, 7, 9, 10, 11, 12, 13, 17, 19, 20, 21, 22, 23, 25, 26, 29, 30, 34, 36, 
  37, 40, 41, 45, 47, 53, 61, 63 ],
[ 1, 6, 7, 9, 10, 11, 12, 13, 17, 18, 19, 21, 22, 23, 25, 26, 29, 30, 37, 40, 
  42, 45, 47, 53, 55, 56, 61, 63 ],
[ 1, 6, 7, 9, 10, 11, 12, 13, 17, 18, 19, 20, 21, 22, 23, 25, 26, 29, 36, 37, 
  40, 45, 46, 47, 52, 53, 55, 63 ],
[ 1, 5, 6, 7, 9, 12, 17, 19, 22, 24, 26, 29, 30, 31, 32, 33, 35, 36, 37, 40, 
  41, 42, 44, 48, 54, 55, 60, 61 ],
[ 1, 5, 6, 7, 9, 12, 17, 19, 20, 22, 24, 26, 29, 31, 32, 33, 35, 37, 40, 41, 
  44, 46, 48, 52, 54, 55, 56, 60 ],
[ 1, 5, 6, 7, 9, 12, 17, 18, 19, 20, 22, 24, 26, 29, 30, 31, 32, 33, 34, 35, 
  37, 40, 44, 48, 54, 56, 60, 61 ],
[ 1, 5, 6, 7, 9, 12, 13, 14, 17, 19, 22, 24, 26, 29, 30, 31, 32, 33, 34, 40, 
  41, 42, 44, 48, 54, 56, 60, 61 ],
[ 1, 5, 6, 7, 9, 12, 13, 14, 17, 19, 20, 22, 24, 26, 29, 31, 32, 33, 34, 36, 
  40, 41, 44, 46, 48, 52, 54, 60 ],
[ 1, 5, 6, 7, 9, 12, 13, 14, 17, 18, 19, 20, 22, 24, 26, 29, 30, 31, 32, 33, 
  36, 40, 44, 48, 54, 55, 60, 61 ],
[ 1, 5, 6, 7, 9, 11, 12, 17, 18, 19, 22, 24, 25, 26, 29, 30, 31, 33, 34, 35, 
  36, 37, 40, 42, 44, 54, 60, 61 ],
[ 1, 5, 6, 7, 9, 11, 12, 13, 14, 17, 18, 19, 22, 24, 25, 26, 29, 30, 31, 33, 
  40, 42, 44, 54, 55, 56, 60, 61 ],
[ 1, 3, 7, 9, 12, 14, 16, 17, 18, 19, 20, 21, 24, 26, 28, 29, 31, 32, 34, 35, 
  40, 46, 48, 51, 52, 53, 56, 63 ],
[ 1, 3, 7, 9, 12, 13, 16, 17, 18, 19, 20, 21, 24, 26, 28, 29, 31, 32, 36, 37, 
  40, 46, 48, 51, 52, 53, 55, 63 ],
[ 1, 3, 7, 9, 11, 12, 14, 16, 17, 19, 21, 24, 25, 26, 28, 29, 30, 31, 35, 36, 
  40, 41, 42, 51, 53, 55, 61, 63 ],
[ 1, 3, 7, 9, 11, 12, 13, 16, 17, 19, 21, 24, 25, 26, 28, 29, 30, 31, 34, 37, 
  40, 41, 42, 51, 53, 56, 61, 63 ],
[ 1, 3, 7, 9, 10, 12, 14, 16, 17, 19, 21, 26, 28, 29, 30, 32, 35, 36, 40, 41, 
  42, 47, 48, 51, 53, 55, 61, 63 ],
[ 1, 3, 7, 9, 10, 12, 14, 16, 17, 19, 20, 21, 26, 28, 29, 32, 35, 40, 41, 46, 
  47, 48, 51, 52, 53, 55, 56, 63 ],
[ 1, 3, 7, 9, 10, 12, 14, 16, 17, 18, 19, 21, 26, 28, 29, 32, 34, 35, 36, 40, 
  42, 46, 47, 48, 51, 52, 53, 63 ],
[ 1, 3, 7, 9, 10, 12, 13, 16, 17, 19, 21, 26, 28, 29, 30, 32, 34, 37, 40, 41, 
  42, 47, 48, 51, 53, 56, 61, 63 ],
[ 1, 3, 7, 9, 10, 12, 13, 16, 17, 19, 20, 21, 26, 28, 29, 32, 34, 36, 37, 40, 
  41, 46, 47, 48, 51, 52, 53, 63 ],
[ 1, 3, 7, 9, 10, 12, 13, 16, 17, 18, 19, 21, 26, 28, 29, 32, 37, 40, 42, 46, 
  47, 48, 51, 52, 53, 55, 56, 63 ],
[ 1, 3, 7, 9, 10, 11, 12, 14, 16, 17, 19, 20, 21, 25, 26, 28, 29, 30, 35, 40, 
  41, 47, 51, 53, 55, 56, 61, 63 ],
[ 1, 3, 7, 9, 10, 11, 12, 14, 16, 17, 18, 19, 21, 25, 26, 28, 29, 30, 34, 35, 
  36, 40, 42, 47, 51, 53, 61, 63 ],
[ 1, 3, 7, 9, 10, 11, 12, 14, 16, 17, 18, 19, 20, 21, 25, 26, 28, 29, 34, 35, 
  40, 46, 47, 51, 52, 53, 56, 63 ],
[ 1, 3, 7, 9, 10, 11, 12, 13, 16, 17, 19, 20, 21, 25, 26, 28, 29, 30, 34, 36, 
  37, 40, 41, 47, 51, 53, 61, 63 ],
[ 1, 3, 7, 9, 10, 11, 12, 13, 16, 17, 18, 19, 21, 25, 26, 28, 29, 30, 37, 40, 
  42, 47, 51, 53, 55, 56, 61, 63 ],
[ 1, 3, 7, 9, 10, 11, 12, 13, 16, 17, 18, 19, 20, 21, 25, 26, 28, 29, 36, 37, 
  40, 46, 47, 51, 52, 53, 55, 63 ],
[ 1, 2, 5, 6, 7, 12, 14, 19, 21, 22, 24, 25, 28, 29, 30, 31, 33, 35, 37, 40, 
  41, 44, 45, 48, 53, 55, 57, 61 ],
[ 1, 2, 5, 6, 7, 12, 14, 19, 21, 22, 23, 25, 28, 29, 30, 31, 33, 35, 37, 40, 
  41, 46, 47, 48, 53, 55, 57, 60 ],
[ 1, 2, 5, 6, 7, 12, 14, 18, 19, 21, 22, 24, 25, 29, 31, 33, 34, 35, 37, 39, 
  40, 45, 46, 48, 51, 52, 60, 63 ],
[ 1, 2, 5, 6, 7, 12, 14, 18, 19, 21, 22, 23, 25, 29, 31, 33, 34, 35, 37, 39, 
  40, 44, 47, 48, 51, 52, 61, 63 ],
[ 1, 2, 5, 6, 7, 12, 14, 17, 19, 21, 22, 24, 25, 29, 31, 35, 37, 39, 41, 45, 
  46, 48, 51, 52, 54, 55, 60, 63 ],
[ 1, 2, 5, 6, 7, 12, 14, 17, 19, 21, 22, 24, 25, 29, 30, 31, 35, 37, 41, 45, 
  48, 51, 53, 54, 55, 57, 60, 61 ],
[ 1, 2, 5, 6, 7, 12, 14, 17, 19, 21, 22, 23, 25, 29, 31, 35, 37, 39, 41, 44, 
  47, 48, 51, 52, 54, 55, 61, 63 ],
[ 1, 2, 5, 6, 7, 12, 14, 17, 19, 21, 22, 23, 25, 29, 30, 31, 35, 37, 41, 44, 
  46, 47, 48, 51, 53, 54, 55, 57 ],
[ 1, 2, 5, 6, 7, 12, 14, 17, 18, 19, 21, 22, 24, 25, 29, 30, 31, 34, 35, 37, 
  39, 45, 48, 51, 54, 60, 61, 63 ],
[ 1, 2, 5, 6, 7, 12, 14, 17, 18, 19, 21, 22, 24, 25, 28, 29, 30, 31, 34, 35, 
  37, 44, 45, 48, 53, 54, 57, 61 ],
[ 1, 2, 5, 6, 7, 12, 14, 17, 18, 19, 21, 22, 23, 25, 29, 30, 31, 34, 35, 37, 
  39, 44, 46, 47, 48, 51, 54, 63 ],
[ 1, 2, 5, 6, 7, 12, 14, 17, 18, 19, 21, 22, 23, 25, 28, 29, 30, 31, 34, 35, 
  37, 46, 47, 48, 53, 54, 57, 60 ],
[ 1, 2, 5, 6, 7, 10, 12, 14, 19, 21, 22, 25, 29, 33, 35, 37, 39, 40, 41, 45, 
  46, 47, 48, 51, 52, 55, 60, 63 ],
[ 1, 2, 5, 6, 7, 10, 12, 14, 19, 21, 22, 23, 24, 25, 29, 33, 35, 37, 39, 40, 
  41, 44, 48, 51, 52, 55, 61, 63 ],
[ 1, 2, 5, 6, 7, 10, 12, 14, 18, 19, 21, 22, 25, 29, 33, 34, 35, 37, 40, 45, 
  46, 47, 48, 51, 52, 53, 57, 60 ],
[ 1, 2, 5, 6, 7, 10, 12, 14, 18, 19, 21, 22, 23, 24, 25, 29, 33, 34, 35, 37, 
  40, 44, 48, 51, 52, 53, 57, 61 ],
[ 1, 2, 5, 6, 7, 8, 12, 19, 21, 22, 24, 26, 28, 29, 30, 31, 33, 35, 36, 40, 
  41, 44, 45, 53, 55, 56, 57, 61 ],
[ 1, 2, 5, 6, 7, 8, 12, 19, 21, 22, 23, 26, 28, 29, 30, 31, 33, 35, 36, 40, 
  41, 46, 47, 53, 55, 56, 57, 60 ],
[ 1, 2, 5, 6, 7, 8, 12, 18, 19, 21, 22, 24, 26, 29, 31, 33, 34, 35, 36, 39, 
  40, 45, 46, 51, 52, 56, 60, 63 ],
[ 1, 2, 5, 6, 7, 8, 12, 18, 19, 21, 22, 23, 26, 29, 31, 33, 34, 35, 36, 39, 
  40, 44, 47, 51, 52, 56, 61, 63 ],
[ 1, 2, 5, 6, 7, 8, 12, 17, 19, 21, 22, 24, 26, 29, 31, 35, 36, 39, 41, 45, 
  46, 51, 52, 54, 55, 56, 60, 63 ],
[ 1, 2, 5, 6, 7, 8, 12, 17, 19, 21, 22, 24, 26, 29, 30, 31, 35, 36, 41, 45, 
  51, 53, 54, 55, 56, 57, 60, 61 ],
[ 1, 2, 5, 6, 7, 8, 12, 17, 19, 21, 22, 24, 26, 28, 29, 31, 35, 36, 41, 44, 
  45, 46, 52, 53, 54, 55, 56, 57 ],
[ 1, 2, 5, 6, 7, 8, 12, 17, 19, 21, 22, 23, 26, 29, 31, 35, 36, 39, 41, 44, 
  47, 51, 52, 54, 55, 56, 61, 63 ],
[ 1, 2, 5, 6, 7, 8, 12, 17, 19, 21, 22, 23, 26, 29, 30, 31, 35, 36, 41, 44, 
  46, 47, 51, 53, 54, 55, 56, 57 ],
[ 1, 2, 5, 6, 7, 8, 12, 17, 19, 21, 22, 23, 26, 28, 29, 31, 35, 36, 41, 47, 
  52, 53, 54, 55, 56, 57, 60, 61 ],
[ 1, 2, 5, 6, 7, 8, 12, 17, 18, 19, 21, 22, 24, 26, 29, 30, 31, 34, 35, 36, 
  39, 45, 51, 54, 56, 60, 61, 63 ],
[ 1, 2, 5, 6, 7, 8, 12, 17, 18, 19, 21, 22, 24, 26, 28, 29, 31, 34, 35, 36, 
  39, 44, 45, 46, 52, 54, 56, 63 ],
[ 1, 2, 5, 6, 7, 8, 12, 17, 18, 19, 21, 22, 24, 26, 28, 29, 30, 31, 34, 35, 
  36, 44, 45, 53, 54, 56, 57, 61 ],
[ 1, 2, 5, 6, 7, 8, 12, 17, 18, 19, 21, 22, 23, 26, 29, 30, 31, 34, 35, 36, 
  39, 44, 46, 47, 51, 54, 56, 63 ],
[ 1, 2, 5, 6, 7, 8, 12, 17, 18, 19, 21, 22, 23, 26, 28, 29, 31, 34, 35, 36, 
  39, 47, 52, 54, 56, 60, 61, 63 ],
[ 1, 2, 5, 6, 7, 8, 12, 17, 18, 19, 21, 22, 23, 26, 28, 29, 30, 31, 34, 35, 
  36, 46, 47, 53, 54, 56, 57, 60 ],
[ 1, 2, 5, 6, 7, 8, 10, 12, 19, 21, 22, 26, 29, 33, 35, 36, 39, 40, 41, 45, 
  46, 47, 51, 52, 55, 56, 60, 63 ],
[ 1, 2, 5, 6, 7, 8, 10, 12, 19, 21, 22, 26, 29, 30, 33, 35, 36, 40, 41, 45, 
  47, 51, 53, 55, 56, 57, 60, 61 ],
[ 1, 2, 5, 6, 7, 8, 10, 12, 19, 21, 22, 26, 28, 29, 30, 33, 35, 36, 39, 40, 
  41, 44, 45, 47, 55, 56, 61, 63 ],
[ 1, 2, 5, 6, 7, 8, 10, 12, 19, 21, 22, 23, 24, 26, 29, 33, 35, 36, 39, 40, 
  41, 44, 51, 52, 55, 56, 61, 63 ],
[ 1, 2, 5, 6, 7, 8, 10, 12, 19, 21, 22, 23, 24, 26, 29, 30, 33, 35, 36, 40, 
  41, 44, 46, 51, 53, 55, 56, 57 ],
[ 1, 2, 5, 6, 7, 8, 10, 12, 19, 21, 22, 23, 24, 26, 28, 29, 30, 33, 35, 36, 
  39, 40, 41, 46, 55, 56, 60, 63 ],
[ 1, 2, 5, 6, 7, 8, 10, 12, 18, 19, 21, 22, 26, 29, 33, 34, 35, 36, 40, 45, 
  46, 47, 51, 52, 53, 56, 57, 60 ],
[ 1, 2, 5, 6, 7, 8, 10, 12, 18, 19, 21, 22, 26, 28, 29, 33, 34, 35, 36, 39, 
  40, 44, 45, 46, 47, 52, 56, 63 ],
[ 1, 2, 5, 6, 7, 8, 10, 12, 18, 19, 21, 22, 26, 28, 29, 30, 33, 34, 35, 36, 
  40, 44, 45, 47, 53, 56, 57, 61 ],
[ 1, 2, 5, 6, 7, 8, 10, 12, 18, 19, 21, 22, 23, 24, 26, 29, 33, 34, 35, 36, 
  40, 44, 51, 52, 53, 56, 57, 61 ],
[ 1, 2, 5, 6, 7, 8, 10, 12, 18, 19, 21, 22, 23, 24, 26, 28, 29, 33, 34, 35, 
  36, 39, 40, 52, 56, 60, 61, 63 ],
[ 1, 2, 5, 6, 7, 8, 10, 12, 18, 19, 21, 22, 23, 24, 26, 28, 29, 30, 33, 34, 
  35, 36, 40, 46, 53, 56, 57, 60 ],
[ 1, 2, 5, 6, 7, 8, 10, 12, 17, 19, 21, 22, 26, 28, 29, 35, 36, 39, 41, 44, 
  45, 46, 47, 52, 54, 55, 56, 63 ],
[ 1, 2, 5, 6, 7, 8, 10, 12, 17, 19, 21, 22, 23, 24, 26, 28, 29, 35, 36, 39, 
  41, 52, 54, 55, 56, 60, 61, 63 ],
[ 1, 2, 5, 6, 7, 8, 10, 12, 17, 18, 19, 21, 22, 26, 29, 30, 34, 35, 36, 45, 
  47, 51, 53, 54, 56, 57, 60, 61 ],
[ 1, 2, 5, 6, 7, 8, 10, 12, 17, 18, 19, 21, 22, 23, 24, 26, 29, 30, 34, 35, 
  36, 44, 46, 51, 53, 54, 56, 57 ],
[ 1, 2, 3, 5, 7, 11, 12, 16, 19, 21, 24, 28, 29, 30, 31, 32, 33, 35, 36, 40, 
  41, 44, 45, 53, 55, 56, 57, 61 ],
[ 1, 2, 3, 5, 7, 11, 12, 16, 19, 21, 23, 28, 29, 30, 31, 32, 33, 35, 36, 40, 
  41, 46, 47, 53, 55, 56, 57, 60 ],
[ 1, 2, 3, 5, 7, 11, 12, 16, 18, 19, 21, 24, 29, 31, 32, 33, 34, 35, 36, 39, 
  40, 45, 46, 51, 52, 56, 60, 63 ],
[ 1, 2, 3, 5, 7, 11, 12, 16, 18, 19, 21, 23, 29, 31, 32, 33, 34, 35, 36, 39, 
  40, 44, 47, 51, 52, 56, 61, 63 ],
[ 1, 2, 3, 5, 7, 11, 12, 16, 17, 19, 21, 24, 29, 31, 32, 35, 36, 39, 41, 45, 
  46, 51, 52, 54, 55, 56, 60, 63 ],
[ 1, 2, 3, 5, 7, 11, 12, 16, 17, 19, 21, 24, 29, 30, 31, 32, 35, 36, 41, 45, 
  51, 53, 54, 55, 56, 57, 60, 61 ],
[ 1, 2, 3, 5, 7, 11, 12, 16, 17, 19, 21, 23, 29, 31, 32, 35, 36, 39, 41, 44, 
  47, 51, 52, 54, 55, 56, 61, 63 ],
[ 1, 2, 3, 5, 7, 11, 12, 16, 17, 19, 21, 23, 29, 30, 31, 32, 35, 36, 41, 44, 
  46, 47, 51, 53, 54, 55, 56, 57 ],
[ 1, 2, 3, 5, 7, 11, 12, 16, 17, 18, 19, 21, 24, 29, 30, 31, 32, 34, 35, 36, 
  39, 45, 51, 54, 56, 60, 61, 63 ],
[ 1, 2, 3, 5, 7, 11, 12, 16, 17, 18, 19, 21, 24, 28, 29, 30, 31, 32, 34, 35, 
  36, 44, 45, 53, 54, 56, 57, 61 ],
[ 1, 2, 3, 5, 7, 11, 12, 16, 17, 18, 19, 21, 23, 29, 30, 31, 32, 34, 35, 36, 
  39, 44, 46, 47, 51, 54, 56, 63 ],
[ 1, 2, 3, 5, 7, 11, 12, 16, 17, 18, 19, 21, 23, 28, 29, 30, 31, 32, 34, 35, 
  36, 46, 47, 53, 54, 56, 57, 60 ],
[ 1, 2, 3, 5, 7, 10, 11, 12, 16, 19, 21, 29, 32, 33, 35, 36, 39, 40, 41, 45, 
  46, 47, 51, 52, 55, 56, 60, 63 ],
[ 1, 2, 3, 5, 7, 10, 11, 12, 16, 19, 21, 23, 24, 29, 32, 33, 35, 36, 39, 40, 
  41, 44, 51, 52, 55, 56, 61, 63 ],
[ 1, 2, 3, 5, 7, 10, 11, 12, 16, 18, 19, 21, 29, 32, 33, 34, 35, 36, 40, 45, 
  46, 47, 51, 52, 53, 56, 57, 60 ],
[ 1, 2, 3, 5, 7, 10, 11, 12, 16, 18, 19, 21, 23, 24, 29, 32, 33, 34, 35, 36, 
  40, 44, 51, 52, 53, 56, 57, 61 ]
];

