## Group: [64, 56]
## Difference Sets: 624
## Time:  0:39:59.109

return [
[ 1, 4, 6, 7, 8, 9, 13, 16, 18, 19, 23, 24, 27, 28, 29, 30, 33, 34, 36, 37, 
  38, 42, 43, 50, 51, 52, 57, 63 ],
[ 1, 4, 6, 7, 8, 9, 13, 16, 18, 19, 23, 24, 27, 28, 29, 30, 32, 33, 34, 36, 
  37, 42, 43, 50, 55, 56, 57, 62 ],
[ 1, 4, 6, 7, 8, 9, 13, 16, 18, 19, 23, 24, 27, 28, 29, 30, 31, 33, 34, 36, 
  38, 42, 43, 51, 54, 56, 57, 62 ],
[ 1, 4, 6, 7, 8, 9, 13, 16, 18, 19, 23, 24, 27, 28, 29, 30, 31, 32, 33, 34, 
  36, 42, 43, 52, 54, 55, 57, 63 ],
[ 1, 4, 6, 7, 8, 9, 13, 15, 18, 19, 23, 24, 27, 28, 29, 31, 33, 35, 36, 37, 
  38, 42, 43, 49, 51, 52, 57, 63 ],
[ 1, 4, 6, 7, 8, 9, 13, 15, 18, 19, 23, 24, 27, 28, 29, 31, 32, 33, 35, 36, 
  37, 42, 43, 49, 55, 56, 57, 62 ],
[ 1, 4, 6, 7, 8, 9, 13, 14, 18, 19, 23, 24, 27, 28, 29, 32, 34, 35, 36, 37, 
  38, 42, 43, 49, 50, 52, 57, 63 ],
[ 1, 4, 6, 7, 8, 9, 13, 14, 18, 19, 23, 24, 27, 28, 29, 31, 32, 34, 35, 36, 
  38, 42, 43, 49, 54, 56, 57, 62 ],
[ 1, 4, 6, 7, 8, 9, 13, 14, 18, 19, 23, 24, 27, 28, 29, 30, 32, 34, 35, 37, 
  38, 42, 43, 50, 53, 56, 57, 62 ],
[ 1, 4, 6, 7, 8, 9, 13, 14, 18, 19, 23, 24, 27, 28, 29, 30, 31, 32, 34, 35, 
  38, 42, 43, 52, 53, 54, 57, 63 ],
[ 1, 4, 6, 7, 8, 9, 13, 14, 16, 18, 19, 23, 24, 27, 28, 29, 32, 34, 36, 42, 
  43, 49, 50, 52, 54, 55, 56, 57 ],
[ 1, 4, 6, 7, 8, 9, 13, 14, 16, 18, 19, 23, 24, 27, 28, 29, 30, 34, 38, 42, 
  43, 50, 51, 52, 53, 54, 56, 57 ],
[ 1, 4, 6, 7, 8, 9, 13, 14, 16, 18, 19, 23, 24, 27, 28, 29, 30, 31, 34, 37, 
  38, 42, 43, 51, 53, 57, 62, 63 ],
[ 1, 4, 6, 7, 8, 9, 13, 14, 15, 18, 19, 23, 24, 27, 28, 29, 32, 35, 37, 42, 
  43, 49, 50, 52, 53, 55, 56, 57 ],
[ 1, 4, 6, 7, 8, 9, 13, 14, 15, 18, 19, 23, 24, 27, 28, 29, 31, 35, 38, 42, 
  43, 49, 51, 52, 53, 54, 56, 57 ],
[ 1, 4, 5, 7, 8, 9, 13, 16, 17, 19, 22, 23, 27, 28, 29, 30, 33, 34, 36, 37, 
  38, 41, 46, 50, 51, 52, 58, 63 ],
[ 1, 4, 5, 7, 8, 9, 13, 16, 17, 19, 22, 23, 27, 28, 29, 30, 32, 33, 34, 36, 
  37, 41, 46, 50, 55, 56, 58, 62 ],
[ 1, 4, 5, 7, 8, 9, 13, 16, 17, 19, 22, 23, 27, 28, 29, 30, 31, 33, 34, 36, 
  38, 41, 46, 51, 54, 56, 58, 62 ],
[ 1, 4, 5, 7, 8, 9, 13, 16, 17, 19, 22, 23, 27, 28, 29, 30, 31, 32, 33, 34, 
  36, 41, 46, 52, 54, 55, 58, 63 ],
[ 1, 4, 5, 7, 8, 9, 13, 16, 17, 19, 20, 23, 27, 28, 29, 30, 33, 34, 36, 37, 
  38, 39, 48, 50, 51, 52, 60, 63 ],
[ 1, 4, 5, 7, 8, 9, 13, 16, 17, 19, 20, 23, 27, 28, 29, 30, 32, 33, 34, 36, 
  37, 39, 48, 50, 55, 56, 60, 62 ],
[ 1, 4, 5, 7, 8, 9, 13, 16, 17, 19, 20, 23, 27, 28, 29, 30, 31, 33, 34, 36, 
  38, 39, 48, 51, 54, 56, 60, 62 ],
[ 1, 4, 5, 7, 8, 9, 13, 16, 17, 19, 20, 23, 27, 28, 29, 30, 31, 32, 33, 34, 
  36, 39, 48, 52, 54, 55, 60, 63 ],
[ 1, 4, 5, 7, 8, 9, 13, 15, 17, 19, 22, 23, 27, 28, 29, 31, 33, 35, 36, 37, 
  38, 41, 46, 49, 51, 52, 58, 63 ],
[ 1, 4, 5, 7, 8, 9, 13, 15, 17, 19, 22, 23, 27, 28, 29, 31, 32, 33, 35, 36, 
  37, 41, 46, 49, 55, 56, 58, 62 ],
[ 1, 4, 5, 7, 8, 9, 13, 15, 17, 19, 22, 23, 27, 28, 29, 30, 31, 33, 35, 37, 
  38, 41, 46, 51, 53, 56, 58, 62 ],
[ 1, 4, 5, 7, 8, 9, 13, 15, 17, 19, 22, 23, 27, 28, 29, 30, 31, 32, 33, 35, 
  37, 41, 46, 52, 53, 55, 58, 63 ],
[ 1, 4, 5, 7, 8, 9, 13, 15, 17, 19, 20, 23, 27, 28, 29, 31, 33, 35, 36, 37, 
  38, 39, 48, 49, 51, 52, 60, 63 ],
[ 1, 4, 5, 7, 8, 9, 13, 15, 17, 19, 20, 23, 27, 28, 29, 31, 32, 33, 35, 36, 
  37, 39, 48, 49, 55, 56, 60, 62 ],
[ 1, 4, 5, 7, 8, 9, 13, 15, 17, 19, 20, 23, 27, 28, 29, 30, 31, 33, 35, 37, 
  38, 39, 48, 51, 53, 56, 60, 62 ],
[ 1, 4, 5, 7, 8, 9, 13, 15, 16, 17, 19, 22, 23, 27, 28, 29, 31, 32, 33, 36, 
  38, 41, 46, 49, 54, 58, 62, 63 ],
[ 1, 4, 5, 7, 8, 9, 13, 15, 16, 17, 19, 22, 23, 27, 28, 29, 30, 33, 37, 41, 
  46, 50, 51, 52, 53, 55, 56, 58 ],
[ 1, 4, 5, 7, 8, 9, 13, 15, 16, 17, 19, 22, 23, 27, 28, 29, 30, 32, 33, 37, 
  38, 41, 46, 50, 53, 58, 62, 63 ],
[ 1, 4, 5, 7, 8, 9, 13, 15, 16, 17, 19, 20, 23, 27, 28, 29, 31, 33, 36, 39, 
  48, 49, 51, 52, 54, 55, 56, 60 ],
[ 1, 4, 5, 7, 8, 9, 13, 15, 16, 17, 19, 20, 23, 27, 28, 29, 31, 32, 33, 36, 
  38, 39, 48, 49, 54, 60, 62, 63 ],
[ 1, 4, 5, 7, 8, 9, 13, 15, 16, 17, 19, 20, 23, 27, 28, 29, 30, 33, 37, 39, 
  48, 50, 51, 52, 53, 55, 56, 60 ],
[ 1, 4, 5, 7, 8, 9, 13, 15, 16, 17, 19, 20, 23, 27, 28, 29, 30, 32, 33, 37, 
  38, 39, 48, 50, 53, 60, 62, 63 ],
[ 1, 4, 5, 7, 8, 9, 13, 14, 17, 19, 22, 23, 27, 28, 29, 32, 34, 35, 36, 37, 
  38, 41, 46, 49, 50, 52, 58, 63 ],
[ 1, 4, 5, 7, 8, 9, 13, 14, 17, 19, 20, 23, 27, 28, 29, 32, 34, 35, 36, 37, 
  38, 39, 48, 49, 50, 52, 60, 63 ],
[ 1, 4, 5, 7, 8, 9, 13, 14, 17, 19, 20, 23, 27, 28, 29, 30, 31, 32, 34, 35, 
  38, 39, 48, 52, 53, 54, 60, 63 ],
[ 1, 4, 5, 7, 8, 9, 13, 14, 16, 17, 19, 20, 23, 27, 28, 29, 32, 34, 36, 39, 
  48, 49, 50, 52, 54, 55, 56, 60 ],
[ 1, 4, 5, 7, 8, 9, 13, 14, 15, 17, 19, 22, 23, 27, 28, 29, 32, 35, 37, 41, 
  46, 49, 50, 52, 53, 55, 56, 58 ],
[ 1, 4, 5, 7, 8, 9, 13, 14, 15, 17, 19, 22, 23, 27, 28, 29, 31, 35, 38, 41, 
  46, 49, 51, 52, 53, 54, 56, 58 ],
[ 1, 4, 5, 7, 8, 9, 12, 13, 17, 19, 22, 23, 27, 28, 30, 33, 34, 35, 36, 37, 
  38, 41, 46, 50, 51, 56, 58, 62 ],
[ 1, 4, 5, 7, 8, 9, 12, 13, 17, 19, 22, 23, 27, 28, 30, 32, 33, 34, 35, 36, 
  37, 41, 46, 50, 52, 55, 58, 63 ],
[ 1, 4, 5, 7, 8, 9, 12, 13, 17, 19, 22, 23, 27, 28, 30, 31, 33, 34, 35, 36, 
  38, 41, 46, 51, 52, 54, 58, 63 ],
[ 1, 4, 5, 7, 8, 9, 12, 13, 17, 19, 22, 23, 27, 28, 30, 31, 32, 33, 34, 35, 
  36, 41, 46, 54, 55, 56, 58, 62 ],
[ 1, 4, 5, 7, 8, 9, 12, 13, 15, 17, 19, 22, 23, 27, 28, 30, 31, 33, 35, 41, 
  46, 51, 52, 53, 54, 55, 56, 58 ],
[ 1, 4, 5, 7, 8, 9, 12, 13, 15, 17, 19, 22, 23, 27, 28, 30, 31, 32, 33, 35, 
  38, 41, 46, 53, 54, 58, 62, 63 ],
[ 1, 4, 5, 7, 8, 9, 12, 13, 15, 16, 17, 19, 22, 23, 27, 28, 30, 33, 38, 41, 
  46, 50, 51, 53, 54, 56, 58, 62 ],
[ 1, 4, 5, 7, 8, 9, 12, 13, 15, 16, 17, 19, 22, 23, 27, 28, 30, 32, 33, 41, 
  46, 50, 52, 53, 54, 55, 58, 63 ],
[ 1, 4, 5, 7, 8, 9, 11, 13, 17, 19, 22, 23, 27, 29, 30, 31, 33, 34, 35, 37, 
  38, 41, 46, 51, 52, 53, 58, 63 ],
[ 1, 4, 5, 7, 8, 9, 11, 13, 17, 19, 22, 23, 27, 29, 30, 31, 32, 33, 34, 35, 
  37, 41, 46, 53, 55, 56, 58, 62 ],
[ 1, 4, 5, 7, 8, 9, 11, 13, 14, 17, 19, 22, 23, 27, 29, 30, 31, 32, 34, 35, 
  36, 41, 46, 54, 55, 58, 62, 63 ],
[ 1, 4, 5, 7, 8, 9, 11, 13, 14, 15, 17, 19, 22, 23, 27, 29, 30, 31, 35, 41, 
  46, 51, 52, 53, 54, 55, 58, 63 ],
[ 1, 4, 5, 7, 8, 9, 10, 13, 17, 19, 22, 23, 28, 29, 30, 31, 32, 33, 34, 35, 
  38, 41, 46, 53, 54, 56, 58, 62 ],
[ 1, 4, 5, 7, 8, 9, 10, 13, 15, 17, 19, 22, 23, 28, 29, 30, 31, 32, 33, 35, 
  36, 41, 46, 54, 55, 58, 62, 63 ],
[ 1, 4, 5, 6, 8, 9, 13, 16, 17, 18, 23, 26, 27, 28, 29, 30, 33, 34, 36, 37, 
  38, 42, 45, 50, 51, 52, 57, 63 ],
[ 1, 4, 5, 6, 8, 9, 13, 16, 17, 18, 23, 26, 27, 28, 29, 30, 32, 33, 34, 36, 
  37, 42, 45, 50, 55, 56, 57, 62 ],
[ 1, 4, 5, 6, 8, 9, 13, 16, 17, 18, 23, 26, 27, 28, 29, 30, 31, 33, 34, 36, 
  38, 42, 45, 51, 54, 56, 57, 62 ],
[ 1, 4, 5, 6, 8, 9, 13, 16, 17, 18, 23, 26, 27, 28, 29, 30, 31, 32, 33, 34, 
  36, 42, 45, 52, 54, 55, 57, 63 ],
[ 1, 4, 5, 6, 8, 9, 13, 15, 17, 18, 23, 26, 27, 28, 29, 31, 33, 35, 36, 37, 
  38, 42, 45, 49, 51, 52, 57, 63 ],
[ 1, 4, 5, 6, 8, 9, 13, 15, 17, 18, 23, 26, 27, 28, 29, 31, 32, 33, 35, 36, 
  37, 42, 45, 49, 55, 56, 57, 62 ],
[ 1, 4, 5, 6, 8, 9, 13, 15, 17, 18, 23, 26, 27, 28, 29, 30, 31, 33, 35, 37, 
  38, 42, 45, 51, 53, 56, 57, 62 ],
[ 1, 4, 5, 6, 8, 9, 13, 15, 17, 18, 23, 26, 27, 28, 29, 30, 31, 32, 33, 35, 
  37, 42, 45, 52, 53, 55, 57, 63 ],
[ 1, 4, 5, 6, 8, 9, 13, 15, 16, 17, 18, 23, 26, 27, 28, 29, 31, 33, 36, 42, 
  45, 49, 51, 52, 54, 55, 56, 57 ],
[ 1, 4, 5, 6, 8, 9, 13, 15, 16, 17, 18, 23, 26, 27, 28, 29, 31, 32, 33, 36, 
  38, 42, 45, 49, 54, 57, 62, 63 ],
[ 1, 4, 5, 6, 8, 9, 13, 14, 17, 18, 23, 26, 27, 28, 29, 32, 34, 35, 36, 37, 
  38, 42, 45, 49, 50, 52, 57, 63 ],
[ 1, 4, 5, 6, 8, 9, 13, 14, 17, 18, 23, 26, 27, 28, 29, 30, 32, 34, 35, 37, 
  38, 42, 45, 50, 53, 56, 57, 62 ],
[ 1, 4, 5, 6, 8, 9, 13, 14, 16, 17, 18, 23, 26, 27, 28, 29, 32, 34, 36, 42, 
  45, 49, 50, 52, 54, 55, 56, 57 ],
[ 1, 4, 5, 6, 8, 9, 13, 14, 16, 17, 18, 23, 26, 27, 28, 29, 30, 34, 38, 42, 
  45, 50, 51, 52, 53, 54, 56, 57 ],
[ 1, 4, 5, 6, 8, 9, 13, 14, 15, 16, 17, 18, 23, 26, 27, 28, 29, 30, 36, 42, 
  45, 50, 51, 52, 54, 55, 57, 63 ],
[ 1, 4, 5, 6, 8, 9, 12, 13, 17, 18, 23, 26, 27, 28, 30, 33, 34, 35, 36, 37, 
  38, 42, 45, 50, 51, 56, 57, 62 ],
[ 1, 4, 5, 6, 8, 9, 12, 13, 17, 18, 23, 26, 27, 28, 30, 32, 33, 34, 35, 36, 
  37, 42, 45, 50, 52, 55, 57, 63 ],
[ 1, 4, 5, 6, 8, 9, 12, 13, 17, 18, 23, 26, 27, 28, 30, 31, 33, 34, 35, 36, 
  38, 42, 45, 51, 52, 54, 57, 63 ],
[ 1, 4, 5, 6, 8, 9, 12, 13, 17, 18, 23, 26, 27, 28, 30, 31, 32, 33, 34, 35, 
  36, 42, 45, 54, 55, 56, 57, 62 ],
[ 1, 4, 5, 6, 8, 9, 12, 13, 15, 17, 18, 23, 26, 27, 28, 30, 31, 32, 33, 35, 
  38, 42, 45, 53, 54, 57, 62, 63 ],
[ 1, 4, 5, 6, 8, 9, 12, 13, 15, 16, 17, 18, 23, 26, 27, 28, 30, 33, 38, 42, 
  45, 50, 51, 53, 54, 56, 57, 62 ],
[ 1, 4, 5, 6, 8, 9, 12, 13, 15, 16, 17, 18, 23, 26, 27, 28, 30, 32, 33, 42, 
  45, 50, 52, 53, 54, 55, 57, 63 ],
[ 1, 4, 5, 6, 8, 9, 12, 13, 14, 17, 18, 23, 26, 27, 28, 30, 31, 32, 34, 35, 
  37, 42, 45, 53, 55, 57, 62, 63 ],
[ 1, 4, 5, 6, 8, 9, 12, 13, 14, 16, 17, 18, 23, 26, 27, 28, 30, 31, 34, 42, 
  45, 51, 52, 53, 54, 55, 57, 63 ],
[ 1, 4, 5, 6, 8, 9, 12, 13, 14, 15, 17, 18, 23, 26, 27, 28, 30, 31, 32, 35, 
  36, 37, 38, 42, 45, 56, 57, 62 ],
[ 1, 4, 5, 6, 8, 9, 11, 13, 17, 18, 23, 26, 27, 29, 30, 31, 33, 34, 35, 37, 
  38, 42, 45, 51, 52, 53, 57, 63 ],
[ 1, 4, 5, 6, 8, 9, 11, 13, 17, 18, 23, 26, 27, 29, 30, 31, 32, 33, 34, 35, 
  37, 42, 45, 53, 55, 56, 57, 62 ],
[ 1, 4, 5, 6, 8, 9, 11, 13, 16, 17, 18, 23, 26, 27, 29, 30, 31, 33, 34, 42, 
  45, 51, 52, 53, 54, 55, 56, 57 ],
[ 1, 4, 5, 6, 8, 9, 11, 13, 16, 17, 18, 23, 26, 27, 29, 30, 31, 32, 33, 34, 
  38, 42, 45, 53, 54, 57, 62, 63 ],
[ 1, 4, 5, 6, 8, 9, 10, 13, 17, 18, 23, 26, 28, 29, 30, 31, 32, 33, 34, 35, 
  38, 42, 45, 53, 54, 56, 57, 62 ],
[ 1, 4, 5, 6, 8, 9, 10, 13, 16, 17, 18, 23, 26, 28, 29, 30, 31, 32, 33, 34, 
  37, 42, 45, 53, 55, 57, 62, 63 ],
[ 1, 4, 5, 6, 7, 8, 9, 13, 16, 17, 18, 19, 23, 27, 28, 29, 30, 33, 34, 36, 
  37, 38, 50, 51, 52, 61, 63, 64 ],
[ 1, 4, 5, 6, 7, 8, 9, 13, 16, 17, 18, 19, 23, 27, 28, 29, 30, 32, 33, 34, 
  36, 37, 50, 55, 56, 61, 62, 64 ],
[ 1, 4, 5, 6, 7, 8, 9, 13, 16, 17, 18, 19, 23, 27, 28, 29, 30, 31, 33, 34, 
  36, 38, 51, 54, 56, 61, 62, 64 ],
[ 1, 4, 5, 6, 7, 8, 9, 13, 15, 17, 18, 19, 23, 27, 28, 29, 31, 33, 35, 36, 
  37, 38, 49, 51, 52, 61, 63, 64 ],
[ 1, 4, 5, 6, 7, 8, 9, 13, 15, 17, 18, 19, 23, 27, 28, 29, 31, 32, 33, 35, 
  36, 37, 49, 55, 56, 61, 62, 64 ],
[ 1, 4, 5, 6, 7, 8, 9, 13, 15, 16, 17, 18, 19, 23, 27, 28, 29, 31, 33, 36, 
  49, 51, 52, 54, 55, 56, 61, 64 ],
[ 1, 4, 5, 6, 7, 8, 9, 13, 15, 16, 17, 18, 19, 23, 27, 28, 29, 31, 32, 33, 
  36, 38, 49, 54, 61, 62, 63, 64 ],
[ 1, 4, 5, 6, 7, 8, 9, 13, 15, 16, 17, 18, 19, 23, 27, 28, 29, 30, 33, 37, 
  50, 51, 52, 53, 55, 56, 61, 64 ],
[ 1, 4, 5, 6, 7, 8, 9, 13, 15, 16, 17, 18, 19, 23, 27, 28, 29, 30, 32, 33, 
  37, 38, 50, 53, 61, 62, 63, 64 ],
[ 1, 4, 5, 6, 7, 8, 9, 13, 14, 17, 18, 19, 23, 27, 28, 29, 32, 34, 35, 36, 
  37, 38, 49, 50, 52, 61, 63, 64 ],
[ 1, 4, 5, 6, 7, 8, 9, 13, 14, 16, 17, 18, 19, 23, 27, 28, 29, 32, 34, 36, 
  49, 50, 52, 54, 55, 56, 61, 64 ],
[ 1, 4, 5, 6, 7, 8, 9, 13, 14, 16, 17, 18, 19, 23, 27, 28, 29, 30, 31, 34, 
  37, 38, 51, 53, 61, 62, 63, 64 ],
[ 1, 2, 4, 9, 10, 12, 13, 16, 17, 18, 19, 22, 23, 27, 29, 30, 33, 34, 36, 38, 
  41, 46, 47, 49, 54, 56, 57, 60 ],
[ 1, 2, 4, 9, 10, 12, 13, 16, 17, 18, 19, 22, 23, 27, 29, 30, 33, 34, 36, 37, 
  41, 46, 48, 49, 55, 56, 57, 59 ],
[ 1, 2, 4, 9, 10, 12, 13, 15, 17, 18, 19, 22, 23, 27, 29, 30, 33, 35, 36, 37, 
  41, 47, 48, 49, 55, 56, 57, 58 ],
[ 1, 2, 4, 9, 10, 12, 13, 15, 16, 17, 18, 19, 22, 23, 27, 29, 30, 33, 37, 38, 
  41, 46, 48, 49, 53, 57, 59, 63 ],
[ 1, 2, 4, 9, 10, 12, 13, 15, 16, 17, 18, 19, 22, 23, 27, 29, 30, 33, 36, 38, 
  41, 47, 48, 49, 54, 57, 58, 63 ],
[ 1, 2, 4, 9, 10, 11, 12, 13, 17, 19, 23, 25, 27, 28, 29, 33, 34, 35, 36, 37, 
  38, 39, 41, 42, 47, 56, 57, 64 ],
[ 1, 2, 4, 9, 10, 11, 12, 13, 17, 19, 20, 22, 23, 25, 27, 28, 29, 33, 34, 35, 
  37, 42, 47, 53, 55, 56, 57, 64 ],
[ 1, 2, 4, 9, 10, 11, 12, 13, 16, 17, 19, 23, 25, 27, 28, 29, 33, 34, 36, 37, 
  39, 41, 42, 55, 56, 57, 59, 61 ],
[ 1, 2, 4, 9, 10, 11, 12, 13, 16, 17, 19, 20, 22, 23, 27, 28, 29, 33, 34, 36, 
  37, 42, 44, 55, 56, 57, 59, 64 ],
[ 1, 2, 4, 9, 10, 11, 12, 13, 16, 17, 19, 20, 22, 23, 25, 27, 28, 29, 33, 34, 
  38, 42, 47, 53, 54, 57, 63, 64 ],
[ 1, 2, 4, 9, 10, 11, 12, 13, 15, 17, 19, 23, 27, 28, 29, 33, 35, 36, 37, 38, 
  39, 41, 42, 44, 47, 57, 61, 63 ],
[ 1, 2, 4, 9, 10, 11, 12, 13, 15, 16, 17, 19, 23, 27, 28, 29, 33, 36, 39, 41, 
  42, 44, 47, 54, 55, 56, 57, 61 ],
[ 1, 2, 4, 9, 10, 11, 12, 13, 15, 16, 17, 19, 23, 25, 27, 28, 29, 33, 38, 39, 
  41, 42, 47, 53, 54, 56, 57, 64 ],
[ 1, 2, 4, 9, 10, 11, 12, 13, 15, 16, 17, 19, 23, 25, 27, 28, 29, 33, 37, 38, 
  39, 41, 42, 53, 57, 59, 61, 63 ],
[ 1, 2, 4, 9, 10, 11, 12, 13, 15, 16, 17, 19, 20, 22, 23, 27, 28, 29, 33, 37, 
  38, 42, 44, 53, 57, 59, 63, 64 ],
[ 1, 2, 4, 8, 9, 13, 16, 18, 19, 23, 24, 28, 29, 30, 31, 32, 33, 34, 36, 38, 
  39, 40, 42, 43, 51, 54, 56, 57 ],
[ 1, 2, 4, 8, 9, 13, 16, 18, 19, 20, 21, 23, 24, 28, 29, 32, 33, 34, 36, 38, 
  42, 43, 49, 50, 51, 54, 56, 57 ],
[ 1, 2, 4, 8, 9, 13, 16, 17, 19, 23, 25, 27, 29, 30, 31, 32, 33, 34, 36, 37, 
  39, 41, 42, 44, 50, 55, 56, 57 ],
[ 1, 2, 4, 8, 9, 13, 16, 17, 19, 20, 22, 23, 25, 27, 29, 31, 33, 34, 36, 37, 
  42, 44, 49, 50, 51, 55, 56, 57 ],
[ 1, 2, 4, 8, 9, 13, 15, 16, 17, 19, 23, 25, 27, 29, 30, 31, 32, 33, 37, 38, 
  39, 41, 42, 44, 50, 53, 57, 63 ],
[ 1, 2, 4, 8, 9, 13, 15, 16, 17, 19, 20, 22, 23, 25, 27, 29, 31, 33, 37, 38, 
  42, 44, 49, 50, 51, 53, 57, 63 ],
[ 1, 2, 4, 8, 9, 13, 14, 16, 18, 19, 23, 24, 28, 29, 30, 31, 32, 34, 37, 38, 
  39, 40, 42, 43, 51, 53, 57, 63 ],
[ 1, 2, 4, 8, 9, 13, 14, 16, 18, 19, 20, 21, 23, 24, 28, 29, 32, 34, 37, 38, 
  42, 43, 49, 50, 51, 53, 57, 63 ],
[ 1, 2, 4, 8, 9, 12, 13, 18, 19, 23, 24, 28, 30, 32, 33, 34, 35, 36, 37, 38, 
  39, 40, 42, 43, 50, 51, 56, 57 ],
[ 1, 2, 4, 8, 9, 12, 13, 18, 19, 20, 21, 23, 24, 28, 30, 32, 33, 34, 35, 38, 
  42, 43, 50, 51, 53, 54, 56, 57 ],
[ 1, 2, 4, 8, 9, 12, 13, 16, 18, 19, 20, 21, 23, 24, 28, 31, 32, 33, 34, 36, 
  42, 43, 49, 51, 54, 55, 57, 63 ],
[ 1, 2, 4, 8, 9, 12, 13, 16, 18, 19, 20, 21, 23, 24, 28, 30, 32, 33, 34, 37, 
  42, 43, 50, 51, 53, 55, 57, 63 ],
[ 1, 2, 4, 8, 9, 12, 13, 16, 17, 19, 20, 22, 23, 25, 27, 31, 32, 33, 34, 36, 
  42, 44, 49, 50, 54, 55, 57, 63 ],
[ 1, 2, 4, 8, 9, 12, 13, 15, 17, 19, 20, 22, 23, 25, 27, 31, 32, 33, 35, 37, 
  42, 44, 49, 50, 53, 55, 57, 63 ],
[ 1, 2, 4, 8, 9, 12, 13, 15, 17, 18, 20, 23, 27, 28, 29, 31, 32, 33, 35, 36, 
  37, 39, 40, 41, 55, 56, 61, 64 ],
[ 1, 2, 4, 8, 9, 12, 13, 15, 17, 18, 20, 21, 22, 23, 27, 28, 29, 33, 35, 36, 
  37, 39, 50, 51, 55, 56, 61, 64 ],
[ 1, 2, 4, 8, 9, 12, 13, 15, 17, 18, 19, 20, 23, 27, 28, 32, 33, 35, 36, 37, 
  39, 47, 51, 52, 55, 56, 57, 59 ],
[ 1, 2, 4, 8, 9, 12, 13, 15, 17, 18, 19, 20, 23, 27, 28, 31, 33, 35, 36, 37, 
  39, 48, 50, 52, 55, 56, 57, 60 ],
[ 1, 2, 4, 8, 9, 12, 13, 15, 16, 17, 18, 20, 23, 27, 28, 29, 31, 32, 33, 36, 
  38, 39, 40, 41, 54, 61, 63, 64 ],
[ 1, 2, 4, 8, 9, 12, 13, 15, 16, 17, 18, 20, 21, 22, 23, 27, 28, 29, 33, 36, 
  38, 39, 50, 51, 54, 61, 63, 64 ],
[ 1, 2, 4, 8, 9, 12, 13, 15, 16, 17, 18, 19, 20, 23, 27, 28, 32, 33, 36, 38, 
  39, 47, 51, 52, 54, 57, 59, 63 ],
[ 1, 2, 4, 8, 9, 12, 13, 15, 16, 17, 18, 19, 20, 23, 27, 28, 31, 33, 36, 38, 
  39, 48, 50, 52, 54, 57, 60, 63 ],
[ 1, 2, 4, 8, 9, 12, 13, 14, 18, 19, 20, 21, 23, 24, 28, 31, 32, 34, 35, 38, 
  42, 43, 49, 51, 53, 54, 57, 63 ],
[ 1, 2, 4, 8, 9, 12, 13, 14, 16, 18, 19, 23, 24, 28, 30, 32, 34, 37, 39, 40, 
  42, 43, 50, 51, 53, 55, 56, 57 ],
[ 1, 2, 4, 8, 9, 11, 13, 16, 17, 18, 19, 22, 23, 27, 29, 31, 33, 34, 36, 37, 
  41, 46, 50, 52, 55, 56, 57, 58 ],
[ 1, 2, 4, 8, 9, 11, 13, 16, 17, 18, 19, 21, 23, 27, 29, 32, 33, 34, 36, 37, 
  40, 46, 51, 52, 55, 56, 57, 58 ],
[ 1, 2, 4, 8, 9, 11, 13, 16, 17, 18, 19, 20, 23, 27, 29, 31, 33, 34, 36, 37, 
  39, 48, 50, 52, 55, 56, 57, 60 ],
[ 1, 2, 4, 8, 9, 11, 13, 15, 16, 17, 18, 19, 22, 23, 27, 29, 31, 33, 37, 38, 
  41, 46, 50, 52, 53, 57, 58, 63 ],
[ 1, 2, 4, 8, 9, 11, 13, 15, 16, 17, 18, 19, 21, 23, 27, 29, 32, 33, 37, 38, 
  40, 46, 51, 52, 53, 57, 58, 63 ],
[ 1, 2, 4, 8, 9, 11, 13, 15, 16, 17, 18, 19, 20, 23, 27, 29, 31, 33, 37, 38, 
  39, 48, 50, 52, 53, 57, 60, 63 ],
[ 1, 2, 4, 8, 9, 11, 12, 13, 17, 19, 23, 27, 28, 30, 33, 34, 35, 36, 37, 38, 
  39, 41, 42, 47, 51, 56, 57, 59 ],
[ 1, 2, 4, 8, 9, 11, 12, 13, 17, 18, 21, 22, 23, 27, 29, 31, 33, 34, 35, 36, 
  42, 46, 51, 54, 55, 56, 57, 58 ],
[ 1, 2, 4, 8, 9, 11, 12, 13, 17, 18, 20, 21, 22, 23, 27, 29, 31, 33, 34, 35, 
  36, 39, 51, 54, 55, 56, 61, 64 ],
[ 1, 2, 4, 8, 9, 11, 12, 13, 16, 17, 19, 20, 22, 23, 27, 28, 32, 33, 34, 36, 
  42, 47, 49, 54, 55, 57, 59, 63 ],
[ 1, 2, 4, 8, 9, 11, 12, 13, 16, 17, 19, 20, 22, 23, 27, 28, 30, 33, 34, 38, 
  42, 47, 51, 53, 54, 57, 59, 63 ],
[ 1, 2, 4, 8, 9, 11, 12, 13, 16, 17, 18, 23, 27, 29, 32, 33, 34, 36, 37, 38, 
  40, 41, 42, 46, 50, 57, 58, 63 ],
[ 1, 2, 4, 8, 9, 11, 12, 13, 16, 17, 18, 21, 22, 23, 27, 29, 32, 33, 34, 36, 
  42, 46, 50, 54, 55, 57, 58, 63 ],
[ 1, 2, 4, 8, 9, 11, 12, 13, 16, 17, 18, 20, 23, 27, 29, 32, 33, 34, 36, 37, 
  38, 39, 40, 41, 50, 61, 63, 64 ],
[ 1, 2, 4, 8, 9, 11, 12, 13, 16, 17, 18, 20, 21, 22, 23, 27, 29, 32, 33, 34, 
  36, 39, 50, 54, 55, 61, 63, 64 ],
[ 1, 2, 4, 8, 9, 11, 12, 13, 16, 17, 18, 19, 21, 23, 27, 32, 33, 34, 36, 38, 
  40, 46, 51, 54, 56, 57, 58, 62 ],
[ 1, 2, 4, 8, 9, 11, 12, 13, 16, 17, 18, 19, 20, 23, 27, 32, 33, 34, 36, 38, 
  39, 47, 51, 54, 56, 57, 59, 62 ],
[ 1, 2, 4, 8, 9, 11, 12, 13, 15, 17, 19, 23, 27, 28, 32, 33, 35, 36, 37, 38, 
  39, 41, 42, 47, 49, 57, 59, 63 ],
[ 1, 2, 4, 8, 9, 11, 12, 13, 15, 17, 19, 20, 22, 23, 27, 28, 32, 33, 35, 37, 
  42, 47, 49, 53, 55, 57, 59, 63 ],
[ 1, 2, 4, 8, 9, 11, 12, 13, 15, 17, 18, 21, 22, 23, 27, 29, 32, 33, 35, 37, 
  42, 46, 50, 53, 55, 57, 58, 63 ],
[ 1, 2, 4, 8, 9, 11, 12, 13, 15, 17, 18, 21, 22, 23, 27, 29, 31, 33, 35, 38, 
  42, 46, 51, 53, 54, 57, 58, 63 ],
[ 1, 2, 4, 8, 9, 11, 12, 13, 15, 17, 18, 20, 21, 22, 23, 27, 29, 32, 33, 35, 
  37, 39, 50, 53, 55, 61, 63, 64 ],
[ 1, 2, 4, 8, 9, 11, 12, 13, 15, 17, 18, 20, 21, 22, 23, 27, 29, 31, 33, 35, 
  38, 39, 51, 53, 54, 61, 63, 64 ],
[ 1, 2, 4, 8, 9, 11, 12, 13, 15, 17, 18, 19, 21, 23, 27, 32, 33, 35, 37, 38, 
  40, 46, 51, 53, 56, 57, 58, 62 ],
[ 1, 2, 4, 8, 9, 11, 12, 13, 15, 17, 18, 19, 20, 23, 27, 32, 33, 35, 37, 38, 
  39, 47, 51, 53, 56, 57, 59, 62 ],
[ 1, 2, 4, 8, 9, 11, 12, 13, 15, 16, 17, 19, 23, 27, 28, 32, 33, 36, 39, 41, 
  42, 47, 49, 54, 55, 56, 57, 59 ],
[ 1, 2, 4, 8, 9, 11, 12, 13, 15, 16, 17, 18, 23, 27, 29, 32, 33, 37, 40, 41, 
  42, 46, 50, 53, 55, 56, 57, 58 ],
[ 1, 2, 4, 8, 9, 11, 12, 13, 15, 16, 17, 18, 20, 23, 27, 29, 32, 33, 37, 39, 
  40, 41, 50, 53, 55, 56, 61, 64 ],
[ 1, 2, 4, 7, 9, 10, 12, 13, 15, 17, 18, 22, 23, 27, 29, 30, 33, 35, 36, 37, 
  41, 42, 49, 55, 56, 58, 59, 60 ],
[ 1, 2, 4, 7, 9, 10, 12, 13, 15, 16, 17, 18, 22, 23, 27, 29, 30, 33, 36, 38, 
  41, 42, 49, 54, 58, 59, 60, 63 ],
[ 1, 2, 4, 7, 9, 10, 11, 12, 13, 17, 22, 23, 25, 27, 28, 29, 33, 34, 35, 36, 
  38, 39, 42, 47, 54, 57, 63, 64 ],
[ 1, 2, 4, 7, 9, 10, 11, 12, 13, 17, 20, 23, 27, 28, 29, 33, 34, 35, 36, 37, 
  38, 41, 42, 44, 56, 57, 59, 64 ],
[ 1, 2, 4, 7, 9, 10, 11, 12, 13, 15, 17, 22, 23, 27, 28, 29, 33, 35, 36, 37, 
  38, 39, 42, 44, 57, 59, 63, 64 ],
[ 1, 2, 4, 7, 9, 10, 11, 12, 13, 15, 17, 22, 23, 25, 27, 28, 29, 33, 35, 39, 
  42, 47, 53, 54, 55, 56, 57, 64 ],
[ 1, 2, 4, 7, 9, 10, 11, 12, 13, 15, 16, 17, 22, 23, 27, 28, 29, 33, 36, 39, 
  42, 44, 54, 55, 56, 57, 59, 64 ],
[ 1, 2, 4, 7, 9, 10, 11, 12, 13, 15, 16, 17, 20, 23, 27, 28, 29, 33, 38, 41, 
  42, 44, 53, 54, 56, 57, 59, 64 ],
[ 1, 2, 4, 7, 8, 9, 13, 18, 20, 23, 24, 28, 29, 32, 33, 34, 35, 36, 37, 38, 
  40, 42, 43, 49, 50, 51, 56, 57 ],
[ 1, 2, 4, 7, 8, 9, 13, 18, 20, 23, 24, 28, 29, 30, 31, 32, 33, 34, 35, 38, 
  40, 42, 43, 51, 53, 54, 56, 57 ],
[ 1, 2, 4, 7, 8, 9, 13, 18, 19, 22, 23, 24, 28, 30, 31, 32, 33, 34, 35, 36, 
  39, 42, 43, 50, 54, 55, 56, 62 ],
[ 1, 2, 4, 7, 8, 9, 13, 18, 19, 20, 23, 24, 28, 31, 32, 33, 34, 35, 36, 38, 
  41, 42, 43, 49, 50, 52, 54, 63 ],
[ 1, 2, 4, 7, 8, 9, 13, 18, 19, 20, 23, 24, 28, 30, 31, 32, 33, 34, 35, 38, 
  41, 42, 43, 50, 53, 54, 56, 62 ],
[ 1, 2, 4, 7, 8, 9, 13, 18, 19, 20, 22, 23, 24, 28, 31, 32, 33, 34, 35, 36, 
  43, 49, 50, 52, 54, 55, 56, 57 ],
[ 1, 2, 4, 7, 8, 9, 13, 17, 20, 23, 25, 27, 29, 31, 33, 34, 35, 36, 37, 38, 
  41, 42, 44, 49, 50, 51, 56, 57 ],
[ 1, 2, 4, 7, 8, 9, 13, 17, 20, 23, 25, 27, 29, 30, 31, 32, 33, 34, 35, 37, 
  41, 42, 44, 50, 53, 55, 56, 57 ],
[ 1, 2, 4, 7, 8, 9, 13, 17, 19, 21, 23, 25, 27, 30, 31, 32, 33, 34, 35, 36, 
  39, 42, 44, 51, 54, 55, 56, 62 ],
[ 1, 2, 4, 7, 8, 9, 13, 17, 19, 20, 23, 25, 27, 31, 32, 33, 34, 35, 36, 37, 
  40, 42, 44, 49, 51, 52, 55, 63 ],
[ 1, 2, 4, 7, 8, 9, 13, 17, 19, 20, 23, 25, 27, 30, 31, 32, 33, 34, 35, 37, 
  40, 42, 44, 51, 53, 55, 56, 62 ],
[ 1, 2, 4, 7, 8, 9, 13, 17, 19, 20, 21, 23, 25, 27, 31, 32, 33, 34, 35, 36, 
  44, 49, 51, 52, 54, 55, 56, 57 ],
[ 1, 2, 4, 7, 8, 9, 13, 16, 18, 21, 23, 24, 28, 29, 30, 31, 32, 33, 34, 36, 
  39, 42, 43, 51, 54, 55, 57, 63 ],
[ 1, 2, 4, 7, 8, 9, 13, 16, 18, 20, 23, 24, 28, 29, 30, 31, 32, 33, 34, 37, 
  40, 42, 43, 51, 53, 55, 57, 63 ],
[ 1, 2, 4, 7, 8, 9, 13, 16, 18, 19, 23, 24, 28, 30, 31, 32, 33, 34, 36, 37, 
  39, 41, 43, 50, 55, 56, 57, 62 ],
[ 1, 2, 4, 7, 8, 9, 13, 16, 18, 19, 20, 23, 24, 28, 31, 33, 34, 36, 37, 38, 
  41, 42, 43, 49, 50, 51, 62, 63 ],
[ 1, 2, 4, 7, 8, 9, 13, 16, 18, 19, 20, 23, 24, 28, 30, 31, 32, 33, 34, 37, 
  41, 42, 43, 50, 53, 55, 62, 63 ],
[ 1, 2, 4, 7, 8, 9, 13, 16, 18, 19, 20, 22, 23, 24, 28, 31, 33, 34, 36, 37, 
  43, 49, 50, 51, 55, 56, 57, 62 ],
[ 1, 2, 4, 7, 8, 9, 13, 16, 17, 22, 23, 25, 27, 29, 30, 31, 32, 33, 34, 36, 
  39, 42, 44, 50, 54, 55, 57, 63 ],
[ 1, 2, 4, 7, 8, 9, 13, 16, 17, 20, 23, 25, 27, 29, 30, 31, 32, 33, 34, 38, 
  41, 42, 44, 50, 53, 54, 57, 63 ],
[ 1, 2, 4, 7, 8, 9, 13, 16, 17, 19, 23, 25, 27, 30, 32, 33, 34, 36, 37, 38, 
  39, 40, 44, 50, 51, 52, 57, 63 ],
[ 1, 2, 4, 7, 8, 9, 13, 16, 17, 19, 23, 25, 27, 30, 31, 32, 33, 34, 36, 38, 
  39, 40, 44, 51, 54, 56, 57, 62 ],
[ 1, 2, 4, 7, 8, 9, 13, 16, 17, 19, 20, 23, 25, 27, 32, 33, 34, 36, 37, 38, 
  40, 42, 44, 49, 50, 51, 62, 63 ],
[ 1, 2, 4, 7, 8, 9, 13, 16, 17, 19, 20, 23, 25, 27, 30, 31, 32, 33, 34, 38, 
  40, 42, 44, 51, 53, 54, 62, 63 ],
[ 1, 2, 4, 7, 8, 9, 13, 15, 17, 22, 23, 25, 27, 29, 30, 31, 32, 33, 35, 37, 
  39, 42, 44, 50, 53, 55, 57, 63 ],
[ 1, 2, 4, 7, 8, 9, 13, 15, 17, 19, 23, 25, 27, 30, 31, 32, 33, 35, 37, 38, 
  39, 40, 44, 51, 53, 56, 57, 62 ],
[ 1, 2, 4, 7, 8, 9, 13, 15, 17, 19, 21, 23, 25, 27, 30, 31, 32, 33, 35, 38, 
  39, 42, 44, 51, 53, 54, 62, 63 ],
[ 1, 2, 4, 7, 8, 9, 13, 15, 17, 19, 20, 21, 23, 25, 27, 31, 32, 33, 35, 38, 
  44, 49, 51, 52, 53, 54, 57, 63 ],
[ 1, 2, 4, 7, 8, 9, 13, 15, 17, 18, 20, 23, 27, 28, 29, 32, 33, 35, 36, 37, 
  39, 42, 47, 51, 55, 56, 59, 62 ],
[ 1, 2, 4, 7, 8, 9, 13, 15, 17, 18, 20, 23, 27, 28, 29, 31, 33, 35, 36, 37, 
  39, 42, 48, 50, 55, 56, 60, 62 ],
[ 1, 2, 4, 7, 8, 9, 13, 15, 17, 18, 19, 21, 22, 23, 27, 28, 30, 33, 35, 36, 
  37, 49, 50, 51, 55, 56, 61, 64 ],
[ 1, 2, 4, 7, 8, 9, 13, 15, 16, 17, 20, 23, 25, 27, 29, 31, 33, 38, 41, 42, 
  44, 49, 50, 51, 53, 54, 56, 57 ],
[ 1, 2, 4, 7, 8, 9, 13, 15, 16, 17, 19, 23, 25, 27, 30, 32, 33, 37, 39, 40, 
  44, 50, 51, 52, 53, 55, 56, 57 ],
[ 1, 2, 4, 7, 8, 9, 13, 15, 16, 17, 19, 20, 23, 25, 27, 32, 33, 37, 40, 42, 
  44, 49, 50, 51, 53, 55, 56, 62 ],
[ 1, 2, 4, 7, 8, 9, 13, 15, 16, 17, 19, 20, 23, 25, 27, 31, 32, 33, 40, 42, 
  44, 49, 51, 52, 53, 54, 55, 63 ],
[ 1, 2, 4, 7, 8, 9, 13, 15, 16, 17, 18, 20, 23, 27, 28, 29, 32, 33, 36, 38, 
  39, 42, 47, 51, 54, 59, 62, 63 ],
[ 1, 2, 4, 7, 8, 9, 13, 15, 16, 17, 18, 20, 23, 27, 28, 29, 31, 33, 36, 38, 
  39, 42, 48, 50, 54, 60, 62, 63 ],
[ 1, 2, 4, 7, 8, 9, 13, 15, 16, 17, 18, 19, 21, 22, 23, 27, 28, 30, 33, 36, 
  38, 49, 50, 51, 54, 61, 63, 64 ],
[ 1, 2, 4, 7, 8, 9, 13, 14, 18, 21, 23, 24, 28, 29, 30, 31, 32, 34, 35, 38, 
  39, 42, 43, 51, 53, 54, 57, 63 ],
[ 1, 2, 4, 7, 8, 9, 13, 14, 18, 19, 20, 22, 23, 24, 28, 31, 34, 35, 37, 38, 
  43, 49, 50, 51, 53, 56, 57, 62 ],
[ 1, 2, 4, 7, 8, 9, 13, 14, 18, 19, 20, 22, 23, 24, 28, 31, 32, 34, 35, 37, 
  43, 49, 50, 52, 53, 55, 57, 63 ],
[ 1, 2, 4, 7, 8, 9, 13, 14, 16, 18, 20, 23, 24, 28, 29, 32, 34, 37, 40, 42, 
  43, 49, 50, 51, 53, 55, 56, 57 ],
[ 1, 2, 4, 7, 8, 9, 13, 14, 16, 18, 19, 20, 23, 24, 28, 31, 34, 38, 41, 42, 
  43, 49, 50, 51, 53, 54, 56, 62 ],
[ 1, 2, 4, 7, 8, 9, 13, 14, 16, 18, 19, 20, 23, 24, 28, 31, 32, 34, 41, 42, 
  43, 49, 50, 52, 53, 54, 55, 63 ],
[ 1, 2, 4, 7, 8, 9, 12, 13, 18, 21, 23, 24, 28, 30, 32, 33, 34, 35, 36, 37, 
  39, 42, 43, 50, 51, 55, 57, 63 ],
[ 1, 2, 4, 7, 8, 9, 12, 13, 17, 22, 23, 25, 27, 30, 31, 33, 34, 35, 36, 38, 
  39, 42, 44, 50, 51, 54, 57, 63 ],
[ 1, 2, 4, 7, 8, 9, 12, 13, 15, 17, 22, 23, 25, 27, 30, 31, 33, 35, 39, 42, 
  44, 50, 51, 53, 54, 55, 56, 57 ],
[ 1, 2, 4, 7, 8, 9, 12, 13, 14, 18, 21, 23, 24, 28, 30, 32, 34, 35, 39, 42, 
  43, 50, 51, 53, 54, 55, 56, 57 ],
[ 1, 2, 4, 7, 8, 9, 11, 13, 17, 18, 20, 23, 27, 29, 31, 33, 34, 35, 36, 37, 
  39, 42, 48, 50, 52, 55, 60, 63 ],
[ 1, 2, 4, 7, 8, 9, 11, 13, 17, 18, 19, 23, 27, 31, 33, 34, 35, 36, 37, 38, 
  40, 41, 46, 51, 52, 56, 58, 62 ],
[ 1, 2, 4, 7, 8, 9, 11, 13, 17, 18, 19, 21, 22, 23, 27, 31, 33, 34, 35, 36, 
  46, 51, 52, 54, 55, 56, 58, 62 ],
[ 1, 2, 4, 7, 8, 9, 11, 13, 17, 18, 19, 21, 22, 23, 27, 30, 31, 33, 34, 35, 
  36, 49, 51, 54, 55, 56, 61, 64 ],
[ 1, 2, 4, 7, 8, 9, 11, 13, 16, 17, 22, 23, 27, 28, 29, 30, 32, 33, 34, 36, 
  39, 42, 47, 54, 55, 57, 59, 63 ],
[ 1, 2, 4, 7, 8, 9, 11, 13, 16, 17, 18, 19, 21, 22, 23, 27, 32, 33, 34, 36, 
  46, 50, 52, 54, 55, 58, 62, 63 ],
[ 1, 2, 4, 7, 8, 9, 11, 13, 16, 17, 18, 19, 21, 22, 23, 27, 30, 32, 33, 34, 
  36, 49, 50, 54, 55, 61, 63, 64 ],
[ 1, 2, 4, 7, 8, 9, 11, 13, 15, 17, 22, 23, 27, 28, 29, 33, 35, 36, 37, 38, 
  39, 42, 47, 49, 51, 57, 59, 63 ],
[ 1, 2, 4, 7, 8, 9, 11, 13, 15, 17, 22, 23, 27, 28, 29, 30, 32, 33, 35, 37, 
  39, 42, 47, 53, 55, 57, 59, 63 ],
[ 1, 2, 4, 7, 8, 9, 11, 13, 15, 17, 18, 19, 21, 22, 23, 27, 31, 33, 35, 38, 
  46, 51, 52, 53, 54, 58, 62, 63 ],
[ 1, 2, 4, 7, 8, 9, 11, 13, 15, 17, 18, 19, 21, 22, 23, 27, 30, 32, 33, 35, 
  37, 49, 50, 53, 55, 61, 63, 64 ],
[ 1, 2, 4, 7, 8, 9, 11, 13, 15, 17, 18, 19, 21, 22, 23, 27, 30, 31, 33, 35, 
  38, 49, 51, 53, 54, 61, 63, 64 ],
[ 1, 2, 4, 7, 8, 9, 11, 13, 15, 16, 17, 18, 20, 23, 27, 29, 31, 33, 39, 42, 
  48, 50, 52, 53, 54, 55, 60, 63 ],
[ 1, 2, 4, 7, 8, 9, 11, 13, 15, 16, 17, 18, 19, 23, 27, 31, 33, 38, 40, 41, 
  46, 51, 52, 53, 54, 56, 58, 62 ],
[ 1, 2, 4, 7, 8, 9, 11, 12, 13, 17, 22, 23, 27, 28, 30, 33, 34, 35, 36, 38, 
  39, 42, 47, 51, 54, 57, 59, 63 ],
[ 1, 2, 4, 7, 8, 9, 11, 12, 13, 17, 20, 23, 27, 28, 32, 33, 34, 35, 36, 38, 
  41, 42, 47, 49, 54, 57, 59, 63 ],
[ 1, 2, 4, 7, 8, 9, 11, 12, 13, 17, 18, 22, 23, 27, 31, 33, 34, 35, 36, 38, 
  41, 42, 46, 50, 54, 58, 62, 63 ],
[ 1, 2, 4, 7, 8, 9, 11, 12, 13, 17, 18, 20, 23, 27, 32, 33, 34, 35, 36, 38, 
  39, 42, 47, 51, 54, 59, 62, 63 ],
[ 1, 2, 4, 7, 8, 9, 11, 12, 13, 15, 17, 22, 23, 27, 28, 30, 33, 35, 39, 42, 
  47, 51, 53, 54, 55, 56, 57, 59 ],
[ 1, 2, 4, 7, 8, 9, 11, 12, 13, 15, 17, 20, 23, 27, 28, 32, 33, 35, 41, 42, 
  47, 49, 53, 54, 55, 56, 57, 59 ],
[ 1, 2, 4, 7, 8, 9, 11, 12, 13, 15, 17, 18, 22, 23, 27, 31, 33, 35, 41, 42, 
  46, 50, 53, 54, 55, 56, 58, 62 ],
[ 1, 2, 4, 7, 8, 9, 11, 12, 13, 15, 17, 18, 20, 23, 27, 32, 33, 35, 39, 42, 
  47, 51, 53, 54, 55, 56, 59, 62 ],
[ 1, 2, 4, 6, 9, 10, 12, 13, 16, 17, 19, 22, 23, 27, 29, 30, 33, 34, 36, 37, 
  41, 42, 49, 55, 56, 58, 59, 60 ],
[ 1, 2, 4, 6, 9, 10, 12, 13, 15, 16, 17, 19, 22, 23, 27, 29, 30, 33, 37, 38, 
  41, 42, 49, 53, 58, 59, 60, 63 ],
[ 1, 2, 4, 6, 8, 9, 13, 18, 19, 21, 23, 24, 29, 30, 31, 32, 33, 34, 35, 38, 
  41, 42, 43, 49, 53, 54, 56, 62 ],
[ 1, 2, 4, 6, 8, 9, 13, 18, 19, 21, 22, 23, 24, 29, 30, 31, 33, 34, 35, 38, 
  43, 49, 51, 52, 53, 54, 56, 57 ],
[ 1, 2, 4, 6, 8, 9, 13, 17, 18, 21, 23, 26, 27, 30, 31, 32, 33, 34, 35, 36, 
  39, 42, 45, 51, 54, 55, 56, 62 ],
[ 1, 2, 4, 6, 8, 9, 13, 17, 18, 20, 21, 23, 26, 27, 31, 32, 33, 34, 35, 36, 
  45, 49, 51, 52, 54, 55, 56, 57 ],
[ 1, 2, 4, 6, 8, 9, 13, 16, 17, 18, 19, 20, 22, 23, 27, 29, 31, 33, 34, 36, 
  37, 49, 50, 51, 55, 56, 61, 64 ],
[ 1, 2, 4, 6, 8, 9, 13, 15, 18, 19, 21, 23, 24, 29, 30, 31, 32, 33, 35, 36, 
  41, 42, 43, 49, 54, 55, 62, 63 ],
[ 1, 2, 4, 6, 8, 9, 13, 15, 18, 19, 21, 22, 23, 24, 29, 30, 31, 33, 35, 36, 
  43, 49, 51, 52, 54, 55, 57, 63 ],
[ 1, 2, 4, 6, 8, 9, 13, 15, 17, 18, 21, 23, 26, 27, 30, 31, 32, 33, 35, 38, 
  39, 42, 45, 51, 53, 54, 62, 63 ],
[ 1, 2, 4, 6, 8, 9, 13, 15, 17, 18, 20, 21, 23, 26, 27, 31, 32, 33, 35, 38, 
  45, 49, 51, 52, 53, 54, 57, 63 ],
[ 1, 2, 4, 6, 8, 9, 13, 15, 16, 17, 18, 19, 20, 22, 23, 27, 29, 31, 33, 37, 
  38, 49, 50, 51, 53, 61, 63, 64 ],
[ 1, 2, 4, 6, 8, 9, 12, 13, 17, 19, 20, 23, 27, 28, 31, 33, 34, 35, 36, 37, 
  39, 42, 48, 50, 52, 55, 60, 63 ],
[ 1, 2, 4, 6, 8, 9, 12, 13, 16, 17, 18, 19, 20, 22, 23, 27, 32, 33, 34, 36, 
  47, 49, 52, 54, 55, 59, 62, 63 ],
[ 1, 2, 4, 6, 8, 9, 12, 13, 15, 17, 18, 19, 23, 27, 32, 33, 35, 36, 37, 38, 
  39, 41, 47, 49, 52, 59, 62, 63 ],
[ 1, 2, 4, 6, 8, 9, 12, 13, 15, 16, 17, 19, 20, 23, 27, 28, 31, 33, 39, 42, 
  48, 50, 52, 53, 54, 55, 60, 63 ],
[ 1, 2, 4, 6, 8, 9, 11, 12, 13, 17, 22, 23, 27, 29, 31, 33, 34, 35, 37, 38, 
  40, 42, 46, 51, 53, 57, 58, 63 ],
[ 1, 2, 4, 6, 8, 9, 11, 12, 13, 17, 21, 23, 27, 29, 32, 33, 34, 35, 37, 38, 
  41, 42, 46, 50, 53, 57, 58, 63 ],
[ 1, 2, 4, 6, 8, 9, 11, 12, 13, 17, 19, 21, 23, 27, 32, 33, 34, 35, 37, 38, 
  40, 42, 46, 51, 53, 58, 62, 63 ],
[ 1, 2, 4, 6, 7, 9, 13, 18, 19, 20, 23, 24, 28, 30, 31, 32, 33, 34, 35, 38, 
  39, 45, 47, 50, 53, 54, 56, 62 ],
[ 1, 2, 4, 6, 7, 9, 13, 18, 19, 20, 23, 24, 26, 28, 31, 32, 33, 34, 35, 36, 
  39, 49, 50, 52, 54, 55, 56, 59 ],
[ 1, 2, 4, 6, 7, 9, 13, 18, 19, 20, 23, 24, 26, 28, 30, 31, 33, 34, 35, 38, 
  39, 50, 51, 52, 53, 54, 56, 59 ],
[ 1, 2, 4, 6, 7, 9, 13, 16, 18, 19, 20, 23, 28, 30, 31, 33, 34, 36, 37, 38, 
  39, 43, 45, 50, 51, 52, 59, 63 ],
[ 1, 2, 4, 6, 7, 9, 13, 16, 18, 19, 20, 23, 28, 30, 31, 32, 33, 34, 36, 37, 
  39, 43, 45, 50, 55, 56, 59, 62 ],
[ 1, 2, 4, 6, 7, 9, 13, 16, 18, 19, 20, 23, 27, 29, 30, 31, 32, 33, 34, 36, 
  37, 39, 44, 50, 55, 56, 59, 64 ],
[ 1, 2, 4, 6, 7, 9, 13, 16, 18, 19, 20, 23, 24, 28, 31, 33, 34, 36, 37, 38, 
  39, 45, 47, 49, 50, 51, 62, 63 ],
[ 1, 2, 4, 6, 7, 9, 13, 16, 18, 19, 20, 23, 24, 28, 30, 31, 32, 33, 34, 37, 
  39, 45, 47, 50, 53, 55, 62, 63 ],
[ 1, 2, 4, 6, 7, 9, 13, 16, 18, 19, 20, 23, 24, 26, 28, 31, 33, 34, 36, 37, 
  39, 49, 50, 51, 55, 56, 59, 62 ],
[ 1, 2, 4, 6, 7, 9, 13, 16, 18, 19, 20, 23, 24, 26, 28, 30, 31, 33, 34, 37, 
  39, 50, 51, 52, 53, 55, 59, 63 ],
[ 1, 2, 4, 6, 7, 9, 13, 14, 18, 19, 20, 23, 28, 31, 32, 34, 35, 36, 37, 38, 
  39, 43, 45, 49, 50, 52, 59, 63 ],
[ 1, 2, 4, 6, 7, 9, 13, 14, 18, 19, 20, 23, 28, 30, 31, 32, 34, 35, 37, 38, 
  39, 43, 45, 50, 53, 56, 59, 62 ],
[ 1, 2, 4, 6, 7, 9, 13, 14, 18, 19, 20, 23, 24, 26, 28, 31, 34, 35, 37, 38, 
  39, 49, 50, 51, 53, 56, 59, 62 ],
[ 1, 2, 4, 6, 7, 9, 13, 14, 18, 19, 20, 23, 24, 26, 28, 31, 32, 34, 35, 37, 
  39, 49, 50, 52, 53, 55, 59, 63 ],
[ 1, 2, 4, 6, 7, 9, 13, 14, 16, 18, 19, 20, 23, 28, 31, 32, 34, 36, 39, 43, 
  45, 49, 50, 52, 54, 55, 56, 59 ],
[ 1, 2, 4, 6, 7, 9, 13, 14, 16, 18, 19, 20, 23, 28, 30, 31, 34, 38, 39, 43, 
  45, 50, 51, 52, 53, 54, 56, 59 ],
[ 1, 2, 4, 6, 7, 9, 13, 14, 16, 18, 19, 20, 23, 24, 28, 31, 34, 38, 39, 45, 
  47, 49, 50, 51, 53, 54, 56, 62 ],
[ 1, 2, 4, 6, 7, 9, 12, 13, 15, 18, 19, 20, 23, 27, 31, 32, 33, 35, 36, 37, 
  38, 39, 44, 49, 50, 59, 63, 64 ],
[ 1, 2, 4, 6, 7, 9, 12, 13, 15, 16, 18, 19, 20, 23, 27, 31, 32, 33, 36, 39, 
  44, 49, 50, 54, 55, 56, 59, 64 ],
[ 1, 2, 4, 6, 7, 9, 10, 12, 13, 16, 17, 22, 23, 27, 29, 30, 33, 34, 36, 38, 
  41, 49, 54, 56, 57, 58, 59, 60 ],
[ 1, 2, 4, 6, 7, 8, 9, 13, 16, 17, 19, 22, 23, 27, 28, 30, 33, 34, 36, 37, 
  38, 40, 49, 50, 51, 61, 63, 64 ],
[ 1, 2, 4, 6, 7, 8, 9, 13, 16, 17, 19, 22, 23, 27, 28, 30, 31, 32, 33, 34, 
  36, 40, 49, 54, 55, 61, 63, 64 ],
[ 1, 2, 4, 6, 7, 8, 9, 13, 16, 17, 18, 22, 23, 27, 29, 30, 31, 32, 33, 34, 
  36, 39, 50, 54, 55, 61, 63, 64 ],
[ 1, 2, 4, 6, 7, 8, 9, 13, 15, 17, 19, 22, 23, 27, 28, 30, 31, 32, 33, 35, 
  37, 40, 49, 53, 55, 61, 63, 64 ],
[ 1, 2, 4, 6, 7, 8, 9, 13, 15, 17, 18, 22, 23, 27, 29, 31, 33, 35, 36, 37, 
  38, 39, 49, 50, 51, 61, 63, 64 ],
[ 1, 2, 4, 6, 7, 8, 9, 13, 15, 17, 18, 22, 23, 27, 29, 30, 31, 32, 33, 35, 
  37, 39, 50, 53, 55, 61, 63, 64 ],
[ 1, 2, 4, 6, 7, 8, 9, 13, 15, 16, 17, 19, 22, 23, 27, 28, 30, 33, 37, 40, 
  49, 50, 51, 53, 55, 56, 61, 64 ],
[ 1, 2, 4, 6, 7, 8, 9, 13, 15, 16, 17, 18, 22, 23, 27, 29, 31, 33, 36, 39, 
  49, 50, 51, 54, 55, 56, 61, 64 ],
[ 1, 2, 4, 6, 7, 8, 9, 12, 13, 17, 18, 22, 23, 27, 30, 33, 34, 35, 36, 38, 
  39, 47, 51, 52, 54, 59, 62, 63 ],
[ 1, 2, 4, 6, 7, 8, 9, 12, 13, 15, 17, 18, 22, 23, 27, 30, 33, 35, 39, 47, 
  51, 52, 53, 54, 55, 56, 59, 62 ],
[ 1, 2, 4, 6, 7, 8, 9, 11, 13, 17, 22, 23, 27, 29, 31, 33, 34, 35, 37, 38, 
  41, 46, 50, 52, 53, 57, 58, 63 ],
[ 1, 2, 4, 6, 7, 8, 9, 11, 13, 17, 19, 22, 23, 27, 31, 33, 34, 35, 37, 38, 
  40, 46, 51, 52, 53, 58, 62, 63 ],
[ 1, 2, 4, 5, 9, 11, 12, 13, 17, 19, 22, 23, 24, 28, 29, 33, 34, 35, 37, 38, 
  40, 42, 44, 46, 52, 53, 62, 63 ],
[ 1, 2, 4, 5, 9, 11, 12, 13, 17, 19, 22, 23, 24, 25, 28, 29, 33, 34, 35, 37, 
  40, 42, 52, 53, 55, 56, 58, 62 ],
[ 1, 2, 4, 5, 9, 11, 12, 13, 17, 18, 22, 23, 24, 28, 29, 33, 34, 35, 36, 38, 
  39, 42, 45, 47, 52, 54, 62, 63 ],
[ 1, 2, 4, 5, 9, 11, 12, 13, 17, 18, 22, 23, 24, 26, 28, 29, 33, 34, 35, 36, 
  39, 42, 52, 54, 55, 56, 59, 62 ],
[ 1, 2, 4, 5, 9, 11, 12, 13, 17, 18, 19, 23, 24, 28, 29, 33, 34, 35, 36, 37, 
  38, 39, 40, 48, 52, 56, 62, 64 ],
[ 1, 2, 4, 5, 9, 11, 12, 13, 16, 17, 18, 23, 24, 28, 29, 33, 34, 36, 37, 38, 
  39, 41, 45, 47, 52, 57, 62, 63 ],
[ 1, 2, 4, 5, 9, 11, 12, 13, 16, 17, 18, 20, 23, 28, 29, 33, 34, 36, 37, 38, 
  41, 42, 43, 45, 52, 59, 62, 63 ],
[ 1, 2, 4, 5, 9, 11, 12, 13, 16, 17, 18, 19, 23, 24, 28, 29, 33, 34, 36, 38, 
  39, 40, 52, 54, 56, 60, 61, 62 ],
[ 1, 2, 4, 5, 9, 11, 12, 13, 16, 17, 18, 19, 20, 21, 23, 28, 29, 33, 34, 36, 
  38, 43, 52, 54, 56, 60, 62, 64 ],
[ 1, 2, 4, 5, 9, 11, 12, 13, 15, 17, 19, 23, 24, 28, 29, 33, 35, 36, 37, 38, 
  40, 41, 44, 46, 52, 57, 62, 63 ],
[ 1, 2, 4, 5, 9, 11, 12, 13, 15, 17, 19, 23, 24, 25, 28, 29, 33, 35, 36, 37, 
  40, 41, 52, 55, 56, 57, 58, 62 ],
[ 1, 2, 4, 5, 9, 11, 12, 13, 15, 17, 19, 21, 22, 23, 28, 29, 33, 35, 36, 37, 
  43, 44, 52, 55, 56, 57, 58, 62 ],
[ 1, 2, 4, 5, 9, 11, 12, 13, 14, 17, 19, 23, 24, 25, 28, 29, 34, 35, 36, 38, 
  40, 41, 52, 54, 56, 57, 58, 62 ],
[ 1, 2, 4, 5, 9, 11, 12, 13, 14, 17, 19, 22, 23, 28, 29, 34, 35, 36, 37, 38, 
  40, 42, 43, 44, 52, 58, 62, 63 ],
[ 1, 2, 4, 5, 9, 11, 12, 13, 14, 17, 19, 22, 23, 24, 25, 28, 29, 34, 35, 36, 
  40, 42, 52, 54, 55, 58, 62, 63 ],
[ 1, 2, 4, 5, 9, 11, 12, 13, 14, 17, 19, 21, 22, 23, 28, 29, 34, 35, 36, 38, 
  43, 44, 52, 54, 56, 57, 58, 62 ],
[ 1, 2, 4, 5, 9, 11, 12, 13, 14, 17, 18, 22, 23, 24, 26, 28, 29, 34, 35, 37, 
  39, 42, 52, 53, 55, 59, 62, 63 ],
[ 1, 2, 4, 5, 9, 11, 12, 13, 14, 16, 17, 18, 23, 24, 28, 29, 34, 38, 39, 41, 
  45, 47, 52, 53, 54, 56, 57, 62 ],
[ 1, 2, 4, 5, 9, 11, 12, 13, 14, 16, 17, 18, 22, 23, 28, 29, 34, 36, 39, 42, 
  43, 45, 52, 54, 55, 56, 59, 62 ],
[ 1, 2, 4, 5, 9, 11, 12, 13, 14, 16, 17, 18, 22, 23, 24, 28, 29, 34, 39, 42, 
  45, 47, 52, 53, 54, 55, 62, 63 ],
[ 1, 2, 4, 5, 9, 11, 12, 13, 14, 16, 17, 18, 20, 23, 28, 29, 34, 38, 41, 42, 
  43, 45, 52, 53, 54, 56, 59, 62 ],
[ 1, 2, 4, 5, 9, 11, 12, 13, 14, 16, 17, 18, 19, 23, 24, 28, 29, 34, 37, 39, 
  40, 48, 52, 53, 55, 56, 62, 64 ],
[ 1, 2, 4, 5, 9, 11, 12, 13, 14, 16, 17, 18, 19, 23, 24, 28, 29, 34, 37, 38, 
  39, 40, 52, 53, 60, 61, 62, 63 ],
[ 1, 2, 4, 5, 9, 11, 12, 13, 14, 16, 17, 18, 19, 20, 21, 23, 28, 29, 34, 37, 
  38, 43, 52, 53, 60, 62, 63, 64 ],
[ 1, 2, 4, 5, 9, 11, 12, 13, 14, 15, 17, 19, 23, 24, 28, 29, 35, 38, 40, 41, 
  44, 46, 52, 53, 54, 56, 57, 62 ],
[ 1, 2, 4, 5, 9, 11, 12, 13, 14, 15, 17, 19, 22, 23, 24, 28, 29, 35, 40, 42, 
  44, 46, 52, 53, 54, 55, 62, 63 ],
[ 1, 2, 4, 5, 8, 9, 13, 17, 19, 22, 23, 25, 29, 30, 31, 32, 33, 34, 35, 37, 
  40, 42, 44, 49, 53, 55, 56, 62 ],
[ 1, 2, 4, 5, 8, 9, 13, 17, 19, 21, 23, 25, 29, 30, 31, 32, 33, 34, 35, 38, 
  41, 42, 44, 49, 53, 54, 56, 62 ],
[ 1, 2, 4, 5, 8, 9, 13, 17, 19, 21, 22, 23, 25, 29, 30, 32, 33, 34, 35, 37, 
  44, 49, 50, 52, 53, 55, 56, 57 ],
[ 1, 2, 4, 5, 8, 9, 13, 17, 18, 22, 23, 26, 28, 30, 31, 32, 33, 34, 35, 36, 
  39, 42, 45, 50, 54, 55, 56, 62 ],
[ 1, 2, 4, 5, 8, 9, 13, 17, 18, 20, 23, 26, 28, 31, 32, 33, 34, 35, 36, 38, 
  41, 42, 45, 49, 50, 52, 54, 63 ],
[ 1, 2, 4, 5, 8, 9, 13, 17, 18, 20, 22, 23, 26, 28, 31, 32, 33, 34, 35, 36, 
  45, 49, 50, 52, 54, 55, 56, 57 ],
[ 1, 2, 4, 5, 8, 9, 13, 16, 17, 18, 19, 23, 28, 29, 30, 31, 32, 33, 34, 36, 
  38, 39, 40, 51, 54, 56, 61, 64 ],
[ 1, 2, 4, 5, 8, 9, 13, 16, 17, 18, 19, 20, 21, 23, 28, 29, 32, 33, 34, 36, 
  38, 49, 50, 51, 54, 56, 61, 64 ],
[ 1, 2, 4, 5, 8, 9, 13, 15, 17, 19, 23, 25, 29, 30, 31, 32, 33, 35, 36, 37, 
  40, 41, 44, 49, 55, 56, 57, 62 ],
[ 1, 2, 4, 5, 8, 9, 13, 15, 17, 19, 21, 22, 23, 25, 29, 30, 33, 35, 36, 37, 
  44, 49, 50, 51, 55, 56, 57, 62 ],
[ 1, 2, 4, 5, 8, 9, 13, 14, 17, 19, 23, 25, 29, 30, 31, 32, 34, 35, 36, 38, 
  40, 41, 44, 49, 54, 56, 57, 62 ],
[ 1, 2, 4, 5, 8, 9, 13, 14, 17, 19, 22, 23, 25, 29, 30, 31, 32, 34, 35, 36, 
  40, 42, 44, 49, 54, 55, 62, 63 ],
[ 1, 2, 4, 5, 8, 9, 13, 14, 17, 19, 21, 22, 23, 25, 29, 30, 34, 35, 36, 38, 
  44, 49, 50, 51, 54, 56, 57, 62 ],
[ 1, 2, 4, 5, 8, 9, 13, 14, 17, 19, 21, 22, 23, 25, 29, 30, 32, 34, 35, 36, 
  44, 49, 50, 52, 54, 55, 57, 63 ],
[ 1, 2, 4, 5, 8, 9, 13, 14, 17, 18, 22, 23, 26, 28, 30, 31, 32, 34, 35, 37, 
  39, 42, 45, 50, 53, 55, 62, 63 ],
[ 1, 2, 4, 5, 8, 9, 13, 14, 17, 18, 20, 22, 23, 26, 28, 31, 32, 34, 35, 37, 
  45, 49, 50, 52, 53, 55, 57, 63 ],
[ 1, 2, 4, 5, 8, 9, 12, 13, 17, 18, 22, 23, 28, 29, 30, 33, 34, 35, 36, 38, 
  39, 42, 47, 51, 52, 54, 59, 63 ],
[ 1, 2, 4, 5, 8, 9, 12, 13, 17, 18, 20, 23, 28, 29, 32, 33, 34, 35, 36, 38, 
  41, 42, 47, 49, 52, 54, 59, 63 ],
[ 1, 2, 4, 5, 8, 9, 12, 13, 17, 18, 20, 22, 23, 28, 29, 32, 33, 34, 35, 36, 
  47, 49, 52, 54, 55, 56, 57, 59 ],
[ 1, 2, 4, 5, 8, 9, 12, 13, 17, 18, 20, 22, 23, 28, 29, 30, 33, 34, 35, 38, 
  47, 51, 52, 53, 54, 56, 57, 59 ],
[ 1, 2, 4, 5, 8, 9, 12, 13, 17, 18, 19, 23, 28, 30, 33, 34, 35, 36, 37, 38, 
  39, 40, 48, 50, 52, 56, 60, 62 ],
[ 1, 2, 4, 5, 8, 9, 12, 13, 17, 18, 19, 20, 21, 23, 28, 30, 33, 34, 35, 38, 
  48, 50, 52, 53, 54, 56, 60, 62 ],
[ 1, 2, 4, 5, 8, 9, 12, 13, 16, 17, 18, 20, 23, 28, 29, 33, 34, 36, 37, 38, 
  41, 42, 47, 49, 51, 59, 62, 63 ],
[ 1, 2, 4, 5, 8, 9, 12, 13, 16, 17, 18, 20, 22, 23, 28, 29, 30, 33, 34, 37, 
  47, 51, 52, 53, 55, 57, 59, 63 ],
[ 1, 2, 4, 5, 8, 9, 12, 13, 16, 17, 18, 19, 20, 21, 23, 28, 30, 33, 34, 37, 
  48, 50, 52, 53, 55, 60, 62, 63 ],
[ 1, 2, 4, 5, 8, 9, 12, 13, 14, 17, 18, 20, 22, 23, 28, 29, 32, 34, 35, 37, 
  47, 49, 52, 53, 55, 57, 59, 63 ],
[ 1, 2, 4, 5, 8, 9, 12, 13, 14, 16, 17, 18, 22, 23, 28, 29, 30, 34, 39, 42, 
  47, 51, 52, 53, 54, 55, 59, 63 ],
[ 1, 2, 4, 5, 8, 9, 12, 13, 14, 16, 17, 18, 20, 23, 28, 29, 34, 38, 41, 42, 
  47, 49, 51, 53, 54, 56, 59, 62 ],
[ 1, 2, 4, 5, 8, 9, 12, 13, 14, 16, 17, 18, 20, 23, 28, 29, 32, 34, 41, 42, 
  47, 49, 52, 53, 54, 55, 59, 63 ],
[ 1, 2, 4, 5, 8, 9, 12, 13, 14, 16, 17, 18, 19, 23, 28, 30, 34, 37, 39, 40, 
  48, 50, 52, 53, 55, 56, 60, 62 ],
[ 1, 2, 4, 5, 8, 9, 11, 13, 17, 19, 22, 23, 28, 29, 31, 33, 34, 35, 37, 38, 
  40, 42, 46, 51, 52, 53, 58, 63 ],
[ 1, 2, 4, 5, 8, 9, 11, 13, 14, 15, 17, 19, 22, 23, 28, 29, 31, 35, 40, 42, 
  46, 51, 52, 53, 54, 55, 58, 63 ],
[ 1, 2, 4, 5, 7, 9, 13, 16, 17, 19, 20, 23, 28, 29, 30, 31, 32, 33, 34, 36, 
  38, 39, 43, 51, 54, 56, 60, 64 ],
[ 1, 2, 4, 5, 7, 9, 13, 16, 17, 19, 20, 23, 27, 30, 32, 33, 34, 36, 37, 38, 
  39, 44, 45, 50, 51, 52, 60, 63 ],
[ 1, 2, 4, 5, 7, 9, 13, 16, 17, 19, 20, 23, 27, 30, 31, 32, 33, 34, 36, 38, 
  39, 44, 45, 51, 54, 56, 60, 62 ],
[ 1, 2, 4, 5, 7, 9, 13, 15, 17, 19, 22, 23, 29, 30, 31, 32, 33, 35, 36, 37, 
  41, 43, 44, 49, 55, 56, 58, 62 ],
[ 1, 2, 4, 5, 7, 9, 13, 15, 17, 19, 22, 23, 27, 28, 30, 31, 32, 33, 35, 36, 
  37, 41, 45, 49, 55, 56, 58, 64 ],
[ 1, 2, 4, 5, 7, 9, 13, 15, 17, 19, 20, 23, 27, 31, 32, 33, 35, 36, 37, 38, 
  39, 44, 45, 49, 51, 52, 60, 63 ],
[ 1, 2, 4, 5, 7, 9, 13, 15, 16, 17, 19, 20, 23, 27, 31, 32, 33, 36, 39, 44, 
  45, 49, 51, 52, 54, 55, 56, 60 ],
[ 1, 2, 4, 5, 7, 9, 13, 15, 16, 17, 19, 20, 23, 27, 30, 32, 33, 37, 39, 44, 
  45, 50, 51, 52, 53, 55, 56, 60 ],
[ 1, 2, 4, 5, 7, 9, 12, 13, 15, 17, 19, 22, 23, 27, 28, 30, 33, 35, 36, 37, 
  41, 49, 52, 55, 56, 58, 59, 60 ],
[ 1, 2, 4, 5, 7, 9, 12, 13, 15, 17, 19, 20, 23, 27, 28, 32, 33, 35, 36, 37, 
  39, 51, 52, 55, 56, 58, 59, 60 ],
[ 1, 2, 4, 5, 7, 9, 12, 13, 15, 16, 17, 19, 22, 23, 27, 28, 30, 33, 36, 38, 
  41, 49, 52, 54, 58, 59, 60, 63 ],
[ 1, 2, 4, 5, 7, 9, 12, 13, 15, 16, 17, 19, 20, 23, 27, 28, 32, 33, 36, 38, 
  39, 51, 52, 54, 58, 59, 60, 63 ],
[ 1, 2, 4, 5, 7, 9, 12, 13, 14, 17, 19, 20, 23, 28, 31, 32, 34, 35, 36, 37, 
  38, 39, 43, 49, 51, 60, 63, 64 ],
[ 1, 2, 4, 5, 7, 9, 12, 13, 14, 16, 17, 19, 20, 23, 28, 31, 32, 34, 36, 39, 
  43, 49, 51, 54, 55, 56, 60, 64 ],
[ 1, 2, 4, 5, 7, 9, 11, 13, 16, 17, 19, 23, 27, 28, 30, 33, 34, 36, 37, 38, 
  42, 44, 45, 50, 52, 57, 60, 63 ],
[ 1, 2, 4, 5, 7, 9, 11, 13, 16, 17, 19, 22, 23, 27, 29, 30, 33, 34, 36, 37, 
  41, 49, 52, 55, 56, 58, 59, 60 ],
[ 1, 2, 4, 5, 7, 9, 11, 13, 15, 17, 19, 23, 28, 29, 31, 33, 35, 36, 37, 38, 
  42, 43, 44, 51, 52, 57, 58, 63 ],
[ 1, 2, 4, 5, 7, 9, 11, 13, 15, 17, 19, 23, 27, 28, 31, 33, 35, 36, 37, 38, 
  42, 44, 45, 49, 52, 57, 60, 63 ],
[ 1, 2, 4, 5, 7, 9, 11, 13, 15, 16, 17, 19, 23, 27, 28, 31, 33, 36, 42, 44, 
  45, 49, 52, 54, 55, 56, 57, 60 ],
[ 1, 2, 4, 5, 7, 9, 11, 13, 15, 16, 17, 19, 23, 27, 28, 30, 33, 37, 42, 44, 
  45, 50, 52, 53, 55, 56, 57, 60 ],
[ 1, 2, 4, 5, 7, 9, 11, 13, 15, 16, 17, 19, 22, 23, 27, 29, 30, 33, 37, 38, 
  41, 49, 52, 53, 58, 59, 60, 63 ],
[ 1, 2, 4, 5, 7, 9, 11, 13, 14, 15, 17, 19, 23, 28, 29, 31, 35, 38, 42, 43, 
  44, 51, 52, 53, 54, 56, 57, 58 ],
[ 1, 2, 4, 5, 7, 9, 11, 12, 13, 17, 18, 21, 23, 24, 28, 29, 33, 34, 35, 36, 
  37, 39, 48, 52, 55, 62, 63, 64 ],
[ 1, 2, 4, 5, 7, 9, 11, 12, 13, 16, 17, 18, 21, 23, 24, 28, 29, 33, 34, 36, 
  39, 52, 54, 55, 60, 61, 62, 63 ],
[ 1, 2, 4, 5, 7, 9, 11, 12, 13, 15, 17, 19, 23, 27, 28, 32, 33, 35, 36, 37, 
  38, 42, 44, 49, 57, 59, 63, 64 ],
[ 1, 2, 4, 5, 7, 9, 11, 12, 13, 15, 16, 17, 19, 23, 27, 28, 32, 33, 36, 42, 
  44, 49, 54, 55, 56, 57, 59, 64 ],
[ 1, 2, 4, 5, 7, 9, 11, 12, 13, 14, 17, 18, 21, 23, 28, 29, 34, 35, 36, 37, 
  38, 39, 43, 52, 60, 62, 63, 64 ],
[ 1, 2, 4, 5, 7, 9, 11, 12, 13, 14, 17, 18, 21, 23, 24, 28, 29, 34, 35, 39, 
  48, 52, 53, 54, 55, 56, 62, 64 ],
[ 1, 2, 4, 5, 7, 9, 11, 12, 13, 14, 17, 18, 21, 23, 24, 28, 29, 34, 35, 38, 
  39, 52, 53, 54, 60, 61, 62, 63 ],
[ 1, 2, 4, 5, 7, 9, 11, 12, 13, 14, 16, 17, 18, 21, 23, 28, 29, 34, 36, 39, 
  43, 52, 54, 55, 56, 60, 62, 64 ],
[ 1, 2, 4, 5, 7, 8, 9, 13, 16, 17, 18, 21, 23, 28, 29, 30, 31, 32, 33, 34, 
  36, 39, 51, 54, 55, 61, 63, 64 ],
[ 1, 2, 4, 5, 7, 8, 9, 13, 14, 17, 18, 21, 23, 28, 29, 30, 31, 32, 34, 35, 
  38, 39, 51, 53, 54, 61, 63, 64 ],
[ 1, 2, 4, 5, 7, 8, 9, 12, 13, 17, 18, 21, 23, 28, 30, 33, 34, 35, 36, 37, 
  39, 48, 50, 52, 55, 60, 62, 63 ],
[ 1, 2, 4, 5, 7, 8, 9, 12, 13, 14, 17, 18, 21, 23, 28, 30, 34, 35, 39, 48, 
  50, 52, 53, 54, 55, 56, 60, 62 ],
[ 1, 2, 4, 5, 6, 9, 12, 13, 16, 17, 18, 23, 28, 29, 30, 33, 34, 36, 37, 38, 
  42, 43, 45, 51, 52, 57, 59, 63 ],
[ 1, 2, 4, 5, 6, 9, 12, 13, 14, 16, 17, 18, 23, 28, 29, 30, 34, 38, 42, 43, 
  45, 51, 52, 53, 54, 56, 57, 59 ],
[ 1, 2, 3, 4, 9, 12, 13, 15, 18, 19, 20, 21, 22, 23, 27, 29, 30, 33, 37, 41, 
  43, 44, 50, 52, 55, 56, 58, 63 ],
[ 1, 2, 3, 4, 9, 12, 13, 15, 18, 19, 20, 21, 22, 23, 27, 29, 30, 33, 34, 37, 
  41, 43, 50, 52, 53, 56, 60, 64 ],
[ 1, 2, 3, 4, 9, 12, 13, 15, 17, 19, 20, 21, 22, 23, 28, 29, 30, 33, 37, 40, 
  43, 44, 51, 52, 55, 56, 58, 63 ],
[ 1, 2, 3, 4, 9, 12, 13, 15, 17, 19, 20, 21, 22, 23, 28, 29, 30, 33, 34, 37, 
  40, 43, 51, 52, 53, 56, 60, 64 ],
[ 1, 2, 3, 4, 9, 12, 13, 14, 18, 19, 20, 21, 22, 23, 27, 29, 30, 34, 38, 41, 
  43, 44, 50, 52, 54, 56, 58, 63 ],
[ 1, 2, 3, 4, 9, 12, 13, 14, 17, 19, 20, 21, 22, 23, 28, 30, 33, 34, 38, 40, 
  44, 45, 50, 52, 53, 56, 60, 62 ],
[ 1, 2, 3, 4, 9, 12, 13, 14, 17, 19, 20, 21, 22, 23, 28, 29, 30, 34, 38, 40, 
  43, 44, 51, 52, 54, 56, 58, 63 ],
[ 1, 2, 3, 4, 9, 12, 13, 14, 17, 19, 20, 21, 22, 23, 28, 29, 30, 33, 34, 38, 
  40, 44, 51, 52, 53, 56, 59, 64 ],
[ 1, 2, 3, 4, 9, 12, 13, 14, 15, 18, 19, 20, 21, 22, 23, 27, 29, 30, 34, 36, 
  41, 43, 50, 52, 54, 60, 63, 64 ],
[ 1, 2, 3, 4, 9, 12, 13, 14, 15, 17, 19, 20, 21, 22, 23, 28, 30, 33, 36, 40, 
  44, 45, 50, 52, 55, 60, 62, 63 ],
[ 1, 2, 3, 4, 9, 12, 13, 14, 15, 17, 19, 20, 21, 22, 23, 28, 29, 30, 34, 36, 
  40, 43, 51, 52, 54, 60, 63, 64 ],
[ 1, 2, 3, 4, 9, 12, 13, 14, 15, 17, 19, 20, 21, 22, 23, 28, 29, 30, 33, 36, 
  40, 44, 51, 52, 55, 59, 63, 64 ],
[ 1, 2, 3, 4, 9, 11, 12, 13, 15, 17, 18, 20, 21, 22, 23, 27, 29, 32, 33, 37, 
  39, 45, 50, 55, 56, 58, 63, 64 ],
[ 1, 2, 3, 4, 9, 11, 12, 13, 14, 17, 18, 20, 21, 22, 23, 27, 29, 32, 34, 38, 
  39, 45, 50, 54, 56, 58, 63, 64 ],
[ 1, 2, 3, 4, 7, 9, 13, 15, 17, 19, 20, 23, 28, 29, 30, 31, 32, 33, 34, 37, 
  40, 42, 43, 51, 53, 56, 60, 64 ],
[ 1, 2, 3, 4, 7, 9, 13, 15, 17, 18, 20, 23, 28, 29, 30, 31, 32, 33, 37, 39, 
  42, 43, 45, 51, 55, 56, 59, 63 ],
[ 1, 2, 3, 4, 7, 9, 13, 15, 17, 18, 20, 23, 27, 29, 30, 31, 32, 33, 37, 39, 
  42, 44, 45, 50, 55, 56, 60, 63 ],
[ 1, 2, 3, 4, 7, 9, 13, 14, 17, 18, 20, 23, 28, 29, 30, 31, 32, 34, 38, 39, 
  42, 43, 45, 51, 54, 56, 59, 63 ],
[ 1, 2, 3, 4, 7, 9, 13, 14, 17, 18, 20, 23, 27, 29, 30, 31, 32, 34, 38, 39, 
  42, 44, 45, 50, 54, 56, 60, 63 ],
[ 1, 2, 3, 4, 7, 9, 13, 14, 16, 18, 20, 23, 28, 29, 30, 31, 32, 33, 34, 37, 
  40, 42, 43, 51, 53, 57, 60, 64 ],
[ 1, 2, 3, 4, 7, 9, 13, 14, 16, 17, 20, 23, 28, 30, 31, 32, 33, 34, 37, 41, 
  42, 44, 45, 50, 53, 57, 60, 62 ],
[ 1, 2, 3, 4, 7, 9, 13, 14, 15, 18, 20, 23, 28, 29, 30, 31, 32, 33, 35, 36, 
  40, 42, 43, 51, 54, 57, 60, 64 ],
[ 1, 2, 3, 4, 7, 9, 13, 14, 15, 17, 20, 23, 28, 30, 31, 32, 33, 35, 36, 41, 
  42, 44, 45, 50, 54, 57, 60, 62 ],
[ 1, 2, 3, 4, 7, 9, 13, 14, 15, 17, 19, 20, 23, 28, 29, 30, 31, 32, 34, 36, 
  40, 42, 43, 51, 54, 60, 63, 64 ],
[ 1, 2, 3, 4, 7, 9, 13, 14, 15, 17, 19, 20, 23, 27, 30, 31, 32, 34, 36, 40, 
  42, 44, 45, 51, 54, 60, 62, 63 ],
[ 1, 2, 3, 4, 7, 9, 11, 13, 17, 20, 23, 28, 29, 31, 33, 35, 36, 37, 38, 41, 
  42, 43, 44, 51, 52, 54, 57, 58 ],
[ 1, 2, 3, 4, 7, 9, 11, 13, 17, 20, 23, 28, 29, 31, 33, 34, 36, 37, 38, 41, 
  42, 43, 45, 51, 52, 53, 57, 59 ],
[ 1, 2, 3, 4, 7, 9, 11, 13, 17, 19, 20, 23, 28, 29, 31, 33, 36, 37, 38, 40, 
  42, 43, 44, 51, 52, 55, 58, 63 ],
[ 1, 2, 3, 4, 7, 9, 11, 13, 17, 19, 20, 23, 28, 29, 31, 33, 34, 36, 37, 38, 
  40, 42, 43, 51, 52, 53, 60, 64 ],
[ 1, 2, 3, 4, 7, 9, 11, 13, 17, 19, 20, 23, 27, 28, 31, 33, 36, 37, 38, 40, 
  42, 44, 45, 49, 52, 55, 60, 63 ],
[ 1, 2, 3, 4, 7, 9, 11, 13, 17, 18, 20, 23, 28, 29, 31, 33, 36, 37, 38, 39, 
  42, 43, 45, 51, 52, 55, 59, 63 ],
[ 1, 2, 3, 4, 7, 9, 11, 13, 17, 18, 20, 23, 28, 29, 31, 33, 35, 36, 37, 38, 
  39, 42, 43, 51, 52, 54, 60, 64 ],
[ 1, 2, 3, 4, 7, 9, 11, 13, 17, 18, 20, 23, 27, 29, 31, 33, 36, 37, 38, 39, 
  42, 44, 45, 50, 52, 55, 60, 63 ],
[ 1, 2, 3, 4, 7, 9, 11, 13, 14, 17, 19, 20, 23, 28, 29, 31, 38, 40, 42, 43, 
  44, 51, 52, 53, 54, 55, 56, 58 ],
[ 1, 2, 3, 4, 7, 9, 11, 13, 14, 17, 19, 20, 23, 27, 28, 31, 38, 40, 42, 44, 
  45, 49, 52, 53, 54, 55, 56, 60 ],
[ 1, 2, 3, 4, 7, 9, 11, 13, 14, 17, 18, 20, 23, 28, 29, 31, 38, 39, 42, 43, 
  45, 51, 52, 53, 54, 55, 56, 59 ],
[ 1, 2, 3, 4, 7, 9, 11, 13, 14, 17, 18, 20, 23, 27, 29, 31, 38, 39, 42, 44, 
  45, 50, 52, 53, 54, 55, 56, 60 ],
[ 1, 2, 3, 4, 7, 9, 11, 13, 14, 16, 17, 20, 23, 28, 29, 31, 37, 41, 42, 43, 
  44, 51, 52, 53, 54, 55, 57, 58 ],
[ 1, 2, 3, 4, 7, 9, 11, 13, 14, 16, 17, 20, 23, 28, 29, 31, 33, 34, 37, 41, 
  42, 51, 52, 53, 57, 58, 59, 60 ],
[ 1, 2, 3, 4, 7, 9, 11, 13, 14, 16, 17, 18, 20, 23, 28, 29, 31, 37, 39, 42, 
  43, 51, 52, 53, 54, 55, 60, 64 ],
[ 1, 2, 3, 4, 7, 9, 11, 13, 14, 15, 17, 20, 23, 28, 29, 31, 36, 41, 42, 43, 
  45, 51, 52, 53, 54, 55, 57, 59 ],
[ 1, 2, 3, 4, 7, 9, 11, 13, 14, 15, 17, 20, 23, 28, 29, 31, 33, 35, 36, 41, 
  42, 51, 52, 54, 57, 58, 59, 60 ],
[ 1, 2, 3, 4, 7, 9, 11, 13, 14, 15, 17, 19, 20, 23, 28, 29, 31, 36, 40, 42, 
  43, 51, 52, 53, 54, 55, 60, 64 ],
[ 1, 2, 3, 4, 7, 9, 11, 12, 13, 17, 20, 23, 27, 29, 32, 34, 36, 37, 38, 41, 
  42, 43, 44, 50, 54, 57, 58, 63 ],
[ 1, 2, 3, 4, 7, 9, 11, 12, 13, 17, 20, 23, 27, 29, 32, 33, 34, 36, 37, 38, 
  41, 42, 44, 50, 53, 57, 59, 64 ],
[ 1, 2, 3, 4, 7, 9, 11, 12, 13, 17, 19, 20, 23, 27, 28, 32, 34, 36, 37, 38, 
  40, 42, 43, 49, 54, 60, 63, 64 ],
[ 1, 2, 3, 4, 7, 9, 11, 12, 13, 17, 19, 20, 23, 27, 28, 32, 33, 36, 37, 38, 
  40, 42, 44, 49, 55, 59, 63, 64 ],
[ 1, 2, 3, 4, 7, 9, 11, 12, 13, 17, 18, 20, 23, 27, 32, 34, 36, 37, 38, 39, 
  42, 43, 45, 51, 54, 59, 62, 63 ],
[ 1, 2, 3, 4, 7, 9, 11, 12, 13, 17, 18, 20, 23, 27, 32, 33, 35, 36, 37, 38, 
  39, 42, 44, 51, 54, 59, 62, 64 ],
[ 1, 2, 3, 4, 7, 9, 11, 12, 13, 17, 18, 20, 23, 27, 29, 32, 34, 36, 37, 38, 
  39, 42, 43, 50, 54, 60, 63, 64 ],
[ 1, 2, 3, 4, 7, 9, 11, 12, 13, 17, 18, 20, 23, 27, 29, 32, 33, 36, 37, 38, 
  39, 42, 44, 50, 55, 59, 63, 64 ],
[ 1, 2, 3, 4, 7, 9, 11, 12, 13, 15, 17, 20, 23, 27, 29, 32, 37, 41, 42, 43, 
  44, 50, 53, 54, 55, 56, 57, 58 ],
[ 1, 2, 3, 4, 7, 9, 11, 12, 13, 15, 17, 20, 23, 27, 29, 32, 33, 34, 37, 41, 
  42, 50, 53, 56, 57, 58, 59, 60 ],
[ 1, 2, 3, 4, 7, 9, 11, 12, 13, 15, 17, 19, 20, 23, 27, 28, 32, 37, 40, 42, 
  43, 49, 53, 54, 55, 56, 60, 64 ],
[ 1, 2, 3, 4, 7, 9, 11, 12, 13, 15, 17, 19, 20, 23, 27, 28, 32, 33, 37, 40, 
  42, 49, 55, 56, 58, 59, 60, 63 ],
[ 1, 2, 3, 4, 7, 9, 11, 12, 13, 15, 17, 18, 20, 27, 32, 33, 35, 37, 39, 42, 
  43, 44, 45, 51, 54, 56, 62, 64 ],
[ 1, 2, 3, 4, 7, 9, 11, 12, 13, 15, 17, 18, 20, 24, 25, 26, 27, 32, 33, 35, 
  37, 39, 42, 51, 54, 56, 61, 62 ],
[ 1, 2, 3, 4, 7, 9, 11, 12, 13, 15, 17, 18, 20, 23, 27, 32, 37, 39, 42, 43, 
  45, 51, 53, 54, 55, 56, 59, 62 ],
[ 1, 2, 3, 4, 7, 9, 11, 12, 13, 15, 17, 18, 20, 23, 27, 29, 32, 37, 39, 42, 
  43, 50, 53, 54, 55, 56, 60, 64 ],
[ 1, 2, 3, 4, 7, 9, 11, 12, 13, 15, 17, 18, 20, 23, 27, 29, 32, 33, 37, 39, 
  42, 50, 55, 56, 58, 59, 60, 63 ],
[ 1, 2, 3, 4, 7, 9, 11, 12, 13, 14, 17, 19, 20, 23, 27, 28, 32, 38, 40, 42, 
  44, 49, 53, 54, 55, 56, 59, 64 ],
[ 1, 2, 3, 4, 7, 9, 11, 12, 13, 14, 17, 19, 20, 23, 27, 28, 32, 34, 38, 40, 
  42, 49, 54, 56, 58, 59, 60, 63 ],
[ 1, 2, 3, 4, 7, 9, 11, 12, 13, 14, 17, 18, 20, 23, 27, 29, 32, 38, 39, 42, 
  44, 50, 53, 54, 55, 56, 59, 64 ],
[ 1, 2, 3, 4, 7, 9, 11, 12, 13, 14, 17, 18, 20, 23, 27, 29, 32, 34, 38, 39, 
  42, 50, 54, 56, 58, 59, 60, 63 ],
[ 1, 2, 3, 4, 7, 9, 11, 12, 13, 14, 16, 17, 18, 20, 23, 27, 32, 37, 39, 42, 
  44, 51, 53, 54, 55, 59, 62, 64 ],
[ 1, 2, 3, 4, 7, 9, 11, 12, 13, 14, 16, 17, 18, 20, 23, 27, 32, 34, 37, 39, 
  42, 51, 54, 58, 59, 60, 62, 63 ],
[ 1, 2, 3, 4, 7, 9, 11, 12, 13, 14, 15, 17, 20, 23, 27, 29, 32, 36, 41, 42, 
  44, 50, 53, 54, 55, 57, 59, 64 ],
[ 1, 2, 3, 4, 7, 9, 11, 12, 13, 14, 15, 17, 20, 23, 27, 29, 32, 34, 36, 41, 
  42, 50, 54, 57, 58, 59, 60, 63 ],
[ 1, 2, 3, 4, 7, 9, 10, 13, 17, 18, 20, 23, 27, 29, 32, 34, 36, 37, 38, 39, 
  42, 44, 45, 50, 52, 54, 60, 63 ],
[ 1, 2, 3, 4, 7, 9, 10, 13, 15, 17, 18, 20, 23, 27, 29, 32, 37, 39, 42, 44, 
  45, 50, 52, 53, 54, 55, 56, 60 ],
[ 1, 2, 3, 4, 6, 9, 13, 14, 18, 19, 21, 23, 29, 30, 31, 32, 33, 34, 38, 41, 
  42, 43, 45, 49, 53, 56, 59, 62 ],
[ 1, 2, 3, 4, 6, 9, 13, 14, 15, 18, 19, 21, 23, 29, 30, 31, 32, 33, 36, 41, 
  42, 43, 45, 49, 55, 59, 62, 63 ],
[ 1, 2, 3, 4, 6, 9, 12, 13, 17, 21, 23, 28, 29, 30, 33, 34, 36, 37, 38, 41, 
  42, 43, 45, 51, 52, 53, 57, 59 ],
[ 1, 2, 3, 4, 6, 9, 12, 13, 17, 19, 21, 23, 28, 29, 30, 33, 36, 37, 38, 40, 
  42, 43, 44, 51, 52, 55, 58, 63 ],
[ 1, 2, 3, 4, 6, 9, 12, 13, 17, 19, 21, 23, 28, 29, 30, 33, 34, 36, 37, 38, 
  40, 42, 43, 51, 52, 53, 60, 64 ],
[ 1, 2, 3, 4, 6, 9, 12, 13, 17, 18, 21, 23, 28, 29, 30, 33, 36, 37, 38, 39, 
  42, 43, 45, 51, 52, 55, 59, 63 ],
[ 1, 2, 3, 4, 6, 9, 12, 13, 14, 17, 19, 21, 23, 28, 29, 30, 38, 40, 42, 43, 
  44, 51, 52, 53, 54, 55, 56, 58 ],
[ 1, 2, 3, 4, 6, 9, 12, 13, 14, 17, 19, 21, 23, 28, 29, 30, 33, 34, 38, 40, 
  42, 51, 52, 53, 56, 58, 59, 60 ],
[ 1, 2, 3, 4, 6, 9, 12, 13, 14, 17, 18, 21, 23, 28, 29, 30, 38, 39, 42, 43, 
  45, 51, 52, 53, 54, 55, 56, 59 ],
[ 1, 2, 3, 4, 6, 9, 12, 13, 14, 15, 17, 21, 23, 28, 29, 30, 36, 41, 42, 43, 
  45, 51, 52, 53, 54, 55, 57, 59 ],
[ 1, 2, 3, 4, 6, 9, 12, 13, 14, 15, 17, 19, 21, 23, 28, 29, 30, 36, 40, 42, 
  43, 51, 52, 53, 54, 55, 60, 64 ],
[ 1, 2, 3, 4, 6, 9, 12, 13, 14, 15, 17, 19, 21, 23, 28, 29, 30, 33, 36, 40, 
  42, 51, 52, 55, 58, 59, 60, 63 ],
[ 1, 2, 3, 4, 6, 9, 11, 12, 13, 17, 21, 23, 27, 29, 32, 33, 34, 36, 37, 38, 
  41, 42, 45, 50, 53, 57, 58, 64 ],
[ 1, 2, 3, 4, 6, 9, 11, 12, 13, 17, 19, 21, 23, 27, 32, 35, 36, 37, 38, 40, 
  42, 43, 44, 51, 53, 58, 62, 63 ],
[ 1, 2, 3, 4, 6, 9, 11, 12, 13, 17, 19, 21, 23, 27, 32, 33, 34, 36, 37, 38, 
  40, 42, 45, 51, 53, 58, 62, 64 ],
[ 1, 2, 3, 4, 6, 9, 11, 12, 13, 17, 19, 21, 23, 27, 28, 32, 35, 36, 37, 38, 
  40, 42, 43, 49, 53, 60, 63, 64 ],
[ 1, 2, 3, 4, 6, 9, 11, 12, 13, 17, 19, 21, 23, 27, 28, 32, 33, 36, 37, 38, 
  40, 42, 45, 49, 55, 58, 63, 64 ],
[ 1, 2, 3, 4, 6, 9, 11, 12, 13, 17, 18, 21, 23, 27, 29, 32, 33, 36, 37, 38, 
  39, 42, 45, 50, 55, 58, 63, 64 ],
[ 1, 2, 3, 4, 6, 9, 11, 12, 13, 16, 17, 19, 21, 23, 27, 32, 36, 40, 42, 43, 
  44, 51, 53, 54, 55, 56, 58, 62 ],
[ 1, 2, 3, 4, 6, 9, 11, 12, 13, 16, 17, 19, 21, 23, 27, 32, 33, 34, 36, 40, 
  42, 51, 53, 56, 58, 59, 60, 62 ],
[ 1, 2, 3, 4, 6, 9, 11, 12, 13, 16, 17, 19, 21, 23, 27, 28, 32, 36, 40, 42, 
  43, 49, 53, 54, 55, 56, 60, 64 ],
[ 1, 2, 3, 4, 6, 9, 11, 12, 13, 14, 17, 19, 21, 23, 27, 28, 32, 38, 40, 42, 
  45, 49, 53, 54, 55, 56, 58, 64 ],
[ 1, 2, 3, 4, 6, 9, 11, 12, 13, 14, 17, 18, 21, 23, 27, 29, 32, 38, 39, 42, 
  45, 50, 53, 54, 55, 56, 58, 64 ],
[ 1, 2, 3, 4, 6, 9, 11, 12, 13, 14, 15, 17, 21, 23, 27, 29, 32, 36, 41, 42, 
  45, 50, 53, 54, 55, 57, 58, 64 ],
[ 1, 2, 3, 4, 6, 9, 11, 12, 13, 14, 15, 17, 19, 21, 23, 27, 32, 36, 40, 42, 
  45, 51, 53, 54, 55, 58, 62, 64 ],
[ 1, 2, 3, 4, 6, 9, 11, 12, 13, 14, 15, 17, 19, 21, 23, 27, 32, 35, 36, 40, 
  42, 51, 53, 58, 59, 60, 62, 63 ],
[ 1, 2, 3, 4, 6, 9, 10, 12, 13, 18, 19, 21, 23, 27, 28, 31, 35, 36, 37, 38, 
  41, 42, 43, 49, 53, 60, 63, 64 ],
[ 1, 2, 3, 4, 6, 9, 10, 12, 13, 16, 18, 19, 21, 23, 27, 28, 31, 36, 41, 42, 
  43, 49, 53, 54, 55, 56, 60, 64 ],
[ 1, 2, 3, 4, 6, 7, 9, 13, 16, 17, 22, 23, 27, 29, 30, 31, 32, 34, 36, 41, 
  43, 44, 50, 54, 56, 57, 58, 63 ],
[ 1, 2, 3, 4, 6, 7, 9, 13, 16, 17, 22, 23, 27, 28, 30, 31, 32, 34, 36, 41, 
  43, 45, 49, 54, 56, 57, 59, 63 ],
[ 1, 2, 3, 4, 6, 7, 9, 13, 16, 17, 19, 22, 23, 27, 28, 30, 31, 32, 34, 36, 
  40, 43, 49, 54, 56, 60, 63, 64 ],
[ 1, 2, 3, 4, 6, 7, 9, 13, 16, 17, 18, 22, 23, 28, 30, 31, 32, 33, 36, 39, 
  43, 45, 50, 55, 56, 59, 62, 63 ],
[ 1, 2, 3, 4, 6, 7, 9, 13, 16, 17, 18, 22, 23, 27, 30, 31, 32, 34, 36, 39, 
  43, 45, 51, 54, 56, 59, 62, 63 ],
[ 1, 2, 3, 4, 6, 7, 9, 13, 16, 17, 18, 22, 23, 27, 29, 30, 31, 32, 34, 36, 
  39, 43, 50, 54, 56, 60, 63, 64 ],
[ 1, 2, 3, 4, 6, 7, 9, 13, 16, 17, 18, 22, 23, 27, 29, 30, 31, 32, 33, 36, 
  39, 44, 50, 55, 56, 59, 63, 64 ],
[ 1, 2, 3, 4, 6, 7, 9, 13, 15, 17, 22, 23, 27, 29, 30, 31, 32, 35, 37, 41, 
  43, 44, 50, 53, 56, 57, 58, 63 ],
[ 1, 2, 3, 4, 6, 7, 9, 13, 15, 17, 22, 23, 27, 28, 30, 31, 32, 35, 37, 41, 
  43, 45, 49, 53, 56, 57, 59, 63 ],
[ 1, 2, 3, 4, 6, 7, 9, 13, 15, 17, 19, 22, 23, 27, 28, 30, 31, 32, 35, 37, 
  40, 43, 49, 53, 56, 60, 63, 64 ],
[ 1, 2, 3, 4, 6, 7, 9, 13, 15, 17, 18, 22, 23, 29, 30, 31, 32, 33, 37, 39, 
  43, 45, 49, 55, 56, 59, 62, 63 ],
[ 1, 2, 3, 4, 6, 7, 9, 13, 15, 17, 18, 22, 23, 27, 30, 31, 32, 35, 37, 39, 
  43, 45, 51, 53, 56, 59, 62, 63 ],
[ 1, 2, 3, 4, 6, 7, 9, 13, 15, 17, 18, 22, 23, 27, 29, 30, 31, 32, 35, 37, 
  39, 43, 50, 53, 56, 60, 63, 64 ],
[ 1, 2, 3, 4, 6, 7, 9, 13, 15, 17, 18, 22, 23, 27, 29, 30, 31, 32, 33, 37, 
  39, 45, 50, 55, 56, 58, 63, 64 ],
[ 1, 2, 3, 4, 6, 7, 9, 13, 14, 17, 19, 22, 23, 27, 28, 30, 31, 32, 34, 38, 
  40, 45, 49, 54, 56, 58, 63, 64 ],
[ 1, 2, 3, 4, 6, 7, 9, 13, 14, 17, 18, 22, 23, 29, 30, 31, 32, 34, 38, 39, 
  43, 45, 49, 54, 56, 59, 62, 63 ],
[ 1, 2, 3, 4, 6, 7, 9, 13, 14, 17, 18, 22, 23, 28, 30, 31, 32, 35, 38, 39, 
  43, 45, 50, 53, 56, 59, 62, 63 ],
[ 1, 2, 3, 4, 6, 7, 9, 13, 14, 17, 18, 22, 23, 27, 29, 30, 31, 32, 35, 38, 
  39, 44, 50, 53, 56, 59, 63, 64 ],
[ 1, 2, 3, 4, 6, 7, 9, 13, 14, 17, 18, 22, 23, 27, 29, 30, 31, 32, 34, 38, 
  39, 45, 50, 54, 56, 58, 63, 64 ],
[ 1, 2, 3, 4, 6, 7, 9, 12, 13, 17, 22, 23, 27, 29, 30, 34, 36, 37, 38, 41, 
  43, 44, 50, 52, 54, 57, 58, 63 ],
[ 1, 2, 3, 4, 6, 7, 9, 12, 13, 17, 22, 23, 27, 29, 30, 33, 34, 36, 37, 38, 
  41, 44, 50, 52, 53, 57, 59, 64 ],
[ 1, 2, 3, 4, 6, 7, 9, 12, 13, 17, 22, 23, 27, 28, 30, 34, 36, 37, 38, 41, 
  43, 45, 49, 52, 54, 57, 59, 63 ],
[ 1, 2, 3, 4, 6, 7, 9, 12, 13, 17, 19, 22, 23, 27, 28, 30, 34, 36, 37, 38, 
  40, 43, 49, 52, 54, 60, 63, 64 ],
[ 1, 2, 3, 4, 6, 7, 9, 12, 13, 17, 19, 22, 23, 27, 28, 30, 33, 36, 37, 38, 
  40, 44, 49, 52, 55, 59, 63, 64 ],
[ 1, 2, 3, 4, 6, 7, 9, 12, 13, 17, 18, 22, 23, 28, 30, 33, 36, 37, 38, 39, 
  43, 45, 50, 52, 55, 59, 62, 63 ],
[ 1, 2, 3, 4, 6, 7, 9, 12, 13, 17, 18, 22, 23, 27, 30, 34, 36, 37, 38, 39, 
  43, 45, 51, 52, 54, 59, 62, 63 ],
[ 1, 2, 3, 4, 6, 7, 9, 12, 13, 17, 18, 22, 23, 27, 29, 30, 34, 36, 37, 38, 
  39, 43, 50, 52, 54, 60, 63, 64 ],
[ 1, 2, 3, 4, 6, 7, 9, 12, 13, 17, 18, 22, 23, 27, 29, 30, 33, 36, 37, 38, 
  39, 44, 50, 52, 55, 59, 63, 64 ],
[ 1, 2, 3, 4, 6, 7, 9, 12, 13, 15, 17, 22, 23, 27, 29, 30, 37, 41, 43, 44, 
  50, 52, 53, 54, 55, 56, 57, 58 ],
[ 1, 2, 3, 4, 6, 7, 9, 12, 13, 15, 17, 22, 23, 27, 29, 30, 33, 34, 37, 41, 
  50, 52, 53, 56, 57, 58, 59, 60 ],
[ 1, 2, 3, 4, 6, 7, 9, 12, 13, 15, 17, 22, 23, 27, 28, 30, 37, 41, 43, 45, 
  49, 52, 53, 54, 55, 56, 57, 59 ],
[ 1, 2, 3, 4, 6, 7, 9, 12, 13, 15, 17, 19, 22, 23, 27, 28, 30, 37, 40, 43, 
  49, 52, 53, 54, 55, 56, 60, 64 ],
[ 1, 2, 3, 4, 6, 7, 9, 12, 13, 15, 17, 19, 22, 23, 27, 28, 30, 33, 37, 40, 
  49, 52, 55, 56, 58, 59, 60, 63 ],
[ 1, 2, 3, 4, 6, 7, 9, 12, 13, 15, 17, 18, 22, 23, 27, 30, 37, 39, 43, 45, 
  51, 52, 53, 54, 55, 56, 59, 62 ],
[ 1, 2, 3, 4, 6, 7, 9, 12, 13, 15, 17, 18, 22, 23, 27, 29, 30, 37, 39, 43, 
  50, 52, 53, 54, 55, 56, 60, 64 ],
[ 1, 2, 3, 4, 6, 7, 9, 12, 13, 15, 17, 18, 22, 23, 27, 29, 30, 33, 37, 39, 
  50, 52, 55, 56, 58, 59, 60, 63 ],
[ 1, 2, 3, 4, 6, 7, 9, 12, 13, 14, 17, 19, 22, 23, 27, 28, 30, 38, 40, 44, 
  49, 52, 53, 54, 55, 56, 59, 64 ],
[ 1, 2, 3, 4, 6, 7, 9, 12, 13, 14, 17, 19, 22, 23, 27, 28, 30, 34, 38, 40, 
  49, 52, 54, 56, 58, 59, 60, 63 ],
[ 1, 2, 3, 4, 6, 7, 9, 12, 13, 14, 17, 18, 22, 23, 28, 30, 38, 39, 43, 45, 
  50, 52, 53, 54, 55, 56, 59, 62 ],
[ 1, 2, 3, 4, 6, 7, 9, 12, 13, 14, 17, 18, 22, 23, 27, 29, 30, 38, 39, 44, 
  50, 52, 53, 54, 55, 56, 59, 64 ],
[ 1, 2, 3, 4, 6, 7, 9, 12, 13, 14, 17, 18, 22, 23, 27, 29, 30, 34, 38, 39, 
  50, 52, 54, 56, 58, 59, 60, 63 ],
[ 1, 2, 3, 4, 6, 7, 9, 12, 13, 14, 15, 17, 22, 23, 27, 29, 30, 36, 41, 44, 
  50, 52, 53, 54, 55, 57, 59, 64 ],
[ 1, 2, 3, 4, 6, 7, 9, 12, 13, 14, 15, 17, 22, 23, 27, 29, 30, 34, 36, 41, 
  50, 52, 54, 57, 58, 59, 60, 63 ],
[ 1, 2, 3, 4, 6, 7, 9, 11, 13, 17, 22, 23, 27, 29, 31, 35, 36, 37, 38, 41, 
  43, 44, 50, 52, 53, 57, 58, 63 ],
[ 1, 2, 3, 4, 6, 7, 9, 11, 13, 17, 22, 23, 27, 29, 31, 33, 34, 36, 37, 38, 
  41, 45, 50, 52, 53, 57, 58, 64 ],
[ 1, 2, 3, 4, 6, 7, 9, 11, 13, 17, 19, 22, 23, 27, 28, 31, 33, 36, 37, 38, 
  40, 45, 49, 52, 55, 58, 63, 64 ],
[ 1, 2, 3, 4, 6, 7, 9, 11, 13, 17, 18, 22, 23, 27, 31, 35, 36, 37, 38, 39, 
  43, 45, 51, 52, 53, 59, 62, 63 ],
[ 1, 2, 3, 4, 6, 7, 9, 11, 13, 17, 18, 22, 23, 27, 29, 31, 35, 36, 37, 38, 
  39, 43, 50, 52, 53, 60, 63, 64 ],
[ 1, 2, 3, 4, 6, 7, 9, 11, 13, 17, 18, 22, 23, 27, 29, 31, 33, 36, 37, 38, 
  39, 45, 50, 52, 55, 58, 63, 64 ],
[ 1, 2, 3, 4, 6, 7, 9, 11, 13, 16, 17, 22, 23, 27, 29, 31, 36, 41, 43, 44, 
  50, 52, 53, 54, 55, 56, 57, 58 ],
[ 1, 2, 3, 4, 6, 7, 9, 11, 13, 16, 17, 22, 23, 27, 29, 31, 33, 34, 36, 41, 
  50, 52, 53, 56, 57, 58, 59, 60 ],
[ 1, 2, 3, 4, 6, 7, 9, 11, 13, 16, 17, 19, 22, 23, 27, 28, 31, 33, 36, 40, 
  49, 52, 55, 56, 58, 59, 60, 63 ],
[ 1, 2, 3, 4, 6, 7, 9, 11, 13, 16, 17, 18, 22, 23, 27, 31, 36, 39, 43, 45, 
  51, 52, 53, 54, 55, 56, 59, 62 ],
[ 1, 2, 3, 4, 6, 7, 9, 11, 13, 16, 17, 18, 22, 23, 27, 29, 31, 36, 39, 43, 
  50, 52, 53, 54, 55, 56, 60, 64 ],
[ 1, 2, 3, 4, 6, 7, 9, 11, 13, 16, 17, 18, 22, 23, 27, 29, 31, 33, 36, 39, 
  50, 52, 55, 56, 58, 59, 60, 63 ],
[ 1, 2, 3, 4, 6, 7, 9, 11, 13, 14, 17, 19, 22, 23, 27, 28, 31, 38, 40, 45, 
  49, 52, 53, 54, 55, 56, 58, 64 ],
[ 1, 2, 3, 4, 6, 7, 9, 11, 13, 14, 17, 19, 22, 23, 27, 28, 31, 35, 38, 40, 
  49, 52, 53, 56, 58, 59, 60, 63 ],
[ 1, 2, 3, 4, 6, 7, 9, 11, 13, 14, 17, 18, 22, 23, 27, 29, 31, 38, 39, 45, 
  50, 52, 53, 54, 55, 56, 58, 64 ],
[ 1, 2, 3, 4, 6, 7, 9, 11, 13, 14, 17, 18, 22, 23, 27, 29, 31, 35, 38, 39, 
  50, 52, 53, 56, 58, 59, 60, 63 ],
[ 1, 2, 3, 4, 6, 7, 9, 11, 13, 14, 15, 17, 22, 23, 27, 29, 31, 36, 41, 45, 
  50, 52, 53, 54, 55, 57, 58, 64 ],
[ 1, 2, 3, 4, 6, 7, 9, 11, 13, 14, 15, 17, 22, 23, 27, 29, 31, 35, 36, 41, 
  50, 52, 53, 57, 58, 59, 60, 63 ],
[ 1, 2, 3, 4, 6, 7, 9, 10, 13, 17, 18, 22, 23, 27, 29, 32, 34, 36, 37, 38, 
  39, 45, 50, 52, 54, 58, 63, 64 ],
[ 1, 2, 3, 4, 6, 7, 9, 10, 13, 16, 17, 18, 22, 23, 27, 29, 32, 34, 36, 39, 
  50, 52, 54, 56, 58, 59, 60, 63 ],
[ 1, 2, 3, 4, 6, 7, 9, 10, 13, 15, 17, 18, 22, 23, 27, 29, 32, 37, 39, 45, 
  50, 52, 53, 54, 55, 56, 58, 64 ],
[ 1, 2, 3, 4, 6, 7, 9, 10, 13, 15, 17, 18, 22, 23, 27, 29, 32, 35, 37, 39, 
  50, 52, 53, 56, 58, 59, 60, 63 ],
[ 1, 2, 3, 4, 5, 9, 13, 16, 17, 19, 22, 23, 28, 30, 31, 32, 33, 34, 36, 40, 
  42, 44, 45, 50, 53, 56, 60, 62 ],
[ 1, 2, 3, 4, 5, 9, 13, 16, 17, 19, 22, 23, 28, 29, 30, 31, 32, 34, 36, 40, 
  42, 43, 44, 51, 54, 56, 58, 63 ],
[ 1, 2, 3, 4, 5, 9, 13, 16, 17, 19, 22, 23, 28, 29, 30, 31, 32, 33, 34, 36, 
  40, 42, 44, 51, 53, 56, 59, 64 ],
[ 1, 2, 3, 4, 5, 9, 13, 16, 17, 19, 22, 23, 27, 28, 30, 31, 32, 34, 36, 40, 
  42, 44, 45, 49, 54, 56, 60, 63 ],
[ 1, 2, 3, 4, 5, 9, 13, 15, 17, 19, 22, 23, 29, 30, 31, 32, 33, 34, 37, 40, 
  42, 44, 45, 49, 53, 56, 60, 62 ],
[ 1, 2, 3, 4, 5, 9, 13, 15, 17, 19, 22, 23, 28, 29, 30, 31, 32, 35, 37, 40, 
  42, 43, 44, 51, 53, 56, 58, 63 ],
[ 1, 2, 3, 4, 5, 9, 13, 15, 17, 19, 22, 23, 28, 29, 30, 31, 32, 33, 34, 37, 
  40, 42, 45, 51, 53, 56, 58, 64 ],
[ 1, 2, 3, 4, 5, 9, 13, 15, 17, 19, 22, 23, 27, 28, 30, 31, 32, 35, 37, 40, 
  42, 44, 45, 49, 53, 56, 60, 63 ],
[ 1, 2, 3, 4, 5, 9, 13, 14, 15, 17, 19, 22, 23, 29, 30, 31, 32, 34, 36, 40, 
  42, 44, 45, 49, 54, 60, 62, 63 ],
[ 1, 2, 3, 4, 5, 9, 13, 14, 15, 17, 19, 22, 23, 28, 30, 31, 32, 35, 36, 40, 
  42, 44, 45, 50, 53, 60, 62, 63 ],
[ 1, 2, 3, 4, 5, 9, 13, 14, 15, 17, 19, 22, 23, 28, 29, 30, 31, 32, 35, 36, 
  40, 42, 44, 51, 53, 59, 63, 64 ],
[ 1, 2, 3, 4, 5, 9, 13, 14, 15, 17, 19, 22, 23, 28, 29, 30, 31, 32, 34, 36, 
  40, 42, 45, 51, 54, 58, 63, 64 ],
[ 1, 2, 3, 4, 5, 9, 12, 13, 17, 19, 22, 23, 28, 30, 33, 34, 36, 37, 38, 40, 
  42, 44, 45, 50, 52, 53, 60, 62 ],
[ 1, 2, 3, 4, 5, 9, 12, 13, 17, 19, 22, 23, 28, 29, 30, 34, 36, 37, 38, 40, 
  42, 43, 44, 51, 52, 54, 58, 63 ],
[ 1, 2, 3, 4, 5, 9, 12, 13, 17, 19, 22, 23, 28, 29, 30, 33, 34, 36, 37, 38, 
  40, 42, 44, 51, 52, 53, 59, 64 ],
[ 1, 2, 3, 4, 5, 9, 12, 13, 17, 19, 22, 23, 27, 28, 30, 34, 36, 37, 38, 40, 
  42, 44, 45, 49, 52, 54, 60, 63 ],
[ 1, 2, 3, 4, 5, 9, 12, 13, 15, 17, 19, 22, 23, 28, 29, 30, 37, 40, 42, 43, 
  44, 51, 52, 53, 54, 55, 56, 58 ],
[ 1, 2, 3, 4, 5, 9, 12, 13, 15, 17, 19, 22, 23, 28, 29, 30, 33, 34, 37, 40, 
  42, 51, 52, 53, 56, 58, 59, 60 ],
[ 1, 2, 3, 4, 5, 9, 12, 13, 15, 17, 19, 22, 23, 27, 28, 30, 37, 40, 42, 44, 
  45, 49, 52, 53, 54, 55, 56, 60 ],
[ 1, 2, 3, 4, 5, 9, 12, 13, 15, 17, 18, 22, 23, 28, 29, 30, 37, 39, 42, 43, 
  45, 51, 52, 53, 54, 55, 56, 59 ],
[ 1, 2, 3, 4, 5, 9, 12, 13, 14, 15, 17, 19, 22, 23, 28, 30, 36, 40, 42, 44, 
  45, 50, 52, 53, 54, 55, 60, 62 ],
[ 1, 2, 3, 4, 5, 9, 12, 13, 14, 15, 17, 19, 22, 23, 28, 29, 30, 36, 40, 42, 
  44, 51, 52, 53, 54, 55, 59, 64 ],
[ 1, 2, 3, 4, 5, 9, 12, 13, 14, 15, 17, 19, 22, 23, 28, 29, 30, 34, 36, 40, 
  42, 51, 52, 54, 58, 59, 60, 63 ],
[ 1, 2, 3, 4, 5, 9, 11, 13, 17, 19, 22, 28, 29, 31, 35, 36, 37, 38, 40, 42, 
  45, 51, 52, 53, 59, 60, 63, 64 ],
[ 1, 2, 3, 4, 5, 9, 11, 13, 17, 19, 22, 26, 28, 29, 31, 35, 36, 37, 38, 40, 
  42, 47, 48, 51, 52, 53, 61, 63 ],
[ 1, 2, 3, 4, 5, 9, 11, 13, 17, 19, 22, 23, 28, 29, 31, 33, 34, 36, 37, 38, 
  40, 42, 45, 51, 52, 53, 58, 64 ],
[ 1, 2, 3, 4, 5, 9, 11, 13, 17, 19, 22, 23, 27, 28, 31, 35, 36, 37, 38, 40, 
  42, 44, 45, 49, 52, 53, 60, 63 ],
[ 1, 2, 3, 4, 5, 9, 11, 13, 16, 17, 19, 22, 23, 28, 29, 31, 36, 40, 42, 43, 
  44, 51, 52, 53, 54, 55, 56, 58 ],
[ 1, 2, 3, 4, 5, 9, 11, 13, 16, 17, 19, 22, 23, 28, 29, 31, 33, 34, 36, 40, 
  42, 51, 52, 53, 56, 58, 59, 60 ],
[ 1, 2, 3, 4, 5, 9, 11, 13, 16, 17, 19, 22, 23, 27, 28, 31, 36, 40, 42, 44, 
  45, 49, 52, 53, 54, 55, 56, 60 ],
[ 1, 2, 3, 4, 5, 9, 11, 13, 14, 15, 17, 19, 22, 23, 28, 29, 31, 36, 40, 42, 
  45, 51, 52, 53, 54, 55, 58, 64 ],
[ 1, 2, 3, 4, 5, 9, 11, 13, 14, 15, 17, 19, 22, 23, 28, 29, 31, 35, 36, 40, 
  42, 51, 52, 53, 58, 59, 60, 63 ],
[ 1, 2, 3, 4, 5, 9, 11, 12, 13, 17, 19, 22, 23, 27, 28, 32, 35, 36, 37, 38, 
  40, 42, 44, 49, 53, 59, 63, 64 ],
[ 1, 2, 3, 4, 5, 9, 11, 12, 13, 17, 19, 22, 23, 27, 28, 32, 34, 36, 37, 38, 
  40, 42, 45, 49, 54, 58, 63, 64 ],
[ 1, 2, 3, 4, 5, 9, 11, 12, 13, 17, 18, 22, 23, 27, 29, 32, 34, 36, 37, 38, 
  39, 42, 45, 50, 54, 58, 63, 64 ],
[ 1, 2, 3, 4, 5, 9, 11, 12, 13, 16, 17, 19, 22, 23, 27, 28, 32, 36, 40, 42, 
  44, 49, 53, 54, 55, 56, 59, 64 ],
[ 1, 2, 3, 4, 5, 9, 11, 12, 13, 16, 17, 19, 22, 23, 27, 28, 32, 34, 36, 40, 
  42, 49, 54, 56, 58, 59, 60, 63 ],
[ 1, 2, 3, 4, 5, 9, 11, 12, 13, 15, 17, 19, 22, 23, 27, 28, 32, 37, 40, 42, 
  45, 49, 53, 54, 55, 56, 58, 64 ],
[ 1, 2, 3, 4, 5, 9, 11, 12, 13, 15, 17, 19, 22, 23, 27, 28, 32, 35, 37, 40, 
  42, 49, 53, 56, 58, 59, 60, 63 ],
[ 1, 2, 3, 4, 5, 9, 11, 12, 13, 15, 17, 18, 22, 23, 27, 29, 32, 37, 39, 42, 
  45, 50, 53, 54, 55, 56, 58, 64 ],
[ 1, 2, 3, 4, 5, 7, 9, 13, 16, 17, 18, 21, 28, 29, 30, 31, 32, 34, 36, 39, 
  44, 45, 51, 54, 56, 58, 59, 63 ],
[ 1, 2, 3, 4, 5, 7, 9, 13, 16, 17, 18, 21, 25, 26, 28, 29, 30, 31, 32, 34, 
  36, 39, 46, 47, 51, 54, 56, 63 ],
[ 1, 2, 3, 4, 5, 7, 9, 13, 16, 17, 18, 21, 23, 28, 29, 30, 31, 32, 33, 36, 
  39, 44, 51, 55, 56, 59, 63, 64 ],
[ 1, 2, 3, 4, 5, 7, 9, 13, 16, 17, 18, 21, 23, 27, 30, 31, 32, 34, 36, 39, 
  44, 45, 51, 54, 56, 60, 62, 63 ],
[ 1, 2, 3, 4, 5, 7, 9, 13, 15, 17, 18, 21, 23, 28, 29, 30, 31, 32, 35, 37, 
  39, 43, 51, 53, 56, 60, 63, 64 ],
[ 1, 2, 3, 4, 5, 7, 9, 13, 15, 17, 18, 21, 23, 28, 29, 30, 31, 32, 33, 37, 
  39, 45, 51, 55, 56, 58, 63, 64 ],
[ 1, 2, 3, 4, 5, 7, 9, 13, 15, 17, 18, 21, 23, 27, 30, 31, 32, 35, 37, 39, 
  44, 45, 51, 53, 56, 60, 62, 63 ],
[ 1, 2, 3, 4, 5, 7, 9, 13, 14, 17, 18, 21, 23, 28, 29, 30, 31, 32, 35, 38, 
  39, 44, 51, 53, 56, 59, 63, 64 ],
[ 1, 2, 3, 4, 5, 7, 9, 13, 14, 17, 18, 21, 23, 28, 29, 30, 31, 32, 34, 38, 
  39, 45, 51, 54, 56, 58, 63, 64 ],
[ 1, 2, 3, 4, 5, 7, 9, 12, 13, 17, 18, 21, 23, 28, 29, 30, 34, 36, 37, 38, 
  39, 43, 51, 52, 54, 60, 63, 64 ],
[ 1, 2, 3, 4, 5, 7, 9, 12, 13, 17, 18, 21, 23, 28, 29, 30, 33, 36, 37, 38, 
  39, 44, 51, 52, 55, 59, 63, 64 ],
[ 1, 2, 3, 4, 5, 7, 9, 12, 13, 17, 18, 21, 23, 27, 30, 34, 36, 37, 38, 39, 
  44, 45, 51, 52, 54, 60, 62, 63 ],
[ 1, 2, 3, 4, 5, 7, 9, 12, 13, 15, 17, 18, 21, 23, 28, 29, 30, 37, 39, 43, 
  51, 52, 53, 54, 55, 56, 60, 64 ],
[ 1, 2, 3, 4, 5, 7, 9, 12, 13, 15, 17, 18, 21, 23, 28, 29, 30, 33, 37, 39, 
  51, 52, 55, 56, 58, 59, 60, 63 ],
[ 1, 2, 3, 4, 5, 7, 9, 12, 13, 15, 17, 18, 21, 23, 27, 30, 37, 39, 44, 45, 
  51, 52, 53, 54, 55, 56, 60, 62 ],
[ 1, 2, 3, 4, 5, 7, 9, 12, 13, 14, 17, 18, 21, 23, 28, 29, 30, 38, 39, 44, 
  51, 52, 53, 54, 55, 56, 59, 64 ],
[ 1, 2, 3, 4, 5, 7, 9, 12, 13, 14, 17, 18, 21, 23, 28, 29, 30, 34, 38, 39, 
  51, 52, 54, 56, 58, 59, 60, 63 ],
[ 1, 2, 3, 4, 5, 7, 9, 11, 13, 17, 18, 21, 23, 28, 29, 31, 35, 36, 37, 38, 
  39, 43, 51, 52, 53, 60, 63, 64 ],
[ 1, 2, 3, 4, 5, 7, 9, 11, 13, 17, 18, 21, 23, 28, 29, 31, 33, 36, 37, 38, 
  39, 45, 51, 52, 55, 58, 63, 64 ],
[ 1, 2, 3, 4, 5, 7, 9, 11, 13, 17, 18, 21, 23, 27, 31, 35, 36, 37, 38, 39, 
  44, 45, 51, 52, 53, 60, 62, 63 ],
[ 1, 2, 3, 4, 5, 7, 9, 11, 13, 16, 17, 18, 21, 23, 28, 29, 31, 36, 39, 43, 
  51, 52, 53, 54, 55, 56, 60, 64 ],
[ 1, 2, 3, 4, 5, 7, 9, 11, 13, 16, 17, 18, 21, 23, 28, 29, 31, 33, 36, 39, 
  51, 52, 55, 56, 58, 59, 60, 63 ],
[ 1, 2, 3, 4, 5, 7, 9, 11, 13, 16, 17, 18, 21, 23, 27, 31, 36, 39, 44, 45, 
  51, 52, 53, 54, 55, 56, 60, 62 ],
[ 1, 2, 3, 4, 5, 7, 9, 11, 13, 14, 17, 18, 21, 23, 28, 29, 31, 38, 39, 45, 
  51, 52, 53, 54, 55, 56, 58, 64 ],
[ 1, 2, 3, 4, 5, 7, 9, 11, 13, 14, 17, 18, 21, 23, 28, 29, 31, 35, 38, 39, 
  51, 52, 53, 56, 58, 59, 60, 63 ],
[ 1, 2, 3, 4, 5, 7, 9, 11, 12, 13, 17, 18, 21, 23, 27, 32, 35, 36, 37, 38, 
  39, 44, 51, 53, 59, 62, 63, 64 ],
[ 1, 2, 3, 4, 5, 7, 9, 11, 12, 13, 17, 18, 21, 23, 27, 32, 34, 36, 37, 38, 
  39, 45, 51, 54, 58, 62, 63, 64 ],
[ 1, 2, 3, 4, 5, 7, 9, 11, 12, 13, 16, 17, 18, 21, 23, 27, 32, 36, 39, 44, 
  51, 53, 54, 55, 56, 59, 62, 64 ],
[ 1, 2, 3, 4, 5, 7, 9, 11, 12, 13, 16, 17, 18, 21, 23, 27, 32, 34, 36, 39, 
  51, 54, 56, 58, 59, 60, 62, 63 ],
[ 1, 2, 3, 4, 5, 7, 9, 11, 12, 13, 15, 17, 18, 21, 23, 27, 32, 37, 39, 45, 
  51, 53, 54, 55, 56, 58, 62, 64 ],
[ 1, 2, 3, 4, 5, 7, 9, 11, 12, 13, 15, 17, 18, 21, 23, 27, 32, 35, 37, 39, 
  51, 53, 56, 58, 59, 60, 62, 63 ]
];

