## Group: [64, 6]
## Difference Sets: 584
## Time:  0:05:53.306

return [
[ 1, 4, 6, 7, 8, 12, 15, 16, 19, 22, 24, 26, 27, 29, 31, 32, 34, 35, 36, 37, 
  39, 47, 49, 51, 52, 53, 54, 57 ],
[ 1, 4, 6, 7, 8, 12, 15, 16, 17, 19, 22, 26, 27, 29, 31, 32, 34, 35, 36, 37, 
  40, 46, 49, 51, 52, 53, 54, 61 ],
[ 1, 4, 6, 7, 8, 12, 14, 15, 16, 19, 22, 24, 26, 27, 29, 31, 32, 33, 34, 35, 
  39, 47, 49, 51, 52, 56, 57, 63 ],
[ 1, 4, 6, 7, 8, 12, 14, 15, 16, 17, 19, 22, 26, 27, 29, 31, 32, 33, 34, 35, 
  40, 46, 49, 51, 52, 56, 61, 63 ],
[ 1, 4, 6, 7, 8, 12, 13, 15, 16, 19, 22, 24, 26, 27, 29, 31, 32, 33, 36, 37, 
  39, 47, 49, 51, 52, 55, 57, 63 ],
[ 1, 4, 6, 7, 8, 12, 13, 15, 16, 17, 19, 22, 26, 27, 29, 31, 32, 33, 36, 37, 
  40, 46, 49, 51, 52, 55, 61, 63 ],
[ 1, 4, 6, 7, 8, 12, 13, 14, 15, 16, 19, 22, 24, 26, 27, 29, 31, 32, 39, 47, 
  49, 51, 52, 53, 54, 55, 56, 57 ],
[ 1, 4, 6, 7, 8, 12, 13, 14, 15, 16, 17, 19, 22, 26, 27, 29, 31, 32, 40, 46, 
  49, 51, 52, 53, 54, 55, 56, 61 ],
[ 1, 4, 6, 7, 8, 11, 12, 16, 19, 22, 24, 26, 28, 29, 30, 31, 33, 35, 37, 38, 
  39, 47, 49, 50, 53, 55, 56, 57 ],
[ 1, 4, 6, 7, 8, 11, 12, 16, 17, 19, 22, 26, 28, 29, 30, 31, 33, 35, 37, 38, 
  40, 46, 49, 50, 53, 55, 56, 61 ],
[ 1, 4, 6, 7, 8, 11, 12, 13, 16, 19, 22, 24, 26, 28, 29, 30, 31, 34, 37, 38, 
  39, 47, 49, 50, 54, 56, 57, 63 ],
[ 1, 4, 6, 7, 8, 11, 12, 13, 16, 17, 19, 22, 26, 28, 29, 30, 31, 34, 37, 38, 
  40, 46, 49, 50, 54, 56, 61, 63 ],
[ 1, 4, 6, 7, 8, 10, 11, 12, 16, 19, 22, 24, 26, 27, 28, 29, 33, 35, 37, 38, 
  39, 47, 52, 53, 55, 56, 57, 62 ],
[ 1, 4, 6, 7, 8, 10, 11, 12, 16, 17, 19, 22, 26, 27, 28, 29, 33, 35, 37, 38, 
  40, 46, 52, 53, 55, 56, 61, 62 ],
[ 1, 4, 6, 7, 8, 10, 11, 12, 13, 16, 19, 22, 24, 26, 27, 28, 29, 34, 37, 38, 
  39, 47, 52, 54, 56, 57, 62, 63 ],
[ 1, 4, 6, 7, 8, 10, 11, 12, 13, 16, 17, 19, 22, 26, 27, 28, 29, 34, 37, 38, 
  40, 46, 52, 54, 56, 61, 62, 63 ],
[ 1, 4, 5, 7, 8, 12, 15, 16, 19, 21, 25, 26, 27, 29, 31, 32, 34, 35, 36, 37, 
  39, 48, 49, 51, 52, 53, 54, 57 ],
[ 1, 4, 5, 7, 8, 12, 14, 15, 16, 19, 21, 25, 26, 27, 29, 31, 32, 33, 34, 35, 
  39, 48, 49, 51, 52, 56, 57, 63 ],
[ 1, 4, 5, 7, 8, 12, 13, 15, 16, 19, 21, 25, 26, 27, 29, 31, 32, 33, 36, 37, 
  39, 48, 49, 51, 52, 55, 57, 63 ],
[ 1, 4, 5, 7, 8, 12, 13, 14, 15, 16, 19, 21, 25, 26, 27, 29, 31, 32, 39, 48, 
  49, 51, 52, 53, 54, 55, 56, 57 ],
[ 1, 4, 5, 7, 8, 11, 12, 16, 19, 21, 25, 26, 28, 29, 30, 31, 33, 35, 37, 38, 
  39, 48, 49, 50, 53, 55, 56, 57 ],
[ 1, 4, 5, 7, 8, 11, 12, 14, 16, 19, 21, 25, 26, 28, 29, 30, 31, 35, 36, 38, 
  39, 48, 49, 50, 54, 55, 57, 63 ],
[ 1, 4, 5, 7, 8, 11, 12, 13, 16, 19, 21, 25, 26, 28, 29, 30, 31, 34, 37, 38, 
  39, 48, 49, 50, 54, 56, 57, 63 ],
[ 1, 4, 5, 7, 8, 11, 12, 13, 14, 16, 19, 21, 25, 26, 28, 29, 30, 31, 33, 34, 
  36, 38, 39, 48, 49, 50, 53, 57 ],
[ 1, 4, 5, 7, 8, 10, 11, 12, 16, 19, 21, 25, 26, 27, 28, 29, 33, 35, 37, 38, 
  39, 48, 52, 53, 55, 56, 57, 62 ],
[ 1, 4, 5, 7, 8, 10, 11, 12, 14, 16, 19, 21, 25, 26, 27, 28, 29, 35, 36, 38, 
  39, 48, 52, 54, 55, 57, 62, 63 ],
[ 1, 4, 5, 7, 8, 10, 11, 12, 13, 16, 19, 21, 25, 26, 27, 28, 29, 34, 37, 38, 
  39, 48, 52, 54, 56, 57, 62, 63 ],
[ 1, 4, 5, 7, 8, 10, 11, 12, 13, 14, 16, 19, 21, 25, 26, 27, 28, 29, 33, 34, 
  36, 38, 39, 48, 52, 53, 57, 62 ],
[ 1, 4, 5, 7, 8, 9, 12, 15, 16, 19, 21, 25, 26, 28, 31, 32, 34, 35, 36, 37, 
  39, 48, 50, 52, 53, 54, 57, 62 ],
[ 1, 4, 5, 7, 8, 9, 12, 14, 15, 16, 19, 21, 25, 26, 28, 31, 32, 33, 34, 35, 
  39, 48, 50, 52, 56, 57, 62, 63 ],
[ 1, 4, 5, 7, 8, 9, 12, 13, 15, 16, 19, 21, 25, 26, 28, 31, 32, 33, 36, 37, 
  39, 48, 50, 52, 55, 57, 62, 63 ],
[ 1, 4, 5, 7, 8, 9, 12, 13, 14, 15, 16, 19, 21, 25, 26, 28, 31, 32, 39, 48, 
  50, 52, 53, 54, 55, 56, 57, 62 ],
[ 1, 3, 8, 12, 13, 15, 16, 17, 18, 19, 20, 21, 22, 26, 27, 29, 31, 32, 33, 
  35, 38, 46, 49, 51, 52, 54, 57, 61 ],
[ 1, 3, 8, 12, 13, 15, 16, 17, 18, 19, 20, 21, 22, 24, 26, 27, 29, 31, 32, 
  35, 38, 47, 49, 51, 52, 53, 57, 63 ],
[ 1, 3, 8, 12, 13, 14, 16, 17, 18, 19, 20, 21, 22, 25, 26, 27, 29, 31, 32, 
  35, 37, 48, 49, 51, 52, 53, 57, 63 ],
[ 1, 3, 8, 10, 12, 13, 14, 16, 17, 18, 19, 20, 21, 22, 25, 26, 29, 30, 32, 
  35, 37, 48, 50, 51, 53, 57, 62, 63 ],
[ 1, 3, 8, 9, 12, 13, 15, 16, 17, 18, 19, 20, 21, 22, 26, 28, 31, 32, 33, 35, 
  38, 46, 50, 52, 54, 57, 61, 62 ],
[ 1, 3, 8, 9, 12, 13, 15, 16, 17, 18, 19, 20, 21, 22, 24, 26, 28, 31, 32, 35, 
  38, 47, 50, 52, 53, 57, 62, 63 ],
[ 1, 3, 8, 9, 12, 13, 14, 16, 17, 18, 19, 20, 21, 22, 25, 26, 28, 31, 32, 35, 
  37, 48, 50, 52, 53, 57, 62, 63 ],
[ 1, 3, 8, 9, 10, 12, 13, 14, 16, 17, 18, 19, 20, 21, 22, 25, 26, 27, 28, 30, 
  32, 35, 37, 48, 49, 53, 57, 63 ],
[ 1, 3, 7, 9, 12, 15, 16, 18, 19, 20, 24, 26, 27, 29, 31, 32, 33, 34, 35, 38, 
  39, 40, 42, 46, 48, 50, 52, 63 ],
[ 1, 3, 7, 9, 11, 12, 15, 16, 19, 20, 24, 25, 26, 27, 29, 30, 31, 33, 35, 38, 
  40, 41, 42, 50, 53, 55, 57, 61 ],
[ 1, 3, 7, 9, 10, 12, 15, 16, 18, 19, 20, 26, 27, 29, 30, 32, 33, 34, 35, 38, 
  39, 40, 42, 47, 48, 50, 61, 63 ],
[ 1, 3, 7, 9, 10, 11, 12, 15, 16, 19, 20, 25, 26, 27, 29, 33, 35, 38, 40, 41, 
  42, 46, 47, 50, 52, 53, 55, 57 ],
[ 1, 3, 7, 8, 12, 15, 16, 18, 19, 20, 24, 26, 27, 29, 31, 32, 33, 34, 35, 38, 
  39, 40, 42, 47, 49, 51, 52, 63 ],
[ 1, 3, 7, 8, 12, 15, 16, 17, 18, 19, 20, 24, 26, 27, 29, 31, 32, 34, 35, 38, 
  42, 47, 49, 51, 52, 53, 54, 57 ],
[ 1, 3, 7, 8, 12, 14, 16, 18, 19, 20, 25, 26, 27, 29, 31, 32, 33, 34, 35, 37, 
  39, 40, 42, 48, 49, 51, 52, 63 ],
[ 1, 3, 7, 8, 12, 14, 16, 17, 18, 19, 20, 25, 26, 27, 29, 31, 32, 34, 35, 37, 
  42, 48, 49, 51, 52, 53, 54, 57 ],
[ 1, 3, 7, 8, 11, 12, 15, 16, 19, 20, 24, 26, 28, 29, 30, 31, 33, 35, 38, 40, 
  41, 42, 47, 49, 50, 53, 55, 57 ],
[ 1, 3, 7, 8, 11, 12, 14, 16, 19, 20, 25, 26, 28, 29, 30, 31, 33, 35, 37, 40, 
  41, 42, 48, 49, 50, 53, 55, 57 ],
[ 1, 3, 7, 8, 11, 12, 14, 16, 17, 19, 20, 25, 26, 28, 29, 30, 31, 35, 37, 39, 
  41, 42, 48, 49, 50, 54, 55, 63 ],
[ 1, 3, 7, 8, 10, 12, 15, 16, 18, 19, 20, 24, 26, 29, 30, 32, 33, 34, 35, 38, 
  39, 40, 42, 47, 50, 51, 62, 63 ],
[ 1, 3, 7, 8, 10, 12, 15, 16, 17, 18, 19, 20, 24, 26, 29, 30, 32, 34, 35, 38, 
  42, 47, 50, 51, 53, 54, 57, 62 ],
[ 1, 3, 7, 8, 10, 11, 12, 15, 16, 19, 20, 24, 26, 27, 28, 29, 33, 35, 38, 40, 
  41, 42, 47, 52, 53, 55, 57, 62 ],
[ 1, 3, 7, 8, 9, 12, 14, 16, 18, 19, 20, 25, 26, 28, 31, 32, 33, 34, 35, 37, 
  39, 40, 42, 48, 50, 52, 62, 63 ],
[ 1, 3, 7, 8, 9, 12, 14, 16, 17, 18, 19, 20, 25, 26, 28, 31, 32, 34, 35, 37, 
  42, 48, 50, 52, 53, 54, 57, 62 ],
[ 1, 3, 7, 8, 9, 11, 12, 15, 16, 19, 20, 24, 26, 27, 30, 31, 33, 35, 38, 40, 
  41, 42, 47, 51, 53, 55, 57, 62 ],
[ 1, 3, 7, 8, 9, 11, 12, 14, 16, 19, 20, 25, 26, 27, 30, 31, 33, 35, 37, 40, 
  41, 42, 48, 51, 53, 55, 57, 62 ],
[ 1, 3, 7, 8, 9, 11, 12, 14, 16, 17, 19, 20, 25, 26, 27, 30, 31, 35, 37, 39, 
  41, 42, 48, 51, 54, 55, 62, 63 ],
[ 1, 3, 7, 8, 9, 10, 11, 12, 15, 16, 19, 20, 24, 26, 33, 35, 38, 40, 41, 42, 
  47, 49, 50, 51, 52, 53, 55, 57 ],
[ 1, 3, 6, 8, 11, 12, 13, 15, 16, 19, 21, 26, 28, 29, 30, 31, 33, 35, 38, 40, 
  41, 42, 46, 49, 50, 54, 57, 61 ],
[ 1, 3, 6, 8, 11, 12, 13, 15, 16, 19, 21, 24, 26, 28, 29, 30, 31, 35, 38, 40, 
  41, 42, 47, 49, 50, 53, 57, 63 ],
[ 1, 3, 6, 8, 11, 12, 13, 14, 16, 19, 21, 25, 26, 28, 29, 30, 31, 35, 37, 40, 
  41, 42, 48, 49, 50, 53, 57, 63 ],
[ 1, 3, 6, 8, 10, 11, 12, 13, 15, 16, 19, 21, 26, 27, 28, 29, 33, 35, 38, 40, 
  41, 42, 46, 52, 54, 57, 61, 62 ],
[ 1, 3, 6, 8, 10, 11, 12, 13, 15, 16, 19, 21, 24, 26, 27, 28, 29, 35, 38, 40, 
  41, 42, 47, 52, 53, 57, 62, 63 ],
[ 1, 3, 6, 8, 10, 11, 12, 13, 14, 16, 19, 21, 25, 26, 27, 28, 29, 35, 37, 40, 
  41, 42, 48, 52, 53, 57, 62, 63 ],
[ 1, 3, 6, 8, 9, 11, 12, 13, 15, 16, 19, 21, 26, 27, 30, 31, 33, 35, 38, 40, 
  41, 42, 46, 51, 54, 57, 61, 62 ],
[ 1, 3, 6, 8, 9, 11, 12, 13, 15, 16, 19, 21, 24, 26, 27, 30, 31, 35, 38, 40, 
  41, 42, 47, 51, 53, 57, 62, 63 ],
[ 1, 3, 6, 8, 9, 11, 12, 13, 14, 16, 19, 21, 25, 26, 27, 30, 31, 35, 37, 40, 
  41, 42, 48, 51, 53, 57, 62, 63 ],
[ 1, 3, 6, 8, 9, 10, 11, 12, 13, 15, 16, 19, 21, 26, 33, 35, 38, 40, 41, 42, 
  46, 49, 50, 51, 52, 54, 57, 61 ],
[ 1, 3, 6, 8, 9, 10, 11, 12, 13, 15, 16, 19, 21, 24, 26, 35, 38, 40, 41, 42, 
  47, 49, 50, 51, 52, 53, 57, 63 ],
[ 1, 3, 6, 8, 9, 10, 11, 12, 13, 14, 16, 19, 21, 25, 26, 35, 37, 40, 41, 42, 
  48, 49, 50, 51, 52, 53, 57, 63 ],
[ 1, 3, 6, 7, 12, 13, 14, 16, 18, 19, 20, 21, 22, 25, 26, 27, 29, 31, 32, 35, 
  37, 49, 51, 52, 53, 58, 59, 63 ],
[ 1, 3, 6, 7, 12, 13, 14, 16, 17, 21, 22, 25, 26, 29, 30, 31, 32, 35, 37, 39, 
  42, 44, 45, 49, 50, 51, 53, 63 ],
[ 1, 3, 6, 7, 12, 13, 14, 16, 17, 21, 22, 25, 26, 27, 29, 30, 31, 32, 35, 37, 
  39, 42, 44, 45, 51, 53, 62, 63 ],
[ 1, 3, 6, 7, 12, 13, 14, 16, 17, 21, 22, 23, 25, 26, 29, 30, 31, 32, 35, 37, 
  39, 42, 49, 50, 51, 53, 60, 63 ],
[ 1, 3, 6, 7, 12, 13, 14, 16, 17, 21, 22, 23, 25, 26, 27, 29, 30, 31, 32, 35, 
  37, 39, 42, 51, 53, 60, 62, 63 ],
[ 1, 3, 6, 7, 11, 12, 13, 14, 16, 21, 22, 23, 26, 28, 29, 30, 31, 35, 37, 40, 
  42, 44, 48, 49, 50, 53, 57, 63 ],
[ 1, 3, 6, 7, 11, 12, 13, 14, 16, 17, 21, 22, 26, 28, 29, 30, 31, 35, 37, 39, 
  42, 45, 48, 49, 50, 53, 60, 63 ],
[ 1, 3, 6, 7, 10, 12, 13, 14, 16, 18, 19, 20, 21, 22, 25, 26, 29, 30, 32, 35, 
  37, 50, 51, 53, 58, 59, 62, 63 ],
[ 1, 3, 6, 7, 10, 11, 12, 13, 14, 16, 21, 22, 23, 26, 27, 28, 29, 35, 37, 40, 
  42, 44, 48, 52, 53, 57, 62, 63 ],
[ 1, 3, 6, 7, 10, 11, 12, 13, 14, 16, 17, 21, 22, 26, 27, 28, 29, 35, 37, 39, 
  42, 45, 48, 52, 53, 60, 62, 63 ],
[ 1, 3, 6, 7, 9, 12, 13, 14, 16, 21, 22, 25, 26, 28, 30, 31, 32, 35, 37, 40, 
  42, 44, 45, 49, 50, 53, 57, 63 ],
[ 1, 3, 6, 7, 9, 12, 13, 14, 16, 21, 22, 25, 26, 27, 28, 30, 31, 32, 35, 37, 
  40, 42, 44, 45, 53, 57, 62, 63 ],
[ 1, 3, 6, 7, 9, 12, 13, 14, 16, 21, 22, 23, 25, 26, 28, 30, 31, 32, 35, 37, 
  40, 42, 49, 50, 53, 57, 60, 63 ],
[ 1, 3, 6, 7, 9, 12, 13, 14, 16, 21, 22, 23, 25, 26, 27, 28, 30, 31, 32, 35, 
  37, 40, 42, 53, 57, 60, 62, 63 ],
[ 1, 3, 6, 7, 9, 12, 13, 14, 16, 18, 19, 20, 21, 22, 25, 26, 28, 31, 32, 35, 
  37, 50, 52, 53, 58, 59, 62, 63 ],
[ 1, 3, 6, 7, 9, 11, 12, 13, 14, 16, 21, 22, 23, 26, 27, 30, 31, 35, 37, 40, 
  42, 44, 48, 51, 53, 57, 62, 63 ],
[ 1, 3, 6, 7, 9, 11, 12, 13, 14, 16, 17, 21, 22, 26, 27, 30, 31, 35, 37, 39, 
  42, 45, 48, 51, 53, 60, 62, 63 ],
[ 1, 3, 6, 7, 9, 10, 12, 13, 14, 16, 18, 19, 20, 21, 22, 25, 26, 27, 28, 30, 
  32, 35, 37, 49, 53, 58, 59, 63 ],
[ 1, 3, 6, 7, 9, 10, 11, 12, 13, 14, 16, 21, 22, 23, 26, 35, 37, 40, 42, 44, 
  48, 49, 50, 51, 52, 53, 57, 63 ],
[ 1, 3, 6, 7, 9, 10, 11, 12, 13, 14, 16, 17, 21, 22, 26, 35, 37, 39, 42, 45, 
  48, 49, 50, 51, 52, 53, 60, 63 ],
[ 1, 3, 6, 7, 8, 12, 16, 18, 19, 22, 24, 26, 27, 29, 31, 32, 33, 34, 35, 36, 
  39, 40, 47, 49, 51, 52, 56, 63 ],
[ 1, 3, 6, 7, 8, 12, 16, 17, 18, 19, 22, 24, 26, 27, 29, 31, 32, 34, 35, 36, 
  47, 49, 51, 52, 53, 54, 56, 57 ],
[ 1, 3, 6, 7, 8, 12, 14, 16, 18, 19, 22, 26, 27, 29, 31, 32, 33, 34, 35, 37, 
  39, 40, 46, 49, 51, 52, 61, 63 ],
[ 1, 3, 6, 7, 8, 12, 14, 16, 17, 18, 19, 22, 26, 27, 29, 31, 32, 34, 35, 37, 
  46, 49, 51, 52, 53, 54, 57, 61 ],
[ 1, 3, 6, 7, 8, 11, 12, 16, 19, 22, 24, 26, 28, 29, 30, 31, 33, 35, 36, 40, 
  41, 47, 49, 50, 53, 55, 56, 57 ],
[ 1, 3, 6, 7, 8, 11, 12, 14, 16, 19, 22, 26, 28, 29, 30, 31, 33, 35, 37, 40, 
  41, 46, 49, 50, 53, 55, 57, 61 ],
[ 1, 3, 6, 7, 8, 10, 12, 16, 18, 19, 22, 24, 26, 29, 30, 32, 33, 34, 35, 36, 
  39, 40, 47, 50, 51, 56, 62, 63 ],
[ 1, 3, 6, 7, 8, 10, 12, 16, 17, 18, 19, 22, 24, 26, 29, 30, 32, 34, 35, 36, 
  47, 50, 51, 53, 54, 56, 57, 62 ],
[ 1, 3, 6, 7, 8, 10, 12, 14, 16, 18, 19, 22, 26, 29, 30, 32, 33, 34, 35, 37, 
  39, 40, 46, 50, 51, 61, 62, 63 ],
[ 1, 3, 6, 7, 8, 10, 12, 14, 16, 17, 18, 19, 22, 26, 29, 30, 32, 34, 35, 37, 
  46, 50, 51, 53, 54, 57, 61, 62 ],
[ 1, 3, 6, 7, 8, 10, 11, 12, 16, 19, 22, 24, 26, 27, 28, 29, 33, 35, 36, 40, 
  41, 47, 52, 53, 55, 56, 57, 62 ],
[ 1, 3, 6, 7, 8, 10, 11, 12, 14, 16, 19, 22, 26, 27, 28, 29, 33, 35, 37, 40, 
  41, 46, 52, 53, 55, 57, 61, 62 ],
[ 1, 3, 6, 7, 8, 9, 11, 12, 16, 19, 22, 24, 26, 27, 30, 31, 33, 35, 36, 40, 
  41, 47, 51, 53, 55, 56, 57, 62 ],
[ 1, 3, 6, 7, 8, 9, 11, 12, 14, 16, 19, 22, 26, 27, 30, 31, 33, 35, 37, 40, 
  41, 46, 51, 53, 55, 57, 61, 62 ],
[ 1, 3, 6, 7, 8, 9, 10, 11, 12, 16, 19, 22, 24, 26, 33, 35, 36, 40, 41, 47, 
  49, 50, 51, 52, 53, 55, 56, 57 ],
[ 1, 3, 6, 7, 8, 9, 10, 11, 12, 14, 16, 19, 22, 26, 33, 35, 37, 40, 41, 46, 
  49, 50, 51, 52, 53, 55, 57, 61 ],
[ 1, 3, 5, 8, 12, 13, 14, 16, 18, 19, 22, 25, 26, 27, 29, 31, 32, 35, 37, 39, 
  40, 42, 48, 49, 51, 52, 53, 63 ],
[ 1, 3, 5, 8, 10, 12, 13, 14, 16, 18, 19, 22, 25, 26, 29, 30, 32, 35, 37, 39, 
  40, 42, 48, 50, 51, 53, 62, 63 ],
[ 1, 3, 5, 8, 9, 12, 13, 14, 16, 18, 19, 22, 25, 26, 28, 31, 32, 35, 37, 39, 
  40, 42, 48, 50, 52, 53, 62, 63 ],
[ 1, 3, 5, 8, 9, 10, 12, 13, 14, 16, 18, 19, 22, 25, 26, 27, 28, 30, 32, 35, 
  37, 39, 40, 42, 48, 49, 53, 63 ],
[ 1, 3, 5, 7, 9, 12, 15, 16, 18, 19, 21, 24, 26, 29, 31, 32, 33, 34, 35, 38, 
  39, 40, 46, 48, 49, 52, 62, 63 ],
[ 1, 3, 5, 7, 9, 11, 12, 15, 16, 19, 21, 24, 25, 26, 29, 30, 31, 33, 35, 38, 
  40, 41, 49, 53, 55, 57, 61, 62 ],
[ 1, 3, 5, 7, 9, 10, 12, 15, 16, 18, 19, 21, 26, 29, 30, 32, 33, 34, 35, 38, 
  39, 40, 47, 48, 49, 61, 62, 63 ],
[ 1, 3, 5, 7, 9, 10, 11, 12, 15, 16, 19, 21, 25, 26, 29, 33, 35, 38, 40, 41, 
  46, 47, 49, 52, 53, 55, 57, 62 ],
[ 1, 3, 5, 7, 8, 12, 16, 18, 19, 21, 25, 26, 27, 29, 31, 32, 33, 34, 35, 36, 
  39, 40, 48, 49, 51, 52, 56, 63 ],
[ 1, 3, 5, 7, 8, 12, 16, 17, 18, 19, 21, 25, 26, 27, 29, 31, 32, 34, 35, 36, 
  48, 49, 51, 52, 53, 54, 56, 57 ],
[ 1, 3, 5, 7, 8, 12, 15, 16, 18, 19, 21, 26, 27, 29, 31, 32, 33, 34, 35, 38, 
  39, 40, 46, 49, 51, 52, 61, 63 ],
[ 1, 3, 5, 7, 8, 12, 15, 16, 17, 18, 19, 21, 26, 27, 29, 31, 32, 34, 35, 38, 
  46, 49, 51, 52, 53, 54, 57, 61 ],
[ 1, 3, 5, 7, 8, 11, 12, 16, 19, 21, 25, 26, 28, 29, 30, 31, 33, 35, 36, 40, 
  41, 48, 49, 50, 53, 55, 56, 57 ],
[ 1, 3, 5, 7, 8, 11, 12, 16, 17, 19, 21, 25, 26, 28, 29, 30, 31, 35, 36, 39, 
  41, 48, 49, 50, 54, 55, 56, 63 ],
[ 1, 3, 5, 7, 8, 11, 12, 15, 16, 19, 21, 26, 28, 29, 30, 31, 33, 35, 38, 40, 
  41, 46, 49, 50, 53, 55, 57, 61 ],
[ 1, 3, 5, 7, 8, 10, 12, 15, 16, 18, 19, 21, 26, 29, 30, 32, 33, 34, 35, 38, 
  39, 40, 46, 50, 51, 61, 62, 63 ],
[ 1, 3, 5, 7, 8, 10, 12, 15, 16, 17, 18, 19, 21, 26, 29, 30, 32, 34, 35, 38, 
  46, 50, 51, 53, 54, 57, 61, 62 ],
[ 1, 3, 5, 7, 8, 10, 11, 12, 15, 16, 19, 21, 26, 27, 28, 29, 33, 35, 38, 40, 
  41, 46, 52, 53, 55, 57, 61, 62 ],
[ 1, 3, 5, 7, 8, 9, 12, 16, 18, 19, 21, 25, 26, 28, 31, 32, 33, 34, 35, 36, 
  39, 40, 48, 50, 52, 56, 62, 63 ],
[ 1, 3, 5, 7, 8, 9, 12, 16, 17, 18, 19, 21, 25, 26, 28, 31, 32, 34, 35, 36, 
  48, 50, 52, 53, 54, 56, 57, 62 ],
[ 1, 3, 5, 7, 8, 9, 11, 12, 16, 19, 21, 25, 26, 27, 30, 31, 33, 35, 36, 40, 
  41, 48, 51, 53, 55, 56, 57, 62 ],
[ 1, 3, 5, 7, 8, 9, 11, 12, 16, 17, 19, 21, 25, 26, 27, 30, 31, 35, 36, 39, 
  41, 48, 51, 54, 55, 56, 62, 63 ],
[ 1, 3, 5, 7, 8, 9, 11, 12, 15, 16, 19, 21, 26, 27, 30, 31, 33, 35, 38, 40, 
  41, 46, 51, 53, 55, 57, 61, 62 ],
[ 1, 3, 5, 7, 8, 9, 10, 11, 12, 15, 16, 19, 21, 26, 33, 35, 38, 40, 41, 46, 
  49, 50, 51, 52, 53, 55, 57, 61 ],
[ 1, 3, 5, 6, 8, 11, 12, 13, 14, 16, 17, 19, 20, 25, 26, 28, 29, 30, 31, 35, 
  37, 39, 41, 48, 49, 50, 53, 63 ],
[ 1, 3, 5, 6, 8, 10, 11, 12, 13, 14, 16, 17, 19, 20, 25, 26, 27, 28, 29, 35, 
  37, 39, 41, 48, 52, 53, 62, 63 ],
[ 1, 3, 5, 6, 8, 9, 11, 12, 13, 14, 16, 17, 19, 20, 25, 26, 27, 30, 31, 35, 
  37, 39, 41, 48, 51, 53, 62, 63 ],
[ 1, 3, 5, 6, 8, 9, 10, 11, 12, 13, 14, 16, 17, 19, 20, 25, 26, 35, 37, 39, 
  41, 48, 49, 50, 51, 52, 53, 63 ],
[ 1, 3, 5, 6, 7, 12, 13, 14, 16, 18, 19, 22, 25, 26, 27, 29, 31, 32, 35, 37, 
  42, 43, 49, 51, 52, 53, 63, 64 ],
[ 1, 3, 5, 6, 7, 10, 12, 13, 14, 16, 18, 19, 22, 25, 26, 29, 30, 32, 35, 37, 
  42, 43, 50, 51, 53, 62, 63, 64 ],
[ 1, 3, 5, 6, 7, 9, 12, 13, 14, 16, 18, 19, 22, 25, 26, 28, 31, 32, 35, 37, 
  42, 43, 50, 52, 53, 62, 63, 64 ],
[ 1, 3, 5, 6, 7, 9, 10, 12, 13, 14, 16, 18, 19, 22, 25, 26, 27, 28, 30, 32, 
  35, 37, 42, 43, 49, 53, 63, 64 ],
[ 1, 3, 4, 8, 12, 13, 15, 16, 20, 21, 22, 26, 27, 29, 31, 32, 33, 35, 38, 39, 
  40, 41, 46, 49, 51, 52, 54, 61 ],
[ 1, 3, 4, 8, 12, 13, 15, 16, 20, 21, 22, 24, 26, 27, 29, 31, 32, 35, 38, 39, 
  40, 41, 47, 49, 51, 52, 53, 63 ],
[ 1, 3, 4, 8, 12, 13, 14, 16, 20, 21, 22, 25, 26, 27, 29, 31, 32, 35, 37, 39, 
  40, 41, 48, 49, 51, 52, 53, 63 ],
[ 1, 3, 4, 8, 10, 12, 13, 14, 16, 20, 21, 22, 25, 26, 29, 30, 32, 35, 37, 39, 
  40, 41, 48, 50, 51, 53, 62, 63 ],
[ 1, 3, 4, 8, 9, 12, 13, 15, 16, 20, 21, 22, 26, 28, 31, 32, 33, 35, 38, 39, 
  40, 41, 46, 50, 52, 54, 61, 62 ],
[ 1, 3, 4, 8, 9, 12, 13, 15, 16, 20, 21, 22, 24, 26, 28, 31, 32, 35, 38, 39, 
  40, 41, 47, 50, 52, 53, 62, 63 ],
[ 1, 3, 4, 8, 9, 12, 13, 14, 16, 20, 21, 22, 25, 26, 28, 31, 32, 35, 37, 39, 
  40, 41, 48, 50, 52, 53, 62, 63 ],
[ 1, 3, 4, 8, 9, 10, 12, 13, 14, 16, 20, 21, 22, 25, 26, 27, 28, 30, 32, 35, 
  37, 39, 40, 41, 48, 49, 53, 63 ],
[ 1, 3, 4, 6, 8, 11, 12, 13, 15, 16, 17, 18, 21, 26, 28, 29, 30, 31, 33, 35, 
  38, 39, 42, 46, 49, 50, 54, 61 ],
[ 1, 3, 4, 6, 8, 11, 12, 13, 15, 16, 17, 18, 21, 24, 26, 28, 29, 30, 31, 35, 
  38, 39, 42, 47, 49, 50, 53, 63 ],
[ 1, 3, 4, 6, 8, 10, 11, 12, 13, 15, 16, 17, 18, 21, 26, 27, 28, 29, 33, 35, 
  38, 39, 42, 46, 52, 54, 61, 62 ],
[ 1, 3, 4, 6, 8, 10, 11, 12, 13, 15, 16, 17, 18, 21, 24, 26, 27, 28, 29, 35, 
  38, 39, 42, 47, 52, 53, 62, 63 ],
[ 1, 3, 4, 6, 8, 9, 11, 12, 13, 15, 16, 17, 18, 21, 26, 27, 30, 31, 33, 35, 
  38, 39, 42, 46, 51, 54, 61, 62 ],
[ 1, 3, 4, 6, 8, 9, 11, 12, 13, 15, 16, 17, 18, 21, 24, 26, 27, 30, 31, 35, 
  38, 39, 42, 47, 51, 53, 62, 63 ],
[ 1, 3, 4, 6, 8, 9, 10, 11, 12, 13, 15, 16, 17, 18, 21, 26, 33, 35, 38, 39, 
  42, 46, 49, 50, 51, 52, 54, 61 ],
[ 1, 3, 4, 6, 8, 9, 10, 11, 12, 13, 15, 16, 17, 18, 21, 24, 26, 35, 38, 39, 
  42, 47, 49, 50, 51, 52, 53, 63 ],
[ 1, 3, 4, 5, 8, 12, 13, 14, 16, 17, 22, 25, 26, 27, 29, 31, 32, 35, 37, 41, 
  42, 48, 49, 51, 52, 53, 57, 63 ],
[ 1, 3, 4, 5, 8, 10, 12, 13, 14, 16, 17, 22, 25, 26, 29, 30, 32, 35, 37, 41, 
  42, 48, 50, 51, 53, 57, 62, 63 ],
[ 1, 3, 4, 5, 8, 9, 12, 13, 14, 16, 17, 22, 25, 26, 28, 31, 32, 35, 37, 41, 
  42, 48, 50, 52, 53, 57, 62, 63 ],
[ 1, 3, 4, 5, 8, 9, 10, 12, 13, 14, 16, 17, 22, 25, 26, 27, 28, 30, 32, 35, 
  37, 41, 42, 48, 49, 53, 57, 63 ],
[ 1, 3, 4, 5, 7, 12, 15, 16, 19, 21, 25, 26, 29, 30, 31, 32, 33, 37, 38, 39, 
  44, 45, 49, 50, 51, 53, 56, 57 ],
[ 1, 3, 4, 5, 7, 12, 15, 16, 19, 21, 25, 26, 27, 29, 30, 31, 32, 33, 37, 38, 
  39, 44, 45, 51, 53, 56, 57, 62 ],
[ 1, 3, 4, 5, 7, 12, 15, 16, 19, 21, 23, 25, 26, 29, 30, 31, 32, 33, 37, 38, 
  39, 49, 50, 51, 53, 56, 57, 60 ],
[ 1, 3, 4, 5, 7, 12, 15, 16, 19, 21, 23, 25, 26, 27, 29, 30, 31, 32, 33, 37, 
  38, 39, 51, 53, 56, 57, 60, 62 ],
[ 1, 3, 4, 5, 7, 12, 14, 15, 16, 19, 21, 26, 28, 29, 30, 31, 32, 34, 35, 38, 
  39, 43, 48, 50, 56, 57, 58, 62 ],
[ 1, 3, 4, 5, 7, 12, 14, 15, 16, 19, 21, 26, 27, 28, 29, 30, 31, 32, 34, 35, 
  38, 39, 48, 49, 56, 57, 59, 64 ],
[ 1, 3, 4, 5, 7, 11, 12, 15, 16, 19, 21, 26, 29, 31, 34, 35, 36, 37, 38, 39, 
  43, 48, 49, 50, 51, 52, 57, 58 ],
[ 1, 3, 4, 5, 7, 11, 12, 15, 16, 19, 21, 26, 28, 29, 30, 31, 33, 37, 38, 39, 
  45, 48, 49, 50, 53, 56, 57, 60 ],
[ 1, 3, 4, 5, 7, 11, 12, 15, 16, 19, 21, 23, 26, 28, 29, 30, 31, 37, 38, 39, 
  44, 48, 49, 50, 54, 56, 57, 63 ],
[ 1, 3, 4, 5, 7, 11, 12, 14, 15, 16, 19, 21, 26, 27, 29, 31, 34, 35, 38, 39, 
  43, 48, 51, 52, 56, 57, 58, 62 ],
[ 1, 3, 4, 5, 7, 10, 12, 15, 16, 19, 21, 26, 28, 29, 32, 34, 35, 36, 37, 38, 
  39, 43, 48, 50, 52, 57, 58, 62 ],
[ 1, 3, 4, 5, 7, 10, 12, 15, 16, 19, 21, 26, 27, 28, 29, 32, 34, 35, 36, 37, 
  38, 39, 48, 49, 52, 57, 59, 64 ],
[ 1, 3, 4, 5, 7, 10, 11, 12, 15, 16, 19, 21, 26, 29, 30, 34, 35, 36, 37, 38, 
  39, 48, 49, 50, 51, 57, 59, 64 ],
[ 1, 3, 4, 5, 7, 10, 11, 12, 15, 16, 19, 21, 26, 27, 28, 29, 33, 37, 38, 39, 
  45, 48, 52, 53, 56, 57, 60, 62 ],
[ 1, 3, 4, 5, 7, 10, 11, 12, 15, 16, 19, 21, 23, 26, 27, 28, 29, 37, 38, 39, 
  44, 48, 52, 54, 56, 57, 62, 63 ],
[ 1, 3, 4, 5, 7, 10, 11, 12, 14, 15, 16, 19, 21, 26, 27, 29, 30, 34, 35, 38, 
  39, 48, 51, 56, 57, 59, 62, 64 ],
[ 1, 3, 4, 5, 7, 9, 12, 15, 16, 19, 21, 25, 26, 28, 30, 31, 32, 37, 38, 39, 
  44, 45, 49, 50, 54, 56, 57, 63 ],
[ 1, 3, 4, 5, 7, 9, 12, 15, 16, 19, 21, 25, 26, 27, 28, 30, 31, 32, 37, 38, 
  39, 44, 45, 54, 56, 57, 62, 63 ],
[ 1, 3, 4, 5, 7, 9, 12, 15, 16, 19, 21, 23, 25, 26, 28, 30, 31, 32, 37, 38, 
  39, 49, 50, 54, 56, 57, 60, 63 ],
[ 1, 3, 4, 5, 7, 9, 12, 15, 16, 19, 21, 23, 25, 26, 27, 28, 30, 31, 32, 37, 
  38, 39, 54, 56, 57, 60, 62, 63 ],
[ 1, 3, 4, 5, 7, 9, 11, 12, 15, 16, 19, 21, 26, 27, 30, 31, 33, 37, 38, 39, 
  45, 48, 51, 53, 56, 57, 60, 62 ],
[ 1, 3, 4, 5, 7, 9, 11, 12, 15, 16, 19, 21, 23, 26, 27, 30, 31, 37, 38, 39, 
  44, 48, 51, 54, 56, 57, 62, 63 ],
[ 1, 3, 4, 5, 7, 9, 10, 11, 12, 15, 16, 19, 21, 26, 33, 37, 38, 39, 45, 48, 
  49, 50, 51, 52, 53, 56, 57, 60 ],
[ 1, 3, 4, 5, 7, 9, 10, 11, 12, 15, 16, 19, 21, 23, 26, 37, 38, 39, 44, 48, 
  49, 50, 51, 52, 54, 56, 57, 63 ],
[ 1, 2, 8, 9, 11, 12, 16, 17, 19, 20, 21, 22, 26, 27, 29, 32, 34, 35, 37, 38, 
  39, 41, 46, 50, 53, 54, 56, 61 ],
[ 1, 2, 8, 9, 11, 12, 16, 17, 19, 20, 21, 22, 24, 26, 29, 32, 34, 35, 37, 38, 
  39, 41, 47, 49, 53, 54, 56, 62 ],
[ 1, 2, 8, 9, 11, 12, 16, 17, 18, 19, 21, 22, 26, 27, 29, 32, 35, 36, 37, 38, 
  39, 42, 46, 50, 53, 54, 55, 61 ],
[ 1, 2, 8, 9, 11, 12, 16, 17, 18, 19, 21, 22, 26, 27, 29, 32, 33, 35, 36, 37, 
  38, 39, 42, 46, 50, 55, 61, 63 ],
[ 1, 2, 8, 9, 11, 12, 16, 17, 18, 19, 21, 22, 24, 26, 29, 32, 35, 36, 37, 38, 
  39, 42, 47, 49, 53, 54, 55, 62 ],
[ 1, 2, 8, 9, 11, 12, 16, 17, 18, 19, 21, 22, 24, 26, 29, 32, 33, 35, 36, 37, 
  38, 39, 42, 47, 49, 55, 62, 63 ],
[ 1, 2, 8, 9, 11, 12, 16, 17, 18, 19, 20, 21, 22, 26, 27, 29, 32, 33, 35, 37, 
  38, 46, 50, 53, 55, 56, 57, 61 ],
[ 1, 2, 8, 9, 11, 12, 16, 17, 18, 19, 20, 21, 22, 24, 26, 29, 32, 33, 35, 37, 
  38, 47, 49, 53, 55, 56, 57, 62 ],
[ 1, 2, 8, 9, 11, 12, 15, 16, 19, 20, 21, 22, 26, 27, 29, 32, 33, 35, 36, 37, 
  40, 41, 46, 50, 53, 55, 57, 61 ],
[ 1, 2, 8, 9, 11, 12, 15, 16, 19, 20, 21, 22, 24, 26, 29, 32, 33, 35, 36, 37, 
  40, 41, 47, 49, 53, 55, 57, 62 ],
[ 1, 2, 8, 9, 11, 12, 15, 16, 17, 19, 20, 21, 22, 26, 27, 29, 32, 35, 36, 37, 
  39, 41, 46, 50, 54, 55, 61, 63 ],
[ 1, 2, 8, 9, 11, 12, 15, 16, 17, 19, 20, 21, 22, 24, 26, 29, 32, 35, 36, 37, 
  39, 41, 47, 49, 54, 55, 62, 63 ],
[ 1, 2, 8, 9, 11, 12, 14, 16, 19, 20, 21, 22, 26, 27, 29, 32, 34, 35, 36, 38, 
  40, 41, 46, 50, 53, 54, 57, 61 ],
[ 1, 2, 8, 9, 11, 12, 14, 16, 19, 20, 21, 22, 24, 26, 29, 32, 34, 35, 36, 38, 
  40, 41, 47, 49, 53, 54, 57, 62 ],
[ 1, 2, 8, 9, 11, 12, 14, 16, 17, 18, 19, 21, 22, 26, 27, 29, 32, 33, 35, 38, 
  39, 42, 46, 50, 55, 56, 61, 63 ],
[ 1, 2, 8, 9, 11, 12, 14, 16, 17, 18, 19, 21, 22, 24, 26, 29, 32, 33, 35, 38, 
  39, 42, 47, 49, 55, 56, 62, 63 ],
[ 1, 2, 8, 9, 11, 12, 13, 16, 18, 19, 21, 22, 26, 27, 29, 32, 34, 36, 37, 38, 
  40, 42, 46, 50, 53, 54, 57, 61 ],
[ 1, 2, 8, 9, 11, 12, 13, 16, 18, 19, 21, 22, 26, 27, 29, 32, 33, 34, 36, 37, 
  38, 40, 42, 46, 50, 57, 61, 63 ],
[ 1, 2, 8, 9, 11, 12, 13, 16, 18, 19, 21, 22, 24, 26, 29, 32, 34, 36, 37, 38, 
  40, 42, 47, 49, 53, 54, 57, 62 ],
[ 1, 2, 8, 9, 11, 12, 13, 16, 18, 19, 21, 22, 24, 26, 29, 32, 33, 34, 36, 37, 
  38, 40, 42, 47, 49, 57, 62, 63 ],
[ 1, 2, 8, 9, 11, 12, 13, 16, 17, 19, 20, 21, 22, 26, 27, 29, 32, 33, 37, 38, 
  39, 41, 46, 50, 55, 56, 61, 63 ],
[ 1, 2, 8, 9, 11, 12, 13, 16, 17, 19, 20, 21, 22, 24, 26, 29, 32, 33, 37, 38, 
  39, 41, 47, 49, 55, 56, 62, 63 ],
[ 1, 2, 8, 9, 11, 12, 13, 15, 16, 19, 20, 21, 22, 26, 27, 29, 32, 34, 36, 37, 
  40, 41, 46, 50, 54, 57, 61, 63 ],
[ 1, 2, 8, 9, 11, 12, 13, 15, 16, 19, 20, 21, 22, 24, 26, 29, 32, 34, 36, 37, 
  40, 41, 47, 49, 54, 57, 62, 63 ],
[ 1, 2, 8, 9, 11, 12, 13, 15, 16, 17, 19, 20, 21, 22, 26, 27, 29, 32, 33, 34, 
  36, 37, 39, 41, 46, 50, 53, 61 ],
[ 1, 2, 8, 9, 11, 12, 13, 15, 16, 17, 19, 20, 21, 22, 24, 26, 29, 32, 33, 34, 
  36, 37, 39, 41, 47, 49, 53, 62 ],
[ 1, 2, 8, 9, 11, 12, 13, 14, 16, 19, 20, 21, 22, 26, 27, 29, 32, 33, 36, 38, 
  40, 41, 46, 50, 55, 57, 61, 63 ],
[ 1, 2, 8, 9, 11, 12, 13, 14, 16, 19, 20, 21, 22, 24, 26, 29, 32, 33, 36, 38, 
  40, 41, 47, 49, 55, 57, 62, 63 ],
[ 1, 2, 8, 9, 11, 12, 13, 14, 16, 18, 19, 21, 22, 26, 27, 29, 32, 33, 34, 38, 
  40, 42, 46, 50, 56, 57, 61, 63 ],
[ 1, 2, 8, 9, 11, 12, 13, 14, 16, 18, 19, 21, 22, 24, 26, 29, 32, 33, 34, 38, 
  40, 42, 47, 49, 56, 57, 62, 63 ],
[ 1, 2, 8, 9, 10, 12, 16, 17, 19, 20, 21, 22, 25, 26, 29, 31, 34, 35, 37, 38, 
  39, 41, 48, 49, 53, 54, 56, 62 ],
[ 1, 2, 8, 9, 10, 12, 16, 17, 18, 19, 21, 22, 25, 26, 29, 31, 35, 36, 37, 38, 
  39, 42, 48, 49, 53, 54, 55, 62 ],
[ 1, 2, 8, 9, 10, 12, 16, 17, 18, 19, 21, 22, 25, 26, 29, 31, 33, 35, 36, 37, 
  38, 39, 42, 48, 49, 55, 62, 63 ],
[ 1, 2, 8, 9, 10, 12, 16, 17, 18, 19, 20, 21, 22, 25, 26, 29, 31, 33, 35, 37, 
  38, 48, 49, 53, 55, 56, 57, 62 ],
[ 1, 2, 8, 9, 10, 12, 15, 16, 19, 20, 21, 22, 25, 26, 29, 31, 33, 35, 36, 37, 
  40, 41, 48, 49, 53, 55, 57, 62 ],
[ 1, 2, 8, 9, 10, 12, 15, 16, 17, 19, 20, 21, 22, 25, 26, 29, 31, 35, 36, 37, 
  39, 41, 48, 49, 54, 55, 62, 63 ],
[ 1, 2, 8, 9, 10, 12, 14, 16, 19, 20, 21, 22, 25, 26, 29, 31, 34, 35, 36, 38, 
  40, 41, 48, 49, 53, 54, 57, 62 ],
[ 1, 2, 8, 9, 10, 12, 14, 16, 17, 18, 19, 20, 21, 22, 25, 26, 29, 31, 35, 36, 
  38, 48, 49, 54, 55, 57, 62, 63 ],
[ 1, 2, 8, 9, 10, 12, 13, 16, 18, 19, 21, 22, 25, 26, 29, 31, 34, 36, 37, 38, 
  40, 42, 48, 49, 53, 54, 57, 62 ],
[ 1, 2, 8, 9, 10, 12, 13, 16, 18, 19, 21, 22, 25, 26, 29, 31, 33, 34, 36, 37, 
  38, 40, 42, 48, 49, 57, 62, 63 ],
[ 1, 2, 7, 11, 12, 13, 16, 17, 19, 20, 25, 26, 27, 28, 29, 32, 33, 35, 37, 
  38, 39, 41, 42, 46, 47, 54, 56, 62 ],
[ 1, 2, 7, 11, 12, 13, 15, 16, 17, 18, 19, 20, 26, 29, 31, 32, 33, 35, 36, 
  37, 42, 43, 48, 51, 52, 54, 57, 58 ],
[ 1, 2, 7, 11, 12, 13, 15, 16, 17, 18, 19, 20, 26, 27, 29, 32, 33, 35, 36, 
  37, 42, 47, 48, 49, 51, 54, 57, 61 ],
[ 1, 2, 7, 11, 12, 13, 14, 16, 19, 20, 25, 26, 27, 28, 29, 32, 33, 35, 36, 
  38, 40, 41, 42, 46, 47, 54, 57, 62 ],
[ 1, 2, 7, 11, 12, 13, 14, 15, 16, 18, 19, 20, 26, 29, 31, 32, 33, 35, 39, 
  40, 42, 43, 48, 51, 52, 54, 56, 58 ],
[ 1, 2, 7, 11, 12, 13, 14, 15, 16, 18, 19, 20, 26, 27, 29, 32, 33, 35, 39, 
  40, 42, 47, 48, 49, 51, 54, 56, 61 ],
[ 1, 2, 7, 9, 11, 12, 13, 16, 17, 19, 20, 25, 26, 32, 33, 35, 37, 38, 39, 41, 
  42, 46, 47, 49, 50, 51, 54, 56 ],
[ 1, 2, 7, 9, 11, 12, 13, 15, 16, 17, 18, 19, 20, 26, 28, 32, 33, 35, 36, 37, 
  42, 47, 48, 50, 54, 57, 61, 62 ],
[ 1, 2, 7, 9, 11, 12, 13, 15, 16, 17, 18, 19, 20, 26, 28, 31, 32, 33, 35, 36, 
  37, 42, 48, 52, 54, 57, 59, 64 ],
[ 1, 2, 7, 9, 11, 12, 13, 14, 16, 19, 20, 25, 26, 32, 33, 35, 36, 38, 40, 41, 
  42, 46, 47, 49, 50, 51, 54, 57 ],
[ 1, 2, 7, 9, 11, 12, 13, 14, 15, 16, 18, 19, 20, 26, 28, 32, 33, 35, 39, 40, 
  42, 47, 48, 50, 54, 56, 61, 62 ],
[ 1, 2, 7, 9, 11, 12, 13, 14, 15, 16, 18, 19, 20, 26, 28, 31, 32, 33, 35, 39, 
  40, 42, 48, 52, 54, 56, 59, 64 ],
[ 1, 2, 6, 8, 9, 11, 12, 16, 18, 19, 21, 26, 27, 29, 32, 33, 34, 35, 37, 38, 
  39, 40, 42, 46, 50, 56, 61, 63 ],
[ 1, 2, 6, 8, 9, 11, 12, 16, 18, 19, 21, 24, 26, 29, 32, 33, 34, 35, 37, 38, 
  39, 40, 42, 47, 49, 56, 62, 63 ],
[ 1, 2, 6, 8, 9, 11, 12, 15, 16, 19, 21, 26, 27, 29, 32, 34, 35, 36, 37, 40, 
  41, 42, 46, 50, 53, 54, 57, 61 ],
[ 1, 2, 6, 8, 9, 11, 12, 15, 16, 19, 21, 24, 26, 29, 32, 34, 35, 36, 37, 40, 
  41, 42, 47, 49, 53, 54, 57, 62 ],
[ 1, 2, 6, 8, 9, 11, 12, 15, 16, 19, 20, 21, 26, 27, 29, 32, 34, 35, 37, 39, 
  40, 41, 46, 50, 54, 56, 61, 63 ],
[ 1, 2, 6, 8, 9, 11, 12, 15, 16, 19, 20, 21, 24, 26, 29, 32, 34, 35, 37, 39, 
  40, 41, 47, 49, 54, 56, 62, 63 ],
[ 1, 2, 6, 8, 9, 11, 12, 14, 15, 16, 19, 21, 26, 27, 29, 32, 33, 34, 35, 40, 
  41, 42, 46, 50, 56, 57, 61, 63 ],
[ 1, 2, 6, 8, 9, 11, 12, 14, 15, 16, 19, 21, 24, 26, 29, 32, 33, 34, 35, 40, 
  41, 42, 47, 49, 56, 57, 62, 63 ],
[ 1, 2, 6, 8, 9, 11, 12, 14, 15, 16, 18, 19, 21, 26, 27, 29, 32, 35, 39, 40, 
  42, 46, 50, 54, 55, 56, 61, 63 ],
[ 1, 2, 6, 8, 9, 11, 12, 14, 15, 16, 18, 19, 21, 24, 26, 29, 32, 35, 39, 40, 
  42, 47, 49, 54, 55, 56, 62, 63 ],
[ 1, 2, 6, 8, 9, 11, 12, 13, 16, 18, 19, 21, 26, 27, 29, 32, 37, 38, 39, 40, 
  42, 46, 50, 53, 54, 55, 56, 61 ],
[ 1, 2, 6, 8, 9, 11, 12, 13, 16, 18, 19, 21, 24, 26, 29, 32, 37, 38, 39, 40, 
  42, 47, 49, 53, 54, 55, 56, 62 ],
[ 1, 2, 6, 8, 9, 11, 12, 13, 15, 16, 19, 21, 26, 27, 29, 32, 33, 36, 37, 40, 
  41, 42, 46, 50, 55, 57, 61, 63 ],
[ 1, 2, 6, 8, 9, 11, 12, 13, 15, 16, 19, 21, 24, 26, 29, 32, 33, 36, 37, 40, 
  41, 42, 47, 49, 55, 57, 62, 63 ],
[ 1, 2, 6, 8, 9, 11, 12, 13, 15, 16, 19, 20, 21, 26, 27, 29, 32, 37, 39, 40, 
  41, 46, 50, 54, 55, 56, 61, 63 ],
[ 1, 2, 6, 8, 9, 11, 12, 13, 15, 16, 19, 20, 21, 24, 26, 29, 32, 37, 39, 40, 
  41, 47, 49, 54, 55, 56, 62, 63 ],
[ 1, 2, 6, 8, 9, 11, 12, 13, 14, 15, 16, 19, 21, 26, 27, 29, 32, 40, 41, 42, 
  46, 50, 53, 54, 55, 56, 57, 61 ],
[ 1, 2, 6, 8, 9, 11, 12, 13, 14, 15, 16, 19, 21, 24, 26, 29, 32, 40, 41, 42, 
  47, 49, 53, 54, 55, 56, 57, 62 ],
[ 1, 2, 6, 8, 9, 11, 12, 13, 14, 15, 16, 19, 20, 21, 26, 27, 29, 32, 33, 36, 
  39, 40, 41, 46, 50, 53, 55, 61 ],
[ 1, 2, 6, 8, 9, 11, 12, 13, 14, 15, 16, 19, 20, 21, 24, 26, 29, 32, 33, 36, 
  39, 40, 41, 47, 49, 53, 55, 62 ],
[ 1, 2, 6, 8, 9, 11, 12, 13, 14, 15, 16, 18, 19, 21, 26, 27, 29, 32, 33, 34, 
  39, 40, 42, 46, 50, 53, 56, 61 ],
[ 1, 2, 6, 8, 9, 11, 12, 13, 14, 15, 16, 18, 19, 21, 24, 26, 29, 32, 33, 34, 
  39, 40, 42, 47, 49, 53, 56, 62 ],
[ 1, 2, 6, 8, 9, 10, 12, 16, 18, 19, 21, 25, 26, 29, 31, 33, 34, 35, 37, 38, 
  39, 40, 42, 48, 49, 56, 62, 63 ],
[ 1, 2, 6, 8, 9, 10, 12, 16, 17, 18, 19, 21, 25, 26, 29, 31, 34, 35, 37, 38, 
  42, 48, 49, 53, 54, 56, 57, 62 ],
[ 1, 2, 6, 8, 9, 10, 12, 15, 16, 19, 21, 25, 26, 29, 31, 34, 35, 36, 37, 40, 
  41, 42, 48, 49, 53, 54, 57, 62 ],
[ 1, 2, 6, 8, 9, 10, 12, 15, 16, 19, 20, 21, 25, 26, 29, 31, 34, 35, 37, 39, 
  40, 41, 48, 49, 54, 56, 62, 63 ],
[ 1, 2, 6, 8, 9, 10, 12, 15, 16, 17, 18, 19, 21, 25, 26, 29, 31, 35, 36, 37, 
  42, 48, 49, 54, 55, 57, 62, 63 ],
[ 1, 2, 6, 8, 9, 10, 12, 14, 15, 16, 19, 21, 25, 26, 29, 31, 33, 34, 35, 40, 
  41, 42, 48, 49, 56, 57, 62, 63 ],
[ 1, 2, 6, 8, 9, 10, 12, 14, 15, 16, 18, 19, 21, 25, 26, 29, 31, 35, 39, 40, 
  42, 48, 49, 54, 55, 56, 62, 63 ],
[ 1, 2, 6, 8, 9, 10, 12, 13, 15, 16, 19, 21, 25, 26, 29, 31, 33, 36, 37, 40, 
  41, 42, 48, 49, 55, 57, 62, 63 ],
[ 1, 2, 6, 8, 9, 10, 12, 13, 15, 16, 19, 20, 21, 25, 26, 29, 31, 37, 39, 40, 
  41, 48, 49, 54, 55, 56, 62, 63 ],
[ 1, 2, 6, 8, 9, 10, 12, 13, 14, 15, 16, 19, 21, 25, 26, 29, 31, 40, 41, 42, 
  48, 49, 53, 54, 55, 56, 57, 62 ],
[ 1, 2, 6, 7, 12, 13, 16, 17, 19, 22, 25, 26, 27, 28, 29, 30, 33, 35, 37, 38, 
  39, 41, 46, 47, 52, 54, 56, 62 ],
[ 1, 2, 6, 7, 12, 13, 16, 17, 19, 22, 24, 25, 26, 28, 29, 30, 33, 35, 37, 38, 
  39, 41, 49, 50, 52, 54, 56, 61 ],
[ 1, 2, 6, 7, 12, 13, 15, 16, 17, 18, 19, 22, 26, 27, 29, 30, 33, 35, 36, 37, 
  47, 48, 49, 51, 52, 54, 57, 61 ],
[ 1, 2, 6, 7, 12, 13, 15, 16, 17, 18, 19, 22, 24, 26, 29, 30, 33, 35, 36, 37, 
  46, 48, 50, 51, 52, 54, 57, 62 ],
[ 1, 2, 6, 7, 10, 12, 13, 16, 17, 19, 22, 25, 26, 27, 28, 29, 31, 35, 37, 38, 
  39, 41, 46, 47, 53, 56, 62, 63 ],
[ 1, 2, 6, 7, 10, 12, 13, 16, 17, 19, 22, 24, 25, 26, 28, 29, 31, 35, 37, 38, 
  39, 41, 49, 50, 53, 56, 61, 63 ],
[ 1, 2, 6, 7, 10, 12, 13, 15, 16, 17, 18, 19, 22, 26, 27, 29, 31, 35, 36, 37, 
  47, 48, 49, 51, 53, 57, 61, 63 ],
[ 1, 2, 6, 7, 10, 12, 13, 15, 16, 17, 18, 19, 22, 24, 26, 29, 31, 35, 36, 37, 
  46, 48, 50, 51, 53, 57, 62, 63 ],
[ 1, 2, 6, 7, 9, 12, 16, 18, 19, 20, 21, 22, 25, 26, 27, 29, 30, 33, 35, 37, 
  38, 50, 52, 53, 55, 56, 58, 59 ],
[ 1, 2, 6, 7, 9, 12, 14, 16, 18, 19, 20, 21, 22, 25, 26, 27, 29, 30, 35, 36, 
  38, 50, 52, 54, 55, 58, 59, 63 ],
[ 1, 2, 6, 7, 9, 12, 13, 16, 18, 19, 20, 21, 22, 25, 26, 27, 29, 30, 34, 37, 
  38, 50, 52, 54, 56, 58, 59, 63 ],
[ 1, 2, 6, 7, 9, 12, 13, 14, 16, 18, 19, 20, 21, 22, 25, 26, 27, 29, 30, 33, 
  34, 36, 38, 50, 52, 53, 58, 59 ],
[ 1, 2, 6, 7, 9, 10, 12, 16, 18, 19, 20, 21, 22, 25, 26, 29, 31, 33, 35, 37, 
  38, 49, 53, 55, 56, 58, 59, 62 ],
[ 1, 2, 6, 7, 9, 10, 12, 15, 16, 21, 22, 23, 26, 29, 31, 34, 35, 36, 37, 40, 
  42, 44, 48, 49, 53, 54, 57, 62 ],
[ 1, 2, 6, 7, 9, 10, 12, 15, 16, 20, 21, 22, 26, 29, 31, 33, 34, 35, 37, 39, 
  40, 45, 48, 49, 53, 56, 60, 62 ],
[ 1, 2, 6, 7, 9, 10, 12, 15, 16, 20, 21, 22, 23, 26, 29, 31, 34, 35, 37, 39, 
  40, 44, 48, 49, 54, 56, 62, 63 ],
[ 1, 2, 6, 7, 9, 10, 12, 15, 16, 17, 21, 22, 26, 29, 31, 34, 35, 36, 37, 39, 
  42, 45, 48, 49, 53, 54, 60, 62 ],
[ 1, 2, 6, 7, 9, 10, 12, 15, 16, 17, 20, 21, 22, 26, 29, 31, 33, 34, 35, 37, 
  45, 48, 49, 53, 56, 57, 60, 62 ],
[ 1, 2, 6, 7, 9, 10, 12, 15, 16, 17, 20, 21, 22, 23, 26, 29, 31, 34, 35, 37, 
  44, 48, 49, 54, 56, 57, 62, 63 ],
[ 1, 2, 6, 7, 9, 10, 12, 14, 16, 18, 19, 20, 21, 22, 25, 26, 29, 31, 35, 36, 
  38, 49, 54, 55, 58, 59, 62, 63 ],
[ 1, 2, 6, 7, 9, 10, 12, 14, 15, 16, 21, 22, 23, 26, 29, 31, 33, 34, 35, 40, 
  42, 44, 48, 49, 56, 57, 62, 63 ],
[ 1, 2, 6, 7, 9, 10, 12, 14, 15, 16, 17, 21, 22, 26, 29, 31, 33, 34, 35, 39, 
  42, 45, 48, 49, 56, 60, 62, 63 ],
[ 1, 2, 6, 7, 9, 10, 12, 13, 16, 18, 19, 20, 21, 22, 25, 26, 29, 31, 34, 37, 
  38, 49, 54, 56, 58, 59, 62, 63 ],
[ 1, 2, 6, 7, 9, 10, 12, 13, 15, 16, 21, 22, 23, 26, 29, 31, 33, 36, 37, 40, 
  42, 44, 48, 49, 55, 57, 62, 63 ],
[ 1, 2, 6, 7, 9, 10, 12, 13, 15, 16, 20, 21, 22, 26, 29, 31, 33, 37, 39, 40, 
  45, 48, 49, 53, 55, 56, 60, 62 ],
[ 1, 2, 6, 7, 9, 10, 12, 13, 15, 16, 20, 21, 22, 23, 26, 29, 31, 37, 39, 40, 
  44, 48, 49, 54, 55, 56, 62, 63 ],
[ 1, 2, 6, 7, 9, 10, 12, 13, 15, 16, 17, 21, 22, 26, 29, 31, 33, 36, 37, 39, 
  42, 45, 48, 49, 55, 60, 62, 63 ],
[ 1, 2, 6, 7, 9, 10, 12, 13, 15, 16, 17, 20, 21, 22, 26, 29, 31, 33, 37, 45, 
  48, 49, 53, 55, 56, 57, 60, 62 ],
[ 1, 2, 6, 7, 9, 10, 12, 13, 15, 16, 17, 20, 21, 22, 23, 26, 29, 31, 37, 44, 
  48, 49, 54, 55, 56, 57, 62, 63 ],
[ 1, 2, 6, 7, 9, 10, 12, 13, 14, 16, 18, 19, 20, 21, 22, 25, 26, 29, 31, 33, 
  34, 36, 38, 49, 53, 58, 59, 62 ],
[ 1, 2, 6, 7, 9, 10, 12, 13, 14, 15, 16, 21, 22, 23, 26, 29, 31, 40, 42, 44, 
  48, 49, 53, 54, 55, 56, 57, 62 ],
[ 1, 2, 6, 7, 9, 10, 12, 13, 14, 15, 16, 17, 21, 22, 26, 29, 31, 39, 42, 45, 
  48, 49, 53, 54, 55, 56, 60, 62 ],
[ 1, 2, 5, 8, 9, 11, 12, 16, 18, 19, 22, 26, 27, 29, 32, 33, 35, 37, 38, 39, 
  40, 42, 46, 50, 53, 55, 56, 61 ],
[ 1, 2, 5, 8, 9, 11, 12, 16, 18, 19, 22, 24, 26, 29, 32, 33, 35, 37, 38, 39, 
  40, 42, 47, 49, 53, 55, 56, 62 ],
[ 1, 2, 5, 8, 9, 11, 12, 14, 16, 19, 22, 26, 27, 29, 32, 33, 34, 35, 36, 38, 
  40, 41, 42, 46, 50, 57, 61, 63 ],
[ 1, 2, 5, 8, 9, 11, 12, 14, 16, 19, 22, 24, 26, 29, 32, 33, 34, 35, 36, 38, 
  40, 41, 42, 47, 49, 57, 62, 63 ],
[ 1, 2, 5, 8, 9, 11, 12, 14, 15, 16, 19, 22, 26, 27, 29, 32, 33, 35, 40, 41, 
  42, 46, 50, 53, 55, 56, 57, 61 ],
[ 1, 2, 5, 8, 9, 11, 12, 14, 15, 16, 19, 22, 24, 26, 29, 32, 33, 35, 40, 41, 
  42, 47, 49, 53, 55, 56, 57, 62 ],
[ 1, 2, 5, 8, 9, 11, 12, 13, 14, 16, 19, 22, 26, 27, 29, 32, 36, 38, 40, 41, 
  42, 46, 50, 53, 54, 55, 57, 61 ],
[ 1, 2, 5, 8, 9, 11, 12, 13, 14, 16, 19, 22, 24, 26, 29, 32, 36, 38, 40, 41, 
  42, 47, 49, 53, 54, 55, 57, 62 ],
[ 1, 2, 5, 8, 9, 11, 12, 13, 14, 15, 16, 19, 22, 26, 27, 29, 32, 34, 40, 41, 
  42, 46, 50, 54, 56, 57, 61, 63 ],
[ 1, 2, 5, 8, 9, 11, 12, 13, 14, 15, 16, 19, 22, 24, 26, 29, 32, 34, 40, 41, 
  42, 47, 49, 54, 56, 57, 62, 63 ],
[ 1, 2, 5, 8, 9, 10, 12, 16, 18, 19, 22, 25, 26, 29, 31, 33, 35, 37, 38, 39, 
  40, 42, 48, 49, 53, 55, 56, 62 ],
[ 1, 2, 5, 8, 9, 10, 12, 16, 17, 19, 22, 25, 26, 29, 31, 33, 34, 35, 37, 38, 
  39, 41, 42, 48, 49, 56, 62, 63 ],
[ 1, 2, 5, 8, 9, 10, 12, 14, 16, 19, 22, 25, 26, 29, 31, 33, 34, 35, 36, 38, 
  40, 41, 42, 48, 49, 57, 62, 63 ],
[ 1, 2, 5, 8, 9, 10, 12, 14, 16, 18, 19, 22, 25, 26, 29, 31, 35, 36, 38, 39, 
  40, 42, 48, 49, 54, 55, 62, 63 ],
[ 1, 2, 5, 8, 9, 10, 12, 14, 15, 16, 19, 22, 25, 26, 29, 31, 33, 35, 40, 41, 
  42, 48, 49, 53, 55, 56, 57, 62 ],
[ 1, 2, 5, 8, 9, 10, 12, 14, 15, 16, 17, 19, 22, 25, 26, 29, 31, 35, 39, 41, 
  42, 48, 49, 54, 55, 56, 62, 63 ],
[ 1, 2, 5, 7, 11, 12, 13, 16, 17, 19, 21, 25, 26, 27, 28, 29, 32, 35, 37, 38, 
  39, 41, 46, 47, 53, 56, 62, 63 ],
[ 1, 2, 5, 7, 11, 12, 13, 15, 16, 17, 18, 19, 21, 26, 29, 31, 32, 35, 36, 37, 
  43, 48, 51, 52, 53, 57, 58, 63 ],
[ 1, 2, 5, 7, 11, 12, 13, 15, 16, 17, 18, 19, 21, 26, 27, 29, 32, 35, 36, 37, 
  47, 48, 49, 51, 53, 57, 61, 63 ],
[ 1, 2, 5, 7, 11, 12, 13, 14, 16, 19, 21, 25, 26, 27, 28, 29, 32, 35, 36, 38, 
  40, 41, 46, 47, 53, 57, 62, 63 ],
[ 1, 2, 5, 7, 11, 12, 13, 14, 15, 16, 18, 19, 21, 26, 29, 31, 32, 35, 39, 40, 
  43, 48, 51, 52, 53, 56, 58, 63 ],
[ 1, 2, 5, 7, 11, 12, 13, 14, 15, 16, 18, 19, 21, 26, 27, 29, 32, 35, 39, 40, 
  47, 48, 49, 51, 53, 56, 61, 63 ],
[ 1, 2, 5, 7, 9, 11, 12, 13, 16, 17, 19, 21, 25, 26, 32, 35, 37, 38, 39, 41, 
  46, 47, 49, 50, 51, 53, 56, 63 ],
[ 1, 2, 5, 7, 9, 11, 12, 13, 15, 16, 17, 18, 19, 21, 26, 28, 32, 35, 36, 37, 
  47, 48, 50, 53, 57, 61, 62, 63 ],
[ 1, 2, 5, 7, 9, 11, 12, 13, 15, 16, 17, 18, 19, 21, 26, 28, 31, 32, 35, 36, 
  37, 48, 52, 53, 57, 59, 63, 64 ],
[ 1, 2, 5, 7, 9, 11, 12, 13, 14, 16, 19, 21, 25, 26, 32, 35, 36, 38, 40, 41, 
  46, 47, 49, 50, 51, 53, 57, 63 ],
[ 1, 2, 5, 7, 9, 11, 12, 13, 14, 15, 16, 18, 19, 21, 26, 28, 32, 35, 39, 40, 
  47, 48, 50, 53, 56, 61, 62, 63 ],
[ 1, 2, 5, 7, 9, 11, 12, 13, 14, 15, 16, 18, 19, 21, 26, 28, 31, 32, 35, 39, 
  40, 48, 52, 53, 56, 59, 63, 64 ],
[ 1, 2, 5, 6, 8, 9, 10, 12, 15, 16, 17, 19, 20, 25, 26, 29, 31, 34, 35, 36, 
  37, 39, 41, 48, 49, 53, 54, 62 ],
[ 1, 2, 5, 6, 8, 9, 10, 12, 15, 16, 17, 18, 19, 20, 25, 26, 29, 31, 33, 35, 
  36, 37, 48, 49, 53, 55, 57, 62 ],
[ 1, 2, 5, 6, 8, 9, 10, 12, 14, 16, 18, 19, 20, 25, 26, 29, 31, 33, 34, 35, 
  36, 38, 39, 40, 48, 49, 62, 63 ],
[ 1, 2, 5, 6, 8, 9, 10, 12, 14, 16, 17, 18, 19, 20, 25, 26, 29, 31, 34, 35, 
  36, 38, 48, 49, 53, 54, 57, 62 ],
[ 1, 2, 5, 6, 8, 9, 10, 12, 14, 15, 16, 18, 19, 20, 25, 26, 29, 31, 33, 35, 
  39, 40, 48, 49, 53, 55, 56, 62 ],
[ 1, 2, 5, 6, 8, 9, 10, 12, 14, 15, 16, 17, 19, 20, 25, 26, 29, 31, 33, 34, 
  35, 39, 41, 48, 49, 56, 62, 63 ],
[ 1, 2, 5, 6, 8, 9, 10, 12, 13, 15, 16, 17, 19, 20, 25, 26, 29, 31, 33, 36, 
  37, 39, 41, 48, 49, 55, 62, 63 ],
[ 1, 2, 5, 6, 8, 9, 10, 12, 13, 14, 15, 16, 17, 19, 20, 25, 26, 29, 31, 39, 
  41, 48, 49, 53, 54, 55, 56, 62 ],
[ 1, 2, 5, 6, 7, 9, 12, 16, 18, 19, 22, 25, 26, 27, 29, 30, 33, 35, 37, 38, 
  42, 43, 50, 52, 53, 55, 56, 64 ],
[ 1, 2, 5, 6, 7, 9, 12, 14, 16, 18, 19, 22, 25, 26, 27, 29, 30, 35, 36, 38, 
  42, 43, 50, 52, 54, 55, 63, 64 ],
[ 1, 2, 5, 6, 7, 9, 12, 13, 16, 18, 19, 22, 25, 26, 27, 29, 30, 34, 37, 38, 
  42, 43, 50, 52, 54, 56, 63, 64 ],
[ 1, 2, 5, 6, 7, 9, 12, 13, 14, 16, 18, 19, 22, 25, 26, 27, 29, 30, 33, 34, 
  36, 38, 42, 43, 50, 52, 53, 64 ],
[ 1, 2, 5, 6, 7, 9, 10, 12, 16, 18, 19, 22, 25, 26, 29, 31, 33, 35, 37, 38, 
  42, 43, 49, 53, 55, 56, 62, 64 ],
[ 1, 2, 5, 6, 7, 9, 10, 12, 14, 16, 18, 19, 22, 25, 26, 29, 31, 35, 36, 38, 
  42, 43, 49, 54, 55, 62, 63, 64 ],
[ 1, 2, 5, 6, 7, 9, 10, 12, 13, 16, 18, 19, 22, 25, 26, 29, 31, 34, 37, 38, 
  42, 43, 49, 54, 56, 62, 63, 64 ],
[ 1, 2, 5, 6, 7, 9, 10, 12, 13, 14, 16, 18, 19, 22, 25, 26, 29, 31, 33, 34, 
  36, 38, 42, 43, 49, 53, 62, 64 ],
[ 1, 2, 4, 8, 9, 11, 12, 16, 20, 21, 22, 26, 27, 29, 32, 33, 35, 37, 38, 39, 
  40, 41, 46, 50, 53, 55, 56, 61 ],
[ 1, 2, 4, 8, 9, 11, 12, 16, 20, 21, 22, 24, 26, 29, 32, 33, 35, 37, 38, 39, 
  40, 41, 47, 49, 53, 55, 56, 62 ],
[ 1, 2, 4, 8, 9, 11, 12, 13, 16, 21, 22, 26, 27, 29, 32, 34, 36, 37, 38, 40, 
  41, 42, 46, 50, 53, 54, 57, 61 ],
[ 1, 2, 4, 8, 9, 11, 12, 13, 16, 21, 22, 26, 27, 29, 32, 33, 34, 36, 37, 38, 
  40, 41, 42, 46, 50, 57, 61, 63 ],
[ 1, 2, 4, 8, 9, 11, 12, 13, 16, 21, 22, 24, 26, 29, 32, 34, 36, 37, 38, 40, 
  41, 42, 47, 49, 53, 54, 57, 62 ],
[ 1, 2, 4, 8, 9, 11, 12, 13, 16, 21, 22, 24, 26, 29, 32, 33, 34, 36, 37, 38, 
  40, 41, 42, 47, 49, 57, 62, 63 ],
[ 1, 2, 4, 8, 9, 11, 12, 13, 14, 16, 21, 22, 26, 27, 29, 32, 34, 38, 40, 41, 
  42, 46, 50, 53, 54, 56, 57, 61 ],
[ 1, 2, 4, 8, 9, 11, 12, 13, 14, 16, 21, 22, 24, 26, 29, 32, 34, 38, 40, 41, 
  42, 47, 49, 53, 54, 56, 57, 62 ],
[ 1, 2, 4, 8, 9, 10, 12, 16, 20, 21, 22, 25, 26, 29, 31, 33, 35, 37, 38, 39, 
  40, 41, 48, 49, 53, 55, 56, 62 ],
[ 1, 2, 4, 8, 9, 10, 12, 14, 16, 20, 21, 22, 25, 26, 29, 31, 35, 36, 38, 39, 
  40, 41, 48, 49, 54, 55, 62, 63 ],
[ 1, 2, 4, 8, 9, 10, 12, 13, 16, 21, 22, 25, 26, 29, 31, 34, 36, 37, 38, 40, 
  41, 42, 48, 49, 53, 54, 57, 62 ],
[ 1, 2, 4, 8, 9, 10, 12, 13, 16, 21, 22, 25, 26, 29, 31, 33, 34, 36, 37, 38, 
  40, 41, 42, 48, 49, 57, 62, 63 ],
[ 1, 2, 4, 6, 7, 12, 16, 17, 19, 22, 25, 26, 27, 28, 29, 30, 33, 35, 37, 38, 
  40, 46, 47, 52, 53, 55, 56, 62 ],
[ 1, 2, 4, 6, 7, 12, 16, 17, 19, 22, 24, 25, 26, 28, 29, 30, 33, 35, 37, 38, 
  40, 49, 50, 52, 53, 55, 56, 61 ],
[ 1, 2, 4, 6, 7, 12, 15, 16, 17, 19, 22, 26, 27, 29, 30, 34, 35, 36, 37, 40, 
  47, 48, 49, 51, 52, 53, 54, 61 ],
[ 1, 2, 4, 6, 7, 12, 15, 16, 17, 19, 22, 24, 26, 29, 30, 34, 35, 36, 37, 40, 
  46, 48, 50, 51, 52, 53, 54, 62 ],
[ 1, 2, 4, 6, 7, 12, 13, 16, 17, 19, 22, 25, 26, 27, 28, 29, 30, 34, 37, 38, 
  40, 46, 47, 52, 54, 56, 62, 63 ],
[ 1, 2, 4, 6, 7, 12, 13, 16, 17, 19, 22, 24, 25, 26, 28, 29, 30, 34, 37, 38, 
  40, 49, 50, 52, 54, 56, 61, 63 ],
[ 1, 2, 4, 6, 7, 12, 13, 15, 16, 17, 19, 22, 26, 27, 29, 30, 33, 36, 37, 40, 
  47, 48, 49, 51, 52, 55, 61, 63 ],
[ 1, 2, 4, 6, 7, 12, 13, 15, 16, 17, 19, 22, 24, 26, 29, 30, 33, 36, 37, 40, 
  46, 48, 50, 51, 52, 55, 62, 63 ],
[ 1, 2, 4, 6, 7, 10, 12, 16, 19, 22, 25, 26, 27, 28, 29, 31, 33, 35, 37, 38, 
  39, 46, 47, 53, 55, 56, 57, 62 ],
[ 1, 2, 4, 6, 7, 10, 12, 16, 19, 22, 24, 25, 26, 28, 29, 31, 33, 35, 37, 38, 
  39, 49, 50, 53, 55, 56, 57, 61 ],
[ 1, 2, 4, 6, 7, 10, 12, 15, 16, 19, 22, 26, 27, 29, 31, 34, 35, 36, 37, 39, 
  47, 48, 49, 51, 53, 54, 57, 61 ],
[ 1, 2, 4, 6, 7, 10, 12, 15, 16, 19, 22, 24, 26, 29, 31, 34, 35, 36, 37, 39, 
  46, 48, 50, 51, 53, 54, 57, 62 ],
[ 1, 2, 4, 6, 7, 10, 12, 13, 16, 19, 22, 25, 26, 27, 28, 29, 31, 34, 37, 38, 
  39, 46, 47, 54, 56, 57, 62, 63 ],
[ 1, 2, 4, 6, 7, 10, 12, 13, 16, 19, 22, 24, 25, 26, 28, 29, 31, 34, 37, 38, 
  39, 49, 50, 54, 56, 57, 61, 63 ],
[ 1, 2, 4, 6, 7, 10, 12, 13, 15, 16, 19, 22, 26, 27, 29, 31, 33, 36, 37, 39, 
  47, 48, 49, 51, 55, 57, 61, 63 ],
[ 1, 2, 4, 6, 7, 10, 12, 13, 15, 16, 19, 22, 24, 26, 29, 31, 33, 36, 37, 39, 
  46, 48, 50, 51, 55, 57, 62, 63 ],
[ 1, 2, 4, 5, 8, 9, 11, 12, 16, 17, 22, 26, 27, 29, 32, 33, 35, 37, 38, 41, 
  42, 46, 50, 53, 55, 56, 57, 61 ],
[ 1, 2, 4, 5, 8, 9, 11, 12, 16, 17, 22, 24, 26, 29, 32, 33, 35, 37, 38, 41, 
  42, 47, 49, 53, 55, 56, 57, 62 ],
[ 1, 2, 4, 5, 8, 9, 10, 12, 16, 17, 22, 25, 26, 29, 31, 33, 35, 37, 38, 41, 
  42, 48, 49, 53, 55, 56, 57, 62 ],
[ 1, 2, 4, 5, 8, 9, 10, 12, 14, 16, 17, 22, 25, 26, 29, 31, 35, 36, 38, 41, 
  42, 48, 49, 54, 55, 57, 62, 63 ],
[ 1, 2, 4, 5, 7, 11, 12, 16, 19, 21, 25, 26, 30, 31, 32, 33, 35, 37, 38, 39, 
  44, 45, 49, 50, 53, 55, 56, 57 ],
[ 1, 2, 4, 5, 7, 11, 12, 16, 19, 21, 25, 26, 27, 30, 31, 32, 33, 35, 37, 38, 
  39, 44, 45, 53, 55, 56, 57, 62 ],
[ 1, 2, 4, 5, 7, 11, 12, 16, 19, 21, 25, 26, 27, 28, 29, 32, 33, 35, 37, 38, 
  39, 46, 47, 53, 55, 56, 57, 62 ],
[ 1, 2, 4, 5, 7, 11, 12, 16, 19, 21, 24, 25, 26, 28, 29, 32, 33, 35, 37, 38, 
  39, 49, 50, 53, 55, 56, 57, 61 ],
[ 1, 2, 4, 5, 7, 11, 12, 16, 19, 21, 23, 25, 26, 30, 31, 32, 33, 35, 37, 38, 
  39, 49, 50, 53, 55, 56, 57, 60 ],
[ 1, 2, 4, 5, 7, 11, 12, 16, 19, 21, 23, 25, 26, 27, 30, 31, 32, 33, 35, 37, 
  38, 39, 53, 55, 56, 57, 60, 62 ],
[ 1, 2, 4, 5, 7, 11, 12, 15, 16, 19, 21, 31, 32, 34, 35, 36, 37, 39, 43, 47, 
  50, 52, 53, 54, 57, 58, 61, 62 ],
[ 1, 2, 4, 5, 7, 11, 12, 15, 16, 19, 21, 27, 31, 32, 34, 35, 36, 37, 39, 47, 
  49, 52, 53, 54, 57, 59, 61, 64 ],
[ 1, 2, 4, 5, 7, 11, 12, 15, 16, 19, 21, 26, 29, 31, 32, 34, 35, 36, 37, 39, 
  43, 48, 51, 52, 53, 54, 57, 58 ],
[ 1, 2, 4, 5, 7, 11, 12, 15, 16, 19, 21, 26, 27, 31, 32, 34, 35, 36, 37, 39, 
  45, 48, 49, 52, 53, 54, 57, 60 ],
[ 1, 2, 4, 5, 7, 11, 12, 15, 16, 19, 21, 26, 27, 29, 32, 34, 35, 36, 37, 39, 
  47, 48, 49, 51, 53, 54, 57, 61 ],
[ 1, 2, 4, 5, 7, 11, 12, 15, 16, 19, 21, 24, 26, 29, 32, 34, 35, 36, 37, 39, 
  46, 48, 50, 51, 53, 54, 57, 62 ],
[ 1, 2, 4, 5, 7, 11, 12, 15, 16, 19, 21, 23, 26, 31, 32, 34, 35, 36, 37, 39, 
  44, 48, 50, 52, 53, 54, 57, 62 ],
[ 1, 2, 4, 5, 7, 11, 12, 14, 16, 19, 21, 25, 26, 30, 31, 32, 35, 36, 38, 39, 
  44, 45, 49, 50, 54, 55, 57, 63 ],
[ 1, 2, 4, 5, 7, 11, 12, 14, 16, 19, 21, 25, 26, 27, 30, 31, 32, 35, 36, 38, 
  39, 44, 45, 54, 55, 57, 62, 63 ],
[ 1, 2, 4, 5, 7, 11, 12, 14, 16, 19, 21, 25, 26, 27, 28, 29, 32, 35, 36, 38, 
  39, 46, 47, 54, 55, 57, 62, 63 ],
[ 1, 2, 4, 5, 7, 11, 12, 14, 16, 19, 21, 24, 25, 26, 28, 29, 32, 35, 36, 38, 
  39, 49, 50, 54, 55, 57, 61, 63 ],
[ 1, 2, 4, 5, 7, 11, 12, 14, 16, 19, 21, 23, 25, 26, 30, 31, 32, 35, 36, 38, 
  39, 49, 50, 54, 55, 57, 60, 63 ],
[ 1, 2, 4, 5, 7, 11, 12, 14, 16, 19, 21, 23, 25, 26, 27, 30, 31, 32, 35, 36, 
  38, 39, 54, 55, 57, 60, 62, 63 ],
[ 1, 2, 4, 5, 7, 11, 12, 14, 15, 16, 19, 21, 31, 32, 33, 34, 35, 39, 43, 47, 
  50, 52, 56, 57, 58, 61, 62, 63 ],
[ 1, 2, 4, 5, 7, 11, 12, 14, 15, 16, 19, 21, 27, 31, 32, 33, 34, 35, 39, 47, 
  49, 52, 56, 57, 59, 61, 63, 64 ],
[ 1, 2, 4, 5, 7, 11, 12, 14, 15, 16, 19, 21, 26, 29, 31, 32, 33, 34, 35, 39, 
  43, 48, 51, 52, 56, 57, 58, 63 ],
[ 1, 2, 4, 5, 7, 11, 12, 14, 15, 16, 19, 21, 26, 27, 31, 32, 33, 34, 35, 39, 
  45, 48, 49, 52, 56, 57, 60, 63 ],
[ 1, 2, 4, 5, 7, 11, 12, 14, 15, 16, 19, 21, 26, 27, 29, 32, 33, 34, 35, 39, 
  47, 48, 49, 51, 56, 57, 61, 63 ],
[ 1, 2, 4, 5, 7, 11, 12, 14, 15, 16, 19, 21, 24, 26, 29, 32, 33, 34, 35, 39, 
  46, 48, 50, 51, 56, 57, 62, 63 ],
[ 1, 2, 4, 5, 7, 11, 12, 14, 15, 16, 19, 21, 23, 26, 31, 32, 33, 34, 35, 39, 
  44, 48, 50, 52, 56, 57, 62, 63 ],
[ 1, 2, 4, 5, 7, 11, 12, 13, 16, 19, 21, 25, 26, 27, 28, 29, 32, 34, 37, 38, 
  39, 46, 47, 54, 56, 57, 62, 63 ],
[ 1, 2, 4, 5, 7, 11, 12, 13, 16, 19, 21, 24, 25, 26, 28, 29, 32, 34, 37, 38, 
  39, 49, 50, 54, 56, 57, 61, 63 ],
[ 1, 2, 4, 5, 7, 11, 12, 13, 15, 16, 19, 21, 31, 32, 33, 36, 37, 39, 43, 47, 
  50, 52, 55, 57, 58, 61, 62, 63 ],
[ 1, 2, 4, 5, 7, 11, 12, 13, 15, 16, 19, 21, 27, 31, 32, 33, 36, 37, 39, 47, 
  49, 52, 55, 57, 59, 61, 63, 64 ],
[ 1, 2, 4, 5, 7, 11, 12, 13, 15, 16, 19, 21, 26, 29, 31, 32, 33, 36, 37, 39, 
  43, 48, 51, 52, 55, 57, 58, 63 ],
[ 1, 2, 4, 5, 7, 11, 12, 13, 15, 16, 19, 21, 26, 27, 31, 32, 33, 36, 37, 39, 
  45, 48, 49, 52, 55, 57, 60, 63 ],
[ 1, 2, 4, 5, 7, 11, 12, 13, 15, 16, 19, 21, 26, 27, 29, 32, 33, 36, 37, 39, 
  47, 48, 49, 51, 55, 57, 61, 63 ],
[ 1, 2, 4, 5, 7, 11, 12, 13, 15, 16, 19, 21, 24, 26, 29, 32, 33, 36, 37, 39, 
  46, 48, 50, 51, 55, 57, 62, 63 ],
[ 1, 2, 4, 5, 7, 11, 12, 13, 15, 16, 19, 21, 23, 26, 31, 32, 33, 36, 37, 39, 
  44, 48, 50, 52, 55, 57, 62, 63 ],
[ 1, 2, 4, 5, 7, 11, 12, 13, 14, 16, 19, 21, 25, 26, 27, 28, 29, 32, 33, 34, 
  36, 38, 39, 46, 47, 53, 57, 62 ],
[ 1, 2, 4, 5, 7, 11, 12, 13, 14, 16, 19, 21, 24, 25, 26, 28, 29, 32, 33, 34, 
  36, 38, 39, 49, 50, 53, 57, 61 ],
[ 1, 2, 4, 5, 7, 11, 12, 13, 14, 15, 16, 19, 21, 31, 32, 39, 43, 47, 50, 52, 
  53, 54, 55, 56, 57, 58, 61, 62 ],
[ 1, 2, 4, 5, 7, 11, 12, 13, 14, 15, 16, 19, 21, 27, 31, 32, 39, 47, 49, 52, 
  53, 54, 55, 56, 57, 59, 61, 64 ],
[ 1, 2, 4, 5, 7, 11, 12, 13, 14, 15, 16, 19, 21, 26, 29, 31, 32, 39, 43, 48, 
  51, 52, 53, 54, 55, 56, 57, 58 ],
[ 1, 2, 4, 5, 7, 11, 12, 13, 14, 15, 16, 19, 21, 26, 27, 31, 32, 39, 45, 48, 
  49, 52, 53, 54, 55, 56, 57, 60 ],
[ 1, 2, 4, 5, 7, 11, 12, 13, 14, 15, 16, 19, 21, 26, 27, 29, 32, 39, 47, 48, 
  49, 51, 53, 54, 55, 56, 57, 61 ],
[ 1, 2, 4, 5, 7, 11, 12, 13, 14, 15, 16, 19, 21, 24, 26, 29, 32, 39, 46, 48, 
  50, 51, 53, 54, 55, 56, 57, 62 ],
[ 1, 2, 4, 5, 7, 11, 12, 13, 14, 15, 16, 19, 21, 23, 26, 31, 32, 39, 44, 48, 
  50, 52, 53, 54, 55, 56, 57, 62 ],
[ 1, 2, 4, 5, 7, 10, 11, 12, 15, 16, 19, 21, 26, 29, 30, 32, 34, 35, 36, 37, 
  39, 48, 51, 53, 54, 57, 59, 64 ],
[ 1, 2, 4, 5, 7, 10, 11, 12, 14, 15, 16, 19, 21, 26, 29, 30, 32, 33, 34, 35, 
  39, 48, 51, 56, 57, 59, 63, 64 ],
[ 1, 2, 4, 5, 7, 10, 11, 12, 13, 15, 16, 19, 21, 26, 29, 30, 32, 33, 36, 37, 
  39, 48, 51, 55, 57, 59, 63, 64 ],
[ 1, 2, 4, 5, 7, 10, 11, 12, 13, 14, 15, 16, 19, 21, 26, 29, 30, 32, 39, 48, 
  51, 53, 54, 55, 56, 57, 59, 64 ],
[ 1, 2, 3, 12, 13, 15, 16, 17, 18, 19, 20, 21, 22, 26, 27, 29, 30, 33, 35, 
  38, 47, 48, 49, 51, 52, 54, 57, 61 ],
[ 1, 2, 3, 12, 13, 15, 16, 17, 18, 19, 20, 21, 22, 24, 26, 29, 30, 33, 35, 
  38, 46, 48, 50, 51, 52, 54, 57, 62 ],
[ 1, 2, 3, 11, 12, 13, 14, 16, 17, 18, 19, 20, 21, 22, 31, 32, 35, 37, 43, 
  47, 50, 52, 53, 57, 58, 61, 62, 63 ],
[ 1, 2, 3, 11, 12, 13, 14, 16, 17, 18, 19, 20, 21, 22, 27, 31, 32, 35, 37, 
  47, 49, 52, 53, 57, 59, 61, 63, 64 ],
[ 1, 2, 3, 11, 12, 13, 14, 16, 17, 18, 19, 20, 21, 22, 26, 29, 31, 32, 35, 
  37, 43, 48, 51, 52, 53, 57, 58, 63 ],
[ 1, 2, 3, 11, 12, 13, 14, 16, 17, 18, 19, 20, 21, 22, 26, 27, 31, 32, 35, 
  37, 45, 48, 49, 52, 53, 57, 60, 63 ],
[ 1, 2, 3, 11, 12, 13, 14, 16, 17, 18, 19, 20, 21, 22, 26, 27, 29, 32, 35, 
  37, 47, 48, 49, 51, 53, 57, 61, 63 ],
[ 1, 2, 3, 11, 12, 13, 14, 16, 17, 18, 19, 20, 21, 22, 24, 26, 29, 32, 35, 
  37, 46, 48, 50, 51, 53, 57, 62, 63 ],
[ 1, 2, 3, 11, 12, 13, 14, 16, 17, 18, 19, 20, 21, 22, 23, 26, 31, 32, 35, 
  37, 44, 48, 50, 52, 53, 57, 62, 63 ],
[ 1, 2, 3, 10, 12, 15, 16, 18, 19, 21, 22, 23, 26, 27, 28, 31, 36, 37, 38, 
  40, 42, 44, 48, 50, 51, 53, 54, 57 ],
[ 1, 2, 3, 10, 12, 15, 16, 18, 19, 21, 22, 23, 26, 27, 28, 31, 33, 36, 37, 
  38, 40, 42, 44, 48, 50, 51, 57, 63 ],
[ 1, 2, 3, 10, 12, 15, 16, 17, 18, 19, 21, 22, 26, 27, 28, 31, 36, 37, 38, 
  39, 42, 45, 48, 50, 51, 53, 54, 60 ],
[ 1, 2, 3, 10, 12, 15, 16, 17, 18, 19, 21, 22, 26, 27, 28, 31, 33, 36, 37, 
  38, 39, 42, 45, 48, 50, 51, 60, 63 ],
[ 1, 2, 3, 10, 12, 15, 16, 17, 18, 19, 20, 21, 22, 26, 27, 28, 31, 33, 37, 
  38, 45, 48, 50, 51, 53, 56, 57, 60 ],
[ 1, 2, 3, 10, 12, 15, 16, 17, 18, 19, 20, 21, 22, 23, 26, 27, 28, 31, 37, 
  38, 44, 48, 50, 51, 54, 56, 57, 63 ],
[ 1, 2, 3, 10, 12, 13, 15, 16, 17, 18, 19, 20, 21, 22, 26, 27, 29, 31, 35, 
  38, 47, 48, 49, 51, 53, 57, 61, 63 ],
[ 1, 2, 3, 10, 12, 13, 15, 16, 17, 18, 19, 20, 21, 22, 24, 26, 29, 31, 35, 
  38, 46, 48, 50, 51, 53, 57, 62, 63 ],
[ 1, 2, 3, 10, 11, 12, 13, 14, 16, 17, 18, 19, 20, 21, 22, 26, 29, 30, 32, 
  35, 37, 48, 51, 53, 57, 59, 63, 64 ],
[ 1, 2, 3, 9, 10, 12, 15, 16, 18, 19, 21, 22, 23, 26, 29, 31, 36, 37, 38, 40, 
  42, 44, 48, 49, 53, 54, 57, 62 ],
[ 1, 2, 3, 9, 10, 12, 15, 16, 18, 19, 21, 22, 23, 26, 29, 31, 33, 36, 37, 38, 
  40, 42, 44, 48, 49, 57, 62, 63 ],
[ 1, 2, 3, 9, 10, 12, 15, 16, 17, 18, 19, 21, 22, 26, 29, 31, 36, 37, 38, 39, 
  42, 45, 48, 49, 53, 54, 60, 62 ],
[ 1, 2, 3, 9, 10, 12, 15, 16, 17, 18, 19, 21, 22, 26, 29, 31, 33, 36, 37, 38, 
  39, 42, 45, 48, 49, 60, 62, 63 ],
[ 1, 2, 3, 9, 10, 12, 15, 16, 17, 18, 19, 20, 21, 22, 26, 29, 31, 33, 37, 38, 
  45, 48, 49, 53, 56, 57, 60, 62 ],
[ 1, 2, 3, 9, 10, 12, 15, 16, 17, 18, 19, 20, 21, 22, 23, 26, 29, 31, 37, 38, 
  44, 48, 49, 54, 56, 57, 62, 63 ],
[ 1, 2, 3, 9, 10, 12, 14, 15, 16, 19, 21, 22, 25, 26, 29, 31, 35, 36, 38, 39, 
  40, 41, 42, 49, 55, 58, 59, 62 ],
[ 1, 2, 3, 9, 10, 12, 14, 15, 16, 17, 19, 21, 22, 25, 26, 29, 31, 35, 36, 38, 
  41, 42, 43, 49, 55, 57, 62, 64 ],
[ 1, 2, 3, 7, 11, 12, 14, 16, 19, 20, 25, 26, 30, 31, 32, 33, 35, 37, 40, 41, 
  42, 44, 45, 49, 50, 53, 55, 57 ],
[ 1, 2, 3, 7, 11, 12, 14, 16, 19, 20, 25, 26, 27, 30, 31, 32, 33, 35, 37, 40, 
  41, 42, 44, 45, 53, 55, 57, 62 ],
[ 1, 2, 3, 7, 11, 12, 14, 16, 19, 20, 25, 26, 27, 28, 29, 32, 33, 35, 37, 40, 
  41, 42, 46, 47, 53, 55, 57, 62 ],
[ 1, 2, 3, 7, 11, 12, 14, 16, 19, 20, 23, 25, 26, 30, 31, 32, 33, 35, 37, 40, 
  41, 42, 49, 50, 53, 55, 57, 60 ],
[ 1, 2, 3, 7, 11, 12, 14, 16, 19, 20, 23, 25, 26, 27, 30, 31, 32, 33, 35, 37, 
  40, 41, 42, 53, 55, 57, 60, 62 ],
[ 1, 2, 3, 7, 11, 12, 14, 16, 18, 19, 20, 31, 32, 33, 34, 35, 37, 39, 40, 42, 
  43, 47, 50, 52, 58, 61, 62, 63 ],
[ 1, 2, 3, 7, 11, 12, 14, 16, 18, 19, 20, 27, 31, 32, 33, 34, 35, 37, 39, 40, 
  42, 47, 49, 52, 59, 61, 63, 64 ],
[ 1, 2, 3, 7, 11, 12, 14, 16, 18, 19, 20, 26, 29, 31, 32, 33, 34, 35, 37, 39, 
  40, 42, 43, 48, 51, 52, 58, 63 ],
[ 1, 2, 3, 7, 11, 12, 14, 16, 18, 19, 20, 26, 27, 31, 32, 33, 34, 35, 37, 39, 
  40, 42, 45, 48, 49, 52, 60, 63 ],
[ 1, 2, 3, 7, 11, 12, 14, 16, 18, 19, 20, 26, 27, 29, 32, 33, 34, 35, 37, 39, 
  40, 42, 47, 48, 49, 51, 61, 63 ],
[ 1, 2, 3, 7, 11, 12, 14, 16, 18, 19, 20, 24, 31, 32, 33, 34, 35, 37, 39, 40, 
  42, 46, 50, 52, 59, 62, 63, 64 ],
[ 1, 2, 3, 7, 11, 12, 14, 16, 18, 19, 20, 24, 27, 31, 32, 33, 34, 35, 37, 39, 
  40, 42, 43, 46, 49, 52, 58, 63 ],
[ 1, 2, 3, 7, 11, 12, 14, 16, 18, 19, 20, 23, 26, 31, 32, 33, 34, 35, 37, 39, 
  40, 42, 44, 48, 50, 52, 62, 63 ],
[ 1, 2, 3, 7, 11, 12, 14, 16, 17, 19, 20, 25, 26, 30, 31, 32, 35, 37, 39, 41, 
  42, 44, 45, 49, 50, 54, 55, 63 ],
[ 1, 2, 3, 7, 11, 12, 14, 16, 17, 19, 20, 25, 26, 27, 30, 31, 32, 35, 37, 39, 
  41, 42, 44, 45, 54, 55, 62, 63 ],
[ 1, 2, 3, 7, 11, 12, 14, 16, 17, 19, 20, 25, 26, 27, 28, 29, 32, 35, 37, 39, 
  41, 42, 46, 47, 54, 55, 62, 63 ],
[ 1, 2, 3, 7, 11, 12, 14, 16, 17, 19, 20, 23, 25, 26, 30, 31, 32, 35, 37, 39, 
  41, 42, 49, 50, 54, 55, 60, 63 ],
[ 1, 2, 3, 7, 11, 12, 14, 16, 17, 19, 20, 23, 25, 26, 27, 30, 31, 32, 35, 37, 
  39, 41, 42, 54, 55, 60, 62, 63 ],
[ 1, 2, 3, 7, 11, 12, 14, 16, 17, 18, 19, 20, 31, 32, 34, 35, 37, 42, 43, 47, 
  50, 52, 53, 54, 57, 58, 61, 62 ],
[ 1, 2, 3, 7, 11, 12, 14, 16, 17, 18, 19, 20, 27, 31, 32, 34, 35, 37, 42, 47, 
  49, 52, 53, 54, 57, 59, 61, 64 ],
[ 1, 2, 3, 7, 11, 12, 14, 16, 17, 18, 19, 20, 26, 29, 31, 32, 34, 35, 37, 42, 
  43, 48, 51, 52, 53, 54, 57, 58 ],
[ 1, 2, 3, 7, 11, 12, 14, 16, 17, 18, 19, 20, 26, 27, 31, 32, 34, 35, 37, 42, 
  45, 48, 49, 52, 53, 54, 57, 60 ],
[ 1, 2, 3, 7, 11, 12, 14, 16, 17, 18, 19, 20, 26, 27, 29, 32, 34, 35, 37, 42, 
  47, 48, 49, 51, 53, 54, 57, 61 ],
[ 1, 2, 3, 7, 11, 12, 14, 16, 17, 18, 19, 20, 24, 31, 32, 34, 35, 37, 42, 46, 
  50, 52, 53, 54, 57, 59, 62, 64 ],
[ 1, 2, 3, 7, 11, 12, 14, 16, 17, 18, 19, 20, 24, 27, 31, 32, 34, 35, 37, 42, 
  43, 46, 49, 52, 53, 54, 57, 58 ],
[ 1, 2, 3, 7, 11, 12, 14, 16, 17, 18, 19, 20, 23, 26, 31, 32, 34, 35, 37, 42, 
  44, 48, 50, 52, 53, 54, 57, 62 ],
[ 1, 2, 3, 7, 11, 12, 13, 14, 16, 19, 20, 25, 26, 27, 28, 29, 32, 34, 37, 40, 
  41, 42, 46, 47, 54, 57, 62, 63 ],
[ 1, 2, 3, 7, 11, 12, 13, 14, 16, 18, 19, 20, 26, 29, 31, 32, 37, 39, 40, 42, 
  43, 48, 51, 52, 53, 54, 55, 58 ],
[ 1, 2, 3, 7, 11, 12, 13, 14, 16, 18, 19, 20, 26, 27, 29, 32, 37, 39, 40, 42, 
  47, 48, 49, 51, 53, 54, 55, 61 ],
[ 1, 2, 3, 7, 11, 12, 13, 14, 16, 17, 19, 20, 25, 26, 27, 28, 29, 32, 33, 34, 
  37, 39, 41, 42, 46, 47, 53, 62 ],
[ 1, 2, 3, 7, 11, 12, 13, 14, 16, 17, 18, 19, 20, 26, 29, 31, 32, 33, 37, 42, 
  43, 48, 51, 52, 55, 57, 58, 63 ],
[ 1, 2, 3, 7, 11, 12, 13, 14, 16, 17, 18, 19, 20, 26, 27, 29, 32, 33, 37, 42, 
  47, 48, 49, 51, 55, 57, 61, 63 ],
[ 1, 2, 3, 7, 10, 12, 15, 16, 19, 20, 25, 26, 27, 28, 29, 31, 33, 35, 38, 40, 
  41, 42, 46, 47, 53, 55, 57, 62 ],
[ 1, 2, 3, 7, 10, 12, 15, 16, 19, 20, 24, 25, 26, 28, 29, 31, 33, 35, 38, 40, 
  41, 42, 49, 50, 53, 55, 57, 61 ],
[ 1, 2, 3, 7, 10, 12, 15, 16, 18, 19, 20, 26, 27, 29, 31, 33, 34, 35, 38, 39, 
  40, 42, 47, 48, 49, 51, 61, 63 ],
[ 1, 2, 3, 7, 10, 12, 15, 16, 18, 19, 20, 24, 26, 29, 31, 33, 34, 35, 38, 39, 
  40, 42, 46, 48, 50, 51, 62, 63 ],
[ 1, 2, 3, 6, 12, 13, 15, 16, 19, 21, 25, 26, 27, 28, 29, 30, 33, 35, 38, 40, 
  41, 42, 46, 47, 52, 54, 57, 62 ],
[ 1, 2, 3, 6, 12, 13, 15, 16, 19, 21, 24, 25, 26, 28, 29, 30, 33, 35, 38, 40, 
  41, 42, 49, 50, 52, 54, 57, 61 ],
[ 1, 2, 3, 6, 11, 12, 13, 14, 16, 19, 21, 25, 26, 30, 31, 32, 35, 37, 40, 41, 
  42, 44, 45, 49, 50, 53, 57, 63 ],
[ 1, 2, 3, 6, 11, 12, 13, 14, 16, 19, 21, 25, 26, 27, 30, 31, 32, 35, 37, 40, 
  41, 42, 44, 45, 53, 57, 62, 63 ],
[ 1, 2, 3, 6, 11, 12, 13, 14, 16, 19, 21, 25, 26, 27, 28, 29, 32, 35, 37, 40, 
  41, 42, 46, 47, 53, 57, 62, 63 ],
[ 1, 2, 3, 6, 11, 12, 13, 14, 16, 19, 21, 24, 25, 26, 28, 29, 32, 35, 37, 40, 
  41, 42, 49, 50, 53, 57, 61, 63 ],
[ 1, 2, 3, 6, 11, 12, 13, 14, 16, 19, 21, 23, 25, 26, 30, 31, 32, 35, 37, 40, 
  41, 42, 49, 50, 53, 57, 60, 63 ],
[ 1, 2, 3, 6, 11, 12, 13, 14, 16, 19, 21, 23, 25, 26, 27, 30, 31, 32, 35, 37, 
  40, 41, 42, 53, 57, 60, 62, 63 ],
[ 1, 2, 3, 6, 10, 12, 13, 15, 16, 19, 21, 25, 26, 27, 28, 29, 31, 35, 38, 40, 
  41, 42, 46, 47, 53, 57, 62, 63 ],
[ 1, 2, 3, 6, 10, 12, 13, 15, 16, 19, 21, 24, 25, 26, 28, 29, 31, 35, 38, 40, 
  41, 42, 49, 50, 53, 57, 61, 63 ],
[ 1, 2, 3, 6, 9, 10, 12, 15, 16, 18, 19, 20, 21, 25, 26, 29, 31, 35, 37, 38, 
  40, 49, 55, 56, 57, 58, 59, 62 ],
[ 1, 2, 3, 6, 9, 10, 12, 14, 15, 16, 17, 18, 19, 20, 21, 25, 26, 29, 31, 35, 
  36, 38, 39, 49, 55, 58, 59, 62 ],
[ 1, 2, 3, 6, 7, 12, 14, 16, 19, 22, 25, 26, 27, 28, 29, 30, 33, 35, 37, 40, 
  41, 46, 47, 52, 53, 55, 57, 62 ],
[ 1, 2, 3, 6, 7, 12, 14, 16, 19, 22, 24, 25, 26, 28, 29, 30, 33, 35, 37, 40, 
  41, 49, 50, 52, 53, 55, 57, 61 ],
[ 1, 2, 3, 6, 7, 12, 14, 16, 18, 19, 22, 26, 27, 29, 30, 33, 34, 35, 37, 39, 
  40, 47, 48, 49, 51, 52, 61, 63 ],
[ 1, 2, 3, 6, 7, 12, 14, 16, 18, 19, 22, 24, 26, 29, 30, 33, 34, 35, 37, 39, 
  40, 46, 48, 50, 51, 52, 62, 63 ],
[ 1, 2, 3, 6, 7, 10, 12, 16, 19, 22, 25, 26, 27, 28, 29, 31, 33, 35, 36, 40, 
  41, 46, 47, 53, 55, 56, 57, 62 ],
[ 1, 2, 3, 6, 7, 10, 12, 16, 19, 22, 24, 25, 26, 28, 29, 31, 33, 35, 36, 40, 
  41, 49, 50, 53, 55, 56, 57, 61 ],
[ 1, 2, 3, 6, 7, 10, 12, 16, 18, 19, 22, 26, 27, 29, 31, 33, 34, 35, 36, 39, 
  40, 47, 48, 49, 51, 56, 61, 63 ],
[ 1, 2, 3, 6, 7, 10, 12, 16, 18, 19, 22, 24, 26, 29, 31, 33, 34, 35, 36, 39, 
  40, 46, 48, 50, 51, 56, 62, 63 ],
[ 1, 2, 3, 5, 11, 12, 13, 14, 16, 18, 19, 22, 31, 32, 35, 37, 39, 40, 42, 43, 
  47, 50, 52, 53, 58, 61, 62, 63 ],
[ 1, 2, 3, 5, 11, 12, 13, 14, 16, 18, 19, 22, 27, 31, 32, 35, 37, 39, 40, 42, 
  47, 49, 52, 53, 59, 61, 63, 64 ],
[ 1, 2, 3, 5, 11, 12, 13, 14, 16, 18, 19, 22, 26, 29, 31, 32, 35, 37, 39, 40, 
  42, 43, 48, 51, 52, 53, 58, 63 ],
[ 1, 2, 3, 5, 11, 12, 13, 14, 16, 18, 19, 22, 26, 27, 31, 32, 35, 37, 39, 40, 
  42, 45, 48, 49, 52, 53, 60, 63 ],
[ 1, 2, 3, 5, 11, 12, 13, 14, 16, 18, 19, 22, 26, 27, 29, 32, 35, 37, 39, 40, 
  42, 47, 48, 49, 51, 53, 61, 63 ],
[ 1, 2, 3, 5, 11, 12, 13, 14, 16, 18, 19, 22, 24, 26, 29, 32, 35, 37, 39, 40, 
  42, 46, 48, 50, 51, 53, 62, 63 ],
[ 1, 2, 3, 5, 11, 12, 13, 14, 16, 18, 19, 22, 23, 26, 31, 32, 35, 37, 39, 40, 
  42, 44, 48, 50, 52, 53, 62, 63 ],
[ 1, 2, 3, 5, 10, 12, 15, 16, 18, 19, 22, 26, 27, 28, 31, 33, 37, 38, 39, 40, 
  42, 45, 48, 50, 51, 53, 56, 60 ],
[ 1, 2, 3, 5, 10, 12, 15, 16, 18, 19, 22, 23, 26, 27, 28, 31, 37, 38, 39, 40, 
  42, 44, 48, 50, 51, 54, 56, 63 ],
[ 1, 2, 3, 5, 10, 11, 12, 13, 14, 16, 18, 19, 22, 26, 29, 30, 32, 35, 37, 39, 
  40, 42, 48, 51, 53, 59, 63, 64 ],
[ 1, 2, 3, 5, 9, 10, 12, 15, 16, 19, 20, 22, 25, 26, 29, 31, 35, 37, 38, 39, 
  40, 41, 49, 55, 56, 58, 59, 62 ],
[ 1, 2, 3, 5, 9, 10, 12, 15, 16, 18, 19, 22, 26, 29, 31, 33, 37, 38, 39, 40, 
  42, 45, 48, 49, 53, 56, 60, 62 ],
[ 1, 2, 3, 5, 9, 10, 12, 15, 16, 18, 19, 22, 23, 26, 29, 31, 37, 38, 39, 40, 
  42, 44, 48, 49, 54, 56, 62, 63 ],
[ 1, 2, 3, 5, 9, 10, 12, 15, 16, 17, 19, 20, 22, 25, 26, 29, 31, 35, 37, 38, 
  41, 43, 49, 55, 56, 57, 62, 64 ],
[ 1, 2, 3, 5, 7, 12, 15, 16, 19, 21, 25, 26, 27, 28, 29, 30, 33, 35, 38, 40, 
  41, 46, 47, 52, 53, 55, 57, 62 ],
[ 1, 2, 3, 5, 7, 12, 15, 16, 19, 21, 24, 25, 26, 28, 29, 30, 33, 35, 38, 40, 
  41, 49, 50, 52, 53, 55, 57, 61 ],
[ 1, 2, 3, 5, 7, 12, 15, 16, 18, 19, 21, 26, 27, 29, 30, 33, 34, 35, 38, 39, 
  40, 47, 48, 49, 51, 52, 61, 63 ],
[ 1, 2, 3, 5, 7, 12, 15, 16, 18, 19, 21, 24, 26, 29, 30, 33, 34, 35, 38, 39, 
  40, 46, 48, 50, 51, 52, 62, 63 ],
[ 1, 2, 3, 5, 7, 11, 12, 16, 19, 21, 25, 26, 30, 31, 32, 33, 35, 36, 40, 41, 
  44, 45, 49, 50, 53, 55, 56, 57 ],
[ 1, 2, 3, 5, 7, 11, 12, 16, 19, 21, 25, 26, 27, 30, 31, 32, 33, 35, 36, 40, 
  41, 44, 45, 53, 55, 56, 57, 62 ],
[ 1, 2, 3, 5, 7, 11, 12, 16, 19, 21, 25, 26, 27, 28, 29, 32, 33, 35, 36, 40, 
  41, 46, 47, 53, 55, 56, 57, 62 ],
[ 1, 2, 3, 5, 7, 11, 12, 16, 19, 21, 23, 25, 26, 30, 31, 32, 33, 35, 36, 40, 
  41, 49, 50, 53, 55, 56, 57, 60 ],
[ 1, 2, 3, 5, 7, 11, 12, 16, 19, 21, 23, 25, 26, 27, 30, 31, 32, 33, 35, 36, 
  40, 41, 53, 55, 56, 57, 60, 62 ],
[ 1, 2, 3, 5, 7, 11, 12, 16, 18, 19, 21, 31, 32, 33, 34, 35, 36, 39, 40, 43, 
  47, 50, 52, 56, 58, 61, 62, 63 ],
[ 1, 2, 3, 5, 7, 11, 12, 16, 18, 19, 21, 27, 31, 32, 33, 34, 35, 36, 39, 40, 
  47, 49, 52, 56, 59, 61, 63, 64 ],
[ 1, 2, 3, 5, 7, 11, 12, 16, 18, 19, 21, 26, 29, 31, 32, 33, 34, 35, 36, 39, 
  40, 43, 48, 51, 52, 56, 58, 63 ],
[ 1, 2, 3, 5, 7, 11, 12, 16, 18, 19, 21, 26, 27, 31, 32, 33, 34, 35, 36, 39, 
  40, 45, 48, 49, 52, 56, 60, 63 ],
[ 1, 2, 3, 5, 7, 11, 12, 16, 18, 19, 21, 26, 27, 29, 32, 33, 34, 35, 36, 39, 
  40, 47, 48, 49, 51, 56, 61, 63 ],
[ 1, 2, 3, 5, 7, 11, 12, 16, 18, 19, 21, 24, 31, 32, 33, 34, 35, 36, 39, 40, 
  46, 50, 52, 56, 59, 62, 63, 64 ],
[ 1, 2, 3, 5, 7, 11, 12, 16, 18, 19, 21, 24, 27, 31, 32, 33, 34, 35, 36, 39, 
  40, 43, 46, 49, 52, 56, 58, 63 ],
[ 1, 2, 3, 5, 7, 11, 12, 16, 18, 19, 21, 23, 26, 31, 32, 33, 34, 35, 36, 39, 
  40, 44, 48, 50, 52, 56, 62, 63 ],
[ 1, 2, 3, 5, 7, 11, 12, 16, 17, 19, 21, 25, 26, 30, 31, 32, 35, 36, 39, 41, 
  44, 45, 49, 50, 54, 55, 56, 63 ],
[ 1, 2, 3, 5, 7, 11, 12, 16, 17, 19, 21, 25, 26, 27, 30, 31, 32, 35, 36, 39, 
  41, 44, 45, 54, 55, 56, 62, 63 ],
[ 1, 2, 3, 5, 7, 11, 12, 16, 17, 19, 21, 25, 26, 27, 28, 29, 32, 35, 36, 39, 
  41, 46, 47, 54, 55, 56, 62, 63 ],
[ 1, 2, 3, 5, 7, 11, 12, 16, 17, 19, 21, 23, 25, 26, 30, 31, 32, 35, 36, 39, 
  41, 49, 50, 54, 55, 56, 60, 63 ],
[ 1, 2, 3, 5, 7, 11, 12, 16, 17, 19, 21, 23, 25, 26, 27, 30, 31, 32, 35, 36, 
  39, 41, 54, 55, 56, 60, 62, 63 ],
[ 1, 2, 3, 5, 7, 11, 12, 16, 17, 18, 19, 21, 31, 32, 34, 35, 36, 43, 47, 50, 
  52, 53, 54, 56, 57, 58, 61, 62 ],
[ 1, 2, 3, 5, 7, 11, 12, 16, 17, 18, 19, 21, 27, 31, 32, 34, 35, 36, 47, 49, 
  52, 53, 54, 56, 57, 59, 61, 64 ],
[ 1, 2, 3, 5, 7, 11, 12, 16, 17, 18, 19, 21, 26, 29, 31, 32, 34, 35, 36, 43, 
  48, 51, 52, 53, 54, 56, 57, 58 ],
[ 1, 2, 3, 5, 7, 11, 12, 16, 17, 18, 19, 21, 26, 27, 31, 32, 34, 35, 36, 45, 
  48, 49, 52, 53, 54, 56, 57, 60 ],
[ 1, 2, 3, 5, 7, 11, 12, 16, 17, 18, 19, 21, 26, 27, 29, 32, 34, 35, 36, 47, 
  48, 49, 51, 53, 54, 56, 57, 61 ],
[ 1, 2, 3, 5, 7, 11, 12, 16, 17, 18, 19, 21, 24, 31, 32, 34, 35, 36, 46, 50, 
  52, 53, 54, 56, 57, 59, 62, 64 ],
[ 1, 2, 3, 5, 7, 11, 12, 16, 17, 18, 19, 21, 24, 27, 31, 32, 34, 35, 36, 43, 
  46, 49, 52, 53, 54, 56, 57, 58 ],
[ 1, 2, 3, 5, 7, 11, 12, 16, 17, 18, 19, 21, 23, 26, 31, 32, 34, 35, 36, 44, 
  48, 50, 52, 53, 54, 56, 57, 62 ],
[ 1, 2, 3, 5, 7, 11, 12, 13, 16, 19, 21, 25, 26, 27, 28, 29, 32, 34, 36, 40, 
  41, 46, 47, 54, 56, 57, 62, 63 ],
[ 1, 2, 3, 5, 7, 11, 12, 13, 16, 18, 19, 21, 26, 29, 31, 32, 36, 39, 40, 43, 
  48, 51, 52, 53, 54, 55, 56, 58 ],
[ 1, 2, 3, 5, 7, 11, 12, 13, 16, 18, 19, 21, 26, 27, 29, 32, 36, 39, 40, 47, 
  48, 49, 51, 53, 54, 55, 56, 61 ],
[ 1, 2, 3, 5, 7, 11, 12, 13, 16, 17, 19, 21, 25, 26, 27, 28, 29, 32, 33, 34, 
  36, 39, 41, 46, 47, 53, 56, 62 ],
[ 1, 2, 3, 5, 7, 11, 12, 13, 16, 17, 18, 19, 21, 26, 29, 31, 32, 33, 36, 43, 
  48, 51, 52, 55, 56, 57, 58, 63 ],
[ 1, 2, 3, 5, 7, 11, 12, 13, 16, 17, 18, 19, 21, 26, 27, 29, 32, 33, 36, 47, 
  48, 49, 51, 55, 56, 57, 61, 63 ],
[ 1, 2, 3, 5, 6, 11, 12, 13, 14, 16, 17, 19, 20, 25, 26, 27, 28, 29, 32, 35, 
  37, 39, 41, 46, 47, 53, 62, 63 ],
[ 1, 2, 3, 5, 6, 11, 12, 13, 14, 16, 17, 19, 20, 24, 25, 26, 28, 29, 32, 35, 
  37, 39, 41, 49, 50, 53, 61, 63 ],
[ 1, 2, 3, 5, 6, 9, 10, 12, 15, 16, 18, 19, 25, 26, 29, 31, 35, 37, 38, 40, 
  42, 43, 49, 55, 56, 57, 62, 64 ],
[ 1, 2, 3, 5, 6, 9, 10, 12, 14, 15, 16, 17, 18, 19, 25, 26, 29, 31, 35, 36, 
  38, 39, 42, 43, 49, 55, 62, 64 ],
[ 1, 2, 3, 4, 12, 13, 15, 16, 20, 21, 22, 26, 27, 29, 30, 33, 35, 38, 39, 40, 
  41, 47, 48, 49, 51, 52, 54, 61 ],
[ 1, 2, 3, 4, 12, 13, 15, 16, 20, 21, 22, 24, 26, 29, 30, 33, 35, 38, 39, 40, 
  41, 46, 48, 50, 51, 52, 54, 62 ],
[ 1, 2, 3, 4, 11, 12, 13, 14, 16, 20, 21, 22, 26, 29, 31, 32, 35, 37, 39, 40, 
  41, 43, 48, 51, 52, 53, 58, 63 ],
[ 1, 2, 3, 4, 11, 12, 13, 14, 16, 20, 21, 22, 26, 27, 29, 32, 35, 37, 39, 40, 
  41, 47, 48, 49, 51, 53, 61, 63 ],
[ 1, 2, 3, 4, 11, 12, 13, 14, 16, 20, 21, 22, 24, 26, 29, 32, 35, 37, 39, 40, 
  41, 46, 48, 50, 51, 53, 62, 63 ],
[ 1, 2, 3, 4, 10, 12, 13, 15, 16, 20, 21, 22, 26, 27, 29, 31, 35, 38, 39, 40, 
  41, 47, 48, 49, 51, 53, 61, 63 ],
[ 1, 2, 3, 4, 10, 12, 13, 15, 16, 20, 21, 22, 24, 26, 29, 31, 35, 38, 39, 40, 
  41, 46, 48, 50, 51, 53, 62, 63 ],
[ 1, 2, 3, 4, 10, 11, 12, 13, 14, 16, 20, 21, 22, 26, 29, 30, 32, 35, 37, 39, 
  40, 41, 48, 51, 53, 59, 63, 64 ],
[ 1, 2, 3, 4, 6, 12, 13, 15, 16, 17, 18, 21, 25, 26, 27, 28, 29, 30, 33, 35, 
  38, 39, 42, 46, 47, 52, 54, 62 ],
[ 1, 2, 3, 4, 6, 12, 13, 15, 16, 17, 18, 21, 24, 25, 26, 28, 29, 30, 33, 35, 
  38, 39, 42, 49, 50, 52, 54, 61 ],
[ 1, 2, 3, 4, 6, 11, 12, 13, 14, 16, 17, 18, 21, 25, 26, 30, 31, 32, 35, 37, 
  39, 42, 44, 45, 49, 50, 53, 63 ],
[ 1, 2, 3, 4, 6, 11, 12, 13, 14, 16, 17, 18, 21, 25, 26, 27, 30, 31, 32, 35, 
  37, 39, 42, 44, 45, 53, 62, 63 ],
[ 1, 2, 3, 4, 6, 11, 12, 13, 14, 16, 17, 18, 21, 25, 26, 27, 28, 29, 32, 35, 
  37, 39, 42, 46, 47, 53, 62, 63 ],
[ 1, 2, 3, 4, 6, 11, 12, 13, 14, 16, 17, 18, 21, 24, 25, 26, 28, 29, 32, 35, 
  37, 39, 42, 49, 50, 53, 61, 63 ],
[ 1, 2, 3, 4, 6, 11, 12, 13, 14, 16, 17, 18, 21, 23, 25, 26, 30, 31, 32, 35, 
  37, 39, 42, 49, 50, 53, 60, 63 ],
[ 1, 2, 3, 4, 6, 11, 12, 13, 14, 16, 17, 18, 21, 23, 25, 26, 27, 30, 31, 32, 
  35, 37, 39, 42, 53, 60, 62, 63 ],
[ 1, 2, 3, 4, 6, 10, 12, 13, 15, 16, 17, 18, 21, 25, 26, 27, 28, 29, 31, 35, 
  38, 39, 42, 46, 47, 53, 62, 63 ],
[ 1, 2, 3, 4, 6, 10, 12, 13, 15, 16, 17, 18, 21, 24, 25, 26, 28, 29, 31, 35, 
  38, 39, 42, 49, 50, 53, 61, 63 ],
[ 1, 2, 3, 4, 5, 11, 12, 13, 14, 16, 17, 22, 26, 29, 31, 32, 35, 37, 41, 42, 
  43, 48, 51, 52, 53, 57, 58, 63 ],
[ 1, 2, 3, 4, 5, 11, 12, 13, 14, 16, 17, 22, 26, 27, 29, 32, 35, 37, 41, 42, 
  47, 48, 49, 51, 53, 57, 61, 63 ],
[ 1, 2, 3, 4, 5, 11, 12, 13, 14, 16, 17, 22, 24, 26, 29, 32, 35, 37, 41, 42, 
  46, 48, 50, 51, 53, 57, 62, 63 ],
[ 1, 2, 3, 4, 5, 10, 11, 12, 13, 14, 16, 17, 22, 26, 29, 30, 32, 35, 37, 41, 
  42, 48, 51, 53, 57, 59, 63, 64 ],
[ 1, 2, 3, 4, 5, 6, 11, 12, 13, 14, 16, 18, 20, 25, 26, 27, 28, 29, 32, 35, 
  37, 40, 46, 47, 53, 57, 62, 63 ],
[ 1, 2, 3, 4, 5, 6, 11, 12, 13, 14, 16, 18, 20, 24, 25, 26, 28, 29, 32, 35, 
  37, 40, 49, 50, 53, 57, 61, 63 ]
];

