## Group: [64, 83]
## Difference Sets: 463
## Time:  0:17:00.008

return [
[ 1, 2, 3, 4, 5, 6, 7, 8, 9, 10, 11, 12, 13, 18, 26, 30, 31, 36, 41, 43, 48, 
  50, 57, 58, 59, 60, 61, 63 ],
[ 1, 2, 3, 4, 5, 6, 7, 8, 9, 10, 11, 12, 13, 18, 26, 30, 31, 41, 43, 46, 48, 
  50, 53, 56, 57, 59, 60, 64 ],
[ 1, 2, 3, 4, 5, 6, 7, 8, 9, 10, 11, 12, 13, 20, 21, 26, 28, 36, 40, 43, 48, 
  51, 58, 59, 60, 61, 62, 63 ],
[ 1, 2, 3, 4, 5, 6, 7, 8, 9, 10, 11, 12, 13, 20, 21, 26, 28, 40, 43, 46, 48, 
  51, 53, 56, 59, 60, 62, 64 ],
[ 1, 2, 3, 4, 5, 6, 7, 8, 9, 10, 11, 12, 15, 16, 17, 29, 30, 34, 37, 43, 51, 
  52, 58, 59, 60, 61, 62, 63 ],
[ 1, 2, 3, 4, 5, 6, 7, 8, 9, 10, 11, 12, 15, 16, 17, 29, 30, 34, 43, 47, 51, 
  52, 54, 56, 58, 60, 62, 64 ],
[ 1, 2, 3, 4, 5, 6, 7, 8, 9, 10, 11, 12, 15, 16, 20, 27, 29, 33, 34, 37, 42, 
  51, 53, 57, 59, 60, 61, 63 ],
[ 1, 2, 3, 4, 5, 6, 7, 8, 9, 10, 11, 12, 15, 16, 20, 27, 29, 33, 34, 42, 47, 
  51, 53, 54, 56, 57, 60, 64 ],
[ 1, 2, 3, 4, 5, 6, 7, 8, 9, 10, 11, 12, 16, 18, 19, 20, 36, 38, 42, 43, 44, 
  47, 50, 54, 55, 57, 58, 64 ],
[ 1, 2, 3, 4, 5, 6, 7, 8, 9, 10, 11, 12, 16, 18, 19, 20, 37, 38, 42, 43, 44, 
  46, 50, 53, 55, 57, 59, 64 ],
[ 1, 2, 3, 4, 5, 6, 7, 8, 9, 10, 11, 12, 16, 18, 23, 30, 31, 33, 36, 38, 41, 
  50, 54, 55, 57, 58, 61, 63 ],
[ 1, 2, 3, 4, 5, 6, 7, 8, 9, 10, 11, 12, 16, 18, 23, 30, 31, 33, 38, 41, 46, 
  50, 53, 54, 55, 56, 57, 64 ],
[ 1, 2, 3, 4, 5, 6, 7, 8, 9, 10, 11, 12, 16, 20, 21, 23, 28, 33, 36, 38, 40, 
  51, 54, 55, 58, 61, 62, 63 ],
[ 1, 2, 3, 4, 5, 6, 7, 8, 9, 10, 11, 12, 16, 20, 21, 23, 28, 33, 38, 40, 46, 
  51, 53, 54, 55, 56, 62, 64 ],
[ 1, 2, 3, 4, 5, 6, 7, 8, 9, 10, 11, 12, 16, 20, 28, 29, 33, 36, 38, 42, 44, 
  47, 50, 54, 55, 57, 58, 63 ],
[ 1, 2, 3, 4, 5, 6, 7, 8, 9, 10, 11, 12, 17, 19, 25, 26, 30, 41, 43, 44, 47, 
  52, 54, 55, 56, 58, 62, 64 ],
[ 1, 2, 3, 4, 5, 6, 7, 8, 9, 10, 11, 12, 19, 20, 25, 26, 27, 33, 37, 41, 42, 
  44, 53, 55, 57, 59, 61, 63 ],
[ 1, 2, 3, 4, 5, 6, 7, 8, 9, 10, 11, 12, 19, 20, 25, 26, 27, 33, 41, 42, 44, 
  47, 53, 54, 55, 56, 57, 64 ],
[ 1, 2, 3, 4, 5, 6, 7, 8, 9, 10, 11, 12, 26, 28, 29, 30, 33, 34, 36, 40, 47, 
  48, 52, 54, 58, 60, 62, 63 ],
[ 1, 2, 3, 4, 5, 6, 7, 8, 9, 10, 11, 12, 26, 28, 29, 30, 33, 34, 37, 40, 46, 
  48, 52, 53, 59, 60, 62, 63 ],
[ 1, 2, 3, 4, 5, 6, 7, 8, 9, 10, 11, 13, 14, 16, 22, 25, 27, 29, 31, 41, 42, 
  49, 53, 55, 56, 59, 63, 64 ],
[ 1, 2, 3, 4, 5, 6, 7, 8, 9, 10, 11, 13, 14, 16, 22, 26, 28, 30, 33, 41, 42, 
  50, 54, 55, 56, 58, 62, 64 ],
[ 1, 2, 3, 4, 5, 6, 7, 8, 9, 10, 11, 13, 14, 16, 22, 26, 28, 30, 41, 42, 43, 
  50, 53, 55, 56, 59, 62, 63 ],
[ 1, 2, 3, 4, 5, 6, 7, 8, 9, 10, 11, 13, 14, 17, 21, 29, 32, 34, 36, 37, 42, 
  45, 49, 51, 55, 61, 63, 64 ],
[ 1, 2, 3, 4, 5, 6, 7, 8, 9, 10, 11, 13, 14, 19, 21, 22, 26, 28, 30, 38, 50, 
  53, 54, 55, 56, 58, 62, 64 ],
[ 1, 2, 3, 4, 5, 6, 7, 8, 9, 10, 11, 13, 14, 19, 21, 22, 26, 28, 36, 38, 49, 
  50, 52, 54, 55, 58, 63, 64 ],
[ 1, 2, 3, 4, 5, 6, 7, 8, 9, 10, 11, 13, 15, 16, 24, 27, 29, 32, 40, 47, 49, 
  51, 53, 56, 60, 61, 62, 64 ],
[ 1, 2, 3, 4, 5, 6, 7, 8, 9, 10, 11, 13, 15, 16, 27, 29, 30, 32, 40, 43, 51, 
  52, 53, 56, 59, 60, 61, 64 ],
[ 1, 2, 3, 4, 5, 6, 7, 8, 9, 10, 11, 13, 15, 16, 29, 30, 31, 32, 40, 47, 49, 
  51, 53, 56, 58, 59, 60, 64 ],
[ 1, 2, 3, 4, 5, 6, 7, 8, 9, 10, 11, 13, 15, 17, 29, 30, 31, 32, 38, 43, 45, 
  51, 54, 56, 58, 61, 62, 64 ],
[ 1, 2, 3, 4, 5, 6, 7, 8, 9, 10, 11, 13, 15, 17, 29, 30, 32, 37, 38, 43, 45, 
  50, 51, 52, 58, 61, 63, 64 ],
[ 1, 2, 3, 4, 5, 6, 7, 8, 9, 10, 11, 13, 16, 17, 19, 21, 22, 25, 30, 43, 47, 
  51, 53, 55, 57, 61, 63, 64 ],
[ 1, 2, 3, 4, 5, 6, 7, 8, 9, 10, 11, 13, 16, 17, 19, 24, 30, 31, 32, 38, 41, 
  44, 53, 54, 56, 62, 63, 64 ],
[ 1, 2, 3, 4, 5, 6, 7, 8, 9, 10, 11, 13, 16, 17, 19, 24, 32, 36, 37, 38, 41, 
  44, 49, 50, 56, 62, 63, 64 ],
[ 1, 2, 3, 4, 5, 6, 7, 8, 9, 10, 11, 13, 16, 17, 19, 24, 32, 36, 38, 40, 41, 
  44, 47, 49, 57, 61, 63, 64 ],
[ 1, 2, 3, 4, 5, 6, 7, 8, 9, 10, 11, 13, 16, 17, 21, 24, 32, 35, 36, 38, 42, 
  44, 49, 50, 55, 62, 63, 64 ],
[ 1, 2, 3, 4, 5, 6, 7, 8, 9, 10, 11, 13, 16, 17, 30, 32, 35, 36, 38, 40, 43, 
  44, 50, 52, 55, 57, 61, 63 ],
[ 1, 2, 3, 4, 5, 6, 7, 8, 9, 10, 11, 13, 16, 19, 20, 21, 32, 36, 38, 40, 41, 
  44, 47, 49, 58, 59, 63, 64 ],
[ 1, 2, 3, 4, 5, 6, 7, 8, 9, 10, 11, 13, 16, 19, 21, 22, 24, 28, 39, 40, 46, 
  48, 52, 53, 55, 59, 63, 64 ],
[ 1, 2, 3, 4, 5, 6, 7, 8, 9, 10, 11, 13, 16, 19, 21, 22, 25, 30, 39, 40, 47, 
  51, 53, 55, 58, 59, 61, 63 ],
[ 1, 2, 3, 4, 5, 6, 7, 8, 9, 10, 11, 13, 16, 20, 21, 32, 35, 36, 38, 40, 44, 
  47, 49, 50, 55, 58, 62, 63 ],
[ 1, 2, 3, 4, 5, 6, 7, 8, 9, 10, 11, 13, 16, 20, 22, 24, 28, 33, 35, 40, 41, 
  47, 48, 52, 57, 58, 63, 64 ],
[ 1, 2, 3, 4, 5, 6, 7, 8, 9, 10, 11, 13, 16, 20, 22, 25, 31, 33, 35, 37, 41, 
  49, 51, 56, 58, 59, 62, 63 ],
[ 1, 2, 3, 4, 5, 6, 7, 8, 9, 10, 11, 13, 16, 20, 22, 25, 31, 35, 37, 41, 43, 
  49, 51, 53, 54, 56, 62, 64 ],
[ 1, 2, 3, 4, 5, 6, 7, 8, 9, 10, 11, 13, 16, 20, 22, 28, 33, 35, 40, 41, 43, 
  46, 48, 52, 57, 59, 61, 63 ],
[ 1, 2, 3, 4, 5, 6, 7, 8, 9, 10, 11, 13, 16, 20, 24, 32, 33, 35, 37, 38, 42, 
  44, 49, 50, 55, 57, 62, 64 ],
[ 1, 2, 3, 4, 5, 6, 7, 8, 9, 10, 11, 13, 16, 21, 22, 24, 28, 33, 35, 39, 41, 
  46, 48, 52, 57, 59, 63, 64 ],
[ 1, 2, 3, 4, 5, 6, 7, 8, 9, 10, 11, 13, 16, 21, 22, 25, 30, 33, 35, 39, 41, 
  47, 51, 57, 58, 59, 61, 63 ],
[ 1, 2, 3, 4, 5, 6, 7, 8, 9, 10, 11, 13, 16, 21, 22, 25, 30, 35, 39, 41, 43, 
  47, 51, 53, 54, 57, 61, 64 ],
[ 1, 2, 3, 4, 5, 6, 7, 8, 9, 10, 11, 13, 17, 19, 21, 24, 32, 35, 36, 41, 42, 
  44, 47, 49, 55, 61, 63, 64 ],
[ 1, 2, 3, 4, 5, 6, 7, 8, 9, 10, 11, 13, 17, 19, 22, 25, 30, 35, 38, 40, 42, 
  43, 47, 51, 53, 61, 63, 64 ],
[ 1, 2, 3, 4, 5, 6, 7, 8, 9, 10, 11, 13, 17, 20, 21, 24, 26, 32, 34, 35, 40, 
  48, 53, 56, 57, 60, 62, 64 ],
[ 1, 2, 3, 4, 5, 6, 7, 8, 9, 10, 11, 13, 17, 21, 24, 26, 32, 34, 35, 36, 39, 
  40, 42, 48, 60, 62, 63, 64 ],
[ 1, 2, 3, 4, 5, 6, 7, 8, 9, 10, 11, 13, 17, 21, 24, 26, 32, 36, 42, 44, 45, 
  48, 49, 50, 60, 62, 63, 64 ],
[ 1, 2, 3, 4, 5, 6, 7, 8, 9, 10, 11, 13, 17, 21, 24, 29, 32, 36, 42, 44, 45, 
  47, 49, 51, 60, 61, 63, 64 ],
[ 1, 2, 3, 4, 5, 6, 7, 8, 9, 10, 11, 13, 17, 24, 25, 26, 29, 31, 32, 49, 51, 
  52, 53, 54, 56, 60, 63, 64 ],
[ 1, 2, 3, 4, 5, 6, 7, 8, 9, 10, 11, 13, 17, 24, 25, 26, 29, 32, 40, 47, 49, 
  51, 53, 56, 57, 60, 61, 64 ],
[ 1, 2, 3, 4, 5, 6, 7, 8, 9, 10, 11, 13, 17, 24, 26, 29, 30, 31, 32, 44, 48, 
  51, 53, 54, 56, 62, 63, 64 ],
[ 1, 2, 3, 4, 5, 6, 7, 8, 9, 10, 11, 13, 17, 24, 26, 29, 32, 36, 37, 44, 48, 
  49, 50, 51, 56, 62, 63, 64 ],
[ 1, 2, 3, 4, 5, 6, 7, 8, 9, 10, 11, 13, 17, 24, 26, 30, 31, 32, 40, 44, 45, 
  48, 53, 56, 57, 60, 62, 64 ],
[ 1, 2, 3, 4, 5, 6, 7, 8, 9, 10, 11, 13, 17, 24, 29, 31, 32, 34, 37, 45, 46, 
  49, 51, 52, 55, 61, 63, 64 ],
[ 1, 2, 3, 4, 5, 6, 7, 8, 9, 10, 11, 13, 17, 29, 30, 32, 36, 37, 43, 44, 45, 
  50, 51, 52, 56, 60, 61, 63 ],
[ 1, 2, 3, 4, 5, 6, 7, 8, 9, 10, 11, 13, 17, 29, 32, 34, 37, 43, 45, 49, 50, 
  51, 55, 58, 61, 62, 63, 64 ],
[ 1, 2, 3, 4, 5, 6, 7, 8, 9, 10, 11, 13, 18, 24, 26, 32, 33, 37, 41, 45, 46, 
  48, 49, 50, 57, 61, 62, 64 ],
[ 1, 2, 3, 4, 5, 6, 7, 8, 9, 10, 11, 13, 18, 24, 26, 32, 36, 41, 43, 45, 47, 
  48, 49, 50, 57, 61, 62, 63 ],
[ 1, 2, 3, 4, 5, 6, 7, 8, 9, 10, 11, 13, 19, 21, 22, 26, 28, 30, 33, 36, 37, 
  38, 50, 55, 58, 62, 63, 64 ],
[ 1, 2, 3, 4, 5, 6, 7, 8, 9, 10, 11, 13, 19, 21, 22, 26, 28, 33, 37, 38, 49, 
  50, 52, 53, 55, 56, 58, 64 ],
[ 1, 2, 3, 4, 5, 6, 7, 8, 9, 10, 11, 13, 19, 22, 25, 30, 33, 35, 38, 39, 42, 
  43, 47, 51, 54, 57, 61, 64 ],
[ 1, 2, 3, 4, 5, 6, 7, 8, 9, 10, 11, 13, 20, 21, 24, 26, 28, 29, 32, 40, 48, 
  53, 56, 58, 59, 60, 62, 64 ],
[ 1, 2, 3, 4, 5, 6, 7, 8, 9, 10, 11, 13, 20, 21, 26, 32, 36, 40, 44, 45, 47, 
  48, 49, 50, 58, 60, 62, 63 ],
[ 1, 2, 3, 4, 5, 6, 7, 8, 9, 10, 11, 13, 22, 25, 27, 29, 31, 33, 35, 36, 38, 
  41, 42, 49, 56, 59, 63, 64 ],
[ 1, 2, 3, 4, 5, 6, 7, 8, 9, 10, 11, 13, 24, 26, 32, 34, 35, 36, 40, 43, 47, 
  48, 58, 60, 61, 62, 63, 64 ],
[ 1, 2, 3, 4, 5, 6, 7, 8, 9, 10, 11, 14, 15, 16, 19, 23, 27, 32, 37, 40, 41, 
  49, 53, 55, 56, 61, 62, 64 ],
[ 1, 2, 3, 4, 5, 6, 7, 8, 9, 10, 11, 14, 15, 17, 18, 21, 22, 37, 40, 43, 45, 
  48, 51, 52, 53, 60, 63, 64 ],
[ 1, 2, 3, 4, 5, 6, 7, 8, 9, 10, 11, 14, 15, 17, 18, 22, 26, 29, 31, 42, 45, 
  53, 54, 56, 57, 58, 60, 64 ],
[ 1, 2, 3, 4, 5, 6, 7, 8, 9, 10, 11, 14, 15, 19, 21, 22, 26, 27, 28, 35, 52, 
  53, 54, 55, 56, 58, 62, 64 ],
[ 1, 2, 3, 4, 5, 6, 7, 8, 9, 10, 11, 14, 15, 19, 21, 22, 26, 28, 33, 35, 49, 
  50, 52, 55, 56, 58, 63, 64 ],
[ 1, 2, 3, 4, 5, 6, 7, 8, 9, 10, 11, 14, 16, 17, 19, 21, 22, 36, 39, 43, 45, 
  48, 51, 52, 53, 60, 63, 64 ],
[ 1, 2, 3, 4, 5, 6, 7, 8, 9, 10, 11, 14, 16, 17, 28, 32, 36, 37, 38, 40, 43, 
  44, 50, 51, 55, 57, 61, 63 ],
[ 1, 2, 3, 4, 5, 6, 7, 8, 9, 10, 11, 14, 16, 18, 20, 21, 23, 32, 35, 38, 41, 
  43, 54, 57, 58, 61, 62, 64 ],
[ 1, 2, 3, 4, 5, 6, 7, 8, 9, 10, 11, 14, 16, 19, 20, 22, 23, 37, 39, 43, 44, 
  48, 51, 52, 54, 57, 63, 64 ],
[ 1, 2, 3, 4, 5, 6, 7, 8, 9, 10, 11, 14, 16, 19, 20, 22, 33, 37, 39, 43, 45, 
  48, 51, 52, 53, 57, 60, 64 ],
[ 1, 2, 3, 4, 5, 6, 7, 8, 9, 10, 11, 14, 16, 20, 22, 23, 26, 28, 33, 40, 41, 
  52, 54, 56, 57, 58, 60, 64 ],
[ 1, 2, 3, 4, 5, 6, 7, 8, 9, 10, 11, 14, 16, 20, 22, 23, 26, 28, 40, 41, 43, 
  52, 53, 56, 57, 59, 60, 63 ],
[ 1, 2, 3, 4, 5, 6, 7, 8, 9, 10, 11, 14, 16, 20, 22, 23, 28, 33, 37, 40, 41, 
  45, 48, 52, 57, 58, 63, 64 ],
[ 1, 2, 3, 4, 5, 6, 7, 8, 9, 10, 11, 14, 16, 20, 22, 28, 33, 37, 40, 41, 43, 
  44, 48, 52, 57, 59, 60, 63 ],
[ 1, 2, 3, 4, 5, 6, 7, 8, 9, 10, 11, 14, 16, 23, 32, 34, 35, 36, 37, 38, 40, 
  43, 55, 58, 61, 62, 63, 64 ],
[ 1, 2, 3, 4, 5, 6, 7, 8, 9, 10, 11, 14, 17, 19, 21, 22, 26, 28, 36, 38, 44, 
  45, 52, 54, 57, 58, 63, 64 ],
[ 1, 2, 3, 4, 5, 6, 7, 8, 9, 10, 11, 14, 17, 20, 22, 23, 26, 29, 31, 38, 41, 
  44, 54, 56, 57, 58, 63, 64 ],
[ 1, 2, 3, 4, 5, 6, 7, 8, 9, 10, 11, 14, 17, 20, 22, 26, 29, 31, 33, 38, 41, 
  45, 53, 56, 57, 58, 60, 64 ],
[ 1, 2, 3, 4, 5, 6, 7, 8, 9, 10, 11, 14, 17, 22, 26, 29, 31, 33, 36, 38, 39, 
  41, 42, 45, 58, 60, 63, 64 ],
[ 1, 2, 3, 4, 5, 6, 7, 8, 9, 10, 11, 14, 18, 19, 26, 30, 31, 32, 34, 40, 43, 
  45, 48, 58, 61, 62, 63, 64 ],
[ 1, 2, 3, 4, 5, 6, 7, 8, 9, 10, 11, 14, 19, 21, 22, 26, 27, 28, 34, 35, 36, 
  38, 52, 54, 58, 62, 63, 64 ],
[ 1, 2, 3, 4, 5, 6, 7, 8, 9, 10, 11, 14, 23, 26, 27, 29, 32, 34, 36, 37, 40, 
  48, 49, 51, 61, 62, 63, 64 ],
[ 1, 2, 3, 4, 5, 6, 7, 8, 9, 10, 11, 14, 23, 26, 32, 34, 36, 37, 40, 43, 45, 
  48, 58, 60, 61, 62, 63, 64 ],
[ 1, 2, 3, 4, 5, 6, 7, 8, 9, 10, 11, 14, 26, 27, 28, 32, 34, 36, 37, 40, 43, 
  48, 50, 51, 60, 61, 62, 63 ],
[ 1, 2, 3, 4, 5, 6, 7, 8, 9, 10, 11, 15, 16, 17, 19, 20, 21, 23, 32, 37, 41, 
  43, 55, 58, 61, 62, 63, 64 ],
[ 1, 2, 3, 4, 5, 6, 7, 8, 9, 10, 11, 15, 16, 17, 19, 21, 32, 35, 36, 41, 42, 
  44, 47, 49, 58, 59, 63, 64 ],
[ 1, 2, 3, 4, 5, 6, 7, 8, 9, 10, 11, 15, 16, 17, 19, 32, 35, 36, 37, 41, 44, 
  47, 49, 50, 56, 58, 62, 63 ],
[ 1, 2, 3, 4, 5, 6, 7, 8, 9, 10, 11, 15, 16, 19, 23, 27, 30, 32, 33, 40, 41, 
  52, 53, 54, 55, 56, 61, 64 ],
[ 1, 2, 3, 4, 5, 6, 7, 8, 9, 10, 11, 15, 17, 21, 22, 24, 28, 33, 35, 40, 41, 
  47, 48, 52, 55, 58, 63, 64 ],
[ 1, 2, 3, 4, 5, 6, 7, 8, 9, 10, 11, 15, 17, 21, 22, 28, 33, 35, 40, 41, 43, 
  46, 48, 52, 55, 59, 61, 63 ],
[ 1, 2, 3, 4, 5, 6, 7, 8, 9, 10, 11, 15, 19, 21, 22, 26, 27, 28, 33, 35, 36, 
  37, 52, 55, 58, 62, 63, 64 ],
[ 1, 2, 3, 4, 5, 6, 7, 8, 9, 10, 11, 15, 19, 21, 22, 26, 28, 35, 36, 37, 49, 
  50, 52, 53, 54, 55, 58, 64 ],
[ 1, 2, 3, 4, 5, 6, 7, 8, 9, 10, 11, 15, 19, 23, 27, 30, 32, 33, 35, 37, 38, 
  40, 41, 52, 53, 61, 63, 64 ],
[ 1, 2, 3, 4, 5, 6, 7, 8, 9, 10, 11, 15, 19, 23, 27, 32, 33, 35, 36, 37, 38, 
  40, 41, 49, 56, 61, 62, 64 ],
[ 1, 2, 3, 4, 5, 6, 7, 8, 9, 10, 11, 15, 24, 27, 29, 32, 33, 34, 37, 38, 40, 
  47, 49, 51, 60, 61, 62, 64 ],
[ 1, 2, 3, 4, 5, 6, 7, 8, 9, 10, 11, 16, 17, 20, 21, 23, 24, 32, 35, 38, 40, 
  44, 53, 56, 57, 60, 62, 64 ],
[ 1, 2, 3, 4, 5, 6, 7, 8, 9, 10, 11, 16, 17, 21, 24, 28, 32, 33, 36, 38, 42, 
  44, 50, 51, 54, 55, 63, 64 ],
[ 1, 2, 3, 4, 5, 6, 7, 8, 9, 10, 11, 16, 17, 21, 28, 32, 33, 37, 38, 42, 43, 
  44, 50, 51, 53, 55, 61, 63 ],
[ 1, 2, 3, 4, 5, 6, 7, 8, 9, 10, 11, 16, 17, 29, 30, 32, 33, 36, 38, 43, 45, 
  50, 51, 52, 55, 58, 61, 64 ],
[ 1, 2, 3, 4, 5, 6, 7, 8, 9, 10, 11, 16, 18, 20, 21, 23, 24, 32, 35, 38, 41, 
  43, 53, 56, 57, 59, 62, 64 ],
[ 1, 2, 3, 4, 5, 6, 7, 8, 9, 10, 11, 16, 18, 21, 23, 24, 32, 35, 36, 38, 39, 
  41, 42, 43, 59, 62, 63, 64 ],
[ 1, 2, 3, 4, 5, 6, 7, 8, 9, 10, 11, 16, 18, 23, 24, 32, 35, 36, 38, 39, 40, 
  41, 43, 47, 57, 61, 62, 63 ],
[ 1, 2, 3, 4, 5, 6, 7, 8, 9, 10, 11, 16, 19, 20, 23, 24, 32, 34, 37, 38, 39, 
  41, 42, 43, 59, 62, 63, 64 ],
[ 1, 2, 3, 4, 5, 6, 7, 8, 9, 10, 11, 16, 19, 21, 22, 23, 24, 25, 27, 49, 51, 
  52, 53, 59, 60, 61, 63, 64 ],
[ 1, 2, 3, 4, 5, 6, 7, 8, 9, 10, 11, 16, 19, 21, 22, 23, 24, 27, 30, 44, 48, 
  51, 53, 59, 61, 62, 63, 64 ],
[ 1, 2, 3, 4, 5, 6, 7, 8, 9, 10, 11, 16, 19, 21, 22, 23, 24, 28, 30, 48, 50, 
  53, 58, 59, 60, 61, 62, 63 ],
[ 1, 2, 3, 4, 5, 6, 7, 8, 9, 10, 11, 16, 19, 21, 22, 23, 24, 28, 46, 48, 49, 
  50, 52, 53, 59, 60, 63, 64 ],
[ 1, 2, 3, 4, 5, 6, 7, 8, 9, 10, 11, 16, 19, 21, 22, 23, 24, 43, 44, 46, 48, 
  50, 51, 52, 53, 62, 63, 64 ],
[ 1, 2, 3, 4, 5, 6, 7, 8, 9, 10, 11, 16, 19, 21, 22, 23, 25, 30, 47, 49, 50, 
  51, 53, 58, 59, 60, 61, 63 ],
[ 1, 2, 3, 4, 5, 6, 7, 8, 9, 10, 11, 16, 19, 21, 22, 23, 28, 43, 47, 48, 49, 
  50, 52, 53, 58, 60, 61, 63 ],
[ 1, 2, 3, 4, 5, 6, 7, 8, 9, 10, 11, 16, 19, 21, 22, 24, 28, 30, 43, 44, 45, 
  48, 50, 53, 61, 62, 63, 64 ],
[ 1, 2, 3, 4, 5, 6, 7, 8, 9, 10, 11, 16, 20, 21, 28, 32, 33, 36, 38, 40, 44, 
  47, 50, 51, 54, 55, 58, 63 ],
[ 1, 2, 3, 4, 5, 6, 7, 8, 9, 10, 11, 16, 20, 21, 28, 32, 33, 37, 38, 40, 44, 
  46, 50, 51, 53, 55, 59, 63 ],
[ 1, 2, 3, 4, 5, 6, 7, 8, 9, 10, 11, 16, 20, 22, 23, 28, 33, 36, 40, 41, 43, 
  45, 48, 52, 56, 57, 59, 63 ],
[ 1, 2, 3, 4, 5, 6, 7, 8, 9, 10, 11, 16, 20, 22, 28, 33, 36, 40, 41, 44, 48, 
  52, 56, 57, 58, 60, 63, 64 ],
[ 1, 2, 3, 4, 5, 6, 7, 8, 9, 10, 11, 16, 20, 24, 29, 32, 33, 37, 38, 42, 43, 
  45, 49, 51, 53, 55, 57, 63 ],
[ 1, 2, 3, 4, 5, 6, 7, 8, 9, 10, 11, 17, 19, 21, 22, 26, 28, 33, 37, 38, 44, 
  45, 52, 53, 56, 57, 58, 64 ],
[ 1, 2, 3, 4, 5, 6, 7, 8, 9, 10, 11, 17, 19, 22, 25, 30, 33, 34, 38, 40, 42, 
  43, 47, 51, 54, 55, 61, 64 ],
[ 1, 2, 3, 4, 5, 6, 7, 8, 9, 10, 11, 17, 23, 24, 26, 29, 32, 34, 37, 39, 40, 
  46, 48, 51, 61, 62, 63, 64 ],
[ 1, 2, 3, 4, 5, 6, 7, 8, 9, 10, 11, 17, 23, 29, 32, 34, 37, 39, 40, 43, 45, 
  51, 58, 60, 61, 62, 63, 64 ],
[ 1, 2, 3, 4, 5, 6, 7, 8, 9, 10, 11, 19, 20, 23, 24, 32, 34, 35, 37, 39, 41, 
  42, 43, 47, 55, 61, 62, 63 ],
[ 1, 2, 3, 4, 5, 6, 7, 8, 9, 10, 11, 19, 20, 24, 26, 32, 33, 37, 41, 42, 43, 
  45, 48, 49, 53, 55, 57, 63 ],
[ 1, 2, 3, 4, 5, 6, 7, 8, 9, 10, 11, 19, 20, 25, 32, 33, 37, 41, 42, 44, 48, 
  49, 53, 55, 57, 61, 63, 64 ],
[ 1, 2, 3, 4, 5, 6, 7, 8, 9, 10, 11, 19, 21, 22, 26, 27, 28, 33, 34, 35, 37, 
  38, 52, 53, 56, 58, 62, 64 ],
[ 1, 2, 3, 4, 5, 6, 7, 8, 9, 10, 11, 19, 22, 25, 30, 34, 38, 39, 42, 43, 47, 
  51, 53, 55, 57, 61, 63, 64 ],
[ 1, 2, 3, 4, 5, 6, 7, 8, 9, 10, 11, 20, 23, 24, 26, 29, 32, 34, 37, 39, 42, 
  43, 48, 51, 59, 62, 63, 64 ],
[ 1, 2, 3, 4, 5, 6, 7, 8, 9, 10, 11, 20, 23, 24, 29, 32, 34, 37, 39, 42, 43, 
  45, 47, 51, 60, 61, 62, 63 ],
[ 1, 2, 3, 4, 5, 6, 7, 8, 9, 10, 11, 22, 23, 24, 26, 28, 30, 33, 38, 41, 42, 
  45, 47, 50, 58, 62, 63, 64 ],
[ 1, 2, 3, 4, 5, 6, 7, 8, 9, 10, 11, 22, 23, 24, 26, 28, 31, 33, 38, 41, 42, 
  45, 46, 49, 59, 62, 63, 64 ],
[ 1, 2, 3, 4, 5, 6, 7, 8, 9, 10, 11, 22, 23, 24, 26, 29, 30, 33, 38, 41, 42, 
  44, 47, 49, 59, 62, 63, 64 ],
[ 1, 2, 3, 4, 5, 6, 7, 8, 9, 10, 11, 22, 23, 24, 26, 29, 31, 33, 38, 41, 42, 
  44, 46, 50, 58, 62, 63, 64 ],
[ 1, 2, 3, 4, 5, 6, 7, 8, 9, 10, 11, 22, 23, 25, 27, 29, 30, 33, 38, 41, 42, 
  45, 47, 50, 58, 61, 63, 64 ],
[ 1, 2, 3, 4, 5, 6, 7, 8, 9, 10, 11, 22, 23, 25, 27, 29, 31, 33, 38, 41, 42, 
  45, 46, 49, 59, 61, 63, 64 ],
[ 1, 2, 3, 4, 5, 6, 7, 8, 9, 10, 11, 22, 23, 25, 29, 30, 33, 38, 41, 42, 43, 
  45, 47, 49, 59, 61, 62, 63 ],
[ 1, 2, 3, 4, 5, 6, 7, 8, 9, 10, 11, 22, 23, 25, 29, 31, 33, 38, 41, 42, 43, 
  45, 46, 50, 58, 61, 62, 63 ],
[ 1, 2, 3, 4, 5, 6, 7, 8, 9, 10, 11, 22, 23, 26, 27, 29, 30, 33, 38, 41, 42, 
  44, 46, 50, 59, 61, 63, 64 ],
[ 1, 2, 3, 4, 5, 6, 7, 8, 9, 10, 11, 22, 23, 26, 28, 30, 33, 38, 41, 42, 43, 
  45, 46, 50, 59, 61, 62, 63 ],
[ 1, 2, 3, 4, 5, 6, 7, 8, 9, 10, 11, 22, 23, 26, 28, 31, 33, 38, 41, 42, 43, 
  45, 47, 49, 58, 61, 62, 63 ],
[ 1, 2, 3, 4, 5, 6, 7, 8, 9, 10, 11, 22, 24, 25, 27, 28, 31, 33, 38, 41, 42, 
  45, 47, 50, 58, 60, 63, 64 ],
[ 1, 2, 3, 4, 5, 6, 7, 8, 9, 10, 11, 22, 24, 26, 27, 28, 31, 33, 38, 41, 42, 
  44, 46, 50, 59, 60, 63, 64 ],
[ 1, 2, 3, 4, 5, 6, 7, 8, 9, 10, 11, 22, 24, 26, 29, 30, 33, 38, 41, 42, 43, 
  45, 47, 49, 58, 60, 62, 63 ],
[ 1, 2, 3, 4, 5, 6, 7, 8, 9, 10, 11, 22, 25, 27, 28, 31, 33, 38, 41, 42, 43, 
  45, 46, 50, 59, 60, 61, 63 ],
[ 1, 2, 3, 4, 5, 6, 7, 8, 9, 10, 11, 22, 26, 27, 28, 31, 33, 38, 41, 42, 43, 
  44, 47, 50, 58, 60, 61, 63 ],
[ 1, 2, 3, 4, 5, 6, 7, 8, 9, 10, 11, 22, 26, 27, 29, 30, 33, 38, 41, 42, 43, 
  45, 46, 50, 58, 60, 61, 63 ],
[ 1, 2, 3, 4, 5, 6, 7, 8, 9, 10, 11, 23, 24, 26, 32, 33, 34, 37, 40, 45, 46, 
  48, 53, 60, 61, 62, 63, 64 ],
[ 1, 2, 3, 4, 5, 6, 7, 8, 9, 10, 11, 23, 27, 29, 32, 33, 34, 37, 40, 45, 49, 
  51, 53, 60, 61, 62, 63, 64 ],
[ 1, 2, 3, 4, 5, 6, 7, 8, 9, 10, 11, 26, 27, 28, 31, 32, 33, 34, 37, 40, 43, 
  48, 51, 52, 53, 60, 61, 63 ],
[ 1, 2, 3, 4, 5, 6, 7, 8, 9, 10, 12, 13, 14, 15, 19, 21, 22, 34, 36, 43, 48, 
  49, 51, 52, 54, 62, 63, 64 ],
[ 1, 2, 3, 4, 5, 6, 7, 8, 9, 10, 12, 13, 14, 19, 21, 22, 25, 28, 30, 38, 49, 
  53, 54, 55, 56, 59, 62, 64 ],
[ 1, 2, 3, 4, 5, 6, 7, 8, 9, 10, 12, 13, 15, 16, 17, 24, 30, 32, 34, 39, 40, 
  52, 54, 55, 56, 60, 62, 64 ],
[ 1, 2, 3, 4, 5, 6, 7, 8, 9, 10, 12, 13, 15, 16, 18, 20, 21, 27, 32, 36, 41, 
  43, 57, 59, 60, 61, 63, 64 ],
[ 1, 2, 3, 4, 5, 6, 7, 8, 9, 10, 12, 13, 15, 16, 20, 24, 27, 32, 34, 39, 42, 
  50, 54, 55, 56, 60, 62, 64 ],
[ 1, 2, 3, 4, 5, 6, 7, 8, 9, 10, 12, 13, 15, 17, 18, 20, 22, 26, 31, 43, 46, 
  51, 54, 55, 57, 61, 63, 64 ],
[ 1, 2, 3, 4, 5, 6, 7, 8, 9, 10, 12, 13, 15, 17, 24, 30, 32, 34, 35, 37, 38, 
  39, 40, 52, 60, 62, 63, 64 ],
[ 1, 2, 3, 4, 5, 6, 7, 8, 9, 10, 12, 13, 15, 18, 20, 22, 24, 29, 39, 40, 47, 
  48, 52, 54, 55, 58, 63, 64 ],
[ 1, 2, 3, 4, 5, 6, 7, 8, 9, 10, 12, 13, 15, 20, 22, 24, 29, 33, 34, 40, 41, 
  47, 48, 52, 57, 58, 63, 64 ],
[ 1, 2, 3, 4, 5, 6, 7, 8, 9, 10, 12, 13, 15, 20, 22, 26, 31, 33, 34, 40, 41, 
  46, 51, 57, 58, 59, 61, 63 ],
[ 1, 2, 3, 4, 5, 6, 7, 8, 9, 10, 12, 13, 15, 20, 24, 27, 32, 34, 35, 37, 38, 
  39, 42, 50, 60, 62, 63, 64 ],
[ 1, 2, 3, 4, 5, 6, 7, 8, 9, 10, 12, 13, 17, 18, 22, 26, 31, 34, 38, 39, 42, 
  43, 46, 51, 54, 61, 63, 64 ],
[ 1, 2, 3, 4, 5, 6, 7, 8, 9, 10, 12, 13, 19, 20, 22, 24, 25, 28, 31, 38, 39, 
  54, 55, 57, 58, 59, 61, 63 ],
[ 1, 2, 3, 4, 5, 6, 7, 8, 9, 10, 12, 13, 19, 20, 22, 25, 28, 31, 38, 39, 43, 
  46, 47, 54, 55, 57, 63, 64 ],
[ 1, 2, 3, 4, 5, 6, 7, 8, 9, 10, 12, 14, 15, 18, 20, 21, 27, 32, 34, 38, 41, 
  43, 54, 57, 59, 60, 61, 64 ],
[ 1, 2, 3, 4, 5, 6, 7, 8, 9, 10, 12, 14, 17, 20, 22, 25, 28, 31, 38, 41, 43, 
  44, 54, 56, 57, 59, 60, 63 ],
[ 1, 2, 3, 4, 5, 6, 7, 8, 9, 10, 12, 14, 17, 20, 22, 26, 29, 30, 33, 38, 41, 
  44, 53, 56, 57, 59, 60, 64 ],
[ 1, 2, 3, 4, 5, 6, 7, 8, 9, 10, 12, 14, 17, 20, 22, 26, 29, 30, 38, 41, 43, 
  44, 54, 56, 57, 58, 60, 63 ],
[ 1, 2, 3, 4, 5, 6, 7, 8, 9, 10, 13, 16, 17, 19, 24, 28, 30, 36, 37, 38, 41, 
  44, 50, 51, 52, 56, 63, 64 ],
[ 1, 2, 3, 4, 5, 6, 7, 8, 9, 10, 13, 16, 20, 21, 28, 31, 35, 36, 38, 40, 44, 
  46, 49, 51, 52, 55, 59, 63 ],
[ 1, 2, 3, 4, 5, 6, 7, 8, 9, 10, 13, 16, 20, 28, 31, 33, 35, 37, 38, 42, 43, 
  44, 49, 51, 52, 55, 57, 61 ],
[ 1, 2, 3, 4, 5, 6, 7, 8, 9, 10, 13, 18, 24, 25, 29, 30, 33, 37, 41, 45, 47, 
  48, 49, 51, 52, 57, 61, 64 ],
[ 1, 2, 3, 4, 5, 6, 7, 8, 9, 10, 13, 18, 29, 30, 33, 37, 41, 43, 44, 45, 49, 
  51, 52, 57, 59, 60, 61, 64 ],
[ 1, 2, 3, 4, 5, 6, 7, 8, 9, 10, 14, 16, 19, 20, 22, 30, 32, 33, 37, 39, 44, 
  45, 48, 51, 53, 57, 59, 64 ],
[ 1, 2, 3, 4, 5, 6, 7, 8, 9, 10, 14, 16, 19, 20, 22, 30, 32, 37, 39, 43, 44, 
  45, 48, 51, 54, 57, 58, 63 ],
[ 1, 2, 3, 4, 5, 6, 7, 8, 9, 10, 15, 16, 17, 19, 25, 26, 30, 39, 40, 41, 44, 
  47, 52, 54, 55, 56, 58, 62 ],
[ 1, 2, 3, 4, 5, 6, 7, 8, 9, 10, 19, 20, 22, 24, 26, 30, 32, 33, 34, 35, 38, 
  39, 47, 51, 53, 57, 59, 64 ],
[ 1, 2, 3, 4, 5, 6, 7, 8, 9, 10, 19, 20, 22, 24, 26, 30, 32, 34, 35, 38, 39, 
  43, 47, 51, 54, 57, 58, 63 ],
[ 1, 2, 3, 4, 5, 6, 7, 8, 9, 11, 14, 15, 17, 18, 22, 24, 26, 29, 42, 45, 47, 
  49, 53, 54, 56, 57, 60, 62 ],
[ 1, 2, 3, 4, 5, 6, 7, 8, 9, 11, 14, 17, 20, 22, 23, 24, 26, 29, 38, 41, 44, 
  47, 49, 54, 56, 57, 62, 63 ],
[ 1, 2, 3, 4, 5, 6, 7, 8, 9, 11, 14, 17, 20, 22, 24, 26, 29, 33, 38, 41, 45, 
  47, 49, 53, 56, 57, 60, 62 ],
[ 1, 2, 3, 4, 5, 6, 7, 8, 9, 11, 14, 17, 22, 24, 26, 29, 33, 36, 38, 39, 41, 
  42, 45, 47, 49, 60, 62, 63 ],
[ 1, 2, 3, 4, 5, 6, 8, 9, 10, 11, 13, 14, 16, 20, 21, 27, 29, 31, 34, 41, 42, 
  45, 48, 53, 56, 60, 62, 63 ],
[ 1, 2, 3, 4, 5, 6, 8, 9, 10, 11, 13, 14, 16, 20, 21, 29, 33, 34, 37, 41, 42, 
  45, 48, 49, 52, 60, 62, 63 ],
[ 1, 2, 3, 4, 5, 6, 8, 9, 10, 11, 13, 16, 20, 21, 27, 29, 33, 34, 36, 41, 42, 
  45, 48, 50, 52, 56, 60, 63 ],
[ 1, 2, 3, 4, 5, 6, 8, 9, 10, 11, 13, 17, 19, 21, 24, 26, 30, 31, 34, 38, 45, 
  51, 52, 57, 58, 60, 61, 64 ],
[ 1, 2, 3, 4, 5, 6, 8, 9, 10, 11, 13, 17, 19, 26, 30, 31, 34, 38, 40, 42, 43, 
  45, 46, 51, 52, 60, 61, 64 ],
[ 1, 2, 3, 4, 5, 6, 8, 9, 10, 11, 13, 19, 24, 26, 30, 31, 34, 38, 39, 42, 43, 
  45, 47, 51, 52, 57, 60, 64 ],
[ 1, 2, 3, 4, 5, 6, 8, 9, 10, 12, 13, 14, 15, 17, 25, 26, 29, 31, 39, 41, 42, 
  48, 49, 54, 55, 56, 62, 63 ],
[ 1, 2, 3, 4, 5, 6, 8, 9, 10, 12, 13, 14, 15, 17, 26, 28, 29, 31, 39, 41, 42, 
  46, 51, 54, 55, 56, 61, 63 ],
[ 1, 2, 3, 4, 5, 6, 8, 9, 10, 12, 13, 14, 15, 17, 26, 29, 30, 31, 39, 41, 42, 
  44, 52, 54, 55, 56, 60, 63 ],
[ 1, 2, 3, 4, 5, 6, 8, 9, 10, 12, 13, 14, 15, 18, 19, 29, 30, 37, 41, 42, 47, 
  48, 49, 50, 53, 55, 61, 63 ],
[ 1, 2, 3, 4, 5, 6, 8, 9, 10, 12, 13, 14, 15, 21, 27, 29, 30, 34, 35, 39, 41, 
  47, 48, 55, 56, 57, 61, 62 ],
[ 1, 2, 3, 4, 5, 6, 8, 9, 10, 12, 13, 14, 15, 26, 29, 30, 31, 33, 40, 41, 42, 
  44, 52, 53, 55, 56, 57, 60 ],
[ 1, 2, 3, 4, 5, 6, 8, 9, 10, 12, 13, 14, 17, 20, 25, 26, 29, 31, 34, 38, 41, 
  48, 49, 54, 56, 57, 62, 63 ],
[ 1, 2, 3, 4, 5, 6, 8, 9, 10, 12, 13, 14, 17, 20, 26, 28, 29, 31, 34, 38, 41, 
  46, 51, 54, 56, 57, 61, 63 ],
[ 1, 2, 3, 4, 5, 6, 8, 9, 10, 12, 13, 14, 17, 20, 26, 29, 30, 31, 34, 38, 41, 
  44, 52, 54, 56, 57, 60, 63 ],
[ 1, 2, 3, 4, 5, 6, 8, 9, 10, 12, 13, 14, 18, 20, 21, 25, 29, 31, 38, 42, 45, 
  49, 53, 54, 55, 56, 60, 62 ],
[ 1, 2, 3, 4, 5, 6, 8, 9, 10, 12, 13, 14, 18, 20, 21, 25, 29, 37, 38, 42, 45, 
  49, 50, 52, 53, 55, 60, 63 ],
[ 1, 2, 3, 4, 5, 6, 8, 9, 10, 12, 13, 14, 18, 20, 21, 26, 29, 30, 38, 42, 44, 
  50, 53, 54, 55, 56, 60, 62 ],
[ 1, 2, 3, 4, 5, 6, 8, 9, 10, 12, 13, 14, 18, 20, 21, 26, 29, 36, 38, 42, 44, 
  49, 50, 52, 54, 55, 60, 63 ],
[ 1, 2, 3, 4, 5, 6, 8, 9, 10, 12, 13, 14, 18, 20, 21, 29, 30, 37, 38, 42, 44, 
  45, 48, 50, 53, 55, 62, 63 ],
[ 1, 2, 3, 4, 5, 6, 8, 9, 10, 12, 13, 14, 18, 20, 21, 29, 31, 36, 38, 42, 44, 
  45, 48, 49, 54, 55, 62, 63 ],
[ 1, 2, 3, 4, 5, 6, 8, 9, 10, 12, 13, 14, 18, 20, 25, 26, 29, 31, 38, 40, 48, 
  49, 53, 54, 55, 56, 57, 62 ],
[ 1, 2, 3, 4, 5, 6, 8, 9, 10, 12, 13, 14, 18, 20, 25, 26, 29, 37, 38, 40, 48, 
  49, 50, 52, 53, 55, 57, 63 ],
[ 1, 2, 3, 4, 5, 6, 8, 9, 10, 12, 13, 14, 18, 20, 26, 28, 29, 31, 38, 40, 46, 
  51, 53, 54, 55, 56, 57, 61 ],
[ 1, 2, 3, 4, 5, 6, 8, 9, 10, 12, 13, 14, 18, 20, 26, 29, 30, 31, 38, 40, 44, 
  52, 53, 54, 55, 56, 57, 60 ],
[ 1, 2, 3, 4, 5, 6, 8, 9, 10, 12, 13, 14, 18, 20, 26, 29, 36, 37, 38, 40, 44, 
  49, 50, 52, 55, 56, 57, 60 ],
[ 1, 2, 3, 4, 5, 6, 8, 9, 10, 12, 13, 14, 18, 20, 29, 30, 31, 37, 38, 40, 44, 
  45, 48, 52, 53, 55, 57, 63 ],
[ 1, 2, 3, 4, 5, 6, 8, 9, 10, 12, 13, 14, 18, 21, 25, 26, 29, 30, 38, 39, 48, 
  50, 53, 54, 55, 56, 57, 62 ],
[ 1, 2, 3, 4, 5, 6, 8, 9, 10, 12, 13, 14, 18, 21, 25, 26, 29, 36, 38, 39, 48, 
  49, 50, 52, 54, 55, 57, 63 ],
[ 1, 2, 3, 4, 5, 6, 8, 9, 10, 12, 13, 14, 18, 21, 25, 29, 30, 31, 38, 39, 45, 
  52, 53, 54, 55, 56, 57, 60 ],
[ 1, 2, 3, 4, 5, 6, 8, 9, 10, 12, 13, 14, 18, 21, 25, 29, 36, 37, 38, 39, 45, 
  49, 50, 52, 55, 56, 57, 60 ],
[ 1, 2, 3, 4, 5, 6, 8, 9, 10, 12, 13, 14, 18, 21, 29, 30, 31, 36, 38, 39, 44, 
  45, 48, 52, 54, 55, 57, 63 ],
[ 1, 2, 3, 4, 5, 6, 8, 9, 10, 12, 13, 14, 18, 21, 29, 30, 36, 37, 38, 39, 44, 
  45, 48, 50, 55, 56, 57, 62 ],
[ 1, 2, 3, 4, 5, 6, 8, 9, 10, 12, 13, 14, 18, 25, 26, 29, 30, 37, 38, 39, 40, 
  42, 48, 50, 53, 55, 62, 63 ],
[ 1, 2, 3, 4, 5, 6, 8, 9, 10, 12, 13, 14, 18, 25, 26, 29, 31, 36, 38, 39, 40, 
  42, 48, 49, 54, 55, 62, 63 ],
[ 1, 2, 3, 4, 5, 6, 8, 9, 10, 12, 13, 14, 18, 25, 29, 30, 31, 37, 38, 39, 40, 
  42, 45, 52, 53, 55, 60, 63 ],
[ 1, 2, 3, 4, 5, 6, 8, 9, 10, 12, 13, 14, 18, 25, 29, 31, 36, 37, 38, 39, 40, 
  42, 45, 49, 55, 56, 60, 62 ],
[ 1, 2, 3, 4, 5, 6, 8, 9, 10, 12, 13, 14, 18, 26, 28, 29, 31, 36, 38, 39, 40, 
  42, 46, 51, 54, 55, 61, 63 ],
[ 1, 2, 3, 4, 5, 6, 8, 9, 10, 12, 13, 14, 18, 26, 29, 30, 31, 36, 38, 39, 40, 
  42, 44, 52, 54, 55, 60, 63 ],
[ 1, 2, 3, 4, 5, 6, 8, 9, 10, 12, 13, 14, 18, 26, 29, 30, 36, 37, 38, 39, 40, 
  42, 44, 50, 55, 56, 60, 62 ],
[ 1, 2, 3, 4, 5, 6, 8, 9, 10, 12, 13, 15, 16, 18, 20, 24, 27, 31, 35, 38, 40, 
  48, 51, 53, 57, 61, 62, 63 ],
[ 1, 2, 3, 4, 5, 6, 8, 9, 10, 12, 13, 15, 16, 18, 20, 31, 35, 38, 40, 46, 47, 
  48, 49, 50, 51, 53, 57, 63 ],
[ 1, 2, 3, 4, 5, 6, 8, 9, 10, 12, 13, 15, 16, 19, 20, 24, 27, 31, 34, 38, 39, 
  48, 51, 54, 57, 61, 62, 63 ],
[ 1, 2, 3, 4, 5, 6, 8, 9, 10, 12, 13, 15, 16, 19, 20, 31, 34, 38, 39, 46, 47, 
  48, 49, 50, 51, 54, 57, 63 ],
[ 1, 2, 3, 4, 5, 6, 8, 9, 10, 12, 13, 15, 17, 20, 26, 28, 29, 31, 33, 37, 41, 
  46, 51, 55, 56, 57, 61, 63 ],
[ 1, 2, 3, 4, 5, 6, 8, 9, 10, 12, 13, 15, 18, 19, 20, 24, 27, 31, 35, 37, 41, 
  48, 51, 53, 56, 61, 62, 63 ],
[ 1, 2, 3, 4, 5, 6, 8, 9, 10, 12, 13, 15, 18, 19, 20, 31, 35, 37, 41, 46, 47, 
  48, 49, 50, 51, 53, 56, 63 ],
[ 1, 2, 3, 4, 5, 6, 8, 9, 10, 12, 13, 15, 19, 20, 24, 27, 31, 34, 35, 37, 39, 
  48, 51, 55, 56, 57, 61, 62 ],
[ 1, 2, 3, 4, 5, 6, 8, 9, 10, 12, 13, 15, 19, 20, 31, 34, 35, 37, 39, 46, 47, 
  48, 49, 50, 51, 55, 56, 57 ],
[ 1, 2, 3, 4, 5, 6, 8, 9, 10, 12, 13, 15, 20, 25, 26, 29, 31, 37, 39, 40, 41, 
  48, 49, 53, 54, 55, 56, 62 ],
[ 1, 2, 3, 4, 5, 6, 8, 9, 10, 12, 13, 15, 20, 26, 28, 29, 31, 37, 39, 40, 41, 
  46, 51, 53, 54, 55, 56, 61 ],
[ 1, 2, 3, 4, 5, 6, 8, 9, 10, 12, 13, 15, 20, 26, 29, 30, 31, 37, 39, 40, 41, 
  44, 52, 53, 54, 55, 56, 60 ],
[ 1, 2, 3, 4, 5, 6, 8, 9, 10, 12, 13, 16, 18, 19, 20, 24, 27, 31, 34, 36, 41, 
  48, 51, 54, 56, 61, 62, 63 ],
[ 1, 2, 3, 4, 5, 6, 8, 9, 10, 12, 13, 16, 18, 19, 20, 31, 34, 36, 41, 46, 47, 
  48, 49, 50, 51, 54, 56, 63 ],
[ 1, 2, 3, 4, 5, 6, 8, 9, 10, 12, 13, 18, 20, 21, 24, 25, 29, 31, 38, 42, 45, 
  49, 55, 58, 59, 60, 61, 62 ],
[ 1, 2, 3, 4, 5, 6, 8, 9, 10, 12, 13, 18, 20, 21, 24, 25, 29, 38, 42, 45, 47, 
  49, 50, 52, 55, 58, 60, 64 ],
[ 1, 2, 3, 4, 5, 6, 8, 9, 10, 12, 13, 18, 20, 21, 24, 26, 29, 30, 38, 42, 44, 
  50, 55, 58, 59, 60, 61, 62 ],
[ 1, 2, 3, 4, 5, 6, 8, 9, 10, 12, 13, 18, 20, 21, 24, 26, 29, 38, 42, 44, 46, 
  49, 50, 52, 55, 59, 60, 64 ],
[ 1, 2, 3, 4, 5, 6, 8, 9, 10, 12, 13, 18, 20, 21, 24, 29, 30, 38, 42, 44, 45, 
  47, 48, 50, 55, 58, 62, 64 ],
[ 1, 2, 3, 4, 5, 6, 8, 9, 10, 12, 13, 18, 20, 21, 24, 29, 31, 38, 42, 44, 45, 
  46, 48, 49, 55, 59, 62, 64 ],
[ 1, 2, 3, 4, 5, 6, 8, 9, 10, 12, 13, 18, 20, 21, 25, 29, 33, 36, 38, 42, 45, 
  49, 50, 52, 54, 55, 56, 60 ],
[ 1, 2, 3, 4, 5, 6, 8, 9, 10, 12, 13, 18, 20, 24, 25, 26, 29, 31, 38, 40, 48, 
  49, 55, 57, 58, 59, 61, 62 ],
[ 1, 2, 3, 4, 5, 6, 8, 9, 10, 12, 13, 18, 20, 24, 25, 26, 29, 38, 40, 47, 48, 
  49, 50, 52, 55, 57, 58, 64 ],
[ 1, 2, 3, 4, 5, 6, 8, 9, 10, 12, 13, 18, 20, 24, 26, 29, 30, 31, 38, 40, 44, 
  52, 55, 57, 58, 59, 60, 61 ],
[ 1, 2, 3, 4, 5, 6, 8, 9, 10, 12, 13, 18, 20, 24, 26, 29, 38, 40, 44, 46, 47, 
  49, 50, 52, 55, 57, 60, 61 ],
[ 1, 2, 3, 4, 5, 6, 8, 9, 10, 12, 13, 18, 20, 24, 29, 30, 31, 38, 40, 44, 45, 
  47, 48, 52, 55, 57, 58, 64 ],
[ 1, 2, 3, 4, 5, 6, 8, 9, 10, 12, 13, 18, 20, 24, 29, 31, 38, 40, 44, 45, 46, 
  47, 48, 49, 55, 57, 61, 62 ],
[ 1, 2, 3, 4, 5, 6, 8, 9, 10, 12, 13, 18, 20, 26, 28, 29, 31, 33, 36, 37, 38, 
  40, 46, 51, 55, 57, 61, 63 ],
[ 1, 2, 3, 4, 5, 6, 8, 9, 10, 12, 13, 18, 21, 24, 25, 26, 29, 30, 38, 39, 48, 
  50, 55, 57, 58, 59, 61, 62 ],
[ 1, 2, 3, 4, 5, 6, 8, 9, 10, 12, 13, 18, 21, 24, 25, 26, 29, 38, 39, 46, 48, 
  49, 50, 52, 55, 57, 59, 64 ],
[ 1, 2, 3, 4, 5, 6, 8, 9, 10, 12, 13, 18, 21, 24, 25, 29, 30, 31, 38, 39, 45, 
  52, 55, 57, 58, 59, 60, 61 ],
[ 1, 2, 3, 4, 5, 6, 8, 9, 10, 12, 13, 18, 21, 24, 25, 29, 38, 39, 45, 46, 47, 
  49, 50, 52, 55, 57, 60, 61 ],
[ 1, 2, 3, 4, 5, 6, 8, 9, 10, 12, 13, 18, 21, 24, 29, 30, 31, 38, 39, 44, 45, 
  46, 48, 52, 55, 57, 59, 64 ],
[ 1, 2, 3, 4, 5, 6, 8, 9, 10, 12, 13, 18, 21, 24, 29, 30, 38, 39, 44, 45, 46, 
  47, 48, 50, 55, 57, 61, 62 ],
[ 1, 2, 3, 4, 5, 6, 8, 9, 10, 12, 13, 18, 21, 29, 30, 33, 38, 39, 44, 45, 48, 
  50, 53, 54, 55, 57, 62, 63 ],
[ 1, 2, 3, 4, 5, 6, 8, 9, 10, 12, 13, 18, 24, 25, 26, 29, 30, 38, 39, 40, 42, 
  47, 48, 50, 55, 58, 62, 64 ],
[ 1, 2, 3, 4, 5, 6, 8, 9, 10, 12, 13, 18, 24, 25, 26, 29, 31, 38, 39, 40, 42, 
  46, 48, 49, 55, 59, 62, 64 ],
[ 1, 2, 3, 4, 5, 6, 8, 9, 10, 12, 13, 18, 24, 25, 29, 30, 31, 38, 39, 40, 42, 
  45, 47, 52, 55, 58, 60, 64 ],
[ 1, 2, 3, 4, 5, 6, 8, 9, 10, 12, 13, 18, 24, 25, 29, 31, 38, 39, 40, 42, 45, 
  46, 47, 49, 55, 60, 61, 62 ],
[ 1, 2, 3, 4, 5, 6, 8, 9, 10, 12, 13, 18, 24, 26, 29, 30, 31, 38, 39, 40, 42, 
  44, 46, 52, 55, 59, 60, 64 ],
[ 1, 2, 3, 4, 5, 6, 8, 9, 10, 12, 13, 18, 24, 26, 29, 30, 38, 39, 40, 42, 44, 
  46, 47, 50, 55, 60, 61, 62 ],
[ 1, 2, 3, 4, 5, 6, 8, 9, 10, 12, 13, 18, 26, 28, 29, 31, 33, 37, 38, 39, 40, 
  42, 46, 51, 53, 55, 56, 61 ],
[ 1, 2, 3, 4, 5, 6, 8, 9, 10, 12, 13, 18, 26, 29, 30, 31, 33, 37, 38, 39, 40, 
  42, 44, 52, 53, 55, 56, 60 ],
[ 1, 2, 3, 4, 5, 6, 8, 9, 10, 12, 13, 20, 25, 26, 29, 31, 34, 36, 37, 38, 39, 
  40, 41, 48, 49, 54, 62, 63 ],
[ 1, 2, 3, 4, 5, 6, 8, 9, 10, 12, 13, 20, 26, 28, 29, 31, 34, 36, 37, 38, 39, 
  40, 41, 46, 51, 54, 61, 63 ],
[ 1, 2, 3, 4, 5, 6, 8, 9, 10, 12, 14, 15, 16, 17, 18, 25, 29, 37, 38, 42, 45, 
  49, 50, 52, 53, 57, 60, 63 ],
[ 1, 2, 3, 4, 5, 6, 8, 9, 10, 12, 14, 15, 16, 17, 18, 26, 29, 30, 38, 42, 44, 
  50, 53, 54, 56, 57, 60, 62 ],
[ 1, 2, 3, 4, 5, 6, 8, 9, 10, 12, 14, 15, 16, 17, 18, 26, 29, 36, 38, 42, 44, 
  49, 50, 52, 54, 57, 60, 63 ],
[ 1, 2, 3, 4, 5, 6, 8, 9, 10, 12, 14, 15, 16, 17, 18, 29, 30, 37, 38, 42, 44, 
  45, 48, 50, 53, 57, 62, 63 ],
[ 1, 2, 3, 4, 5, 6, 8, 9, 10, 12, 14, 15, 16, 17, 18, 29, 31, 36, 38, 42, 44, 
  45, 48, 49, 54, 57, 62, 63 ],
[ 1, 2, 3, 4, 5, 6, 8, 9, 10, 12, 14, 15, 16, 18, 20, 23, 29, 37, 38, 40, 48, 
  49, 50, 52, 53, 57, 60, 63 ],
[ 1, 2, 3, 4, 5, 6, 8, 9, 10, 12, 14, 15, 16, 18, 20, 26, 29, 33, 38, 40, 44, 
  49, 50, 52, 56, 57, 60, 63 ],
[ 1, 2, 3, 4, 5, 6, 8, 9, 10, 12, 14, 15, 16, 18, 20, 27, 29, 37, 38, 40, 44, 
  45, 48, 52, 53, 57, 62, 63 ],
[ 1, 2, 3, 4, 5, 6, 8, 9, 10, 12, 14, 15, 16, 18, 20, 29, 31, 33, 38, 40, 44, 
  45, 48, 49, 56, 57, 62, 63 ],
[ 1, 2, 3, 4, 5, 6, 8, 9, 10, 12, 14, 15, 16, 18, 21, 23, 29, 30, 38, 39, 48, 
  50, 53, 54, 56, 57, 60, 62 ],
[ 1, 2, 3, 4, 5, 6, 8, 9, 10, 12, 14, 15, 16, 18, 21, 23, 29, 36, 38, 39, 48, 
  49, 50, 52, 54, 57, 60, 63 ],
[ 1, 2, 3, 4, 5, 6, 8, 9, 10, 12, 14, 15, 16, 18, 21, 25, 29, 33, 38, 39, 45, 
  49, 50, 52, 56, 57, 60, 63 ],
[ 1, 2, 3, 4, 5, 6, 8, 9, 10, 12, 14, 15, 16, 18, 21, 27, 29, 36, 38, 39, 44, 
  45, 48, 52, 54, 57, 62, 63 ],
[ 1, 2, 3, 4, 5, 6, 8, 9, 10, 12, 14, 15, 16, 18, 21, 29, 30, 33, 38, 39, 44, 
  45, 48, 50, 56, 57, 62, 63 ],
[ 1, 2, 3, 4, 5, 6, 8, 9, 10, 12, 14, 15, 16, 18, 23, 29, 30, 37, 38, 39, 40, 
  42, 48, 50, 53, 60, 62, 63 ],
[ 1, 2, 3, 4, 5, 6, 8, 9, 10, 12, 14, 15, 16, 18, 26, 29, 30, 33, 38, 39, 40, 
  42, 44, 50, 56, 60, 62, 63 ],
[ 1, 2, 3, 4, 5, 6, 8, 9, 10, 12, 14, 15, 17, 18, 25, 26, 29, 35, 37, 42, 48, 
  49, 50, 52, 53, 55, 57, 63 ],
[ 1, 2, 3, 4, 5, 6, 8, 9, 10, 12, 14, 15, 17, 18, 26, 29, 30, 31, 35, 42, 44, 
  52, 53, 54, 55, 56, 57, 60 ],
[ 1, 2, 3, 4, 5, 6, 8, 9, 10, 12, 14, 15, 17, 18, 26, 29, 35, 36, 37, 42, 44, 
  49, 50, 52, 55, 56, 57, 60 ],
[ 1, 2, 3, 4, 5, 6, 8, 9, 10, 12, 14, 15, 17, 18, 29, 30, 31, 35, 37, 42, 44, 
  45, 48, 52, 53, 55, 57, 63 ],
[ 1, 2, 3, 4, 5, 6, 8, 9, 10, 12, 14, 15, 18, 20, 21, 23, 29, 35, 37, 42, 48, 
  49, 50, 52, 53, 55, 60, 63 ],
[ 1, 2, 3, 4, 5, 6, 8, 9, 10, 12, 14, 15, 18, 20, 21, 26, 29, 33, 35, 42, 44, 
  49, 50, 52, 55, 56, 60, 63 ],
[ 1, 2, 3, 4, 5, 6, 8, 9, 10, 12, 14, 15, 18, 20, 21, 27, 29, 35, 37, 42, 44, 
  45, 48, 52, 53, 55, 62, 63 ],
[ 1, 2, 3, 4, 5, 6, 8, 9, 10, 12, 14, 15, 18, 20, 21, 29, 31, 33, 35, 42, 44, 
  45, 48, 49, 55, 56, 62, 63 ],
[ 1, 2, 3, 4, 5, 6, 8, 9, 10, 12, 14, 15, 18, 21, 25, 26, 29, 33, 35, 39, 48, 
  49, 50, 52, 55, 56, 57, 63 ],
[ 1, 2, 3, 4, 5, 6, 8, 9, 10, 12, 14, 15, 18, 21, 29, 30, 31, 33, 35, 39, 44, 
  45, 48, 52, 55, 56, 57, 63 ],
[ 1, 2, 3, 4, 5, 6, 8, 9, 10, 12, 14, 15, 18, 25, 26, 29, 31, 33, 35, 39, 40, 
  42, 48, 49, 55, 56, 62, 63 ],
[ 1, 2, 3, 4, 5, 6, 8, 9, 10, 12, 14, 15, 18, 26, 29, 30, 31, 33, 35, 39, 40, 
  42, 44, 52, 55, 56, 60, 63 ],
[ 1, 2, 3, 4, 5, 6, 8, 9, 10, 12, 14, 16, 17, 18, 25, 26, 29, 30, 34, 42, 48, 
  50, 53, 54, 55, 56, 57, 62 ],
[ 1, 2, 3, 4, 5, 6, 8, 9, 10, 12, 14, 16, 17, 18, 25, 26, 29, 34, 36, 42, 48, 
  49, 50, 52, 54, 55, 57, 63 ],
[ 1, 2, 3, 4, 5, 6, 8, 9, 10, 12, 14, 16, 17, 18, 25, 29, 30, 31, 34, 42, 45, 
  52, 53, 54, 55, 56, 57, 60 ],
[ 1, 2, 3, 4, 5, 6, 8, 9, 10, 12, 14, 16, 17, 18, 25, 29, 34, 36, 37, 42, 45, 
  49, 50, 52, 55, 56, 57, 60 ],
[ 1, 2, 3, 4, 5, 6, 8, 9, 10, 12, 14, 16, 17, 18, 29, 30, 31, 34, 36, 42, 44, 
  45, 48, 52, 54, 55, 57, 63 ],
[ 1, 2, 3, 4, 5, 6, 8, 9, 10, 12, 14, 16, 17, 18, 29, 30, 34, 36, 37, 42, 44, 
  45, 48, 50, 55, 56, 57, 62 ],
[ 1, 2, 3, 4, 5, 6, 8, 9, 10, 12, 14, 16, 18, 20, 21, 23, 29, 30, 34, 42, 48, 
  50, 53, 54, 55, 56, 60, 62 ],
[ 1, 2, 3, 4, 5, 6, 8, 9, 10, 12, 14, 16, 18, 20, 21, 25, 29, 33, 34, 42, 45, 
  49, 50, 52, 55, 56, 60, 63 ],
[ 1, 2, 3, 4, 5, 6, 8, 9, 10, 12, 14, 16, 18, 20, 21, 29, 30, 33, 34, 42, 44, 
  45, 48, 50, 55, 56, 62, 63 ],
[ 1, 2, 3, 4, 5, 6, 8, 9, 10, 12, 14, 16, 18, 20, 25, 26, 29, 33, 34, 40, 48, 
  49, 50, 52, 55, 56, 57, 63 ],
[ 1, 2, 3, 4, 5, 6, 8, 9, 10, 12, 14, 16, 18, 20, 29, 30, 31, 33, 34, 40, 44, 
  45, 48, 52, 55, 56, 57, 63 ],
[ 1, 2, 3, 4, 5, 6, 8, 9, 10, 12, 14, 16, 18, 23, 29, 30, 34, 36, 37, 39, 40, 
  42, 48, 50, 55, 56, 60, 62 ],
[ 1, 2, 3, 4, 5, 6, 8, 9, 10, 12, 14, 16, 18, 25, 26, 29, 30, 33, 34, 39, 40, 
  42, 48, 50, 55, 56, 62, 63 ],
[ 1, 2, 3, 4, 5, 6, 8, 9, 10, 12, 14, 16, 18, 25, 29, 30, 31, 33, 34, 39, 40, 
  42, 45, 52, 55, 56, 60, 63 ],
[ 1, 2, 3, 4, 5, 6, 8, 9, 10, 12, 14, 17, 18, 25, 26, 29, 30, 34, 35, 37, 38, 
  42, 48, 50, 53, 57, 62, 63 ],
[ 1, 2, 3, 4, 5, 6, 8, 9, 10, 12, 14, 17, 18, 25, 29, 30, 31, 34, 35, 37, 38, 
  42, 45, 52, 53, 57, 60, 63 ],
[ 1, 2, 3, 4, 5, 6, 8, 9, 10, 12, 14, 17, 18, 26, 29, 30, 31, 34, 35, 36, 38, 
  42, 44, 52, 54, 57, 60, 63 ],
[ 1, 2, 3, 4, 5, 6, 8, 9, 10, 12, 14, 17, 18, 26, 29, 30, 34, 35, 36, 37, 38, 
  42, 44, 50, 56, 57, 60, 62 ],
[ 1, 2, 3, 4, 5, 6, 8, 9, 10, 12, 14, 18, 20, 21, 23, 29, 30, 34, 35, 37, 38, 
  42, 48, 50, 53, 60, 62, 63 ],
[ 1, 2, 3, 4, 5, 6, 8, 9, 10, 12, 14, 18, 20, 21, 26, 29, 30, 33, 34, 35, 38, 
  42, 44, 50, 56, 60, 62, 63 ],
[ 1, 2, 3, 4, 5, 6, 8, 9, 10, 12, 14, 18, 20, 25, 26, 29, 31, 33, 34, 35, 38, 
  40, 48, 49, 56, 57, 62, 63 ],
[ 1, 2, 3, 4, 5, 6, 8, 9, 10, 12, 14, 18, 20, 26, 29, 30, 31, 33, 34, 35, 38, 
  40, 44, 52, 56, 57, 60, 63 ],
[ 1, 2, 3, 4, 5, 6, 8, 9, 10, 12, 14, 18, 21, 23, 29, 30, 34, 35, 36, 37, 38, 
  39, 48, 50, 56, 57, 60, 62 ],
[ 1, 2, 3, 4, 5, 6, 8, 9, 10, 12, 14, 18, 21, 25, 26, 29, 30, 33, 34, 35, 38, 
  39, 48, 50, 56, 57, 62, 63 ],
[ 1, 2, 3, 4, 5, 6, 8, 9, 10, 12, 14, 18, 21, 25, 29, 30, 31, 33, 34, 35, 38, 
  39, 45, 52, 56, 57, 60, 63 ],
[ 1, 2, 3, 4, 5, 6, 8, 9, 10, 12, 15, 16, 17, 18, 24, 25, 29, 31, 38, 42, 45, 
  49, 57, 58, 59, 60, 61, 62 ],
[ 1, 2, 3, 4, 5, 6, 8, 9, 10, 12, 15, 16, 17, 18, 24, 25, 29, 38, 42, 45, 47, 
  49, 50, 52, 57, 58, 60, 64 ],
[ 1, 2, 3, 4, 5, 6, 8, 9, 10, 12, 15, 16, 17, 18, 24, 26, 29, 38, 42, 44, 46, 
  49, 50, 52, 57, 59, 60, 64 ],
[ 1, 2, 3, 4, 5, 6, 8, 9, 10, 12, 15, 16, 17, 18, 24, 29, 31, 38, 42, 44, 45, 
  46, 48, 49, 57, 59, 62, 64 ],
[ 1, 2, 3, 4, 5, 6, 8, 9, 10, 12, 15, 16, 18, 20, 23, 24, 26, 27, 38, 40, 50, 
  51, 52, 57, 58, 60, 61, 64 ],
[ 1, 2, 3, 4, 5, 6, 8, 9, 10, 12, 15, 16, 18, 20, 23, 24, 27, 31, 38, 40, 45, 
  48, 51, 57, 58, 61, 62, 64 ],
[ 1, 2, 3, 4, 5, 6, 8, 9, 10, 12, 15, 16, 18, 20, 23, 24, 29, 31, 38, 40, 48, 
  49, 57, 58, 59, 60, 61, 62 ],
[ 1, 2, 3, 4, 5, 6, 8, 9, 10, 12, 15, 16, 18, 20, 23, 24, 29, 38, 40, 47, 48, 
  49, 50, 52, 57, 58, 60, 64 ],
[ 1, 2, 3, 4, 5, 6, 8, 9, 10, 12, 15, 16, 18, 20, 24, 26, 27, 29, 38, 40, 44, 
  52, 57, 58, 59, 60, 61, 62 ],
[ 1, 2, 3, 4, 5, 6, 8, 9, 10, 12, 15, 16, 18, 20, 24, 26, 29, 38, 40, 43, 44, 
  49, 50, 52, 57, 60, 61, 64 ],
[ 1, 2, 3, 4, 5, 6, 8, 9, 10, 12, 15, 16, 18, 20, 24, 27, 29, 38, 40, 44, 45, 
  47, 48, 52, 57, 58, 62, 64 ],
[ 1, 2, 3, 4, 5, 6, 8, 9, 10, 12, 15, 16, 18, 20, 24, 29, 31, 38, 40, 43, 44, 
  45, 48, 49, 57, 61, 62, 64 ],
[ 1, 2, 3, 4, 5, 6, 8, 9, 10, 12, 15, 16, 18, 21, 29, 30, 36, 37, 38, 39, 44, 
  45, 48, 50, 53, 54, 57, 62 ],
[ 1, 2, 3, 4, 5, 6, 8, 9, 10, 12, 15, 18, 19, 20, 23, 24, 26, 27, 37, 41, 50, 
  51, 52, 56, 58, 60, 61, 64 ],
[ 1, 2, 3, 4, 5, 6, 8, 9, 10, 12, 15, 18, 19, 20, 23, 24, 27, 31, 37, 41, 45, 
  48, 51, 56, 58, 61, 62, 64 ],
[ 1, 2, 3, 4, 5, 6, 8, 9, 10, 12, 15, 18, 19, 20, 23, 24, 29, 31, 37, 41, 48, 
  49, 56, 58, 59, 60, 61, 62 ],
[ 1, 2, 3, 4, 5, 6, 8, 9, 10, 12, 15, 18, 19, 20, 23, 24, 29, 37, 41, 47, 48, 
  49, 50, 52, 56, 58, 60, 64 ],
[ 1, 2, 3, 4, 5, 6, 8, 9, 10, 12, 15, 18, 19, 20, 23, 24, 37, 41, 43, 45, 47, 
  48, 49, 51, 52, 56, 62, 64 ],
[ 1, 2, 3, 4, 5, 6, 8, 9, 10, 12, 15, 18, 19, 20, 23, 26, 27, 31, 37, 41, 43, 
  46, 51, 56, 60, 61, 62, 64 ],
[ 1, 2, 3, 4, 5, 6, 8, 9, 10, 12, 15, 18, 19, 20, 23, 29, 31, 37, 41, 43, 46, 
  47, 48, 49, 56, 60, 62, 64 ],
[ 1, 2, 3, 4, 5, 6, 8, 9, 10, 12, 15, 18, 19, 20, 23, 29, 37, 41, 43, 46, 48, 
  49, 50, 52, 56, 59, 60, 61 ],
[ 1, 2, 3, 4, 5, 6, 8, 9, 10, 12, 15, 18, 19, 20, 24, 26, 27, 29, 37, 41, 44, 
  52, 56, 58, 59, 60, 61, 62 ],
[ 1, 2, 3, 4, 5, 6, 8, 9, 10, 12, 15, 18, 19, 20, 26, 27, 29, 37, 41, 43, 44, 
  46, 47, 52, 56, 60, 62, 64 ],
[ 1, 2, 3, 4, 5, 6, 8, 9, 10, 12, 15, 18, 19, 20, 26, 27, 31, 37, 41, 44, 45, 
  46, 51, 56, 58, 59, 61, 62 ],
[ 1, 2, 3, 4, 5, 6, 8, 9, 10, 12, 15, 18, 19, 20, 26, 27, 37, 41, 44, 45, 46, 
  47, 50, 51, 52, 56, 58, 64 ],
[ 1, 2, 3, 4, 5, 6, 8, 9, 10, 12, 15, 18, 20, 21, 23, 24, 26, 27, 35, 42, 50, 
  51, 52, 55, 58, 60, 61, 64 ],
[ 1, 2, 3, 4, 5, 6, 8, 9, 10, 12, 15, 18, 20, 21, 23, 24, 27, 31, 35, 42, 45, 
  48, 51, 55, 58, 61, 62, 64 ],
[ 1, 2, 3, 4, 5, 6, 8, 9, 10, 12, 15, 18, 20, 21, 23, 24, 29, 31, 35, 42, 48, 
  49, 55, 58, 59, 60, 61, 62 ],
[ 1, 2, 3, 4, 5, 6, 8, 9, 10, 12, 15, 18, 20, 21, 23, 24, 29, 35, 42, 47, 48, 
  49, 50, 52, 55, 58, 60, 64 ],
[ 1, 2, 3, 4, 5, 6, 8, 9, 10, 12, 15, 18, 20, 21, 23, 29, 35, 42, 43, 46, 48, 
  49, 50, 52, 55, 59, 60, 61 ],
[ 1, 2, 3, 4, 5, 6, 8, 9, 10, 12, 15, 18, 20, 21, 24, 26, 27, 29, 35, 42, 44, 
  52, 55, 58, 59, 60, 61, 62 ],
[ 1, 2, 3, 4, 5, 6, 8, 9, 10, 12, 15, 18, 20, 21, 24, 26, 29, 35, 42, 43, 44, 
  49, 50, 52, 55, 60, 61, 64 ],
[ 1, 2, 3, 4, 5, 6, 8, 9, 10, 12, 15, 18, 20, 21, 24, 27, 29, 35, 42, 44, 45, 
  47, 48, 52, 55, 58, 62, 64 ],
[ 1, 2, 3, 4, 5, 6, 8, 9, 10, 12, 15, 18, 20, 21, 24, 29, 31, 35, 42, 43, 44, 
  45, 48, 49, 55, 61, 62, 64 ],
[ 1, 2, 3, 4, 5, 6, 8, 9, 10, 12, 15, 18, 20, 21, 26, 29, 35, 42, 44, 46, 47, 
  49, 50, 52, 55, 58, 59, 60 ],
[ 1, 2, 3, 4, 5, 6, 8, 9, 10, 12, 16, 17, 18, 24, 25, 26, 29, 30, 34, 42, 48, 
  50, 55, 57, 58, 59, 61, 62 ],
[ 1, 2, 3, 4, 5, 6, 8, 9, 10, 12, 16, 17, 18, 24, 25, 26, 29, 34, 42, 46, 48, 
  49, 50, 52, 55, 57, 59, 64 ],
[ 1, 2, 3, 4, 5, 6, 8, 9, 10, 12, 16, 17, 18, 24, 25, 28, 29, 31, 36, 42, 45, 
  51, 56, 57, 58, 59, 60, 61 ],
[ 1, 2, 3, 4, 5, 6, 8, 9, 10, 12, 16, 17, 18, 24, 25, 29, 30, 31, 34, 42, 45, 
  52, 55, 57, 58, 59, 60, 61 ],
[ 1, 2, 3, 4, 5, 6, 8, 9, 10, 12, 16, 17, 18, 24, 28, 29, 31, 36, 42, 44, 45, 
  46, 48, 51, 56, 57, 59, 64 ],
[ 1, 2, 3, 4, 5, 6, 8, 9, 10, 12, 16, 17, 18, 24, 29, 30, 31, 34, 42, 44, 45, 
  46, 48, 52, 55, 57, 59, 64 ],
[ 1, 2, 3, 4, 5, 6, 8, 9, 10, 12, 16, 17, 18, 25, 28, 29, 31, 36, 42, 43, 45, 
  46, 47, 51, 56, 57, 60, 64 ],
[ 1, 2, 3, 4, 5, 6, 8, 9, 10, 12, 16, 17, 18, 28, 29, 31, 36, 42, 43, 44, 45, 
  47, 48, 51, 56, 57, 58, 61 ],
[ 1, 2, 3, 4, 5, 6, 8, 9, 10, 12, 16, 18, 20, 21, 23, 24, 29, 30, 34, 42, 48, 
  50, 55, 58, 59, 60, 61, 62 ],
[ 1, 2, 3, 4, 5, 6, 8, 9, 10, 12, 16, 18, 20, 21, 23, 24, 29, 34, 42, 46, 48, 
  49, 50, 52, 55, 59, 60, 64 ],
[ 1, 2, 3, 4, 5, 6, 8, 9, 10, 12, 16, 18, 20, 21, 24, 25, 27, 29, 34, 42, 45, 
  52, 55, 58, 59, 60, 61, 62 ],
[ 1, 2, 3, 4, 5, 6, 8, 9, 10, 12, 16, 18, 20, 21, 24, 25, 29, 34, 42, 43, 45, 
  49, 50, 52, 55, 60, 61, 64 ],
[ 1, 2, 3, 4, 5, 6, 8, 9, 10, 12, 16, 18, 20, 21, 24, 27, 29, 34, 42, 44, 45, 
  46, 48, 52, 55, 59, 62, 64 ],
[ 1, 2, 3, 4, 5, 6, 8, 9, 10, 12, 16, 18, 20, 21, 24, 29, 30, 34, 42, 43, 44, 
  45, 48, 50, 55, 61, 62, 64 ],
[ 1, 2, 3, 4, 5, 6, 8, 9, 10, 12, 16, 18, 20, 21, 25, 29, 34, 36, 37, 42, 45, 
  49, 50, 52, 53, 54, 55, 60 ],
[ 1, 2, 3, 4, 5, 6, 8, 9, 10, 12, 16, 18, 20, 23, 24, 27, 31, 36, 40, 44, 45, 
  48, 51, 56, 57, 60, 61, 62 ],
[ 1, 2, 3, 4, 5, 6, 8, 9, 10, 12, 16, 18, 20, 23, 24, 28, 29, 31, 36, 40, 48, 
  51, 56, 57, 58, 59, 60, 61 ],
[ 1, 2, 3, 4, 5, 6, 8, 9, 10, 12, 16, 18, 20, 23, 24, 29, 30, 31, 34, 40, 48, 
  52, 55, 57, 58, 59, 60, 61 ],
[ 1, 2, 3, 4, 5, 6, 8, 9, 10, 12, 16, 18, 20, 23, 24, 29, 34, 40, 46, 47, 48, 
  49, 50, 52, 55, 57, 60, 61 ],
[ 1, 2, 3, 4, 5, 6, 8, 9, 10, 12, 16, 18, 20, 23, 25, 26, 27, 31, 36, 40, 43, 
  48, 51, 56, 57, 60, 62, 64 ],
[ 1, 2, 3, 4, 5, 6, 8, 9, 10, 12, 16, 18, 20, 24, 25, 26, 27, 29, 34, 40, 48, 
  52, 55, 57, 58, 59, 61, 62 ],
[ 1, 2, 3, 4, 5, 6, 8, 9, 10, 12, 16, 18, 20, 24, 25, 26, 29, 34, 40, 43, 48, 
  49, 50, 52, 55, 57, 61, 64 ],
[ 1, 2, 3, 4, 5, 6, 8, 9, 10, 12, 16, 18, 20, 24, 27, 29, 34, 40, 44, 45, 46, 
  47, 48, 52, 55, 57, 61, 62 ],
[ 1, 2, 3, 4, 5, 6, 8, 9, 10, 12, 16, 18, 20, 24, 29, 30, 31, 34, 40, 43, 44, 
  45, 48, 52, 55, 57, 61, 64 ],
[ 1, 2, 3, 4, 5, 6, 8, 9, 10, 12, 16, 18, 23, 24, 29, 30, 31, 34, 39, 40, 42, 
  46, 48, 52, 55, 59, 60, 64 ],
[ 1, 2, 3, 4, 5, 6, 8, 9, 10, 12, 16, 18, 23, 24, 29, 30, 34, 39, 40, 42, 46, 
  47, 48, 50, 55, 60, 61, 62 ],
[ 1, 2, 3, 4, 5, 6, 8, 9, 10, 12, 16, 18, 23, 29, 30, 31, 34, 39, 40, 42, 43, 
  47, 48, 52, 55, 58, 60, 61 ],
[ 1, 2, 3, 4, 5, 6, 8, 9, 10, 12, 16, 18, 24, 25, 26, 29, 30, 34, 39, 40, 42, 
  43, 48, 50, 55, 61, 62, 64 ],
[ 1, 2, 3, 4, 5, 6, 8, 9, 10, 12, 16, 18, 24, 25, 29, 30, 31, 34, 39, 40, 42, 
  43, 45, 52, 55, 60, 61, 64 ],
[ 1, 2, 3, 4, 5, 6, 8, 9, 10, 12, 16, 18, 25, 29, 30, 31, 34, 39, 40, 42, 45, 
  46, 47, 52, 55, 58, 59, 60 ],
[ 1, 2, 3, 4, 5, 6, 8, 9, 10, 13, 14, 16, 18, 19, 20, 26, 32, 34, 37, 41, 46, 
  49, 50, 51, 52, 54, 61, 63 ],
[ 1, 2, 3, 4, 5, 6, 8, 9, 10, 13, 14, 16, 18, 20, 21, 26, 30, 32, 35, 42, 44, 
  50, 51, 53, 54, 56, 60, 62 ],
[ 1, 2, 3, 4, 5, 6, 8, 9, 10, 13, 14, 16, 18, 20, 21, 30, 32, 35, 37, 42, 44, 
  45, 48, 50, 51, 53, 62, 63 ],
[ 1, 2, 3, 4, 5, 6, 8, 9, 10, 13, 14, 16, 18, 20, 21, 31, 32, 35, 36, 42, 44, 
  45, 48, 49, 51, 54, 62, 63 ],
[ 1, 2, 3, 4, 5, 6, 8, 9, 10, 13, 14, 16, 18, 20, 24, 29, 32, 34, 35, 37, 40, 
  48, 49, 52, 55, 57, 61, 62 ],
[ 1, 2, 3, 4, 5, 6, 8, 9, 10, 13, 14, 16, 18, 20, 26, 30, 31, 32, 35, 40, 44, 
  51, 52, 53, 54, 56, 57, 60 ],
[ 1, 2, 3, 4, 5, 6, 8, 9, 10, 13, 14, 16, 18, 20, 26, 32, 34, 35, 37, 40, 46, 
  49, 50, 51, 52, 55, 57, 61 ],
[ 1, 2, 3, 4, 5, 6, 8, 9, 10, 13, 14, 16, 18, 20, 30, 31, 32, 35, 37, 40, 44, 
  45, 48, 51, 52, 53, 57, 63 ],
[ 1, 2, 3, 4, 5, 6, 8, 9, 10, 13, 14, 16, 18, 20, 31, 32, 35, 36, 37, 40, 44, 
  45, 48, 49, 51, 56, 57, 62 ],
[ 1, 2, 3, 4, 5, 6, 8, 9, 10, 13, 14, 16, 18, 21, 25, 26, 30, 32, 35, 39, 48, 
  50, 51, 53, 54, 56, 57, 62 ],
[ 1, 2, 3, 4, 5, 6, 8, 9, 10, 13, 14, 16, 18, 21, 25, 30, 31, 32, 35, 39, 45, 
  51, 52, 53, 54, 56, 57, 60 ],
[ 1, 2, 3, 4, 5, 6, 8, 9, 10, 13, 14, 16, 18, 21, 30, 31, 32, 35, 36, 39, 44, 
  45, 48, 51, 52, 54, 57, 63 ],
[ 1, 2, 3, 4, 5, 6, 8, 9, 10, 13, 14, 16, 18, 21, 30, 32, 35, 36, 37, 39, 44, 
  45, 48, 50, 51, 56, 57, 62 ],
[ 1, 2, 3, 4, 5, 6, 8, 9, 10, 13, 14, 16, 18, 25, 26, 30, 32, 35, 37, 39, 40, 
  42, 48, 50, 51, 53, 62, 63 ],
[ 1, 2, 3, 4, 5, 6, 8, 9, 10, 13, 14, 16, 18, 25, 30, 31, 32, 35, 37, 39, 40, 
  42, 45, 51, 52, 53, 60, 63 ],
[ 1, 2, 3, 4, 5, 6, 8, 9, 10, 13, 14, 16, 18, 26, 30, 31, 32, 35, 36, 39, 40, 
  42, 44, 51, 52, 54, 60, 63 ],
[ 1, 2, 3, 4, 5, 6, 8, 9, 10, 13, 14, 16, 18, 26, 30, 32, 34, 35, 37, 39, 40, 
  42, 46, 50, 51, 55, 61, 62 ],
[ 1, 2, 3, 4, 5, 6, 8, 9, 10, 13, 14, 16, 18, 26, 30, 32, 35, 36, 37, 39, 40, 
  42, 44, 50, 51, 56, 60, 62 ],
[ 1, 2, 3, 4, 5, 6, 8, 9, 10, 13, 14, 16, 19, 20, 24, 28, 29, 32, 34, 37, 39, 
  48, 51, 52, 54, 57, 61, 63 ],
[ 1, 2, 3, 4, 5, 6, 8, 9, 10, 13, 14, 16, 19, 20, 25, 26, 32, 34, 37, 39, 48, 
  49, 50, 51, 52, 54, 57, 63 ],
[ 1, 2, 3, 4, 5, 6, 8, 9, 10, 13, 14, 16, 19, 20, 30, 31, 32, 34, 37, 39, 44, 
  45, 48, 51, 52, 54, 57, 63 ],
[ 1, 2, 3, 4, 5, 6, 8, 9, 10, 13, 14, 16, 19, 21, 30, 31, 32, 34, 36, 40, 44, 
  45, 48, 51, 52, 53, 57, 63 ],
[ 1, 2, 3, 4, 5, 6, 8, 9, 10, 13, 15, 16, 18, 26, 30, 32, 33, 35, 38, 39, 40, 
  42, 46, 50, 51, 54, 61, 62 ],
[ 1, 2, 3, 4, 5, 6, 8, 9, 10, 13, 15, 16, 19, 20, 24, 26, 32, 34, 38, 39, 47, 
  49, 50, 51, 52, 54, 57, 63 ],
[ 1, 2, 3, 4, 5, 6, 8, 9, 10, 13, 15, 17, 19, 20, 30, 31, 32, 35, 37, 40, 44, 
  45, 48, 51, 52, 53, 56, 63 ],
[ 1, 2, 3, 4, 5, 6, 8, 9, 10, 13, 15, 19, 20, 24, 28, 29, 32, 33, 35, 37, 39, 
  48, 51, 52, 54, 56, 57, 61 ],
[ 1, 2, 3, 4, 5, 6, 8, 9, 10, 13, 15, 19, 20, 30, 31, 32, 33, 35, 37, 39, 44, 
  45, 48, 51, 52, 54, 56, 57 ],
[ 1, 2, 3, 4, 5, 6, 8, 9, 10, 13, 15, 19, 21, 30, 31, 32, 33, 35, 36, 40, 44, 
  45, 48, 51, 52, 53, 56, 57 ],
[ 1, 2, 3, 4, 5, 6, 8, 9, 10, 13, 16, 17, 19, 20, 30, 31, 32, 34, 36, 40, 44, 
  45, 48, 51, 52, 54, 56, 63 ],
[ 1, 2, 3, 4, 5, 6, 8, 9, 10, 13, 16, 18, 21, 30, 31, 32, 33, 35, 37, 39, 44, 
  45, 48, 51, 52, 53, 56, 57 ],
[ 1, 2, 3, 4, 5, 6, 8, 9, 10, 13, 16, 18, 26, 30, 32, 33, 35, 39, 40, 42, 44, 
  50, 51, 53, 54, 60, 62, 63 ],
[ 1, 2, 3, 4, 5, 6, 8, 9, 10, 14, 15, 16, 17, 18, 21, 26, 30, 32, 38, 40, 44, 
  50, 51, 53, 54, 56, 60, 62 ],
[ 1, 2, 3, 4, 5, 6, 8, 9, 10, 14, 15, 16, 17, 18, 21, 30, 32, 37, 38, 40, 44, 
  45, 48, 50, 51, 53, 62, 63 ],
[ 1, 2, 3, 4, 5, 6, 8, 9, 10, 14, 15, 16, 17, 18, 21, 31, 32, 36, 38, 40, 44, 
  45, 48, 49, 51, 54, 62, 63 ],
[ 1, 2, 3, 4, 5, 6, 8, 9, 10, 14, 15, 16, 18, 20, 31, 32, 33, 37, 38, 40, 44, 
  45, 48, 49, 51, 54, 57, 62 ],
[ 1, 2, 3, 4, 5, 6, 8, 9, 10, 14, 15, 16, 18, 21, 23, 26, 30, 32, 38, 39, 45, 
  50, 51, 53, 54, 56, 57, 62 ],
[ 1, 2, 3, 4, 5, 6, 8, 9, 10, 14, 15, 16, 18, 21, 30, 32, 33, 37, 38, 39, 44, 
  45, 48, 50, 51, 54, 57, 62 ],
[ 1, 2, 3, 4, 5, 6, 8, 9, 10, 14, 15, 16, 18, 23, 26, 30, 32, 37, 38, 39, 40, 
  42, 45, 50, 51, 53, 62, 63 ],
[ 1, 2, 3, 4, 5, 6, 8, 9, 10, 14, 15, 16, 18, 26, 30, 32, 33, 37, 38, 39, 40, 
  42, 44, 50, 51, 54, 60, 62 ],
[ 1, 2, 3, 4, 5, 6, 8, 9, 10, 14, 15, 17, 18, 21, 26, 30, 31, 32, 35, 40, 44, 
  51, 52, 53, 54, 55, 56, 60 ],
[ 1, 2, 3, 4, 5, 6, 8, 9, 10, 14, 15, 17, 18, 21, 30, 31, 32, 35, 37, 40, 44, 
  45, 48, 51, 52, 53, 55, 63 ],
[ 1, 2, 3, 4, 5, 6, 8, 9, 10, 14, 15, 17, 18, 21, 31, 32, 35, 36, 37, 40, 44, 
  45, 48, 49, 51, 55, 56, 62 ],
[ 1, 2, 3, 4, 5, 6, 8, 9, 10, 14, 15, 18, 20, 21, 31, 32, 33, 35, 37, 42, 44, 
  45, 48, 49, 51, 54, 55, 62 ],
[ 1, 2, 3, 4, 5, 6, 8, 9, 10, 14, 15, 18, 21, 23, 26, 30, 31, 32, 35, 39, 45, 
  51, 52, 53, 54, 55, 56, 57 ],
[ 1, 2, 3, 4, 5, 6, 8, 9, 10, 14, 15, 18, 21, 30, 31, 32, 33, 35, 37, 39, 44, 
  45, 48, 51, 52, 54, 55, 57 ],
[ 1, 2, 3, 4, 5, 6, 8, 9, 10, 14, 16, 17, 18, 21, 25, 26, 30, 32, 34, 40, 48, 
  50, 51, 53, 54, 55, 56, 62 ],
[ 1, 2, 3, 4, 5, 6, 8, 9, 10, 14, 16, 17, 18, 21, 25, 30, 31, 32, 34, 40, 45, 
  51, 52, 53, 54, 55, 56, 60 ],
[ 1, 2, 3, 4, 5, 6, 8, 9, 10, 14, 16, 17, 18, 21, 30, 31, 32, 34, 36, 40, 44, 
  45, 48, 51, 52, 54, 55, 63 ],
[ 1, 2, 3, 4, 5, 6, 8, 9, 10, 14, 16, 17, 18, 21, 30, 32, 34, 36, 37, 40, 44, 
  45, 48, 50, 51, 55, 56, 62 ],
[ 1, 2, 3, 4, 5, 6, 8, 9, 10, 14, 16, 18, 20, 21, 23, 26, 30, 32, 34, 42, 45, 
  50, 51, 53, 54, 55, 56, 62 ],
[ 1, 2, 3, 4, 5, 6, 8, 9, 10, 14, 16, 18, 20, 21, 30, 32, 33, 34, 37, 42, 44, 
  45, 48, 50, 51, 54, 55, 62 ],
[ 1, 2, 3, 4, 5, 6, 8, 9, 10, 14, 16, 18, 20, 23, 26, 30, 31, 32, 34, 40, 45, 
  51, 52, 53, 54, 55, 56, 57 ],
[ 1, 2, 3, 4, 5, 6, 8, 9, 10, 14, 16, 18, 20, 24, 29, 32, 33, 37, 40, 48, 49, 
  52, 53, 54, 57, 61, 62, 63 ],
[ 1, 2, 3, 4, 5, 6, 8, 9, 10, 14, 16, 18, 20, 30, 31, 32, 33, 34, 37, 40, 44, 
  45, 48, 51, 52, 54, 55, 57 ],
[ 1, 2, 3, 4, 5, 6, 8, 9, 10, 14, 16, 18, 23, 26, 30, 31, 32, 34, 36, 39, 40, 
  42, 45, 51, 52, 54, 55, 63 ],
[ 1, 2, 3, 4, 5, 6, 8, 9, 10, 14, 16, 18, 23, 26, 30, 32, 34, 36, 37, 39, 40, 
  42, 45, 50, 51, 55, 56, 62 ],
[ 1, 2, 3, 4, 5, 6, 8, 9, 10, 14, 16, 18, 25, 26, 30, 32, 33, 34, 37, 39, 40, 
  42, 48, 50, 51, 54, 55, 62 ],
[ 1, 2, 3, 4, 5, 6, 8, 9, 10, 14, 16, 18, 25, 30, 31, 32, 33, 34, 37, 39, 40, 
  42, 45, 51, 52, 54, 55, 60 ],
[ 1, 2, 3, 4, 5, 6, 8, 9, 10, 14, 16, 18, 26, 30, 32, 33, 37, 39, 40, 42, 46, 
  50, 51, 53, 54, 61, 62, 63 ],
[ 1, 2, 3, 4, 5, 6, 8, 9, 10, 14, 17, 18, 21, 25, 30, 31, 32, 34, 35, 37, 38, 
  40, 45, 51, 52, 53, 60, 63 ],
[ 1, 2, 3, 4, 5, 6, 8, 9, 10, 14, 18, 21, 25, 30, 31, 32, 33, 34, 35, 37, 38, 
  39, 45, 51, 52, 54, 57, 60 ],
[ 1, 2, 3, 4, 5, 6, 8, 9, 10, 15, 16, 18, 26, 30, 32, 36, 38, 39, 40, 42, 44, 
  50, 51, 53, 56, 60, 62, 63 ],
[ 1, 2, 3, 4, 5, 6, 8, 9, 10, 15, 18, 19, 20, 24, 27, 31, 32, 37, 41, 44, 45, 
  47, 48, 50, 51, 56, 58, 64 ],
[ 1, 2, 3, 4, 5, 6, 8, 9, 10, 15, 18, 19, 20, 24, 29, 32, 37, 41, 44, 48, 49, 
  52, 56, 58, 60, 61, 62, 64 ],
[ 1, 2, 3, 4, 5, 6, 8, 9, 10, 15, 18, 19, 20, 27, 31, 32, 37, 41, 43, 44, 45, 
  46, 48, 50, 51, 56, 59, 61 ],
[ 1, 2, 3, 4, 5, 6, 8, 9, 10, 15, 18, 20, 21, 23, 24, 26, 29, 32, 35, 42, 43, 
  47, 49, 52, 55, 60, 62, 64 ],
[ 1, 2, 3, 4, 5, 6, 8, 9, 10, 16, 18, 23, 24, 26, 30, 32, 36, 39, 40, 42, 44, 
  45, 47, 50, 51, 56, 60, 62 ],
[ 1, 2, 3, 4, 5, 6, 8, 9, 11, 12, 13, 14, 17, 20, 24, 26, 29, 32, 34, 38, 41, 
  47, 49, 54, 56, 57, 62, 63 ],
[ 1, 2, 3, 4, 5, 6, 8, 9, 11, 12, 13, 15, 17, 20, 24, 26, 29, 32, 33, 37, 41, 
  47, 49, 55, 56, 57, 62, 63 ]
];

