## Group: [64, 82]
## Difference Sets: 470
## Time:  0:29:23.054

return [
[ 1, 7, 8, 9, 12, 15, 16, 17, 19, 20, 25, 26, 27, 29, 31, 32, 33, 34, 35, 36, 
  37, 39, 41, 42, 48, 50, 52, 63 ],
[ 1, 7, 8, 9, 12, 15, 16, 17, 18, 19, 20, 25, 26, 27, 29, 31, 32, 33, 35, 36, 
  37, 42, 48, 50, 52, 53, 55, 57 ],
[ 1, 7, 8, 9, 12, 14, 16, 18, 19, 20, 25, 26, 27, 29, 31, 32, 33, 34, 35, 36, 
  38, 39, 40, 42, 48, 50, 52, 63 ],
[ 1, 7, 8, 9, 12, 14, 16, 17, 18, 19, 20, 25, 26, 27, 29, 31, 32, 34, 35, 36, 
  38, 42, 48, 50, 52, 53, 54, 57 ],
[ 1, 7, 8, 9, 12, 14, 15, 16, 18, 19, 20, 25, 26, 27, 29, 31, 32, 33, 35, 39, 
  40, 42, 48, 50, 52, 53, 55, 56 ],
[ 1, 7, 8, 9, 12, 14, 15, 16, 17, 19, 20, 25, 26, 27, 29, 31, 32, 34, 35, 39, 
  41, 42, 48, 50, 52, 53, 54, 56 ],
[ 1, 7, 8, 9, 11, 12, 16, 17, 19, 20, 25, 26, 27, 29, 30, 31, 33, 34, 35, 37, 
  38, 39, 41, 42, 48, 50, 56, 63 ],
[ 1, 7, 8, 9, 11, 12, 16, 17, 18, 19, 20, 25, 26, 27, 29, 30, 31, 33, 35, 37, 
  38, 42, 48, 50, 53, 55, 56, 57 ],
[ 1, 7, 8, 9, 11, 12, 14, 16, 17, 18, 19, 20, 25, 26, 27, 29, 30, 31, 35, 36, 
  38, 42, 48, 50, 54, 55, 57, 63 ],
[ 1, 7, 8, 9, 11, 12, 14, 15, 16, 19, 20, 25, 26, 27, 29, 30, 31, 33, 35, 40, 
  41, 42, 48, 50, 53, 55, 56, 57 ],
[ 1, 7, 8, 9, 11, 12, 14, 15, 16, 17, 19, 20, 25, 26, 27, 29, 30, 31, 35, 39, 
  41, 42, 48, 50, 54, 55, 56, 63 ],
[ 1, 7, 8, 9, 10, 12, 16, 18, 19, 20, 25, 26, 27, 29, 30, 32, 33, 34, 35, 37, 
  38, 39, 40, 42, 48, 50, 56, 63 ],
[ 1, 7, 8, 9, 10, 12, 16, 17, 18, 19, 20, 25, 26, 27, 29, 30, 32, 34, 35, 37, 
  38, 42, 48, 50, 53, 54, 56, 57 ],
[ 1, 7, 8, 9, 10, 12, 15, 16, 19, 20, 25, 26, 27, 29, 30, 32, 33, 34, 35, 36, 
  37, 40, 41, 42, 48, 50, 57, 63 ],
[ 1, 7, 8, 9, 10, 12, 14, 15, 16, 19, 20, 25, 26, 27, 29, 30, 32, 34, 35, 40, 
  41, 42, 48, 50, 53, 54, 56, 57 ],
[ 1, 7, 8, 9, 10, 12, 14, 15, 16, 18, 19, 20, 25, 26, 27, 29, 30, 32, 35, 39, 
  40, 42, 48, 50, 54, 55, 56, 63 ],
[ 1, 7, 8, 9, 10, 11, 12, 16, 18, 19, 20, 25, 26, 27, 29, 33, 35, 37, 38, 39, 
  40, 42, 48, 50, 52, 53, 55, 56 ],
[ 1, 7, 8, 9, 10, 11, 12, 16, 17, 19, 20, 25, 26, 27, 29, 34, 35, 37, 38, 39, 
  41, 42, 48, 50, 52, 53, 54, 56 ],
[ 1, 7, 8, 9, 10, 11, 12, 15, 16, 19, 20, 25, 26, 27, 29, 33, 35, 36, 37, 40, 
  41, 42, 48, 50, 52, 53, 55, 57 ],
[ 1, 7, 8, 9, 10, 11, 12, 15, 16, 17, 19, 20, 25, 26, 27, 29, 35, 36, 37, 39, 
  41, 42, 48, 50, 52, 54, 55, 63 ],
[ 1, 7, 8, 9, 10, 11, 12, 14, 16, 18, 19, 20, 25, 26, 27, 29, 35, 36, 38, 39, 
  40, 42, 48, 50, 52, 54, 55, 63 ],
[ 1, 6, 7, 9, 12, 13, 15, 16, 17, 19, 22, 24, 25, 26, 29, 31, 32, 33, 35, 36, 
  37, 39, 41, 49, 52, 54, 61, 62 ],
[ 1, 6, 7, 9, 12, 13, 15, 16, 17, 18, 19, 22, 24, 26, 29, 31, 32, 33, 35, 36, 
  37, 46, 48, 49, 52, 54, 57, 62 ],
[ 1, 6, 7, 9, 12, 13, 14, 16, 18, 19, 22, 24, 25, 26, 29, 31, 32, 33, 35, 36, 
  38, 39, 40, 49, 52, 54, 61, 62 ],
[ 1, 6, 7, 9, 12, 13, 14, 16, 17, 18, 19, 22, 25, 26, 29, 31, 32, 33, 35, 36, 
  38, 46, 47, 49, 52, 54, 57, 62 ],
[ 1, 6, 7, 9, 12, 13, 14, 15, 16, 18, 19, 22, 24, 26, 29, 31, 32, 33, 35, 39, 
  40, 46, 48, 49, 52, 54, 56, 62 ],
[ 1, 6, 7, 9, 12, 13, 14, 15, 16, 17, 19, 22, 25, 26, 29, 31, 32, 33, 35, 39, 
  41, 46, 47, 49, 52, 54, 56, 62 ],
[ 1, 6, 7, 9, 11, 12, 13, 16, 17, 19, 22, 24, 25, 26, 29, 30, 31, 33, 35, 37, 
  38, 39, 41, 49, 54, 56, 61, 62 ],
[ 1, 6, 7, 9, 11, 12, 13, 16, 17, 18, 19, 22, 24, 26, 29, 30, 31, 33, 35, 37, 
  38, 46, 48, 49, 54, 56, 57, 62 ],
[ 1, 6, 7, 9, 11, 12, 13, 14, 16, 19, 22, 24, 25, 26, 29, 30, 31, 33, 35, 36, 
  38, 40, 41, 49, 54, 57, 61, 62 ],
[ 1, 6, 7, 9, 11, 12, 13, 14, 16, 17, 18, 19, 22, 26, 29, 30, 31, 33, 35, 36, 
  38, 47, 48, 49, 54, 57, 61, 62 ],
[ 1, 6, 7, 9, 11, 12, 13, 14, 15, 16, 19, 22, 24, 26, 29, 30, 31, 33, 35, 40, 
  41, 46, 48, 49, 54, 56, 57, 62 ],
[ 1, 6, 7, 9, 11, 12, 13, 14, 15, 16, 17, 19, 22, 26, 29, 30, 31, 33, 35, 39, 
  41, 47, 48, 49, 54, 56, 61, 62 ],
[ 1, 6, 7, 9, 10, 12, 13, 16, 18, 19, 22, 24, 25, 26, 29, 30, 32, 33, 35, 37, 
  38, 39, 40, 49, 54, 56, 61, 62 ],
[ 1, 6, 7, 9, 10, 12, 13, 16, 17, 18, 19, 22, 25, 26, 29, 30, 32, 33, 35, 37, 
  38, 46, 47, 49, 54, 56, 57, 62 ],
[ 1, 6, 7, 9, 10, 12, 13, 15, 16, 19, 22, 24, 25, 26, 29, 30, 32, 33, 35, 36, 
  37, 40, 41, 49, 54, 57, 61, 62 ],
[ 1, 6, 7, 9, 10, 12, 13, 15, 16, 17, 18, 19, 22, 26, 29, 30, 32, 33, 35, 36, 
  37, 47, 48, 49, 54, 57, 61, 62 ],
[ 1, 6, 7, 9, 10, 12, 13, 14, 15, 16, 19, 22, 25, 26, 29, 30, 32, 33, 35, 40, 
  41, 46, 47, 49, 54, 56, 57, 62 ],
[ 1, 6, 7, 9, 10, 12, 13, 14, 15, 16, 18, 19, 22, 26, 29, 30, 32, 33, 35, 39, 
  40, 47, 48, 49, 54, 56, 61, 62 ],
[ 1, 6, 7, 9, 10, 11, 12, 13, 16, 18, 19, 22, 24, 26, 29, 33, 35, 37, 38, 39, 
  40, 46, 48, 49, 52, 54, 56, 62 ],
[ 1, 6, 7, 9, 10, 11, 12, 13, 16, 17, 19, 22, 25, 26, 29, 33, 35, 37, 38, 39, 
  41, 46, 47, 49, 52, 54, 56, 62 ],
[ 1, 6, 7, 9, 10, 11, 12, 13, 15, 16, 19, 22, 24, 26, 29, 33, 35, 36, 37, 40, 
  41, 46, 48, 49, 52, 54, 57, 62 ],
[ 1, 6, 7, 9, 10, 11, 12, 13, 15, 16, 17, 19, 22, 26, 29, 33, 35, 36, 37, 39, 
  41, 47, 48, 49, 52, 54, 61, 62 ],
[ 1, 6, 7, 9, 10, 11, 12, 13, 14, 16, 19, 22, 25, 26, 29, 33, 35, 36, 38, 40, 
  41, 46, 47, 49, 52, 54, 57, 62 ],
[ 1, 6, 7, 9, 10, 11, 12, 13, 14, 16, 18, 19, 22, 26, 29, 33, 35, 36, 38, 39, 
  40, 47, 48, 49, 52, 54, 61, 62 ],
[ 1, 6, 7, 8, 12, 13, 15, 16, 17, 19, 22, 26, 27, 28, 29, 31, 32, 33, 35, 36, 
  37, 39, 41, 46, 52, 54, 61, 62 ],
[ 1, 6, 7, 8, 12, 13, 15, 16, 17, 18, 19, 22, 26, 27, 29, 31, 32, 33, 35, 36, 
  37, 46, 49, 51, 52, 54, 57, 61 ],
[ 1, 6, 7, 8, 12, 13, 14, 16, 17, 18, 19, 22, 26, 28, 29, 31, 32, 33, 35, 36, 
  38, 46, 49, 50, 52, 54, 57, 61 ],
[ 1, 6, 7, 8, 12, 13, 14, 15, 16, 18, 19, 22, 26, 27, 29, 31, 32, 33, 35, 39, 
  40, 46, 49, 51, 52, 54, 56, 61 ],
[ 1, 6, 7, 8, 12, 13, 14, 15, 16, 17, 19, 22, 26, 28, 29, 31, 32, 33, 35, 39, 
  41, 46, 49, 50, 52, 54, 56, 61 ],
[ 1, 6, 7, 8, 11, 12, 13, 16, 17, 19, 22, 26, 27, 28, 29, 30, 31, 33, 35, 37, 
  38, 39, 41, 46, 54, 56, 61, 62 ],
[ 1, 6, 7, 8, 11, 12, 13, 16, 17, 18, 19, 22, 26, 27, 29, 30, 31, 33, 35, 37, 
  38, 46, 49, 51, 54, 56, 57, 61 ],
[ 1, 6, 7, 8, 11, 12, 13, 14, 16, 19, 22, 26, 27, 28, 29, 30, 31, 33, 35, 36, 
  38, 40, 41, 46, 54, 57, 61, 62 ],
[ 1, 6, 7, 8, 11, 12, 13, 14, 16, 17, 18, 19, 22, 26, 29, 30, 31, 33, 35, 36, 
  38, 46, 50, 51, 54, 57, 61, 62 ],
[ 1, 6, 7, 8, 11, 12, 13, 14, 15, 16, 19, 22, 26, 27, 29, 30, 31, 33, 35, 40, 
  41, 46, 49, 51, 54, 56, 57, 61 ],
[ 1, 6, 7, 8, 11, 12, 13, 14, 15, 16, 17, 19, 22, 26, 29, 30, 31, 33, 35, 39, 
  41, 46, 50, 51, 54, 56, 61, 62 ],
[ 1, 6, 7, 8, 10, 12, 13, 16, 18, 19, 22, 26, 27, 28, 29, 30, 32, 33, 35, 37, 
  38, 39, 40, 46, 54, 56, 61, 62 ],
[ 1, 6, 7, 8, 10, 12, 13, 16, 17, 18, 19, 22, 26, 28, 29, 30, 32, 33, 35, 37, 
  38, 46, 49, 50, 54, 56, 57, 61 ],
[ 1, 6, 7, 8, 10, 12, 13, 15, 16, 19, 22, 26, 27, 28, 29, 30, 32, 33, 35, 36, 
  37, 40, 41, 46, 54, 57, 61, 62 ],
[ 1, 6, 7, 8, 10, 12, 13, 15, 16, 17, 18, 19, 22, 26, 29, 30, 32, 33, 35, 36, 
  37, 46, 50, 51, 54, 57, 61, 62 ],
[ 1, 6, 7, 8, 10, 12, 13, 14, 15, 16, 19, 22, 26, 28, 29, 30, 32, 33, 35, 40, 
  41, 46, 49, 50, 54, 56, 57, 61 ],
[ 1, 6, 7, 8, 10, 12, 13, 14, 15, 16, 18, 19, 22, 26, 29, 30, 32, 33, 35, 39, 
  40, 46, 50, 51, 54, 56, 61, 62 ],
[ 1, 6, 7, 8, 10, 11, 12, 13, 16, 18, 19, 22, 26, 27, 29, 33, 35, 37, 38, 39, 
  40, 46, 49, 51, 52, 54, 56, 61 ],
[ 1, 6, 7, 8, 10, 11, 12, 13, 16, 17, 19, 22, 26, 28, 29, 33, 35, 37, 38, 39, 
  41, 46, 49, 50, 52, 54, 56, 61 ],
[ 1, 6, 7, 8, 10, 11, 12, 13, 15, 16, 19, 22, 26, 27, 29, 33, 35, 36, 37, 40, 
  41, 46, 49, 51, 52, 54, 57, 61 ],
[ 1, 6, 7, 8, 10, 11, 12, 13, 15, 16, 17, 19, 22, 26, 29, 33, 35, 36, 37, 39, 
  41, 46, 50, 51, 52, 54, 61, 62 ],
[ 1, 6, 7, 8, 10, 11, 12, 13, 14, 16, 19, 22, 26, 28, 29, 33, 35, 36, 38, 40, 
  41, 46, 49, 50, 52, 54, 57, 61 ],
[ 1, 6, 7, 8, 9, 12, 15, 16, 17, 19, 22, 26, 27, 29, 31, 32, 33, 34, 35, 36, 
  37, 39, 41, 46, 50, 52, 61, 63 ],
[ 1, 6, 7, 8, 9, 12, 15, 16, 17, 19, 22, 24, 26, 29, 31, 32, 33, 34, 35, 36, 
  37, 39, 41, 47, 49, 52, 62, 63 ],
[ 1, 6, 7, 8, 9, 12, 15, 16, 17, 18, 19, 22, 26, 27, 29, 31, 32, 33, 35, 36, 
  37, 46, 50, 52, 53, 55, 57, 61 ],
[ 1, 6, 7, 8, 9, 12, 15, 16, 17, 18, 19, 22, 24, 26, 29, 31, 32, 33, 35, 36, 
  37, 47, 49, 52, 53, 55, 57, 62 ],
[ 1, 6, 7, 8, 9, 12, 14, 16, 18, 19, 22, 24, 26, 29, 31, 32, 33, 34, 35, 36, 
  38, 39, 40, 47, 49, 52, 62, 63 ],
[ 1, 6, 7, 8, 9, 12, 14, 16, 17, 18, 19, 22, 26, 27, 29, 31, 32, 34, 35, 36, 
  38, 46, 50, 52, 53, 54, 57, 61 ],
[ 1, 6, 7, 8, 9, 12, 14, 16, 17, 18, 19, 22, 24, 26, 29, 31, 32, 34, 35, 36, 
  38, 47, 49, 52, 53, 54, 57, 62 ],
[ 1, 6, 7, 8, 9, 12, 14, 15, 16, 18, 19, 22, 24, 26, 29, 31, 32, 33, 35, 39, 
  40, 47, 49, 52, 53, 55, 56, 62 ],
[ 1, 6, 7, 8, 9, 11, 12, 16, 17, 19, 22, 26, 27, 29, 30, 31, 33, 34, 35, 37, 
  38, 39, 41, 46, 50, 56, 61, 63 ],
[ 1, 6, 7, 8, 9, 11, 12, 16, 17, 19, 22, 24, 26, 29, 30, 31, 33, 34, 35, 37, 
  38, 39, 41, 47, 49, 56, 62, 63 ],
[ 1, 6, 7, 8, 9, 11, 12, 16, 17, 18, 19, 22, 26, 27, 29, 30, 31, 33, 35, 37, 
  38, 46, 50, 53, 55, 56, 57, 61 ],
[ 1, 6, 7, 8, 9, 11, 12, 16, 17, 18, 19, 22, 24, 26, 29, 30, 31, 33, 35, 37, 
  38, 47, 49, 53, 55, 56, 57, 62 ],
[ 1, 6, 7, 8, 9, 11, 12, 14, 16, 19, 22, 24, 26, 29, 30, 31, 33, 34, 35, 36, 
  38, 40, 41, 47, 49, 57, 62, 63 ],
[ 1, 6, 7, 8, 9, 11, 12, 14, 16, 17, 18, 19, 22, 26, 27, 29, 30, 31, 35, 36, 
  38, 46, 50, 54, 55, 57, 61, 63 ],
[ 1, 6, 7, 8, 9, 11, 12, 14, 16, 17, 18, 19, 22, 24, 26, 29, 30, 31, 35, 36, 
  38, 47, 49, 54, 55, 57, 62, 63 ],
[ 1, 6, 7, 8, 9, 11, 12, 14, 15, 16, 19, 22, 26, 27, 29, 30, 31, 33, 35, 40, 
  41, 46, 50, 53, 55, 56, 57, 61 ],
[ 1, 6, 7, 8, 9, 11, 12, 14, 15, 16, 19, 22, 24, 26, 29, 30, 31, 33, 35, 40, 
  41, 47, 49, 53, 55, 56, 57, 62 ],
[ 1, 6, 7, 8, 9, 11, 12, 14, 15, 16, 17, 19, 22, 26, 27, 29, 30, 31, 35, 39, 
  41, 46, 50, 54, 55, 56, 61, 63 ],
[ 1, 6, 7, 8, 9, 10, 12, 16, 18, 19, 22, 26, 27, 29, 30, 32, 33, 34, 35, 37, 
  38, 39, 40, 46, 50, 56, 61, 63 ],
[ 1, 6, 7, 8, 9, 10, 12, 16, 18, 19, 22, 24, 26, 29, 30, 32, 33, 34, 35, 37, 
  38, 39, 40, 47, 49, 56, 62, 63 ],
[ 1, 6, 7, 8, 9, 10, 12, 15, 16, 19, 22, 26, 27, 29, 30, 32, 33, 34, 35, 36, 
  37, 40, 41, 46, 50, 57, 61, 63 ],
[ 1, 6, 7, 8, 9, 10, 12, 15, 16, 19, 22, 24, 26, 29, 30, 32, 33, 34, 35, 36, 
  37, 40, 41, 47, 49, 57, 62, 63 ],
[ 1, 6, 7, 8, 9, 10, 12, 15, 16, 17, 18, 19, 22, 24, 26, 29, 30, 32, 35, 36, 
  37, 47, 49, 54, 55, 57, 62, 63 ],
[ 1, 6, 7, 8, 9, 10, 12, 14, 15, 16, 18, 19, 22, 26, 27, 29, 30, 32, 35, 39, 
  40, 46, 50, 54, 55, 56, 61, 63 ],
[ 1, 6, 7, 8, 9, 10, 11, 12, 16, 18, 19, 22, 26, 27, 29, 33, 35, 37, 38, 39, 
  40, 46, 50, 52, 53, 55, 56, 61 ],
[ 1, 6, 7, 8, 9, 10, 11, 12, 16, 18, 19, 22, 24, 26, 29, 33, 35, 37, 38, 39, 
  40, 47, 49, 52, 53, 55, 56, 62 ],
[ 1, 6, 7, 8, 9, 10, 11, 12, 16, 17, 19, 22, 26, 27, 29, 34, 35, 37, 38, 39, 
  41, 46, 50, 52, 53, 54, 56, 61 ],
[ 1, 6, 7, 8, 9, 10, 11, 12, 16, 17, 19, 22, 24, 26, 29, 34, 35, 37, 38, 39, 
  41, 47, 49, 52, 53, 54, 56, 62 ],
[ 1, 6, 7, 8, 9, 10, 11, 12, 15, 16, 19, 22, 26, 27, 29, 33, 35, 36, 37, 40, 
  41, 46, 50, 52, 53, 55, 57, 61 ],
[ 1, 6, 7, 8, 9, 10, 11, 12, 15, 16, 19, 22, 24, 26, 29, 33, 35, 36, 37, 40, 
  41, 47, 49, 52, 53, 55, 57, 62 ],
[ 1, 6, 7, 8, 9, 10, 11, 12, 15, 16, 17, 19, 22, 24, 26, 29, 35, 36, 37, 39, 
  41, 47, 49, 52, 54, 55, 62, 63 ],
[ 1, 6, 7, 8, 9, 10, 11, 12, 14, 16, 19, 22, 26, 27, 29, 34, 35, 36, 38, 40, 
  41, 46, 50, 52, 53, 54, 57, 61 ],
[ 1, 6, 7, 8, 9, 10, 11, 12, 14, 16, 19, 22, 24, 26, 29, 34, 35, 36, 38, 40, 
  41, 47, 49, 52, 53, 54, 57, 62 ],
[ 1, 6, 7, 8, 9, 10, 11, 12, 14, 16, 18, 19, 22, 24, 26, 29, 35, 36, 38, 39, 
  40, 47, 49, 52, 54, 55, 62, 63 ],
[ 1, 5, 7, 8, 9, 12, 15, 16, 17, 19, 21, 25, 26, 29, 31, 32, 33, 34, 35, 36, 
  37, 39, 41, 48, 49, 52, 62, 63 ],
[ 1, 5, 7, 8, 9, 12, 15, 16, 17, 18, 19, 21, 25, 26, 29, 31, 32, 33, 35, 36, 
  37, 48, 49, 52, 53, 55, 57, 62 ],
[ 1, 5, 7, 8, 9, 12, 14, 16, 18, 19, 21, 25, 26, 29, 31, 32, 33, 34, 35, 36, 
  38, 39, 40, 48, 49, 52, 62, 63 ],
[ 1, 5, 7, 8, 9, 12, 14, 16, 17, 18, 19, 21, 25, 26, 29, 31, 32, 34, 35, 36, 
  38, 48, 49, 52, 53, 54, 57, 62 ],
[ 1, 5, 7, 8, 9, 12, 14, 15, 16, 17, 19, 21, 25, 26, 29, 31, 32, 34, 35, 39, 
  41, 48, 49, 52, 53, 54, 56, 62 ],
[ 1, 5, 7, 8, 9, 11, 12, 16, 17, 18, 19, 21, 25, 26, 29, 30, 31, 33, 35, 37, 
  38, 48, 49, 53, 55, 56, 57, 62 ],
[ 1, 5, 7, 8, 9, 11, 12, 14, 16, 17, 18, 19, 21, 25, 26, 29, 30, 31, 35, 36, 
  38, 48, 49, 54, 55, 57, 62, 63 ],
[ 1, 5, 7, 8, 9, 10, 12, 16, 17, 18, 19, 21, 25, 26, 29, 30, 32, 34, 35, 37, 
  38, 48, 49, 53, 54, 56, 57, 62 ],
[ 1, 5, 7, 8, 9, 10, 12, 15, 16, 19, 21, 25, 26, 29, 30, 32, 33, 34, 35, 36, 
  37, 40, 41, 48, 49, 57, 62, 63 ],
[ 1, 5, 7, 8, 9, 10, 12, 14, 15, 16, 19, 21, 25, 26, 29, 30, 32, 34, 35, 40, 
  41, 48, 49, 53, 54, 56, 57, 62 ],
[ 1, 5, 7, 8, 9, 10, 11, 12, 16, 18, 19, 21, 25, 26, 29, 33, 35, 37, 38, 39, 
  40, 48, 49, 52, 53, 55, 56, 62 ],
[ 1, 5, 7, 8, 9, 10, 11, 12, 15, 16, 19, 21, 25, 26, 29, 33, 35, 36, 37, 40, 
  41, 48, 49, 52, 53, 55, 57, 62 ],
[ 1, 5, 7, 8, 9, 10, 11, 12, 15, 16, 17, 19, 21, 25, 26, 29, 35, 36, 37, 39, 
  41, 48, 49, 52, 54, 55, 62, 63 ],
[ 1, 4, 8, 9, 12, 15, 16, 18, 19, 20, 21, 22, 24, 26, 29, 31, 32, 33, 35, 36, 
  37, 41, 47, 49, 52, 53, 55, 62 ],
[ 1, 4, 8, 9, 11, 12, 16, 18, 19, 20, 21, 22, 24, 26, 29, 30, 31, 33, 35, 37, 
  38, 41, 47, 49, 53, 55, 56, 62 ],
[ 1, 4, 8, 9, 11, 12, 14, 16, 18, 19, 20, 21, 22, 24, 26, 29, 30, 31, 35, 36, 
  38, 41, 47, 49, 54, 55, 62, 63 ],
[ 1, 4, 8, 9, 10, 12, 15, 16, 18, 19, 20, 21, 22, 24, 26, 29, 30, 32, 35, 36, 
  37, 41, 47, 49, 54, 55, 62, 63 ],
[ 1, 4, 7, 12, 13, 15, 16, 18, 19, 20, 24, 26, 27, 28, 29, 31, 32, 33, 35, 
  36, 37, 41, 42, 46, 48, 52, 54, 62 ],
[ 1, 4, 7, 12, 13, 15, 16, 18, 19, 20, 24, 25, 26, 27, 29, 31, 32, 33, 35, 
  36, 37, 41, 42, 49, 51, 52, 54, 61 ],
[ 1, 4, 7, 12, 13, 14, 16, 18, 19, 20, 24, 25, 26, 28, 29, 31, 32, 33, 35, 
  36, 38, 41, 42, 49, 50, 52, 54, 61 ],
[ 1, 4, 7, 12, 13, 14, 15, 16, 18, 19, 20, 25, 26, 27, 29, 31, 32, 33, 35, 
  41, 42, 46, 47, 49, 51, 52, 54, 56 ],
[ 1, 4, 7, 11, 12, 13, 16, 18, 19, 20, 24, 26, 27, 28, 29, 30, 31, 33, 35, 
  37, 38, 41, 42, 46, 48, 54, 56, 62 ],
[ 1, 4, 7, 11, 12, 13, 14, 15, 16, 18, 19, 20, 24, 26, 29, 30, 31, 33, 35, 
  41, 42, 46, 48, 50, 51, 54, 56, 62 ],
[ 1, 4, 7, 10, 12, 13, 14, 15, 16, 18, 19, 20, 25, 26, 29, 30, 32, 33, 35, 
  41, 42, 46, 47, 50, 51, 54, 56, 62 ],
[ 1, 4, 7, 10, 11, 12, 13, 14, 16, 18, 19, 20, 25, 26, 29, 33, 35, 36, 38, 
  41, 42, 46, 47, 50, 51, 52, 54, 62 ],
[ 1, 4, 7, 9, 12, 15, 16, 18, 19, 20, 24, 26, 27, 29, 31, 32, 33, 34, 35, 36, 
  37, 41, 42, 46, 48, 50, 52, 63 ],
[ 1, 4, 7, 9, 12, 15, 16, 18, 19, 20, 24, 25, 26, 27, 29, 31, 32, 33, 35, 36, 
  37, 41, 42, 50, 52, 53, 55, 61 ],
[ 1, 4, 7, 9, 12, 14, 16, 18, 19, 20, 24, 25, 26, 27, 29, 31, 32, 34, 35, 36, 
  38, 41, 42, 50, 52, 53, 54, 61 ],
[ 1, 4, 7, 9, 11, 12, 16, 18, 19, 20, 24, 25, 26, 27, 29, 30, 31, 33, 35, 37, 
  38, 41, 42, 50, 53, 55, 56, 61 ],
[ 1, 4, 7, 9, 11, 12, 14, 15, 16, 18, 19, 20, 24, 26, 27, 29, 30, 31, 35, 41, 
  42, 46, 48, 50, 54, 55, 56, 63 ],
[ 1, 4, 7, 9, 10, 12, 16, 18, 19, 20, 25, 26, 27, 29, 30, 32, 33, 34, 35, 37, 
  38, 41, 42, 46, 47, 50, 56, 63 ],
[ 1, 4, 7, 9, 10, 12, 15, 16, 18, 19, 20, 26, 27, 29, 30, 32, 33, 34, 35, 36, 
  37, 41, 42, 47, 48, 50, 61, 63 ],
[ 1, 4, 7, 9, 10, 12, 14, 15, 16, 18, 19, 20, 25, 26, 27, 29, 30, 32, 35, 41, 
  42, 46, 47, 50, 54, 55, 56, 63 ],
[ 1, 4, 7, 9, 10, 11, 12, 16, 18, 19, 20, 25, 26, 27, 29, 33, 35, 37, 38, 41, 
  42, 46, 47, 50, 52, 53, 55, 56 ],
[ 1, 4, 7, 9, 10, 11, 12, 15, 16, 18, 19, 20, 26, 27, 29, 33, 35, 36, 37, 41, 
  42, 47, 48, 50, 52, 53, 55, 61 ],
[ 1, 4, 7, 9, 10, 11, 12, 14, 16, 18, 19, 20, 25, 26, 27, 29, 35, 36, 38, 41, 
  42, 46, 47, 50, 52, 54, 55, 63 ],
[ 1, 4, 7, 8, 12, 15, 16, 18, 19, 20, 24, 26, 27, 28, 29, 31, 32, 33, 35, 36, 
  37, 41, 42, 47, 52, 53, 55, 62 ],
[ 1, 4, 7, 8, 12, 14, 16, 18, 19, 20, 24, 26, 28, 29, 31, 32, 33, 34, 35, 36, 
  38, 41, 42, 47, 49, 50, 52, 63 ],
[ 1, 4, 7, 8, 12, 14, 16, 18, 19, 20, 24, 26, 27, 28, 29, 31, 32, 34, 35, 36, 
  38, 41, 42, 47, 52, 53, 54, 62 ],
[ 1, 4, 7, 8, 12, 14, 15, 16, 18, 19, 20, 24, 26, 28, 29, 31, 32, 33, 35, 41, 
  42, 47, 49, 50, 52, 53, 55, 56 ],
[ 1, 4, 7, 8, 12, 13, 14, 16, 18, 19, 20, 24, 26, 28, 29, 31, 32, 36, 38, 41, 
  42, 47, 49, 50, 52, 53, 54, 55 ],
[ 1, 4, 7, 8, 11, 12, 16, 18, 19, 20, 24, 26, 27, 28, 29, 30, 31, 33, 35, 37, 
  38, 41, 42, 47, 53, 55, 56, 62 ],
[ 1, 4, 7, 8, 11, 12, 14, 15, 16, 18, 19, 20, 24, 26, 29, 30, 31, 33, 35, 41, 
  42, 47, 50, 51, 53, 55, 56, 62 ],
[ 1, 4, 7, 8, 11, 12, 14, 15, 16, 18, 19, 20, 24, 26, 27, 29, 30, 31, 35, 41, 
  42, 47, 49, 51, 54, 55, 56, 63 ],
[ 1, 4, 7, 8, 11, 12, 13, 14, 15, 16, 18, 19, 20, 24, 26, 29, 30, 31, 34, 41, 
  42, 47, 50, 51, 54, 56, 62, 63 ],
[ 1, 4, 7, 8, 10, 12, 16, 18, 19, 20, 24, 26, 28, 29, 30, 32, 33, 34, 35, 37, 
  38, 41, 42, 47, 49, 50, 56, 63 ],
[ 1, 4, 7, 8, 10, 12, 16, 18, 19, 20, 24, 26, 27, 28, 29, 30, 32, 34, 35, 37, 
  38, 41, 42, 47, 53, 54, 56, 62 ],
[ 1, 4, 7, 8, 10, 12, 15, 16, 18, 19, 20, 24, 26, 29, 30, 32, 33, 34, 35, 36, 
  37, 41, 42, 47, 50, 51, 62, 63 ],
[ 1, 4, 7, 8, 10, 12, 15, 16, 18, 19, 20, 24, 26, 27, 28, 29, 30, 32, 35, 36, 
  37, 41, 42, 47, 54, 55, 62, 63 ],
[ 1, 4, 7, 8, 10, 12, 14, 15, 16, 18, 19, 20, 24, 26, 28, 29, 30, 32, 35, 41, 
  42, 47, 49, 50, 54, 55, 56, 63 ],
[ 1, 4, 7, 8, 10, 12, 13, 16, 18, 19, 20, 24, 26, 27, 28, 29, 30, 32, 33, 37, 
  38, 41, 42, 47, 55, 56, 62, 63 ],
[ 1, 4, 7, 8, 10, 11, 12, 16, 18, 19, 20, 24, 26, 28, 29, 33, 35, 37, 38, 41, 
  42, 47, 49, 50, 52, 53, 55, 56 ],
[ 1, 4, 7, 8, 10, 11, 12, 16, 18, 19, 20, 24, 26, 27, 29, 34, 35, 37, 38, 41, 
  42, 47, 49, 51, 52, 53, 54, 56 ],
[ 1, 4, 7, 8, 10, 11, 12, 15, 16, 18, 19, 20, 24, 26, 29, 33, 35, 36, 37, 41, 
  42, 47, 50, 51, 52, 53, 55, 62 ],
[ 1, 4, 7, 8, 10, 11, 12, 15, 16, 18, 19, 20, 24, 26, 27, 29, 35, 36, 37, 41, 
  42, 47, 49, 51, 52, 54, 55, 63 ],
[ 1, 4, 7, 8, 10, 11, 12, 14, 16, 18, 19, 20, 24, 26, 29, 34, 35, 36, 38, 41, 
  42, 47, 50, 51, 52, 53, 54, 62 ],
[ 1, 4, 7, 8, 10, 11, 12, 14, 16, 18, 19, 20, 24, 26, 28, 29, 35, 36, 38, 41, 
  42, 47, 49, 50, 52, 54, 55, 63 ],
[ 1, 4, 7, 8, 10, 11, 12, 13, 15, 16, 18, 19, 20, 24, 26, 27, 29, 33, 34, 36, 
  37, 41, 42, 47, 49, 51, 52, 53 ],
[ 1, 4, 6, 8, 9, 11, 12, 14, 15, 16, 18, 19, 21, 24, 26, 29, 30, 31, 35, 41, 
  42, 47, 49, 54, 55, 56, 62, 63 ],
[ 1, 4, 6, 8, 9, 10, 11, 12, 16, 18, 19, 21, 24, 26, 29, 34, 35, 37, 38, 41, 
  42, 47, 49, 52, 53, 54, 56, 62 ],
[ 1, 4, 6, 8, 9, 10, 11, 12, 15, 16, 18, 19, 21, 24, 26, 29, 35, 36, 37, 41, 
  42, 47, 49, 52, 54, 55, 62, 63 ],
[ 1, 4, 6, 7, 12, 13, 14, 16, 17, 19, 22, 24, 25, 26, 28, 29, 31, 32, 35, 36, 
  38, 40, 49, 50, 52, 53, 61, 63 ],
[ 1, 4, 6, 7, 12, 13, 14, 15, 16, 17, 19, 22, 25, 26, 27, 29, 31, 32, 35, 40, 
  46, 47, 49, 51, 52, 53, 56, 63 ],
[ 1, 4, 6, 7, 11, 12, 13, 16, 17, 19, 22, 24, 26, 27, 28, 29, 30, 31, 35, 37, 
  38, 40, 46, 48, 53, 56, 62, 63 ],
[ 1, 4, 6, 7, 11, 12, 13, 14, 16, 17, 19, 22, 26, 27, 28, 29, 30, 31, 35, 36, 
  38, 40, 47, 48, 53, 61, 62, 63 ],
[ 1, 4, 6, 7, 10, 12, 13, 14, 15, 16, 17, 19, 22, 25, 26, 29, 30, 32, 35, 40, 
  46, 47, 50, 51, 53, 56, 62, 63 ],
[ 1, 4, 6, 7, 10, 11, 12, 13, 14, 16, 17, 19, 22, 25, 26, 29, 35, 36, 38, 40, 
  46, 47, 50, 51, 52, 53, 62, 63 ],
[ 1, 4, 6, 7, 9, 12, 14, 16, 19, 22, 24, 25, 26, 27, 29, 31, 32, 34, 35, 36, 
  38, 39, 50, 52, 53, 54, 57, 61 ],
[ 1, 4, 6, 7, 9, 12, 14, 16, 17, 19, 22, 25, 26, 29, 31, 32, 33, 34, 35, 36, 
  38, 40, 46, 47, 49, 52, 62, 63 ],
[ 1, 4, 6, 7, 9, 11, 12, 16, 17, 19, 22, 24, 26, 29, 30, 31, 33, 34, 35, 37, 
  38, 40, 46, 48, 49, 56, 62, 63 ],
[ 1, 4, 6, 7, 9, 11, 12, 16, 17, 19, 22, 24, 25, 26, 29, 30, 31, 33, 35, 37, 
  38, 40, 49, 53, 55, 56, 61, 62 ],
[ 1, 4, 6, 7, 9, 11, 12, 14, 16, 17, 19, 22, 26, 29, 30, 31, 33, 34, 35, 36, 
  38, 40, 47, 48, 49, 61, 62, 63 ],
[ 1, 4, 6, 7, 9, 11, 12, 14, 16, 17, 19, 22, 24, 25, 26, 29, 30, 31, 35, 36, 
  38, 40, 49, 54, 55, 61, 62, 63 ],
[ 1, 4, 6, 7, 9, 11, 12, 14, 15, 16, 19, 22, 24, 26, 27, 29, 30, 31, 35, 39, 
  46, 48, 50, 54, 55, 56, 57, 63 ],
[ 1, 4, 6, 7, 9, 11, 12, 14, 15, 16, 17, 19, 22, 26, 29, 30, 31, 33, 35, 40, 
  47, 48, 49, 53, 55, 56, 61, 62 ],
[ 1, 4, 6, 7, 9, 11, 12, 14, 15, 16, 17, 19, 22, 24, 26, 29, 30, 31, 35, 40, 
  46, 48, 49, 54, 55, 56, 62, 63 ],
[ 1, 4, 6, 7, 9, 10, 12, 16, 19, 22, 25, 26, 27, 29, 30, 32, 33, 34, 35, 37, 
  38, 39, 46, 47, 50, 56, 57, 63 ],
[ 1, 4, 6, 7, 9, 10, 12, 16, 17, 19, 22, 25, 26, 29, 30, 32, 33, 34, 35, 37, 
  38, 40, 46, 47, 49, 56, 62, 63 ],
[ 1, 4, 6, 7, 9, 10, 12, 16, 17, 19, 22, 24, 25, 26, 29, 30, 32, 34, 35, 37, 
  38, 40, 49, 53, 54, 56, 61, 62 ],
[ 1, 4, 6, 7, 9, 10, 12, 15, 16, 17, 19, 22, 26, 29, 30, 32, 33, 34, 35, 36, 
  37, 40, 47, 48, 49, 61, 62, 63 ],
[ 1, 4, 6, 7, 9, 10, 12, 15, 16, 17, 19, 22, 24, 25, 26, 29, 30, 32, 35, 36, 
  37, 40, 49, 54, 55, 61, 62, 63 ],
[ 1, 4, 6, 7, 9, 10, 11, 12, 16, 17, 19, 22, 25, 26, 29, 33, 35, 37, 38, 40, 
  46, 47, 49, 52, 53, 55, 56, 62 ],
[ 1, 4, 6, 7, 9, 10, 11, 12, 16, 17, 19, 22, 24, 26, 29, 34, 35, 37, 38, 40, 
  46, 48, 49, 52, 53, 54, 56, 62 ],
[ 1, 4, 6, 7, 9, 10, 11, 12, 15, 16, 17, 19, 22, 26, 29, 33, 35, 36, 37, 40, 
  47, 48, 49, 52, 53, 55, 61, 62 ],
[ 1, 4, 6, 7, 9, 10, 11, 12, 15, 16, 17, 19, 22, 24, 26, 29, 35, 36, 37, 40, 
  46, 48, 49, 52, 54, 55, 62, 63 ],
[ 1, 4, 6, 7, 9, 10, 11, 12, 14, 16, 17, 19, 22, 26, 29, 34, 35, 36, 38, 40, 
  47, 48, 49, 52, 53, 54, 61, 62 ],
[ 1, 4, 6, 7, 9, 10, 11, 12, 14, 16, 17, 19, 22, 25, 26, 29, 35, 36, 38, 40, 
  46, 47, 49, 52, 54, 55, 62, 63 ],
[ 1, 4, 6, 7, 8, 12, 14, 16, 19, 22, 24, 26, 28, 29, 31, 32, 33, 34, 35, 36, 
  38, 39, 47, 49, 50, 52, 57, 63 ],
[ 1, 4, 6, 7, 8, 11, 12, 14, 16, 19, 22, 24, 26, 29, 30, 31, 33, 34, 35, 36, 
  38, 39, 47, 50, 51, 57, 62, 63 ],
[ 1, 4, 6, 7, 8, 11, 12, 14, 16, 19, 22, 24, 26, 27, 28, 29, 30, 31, 35, 36, 
  38, 39, 47, 54, 55, 57, 62, 63 ],
[ 1, 4, 6, 7, 8, 11, 12, 14, 15, 16, 19, 22, 24, 26, 29, 30, 31, 33, 35, 39, 
  47, 50, 51, 53, 55, 56, 57, 62 ],
[ 1, 4, 6, 7, 8, 11, 12, 14, 15, 16, 19, 22, 24, 26, 27, 29, 30, 31, 35, 39, 
  47, 49, 51, 54, 55, 56, 57, 63 ],
[ 1, 4, 6, 7, 8, 11, 12, 13, 14, 16, 19, 22, 24, 26, 29, 30, 31, 36, 38, 39, 
  47, 50, 51, 53, 54, 55, 57, 62 ],
[ 1, 4, 6, 7, 8, 10, 12, 16, 19, 22, 24, 26, 28, 29, 30, 32, 33, 34, 35, 37, 
  38, 39, 47, 49, 50, 56, 57, 63 ],
[ 1, 4, 6, 7, 8, 10, 12, 15, 16, 19, 22, 24, 26, 29, 30, 32, 33, 34, 35, 36, 
  37, 39, 47, 50, 51, 57, 62, 63 ],
[ 1, 4, 6, 7, 8, 10, 12, 15, 16, 19, 22, 24, 26, 27, 28, 29, 30, 32, 35, 36, 
  37, 39, 47, 54, 55, 57, 62, 63 ],
[ 1, 4, 6, 7, 8, 10, 12, 13, 15, 16, 19, 22, 24, 26, 27, 28, 29, 30, 32, 33, 
  34, 36, 37, 39, 47, 53, 57, 62 ],
[ 1, 4, 6, 7, 8, 10, 11, 12, 15, 16, 19, 22, 24, 26, 27, 29, 35, 36, 37, 39, 
  47, 49, 51, 52, 54, 55, 57, 63 ],
[ 1, 4, 6, 7, 8, 10, 11, 12, 14, 16, 19, 22, 24, 26, 29, 34, 35, 36, 38, 39, 
  47, 50, 51, 52, 53, 54, 57, 62 ],
[ 1, 4, 6, 7, 8, 10, 11, 12, 14, 16, 19, 22, 24, 26, 28, 29, 35, 36, 38, 39, 
  47, 49, 50, 52, 54, 55, 57, 63 ],
[ 1, 4, 5, 8, 9, 12, 14, 16, 18, 19, 22, 24, 26, 29, 31, 32, 33, 34, 35, 36, 
  38, 41, 42, 47, 49, 52, 62, 63 ],
[ 1, 4, 5, 8, 9, 12, 14, 15, 16, 18, 19, 22, 24, 26, 29, 31, 32, 33, 35, 41, 
  42, 47, 49, 52, 53, 55, 56, 62 ],
[ 1, 4, 5, 8, 9, 10, 11, 12, 14, 16, 18, 19, 22, 24, 26, 29, 35, 36, 38, 41, 
  42, 47, 49, 52, 54, 55, 62, 63 ],
[ 1, 4, 5, 7, 12, 13, 14, 16, 18, 19, 21, 25, 26, 27, 28, 29, 31, 32, 35, 36, 
  38, 41, 46, 47, 52, 53, 62, 63 ],
[ 1, 4, 5, 7, 12, 13, 14, 16, 18, 19, 21, 24, 25, 26, 28, 29, 31, 32, 35, 36, 
  38, 41, 49, 50, 52, 53, 61, 63 ],
[ 1, 4, 5, 7, 12, 13, 14, 15, 16, 18, 19, 21, 25, 26, 27, 29, 31, 32, 35, 41, 
  46, 47, 49, 51, 52, 53, 56, 63 ],
[ 1, 4, 5, 7, 12, 13, 14, 15, 16, 18, 19, 21, 24, 26, 28, 29, 31, 32, 35, 41, 
  46, 48, 49, 50, 52, 53, 56, 63 ],
[ 1, 4, 5, 7, 11, 12, 13, 16, 18, 19, 21, 24, 26, 27, 28, 29, 30, 31, 35, 37, 
  38, 41, 46, 48, 53, 56, 62, 63 ],
[ 1, 4, 5, 7, 10, 12, 13, 16, 18, 19, 21, 25, 26, 27, 28, 29, 30, 32, 35, 37, 
  38, 41, 46, 47, 53, 56, 62, 63 ],
[ 1, 4, 5, 7, 10, 12, 13, 15, 16, 18, 19, 21, 26, 27, 28, 29, 30, 32, 35, 36, 
  37, 41, 47, 48, 53, 61, 62, 63 ],
[ 1, 4, 5, 7, 10, 11, 12, 13, 16, 18, 19, 21, 25, 26, 27, 29, 35, 37, 38, 41, 
  46, 47, 49, 51, 52, 53, 56, 63 ],
[ 1, 4, 5, 7, 9, 12, 14, 16, 18, 19, 21, 25, 26, 29, 31, 32, 33, 34, 35, 36, 
  38, 41, 46, 47, 49, 52, 62, 63 ],
[ 1, 4, 5, 7, 9, 12, 14, 15, 16, 18, 19, 21, 25, 26, 29, 31, 32, 33, 35, 41, 
  46, 47, 49, 52, 53, 55, 56, 62 ],
[ 1, 4, 5, 7, 9, 11, 12, 14, 16, 18, 19, 21, 24, 25, 26, 29, 30, 31, 35, 36, 
  38, 41, 49, 54, 55, 61, 62, 63 ],
[ 1, 4, 5, 7, 9, 11, 12, 14, 15, 16, 18, 19, 21, 26, 29, 30, 31, 33, 35, 41, 
  47, 48, 49, 53, 55, 56, 61, 62 ],
[ 1, 4, 5, 7, 9, 10, 12, 16, 18, 19, 21, 25, 26, 29, 30, 32, 33, 34, 35, 37, 
  38, 41, 46, 47, 49, 56, 62, 63 ],
[ 1, 4, 5, 7, 9, 10, 12, 16, 18, 19, 21, 24, 25, 26, 29, 30, 32, 34, 35, 37, 
  38, 41, 49, 53, 54, 56, 61, 62 ],
[ 1, 4, 5, 7, 9, 10, 12, 14, 15, 16, 18, 19, 21, 25, 26, 29, 30, 32, 35, 41, 
  46, 47, 49, 54, 55, 56, 62, 63 ],
[ 1, 4, 5, 7, 9, 10, 11, 12, 16, 18, 19, 21, 25, 26, 29, 33, 35, 37, 38, 41, 
  46, 47, 49, 52, 53, 55, 56, 62 ],
[ 1, 4, 5, 7, 9, 10, 11, 12, 15, 16, 18, 19, 21, 26, 29, 33, 35, 36, 37, 41, 
  47, 48, 49, 52, 53, 55, 61, 62 ],
[ 1, 4, 5, 7, 8, 12, 14, 16, 19, 21, 25, 26, 28, 29, 31, 32, 33, 34, 35, 36, 
  38, 39, 48, 49, 50, 52, 57, 63 ],
[ 1, 4, 5, 7, 8, 12, 14, 16, 18, 19, 21, 26, 28, 29, 31, 32, 33, 34, 35, 36, 
  38, 41, 46, 49, 50, 52, 61, 63 ],
[ 1, 4, 5, 7, 8, 12, 14, 15, 16, 18, 19, 21, 26, 28, 29, 31, 32, 33, 35, 41, 
  46, 49, 50, 52, 53, 55, 56, 61 ],
[ 1, 4, 5, 7, 8, 11, 12, 14, 16, 19, 21, 25, 26, 27, 28, 29, 30, 31, 35, 36, 
  38, 39, 48, 54, 55, 57, 62, 63 ],
[ 1, 4, 5, 7, 8, 11, 12, 14, 16, 18, 19, 21, 26, 27, 28, 29, 30, 31, 35, 36, 
  38, 41, 46, 54, 55, 61, 62, 63 ],
[ 1, 4, 5, 7, 8, 11, 12, 14, 15, 16, 19, 21, 25, 26, 27, 29, 30, 31, 35, 39, 
  48, 49, 51, 54, 55, 56, 57, 63 ],
[ 1, 4, 5, 7, 8, 11, 12, 13, 14, 16, 19, 21, 25, 26, 27, 28, 29, 30, 31, 33, 
  34, 36, 38, 39, 48, 53, 57, 62 ],
[ 1, 4, 5, 7, 8, 10, 12, 16, 18, 19, 21, 26, 28, 29, 30, 32, 33, 34, 35, 37, 
  38, 41, 46, 49, 50, 56, 61, 63 ],
[ 1, 4, 5, 7, 8, 10, 12, 13, 16, 18, 19, 21, 26, 28, 29, 30, 32, 37, 38, 41, 
  46, 49, 50, 53, 54, 55, 56, 61 ],
[ 1, 4, 5, 6, 8, 9, 11, 12, 14, 16, 18, 19, 20, 24, 26, 29, 30, 31, 33, 34, 
  35, 36, 38, 41, 47, 49, 62, 63 ],
[ 1, 4, 5, 6, 8, 9, 11, 12, 14, 15, 16, 18, 19, 20, 24, 26, 29, 30, 31, 33, 
  35, 41, 47, 49, 53, 55, 56, 62 ],
[ 1, 4, 5, 6, 8, 9, 10, 11, 12, 14, 16, 18, 19, 20, 24, 26, 29, 34, 35, 36, 
  38, 41, 47, 49, 52, 53, 54, 62 ],
[ 1, 3, 8, 9, 11, 12, 14, 16, 19, 20, 21, 22, 25, 26, 29, 30, 31, 33, 35, 37, 
  40, 41, 48, 49, 53, 55, 57, 62 ],
[ 1, 3, 7, 12, 13, 15, 16, 17, 18, 19, 20, 21, 22, 23, 26, 29, 30, 31, 32, 
  38, 39, 42, 43, 45, 46, 59, 62, 63 ],
[ 1, 3, 7, 12, 13, 14, 16, 17, 18, 19, 20, 21, 22, 23, 26, 29, 30, 31, 32, 
  37, 39, 42, 44, 45, 46, 60, 62, 63 ],
[ 1, 3, 7, 11, 12, 15, 16, 17, 18, 19, 20, 21, 22, 23, 26, 29, 31, 35, 38, 
  39, 42, 43, 45, 46, 52, 53, 59, 62 ],
[ 1, 3, 7, 11, 12, 14, 16, 17, 18, 19, 20, 21, 22, 23, 26, 29, 31, 35, 37, 
  39, 42, 44, 45, 46, 52, 53, 60, 62 ],
[ 1, 3, 7, 10, 12, 13, 15, 16, 17, 18, 19, 20, 21, 22, 23, 26, 29, 32, 38, 
  39, 42, 43, 45, 46, 52, 59, 62, 63 ],
[ 1, 3, 7, 10, 12, 13, 14, 16, 17, 18, 19, 20, 21, 22, 23, 26, 29, 32, 37, 
  39, 42, 44, 45, 46, 52, 60, 62, 63 ],
[ 1, 3, 7, 9, 12, 13, 15, 16, 19, 20, 21, 22, 23, 26, 30, 31, 32, 38, 39, 40, 
  41, 42, 43, 45, 46, 49, 59, 63 ],
[ 1, 3, 7, 9, 12, 13, 14, 16, 19, 20, 21, 22, 23, 26, 30, 31, 32, 37, 39, 40, 
  41, 42, 44, 45, 46, 49, 60, 63 ],
[ 1, 3, 7, 8, 11, 12, 14, 16, 17, 19, 20, 25, 26, 27, 28, 29, 30, 31, 35, 37, 
  39, 41, 42, 48, 54, 55, 62, 63 ],
[ 1, 3, 7, 8, 10, 11, 12, 14, 16, 19, 20, 25, 26, 27, 29, 34, 35, 37, 40, 41, 
  42, 48, 49, 51, 52, 53, 54, 57 ],
[ 1, 3, 7, 8, 10, 11, 12, 14, 16, 18, 19, 20, 25, 26, 27, 29, 35, 37, 39, 40, 
  42, 48, 49, 51, 52, 54, 55, 63 ],
[ 1, 3, 6, 7, 11, 12, 13, 16, 17, 19, 22, 26, 27, 28, 29, 30, 31, 33, 35, 36, 
  39, 41, 47, 48, 54, 56, 61, 62 ],
[ 1, 3, 6, 7, 11, 12, 13, 16, 17, 19, 22, 24, 25, 26, 29, 30, 31, 33, 35, 36, 
  39, 41, 50, 51, 54, 56, 61, 62 ],
[ 1, 3, 6, 7, 11, 12, 13, 16, 17, 18, 19, 22, 24, 26, 29, 30, 31, 33, 35, 36, 
  46, 48, 50, 51, 54, 56, 57, 62 ],
[ 1, 3, 6, 7, 10, 12, 13, 16, 18, 19, 22, 26, 27, 28, 29, 30, 32, 33, 35, 36, 
  39, 40, 47, 48, 54, 56, 61, 62 ],
[ 1, 3, 6, 7, 10, 12, 13, 16, 18, 19, 22, 24, 25, 26, 29, 30, 32, 33, 35, 36, 
  39, 40, 50, 51, 54, 56, 61, 62 ],
[ 1, 3, 6, 7, 9, 12, 16, 17, 18, 19, 22, 25, 26, 27, 29, 31, 32, 33, 35, 36, 
  46, 47, 50, 52, 53, 55, 56, 57 ],
[ 1, 3, 6, 7, 9, 12, 13, 16, 17, 18, 19, 22, 25, 26, 27, 29, 31, 32, 34, 36, 
  46, 47, 50, 52, 54, 56, 57, 63 ],
[ 1, 3, 6, 7, 9, 11, 12, 16, 17, 19, 22, 24, 25, 26, 27, 29, 30, 31, 35, 36, 
  39, 41, 50, 54, 55, 56, 61, 63 ],
[ 1, 3, 6, 7, 9, 11, 12, 14, 16, 17, 18, 19, 22, 26, 29, 30, 31, 33, 35, 37, 
  47, 48, 49, 53, 55, 57, 61, 62 ],
[ 1, 3, 6, 7, 9, 10, 12, 16, 19, 22, 25, 26, 27, 29, 30, 32, 33, 34, 35, 36, 
  40, 41, 46, 47, 50, 56, 57, 63 ],
[ 1, 3, 6, 7, 9, 10, 12, 16, 17, 18, 19, 22, 25, 26, 27, 29, 30, 32, 35, 36, 
  46, 47, 50, 54, 55, 56, 57, 63 ],
[ 1, 3, 6, 7, 9, 10, 12, 14, 16, 19, 22, 24, 25, 26, 29, 30, 32, 34, 35, 37, 
  40, 41, 49, 53, 54, 57, 61, 62 ],
[ 1, 3, 6, 7, 9, 10, 11, 12, 14, 16, 17, 19, 22, 26, 29, 34, 35, 37, 39, 41, 
  47, 48, 49, 52, 53, 54, 61, 62 ],
[ 1, 3, 6, 7, 9, 10, 11, 12, 13, 14, 16, 17, 19, 22, 26, 29, 33, 37, 39, 41, 
  47, 48, 49, 52, 55, 61, 62, 63 ],
[ 1, 3, 6, 7, 8, 11, 12, 16, 17, 19, 22, 24, 26, 27, 28, 29, 30, 31, 35, 36, 
  39, 41, 47, 54, 55, 56, 62, 63 ],
[ 1, 3, 6, 7, 8, 10, 12, 14, 16, 18, 19, 22, 26, 27, 28, 29, 30, 32, 35, 37, 
  39, 40, 46, 54, 55, 61, 62, 63 ],
[ 1, 3, 6, 7, 8, 10, 11, 12, 16, 17, 19, 22, 24, 26, 28, 29, 35, 36, 39, 41, 
  47, 49, 50, 52, 54, 55, 56, 63 ],
[ 1, 3, 4, 7, 12, 15, 16, 19, 20, 21, 22, 26, 27, 29, 30, 31, 32, 35, 38, 39, 
  40, 42, 43, 45, 46, 54, 59, 60 ],
[ 1, 3, 4, 7, 12, 15, 16, 19, 20, 21, 22, 26, 27, 29, 30, 31, 32, 34, 36, 39, 
  40, 42, 44, 45, 48, 55, 58, 60 ],
[ 1, 3, 4, 7, 12, 15, 16, 19, 20, 21, 22, 23, 26, 27, 29, 30, 31, 32, 35, 38, 
  39, 40, 42, 45, 46, 54, 59, 64 ],
[ 1, 3, 4, 7, 12, 15, 16, 17, 19, 20, 21, 22, 26, 27, 29, 30, 31, 32, 35, 38, 
  42, 43, 45, 46, 54, 57, 59, 60 ],
[ 1, 3, 4, 7, 12, 15, 16, 17, 19, 20, 21, 22, 23, 26, 27, 29, 30, 31, 32, 35, 
  38, 42, 45, 46, 54, 57, 59, 64 ],
[ 1, 3, 4, 7, 12, 15, 16, 17, 19, 20, 21, 22, 23, 26, 27, 29, 30, 31, 32, 34, 
  36, 42, 44, 48, 55, 57, 60, 64 ],
[ 1, 3, 4, 7, 12, 14, 16, 18, 19, 20, 21, 22, 26, 29, 30, 31, 32, 34, 35, 37, 
  39, 42, 43, 46, 51, 58, 59, 60 ],
[ 1, 3, 4, 7, 12, 14, 16, 18, 19, 20, 21, 22, 23, 26, 29, 30, 31, 32, 34, 35, 
  37, 39, 42, 46, 51, 58, 59, 64 ],
[ 1, 3, 4, 7, 12, 14, 16, 18, 19, 20, 21, 22, 23, 26, 29, 30, 31, 32, 34, 35, 
  37, 39, 42, 45, 46, 51, 58, 60 ],
[ 1, 3, 4, 7, 12, 14, 16, 18, 19, 20, 21, 22, 23, 26, 29, 30, 31, 32, 34, 35, 
  37, 39, 42, 44, 46, 51, 59, 60 ],
[ 1, 3, 4, 7, 12, 13, 15, 16, 19, 20, 21, 22, 23, 26, 27, 29, 30, 31, 32, 33, 
  38, 39, 40, 42, 43, 45, 46, 58 ],
[ 1, 3, 4, 7, 12, 13, 15, 16, 19, 20, 21, 22, 23, 26, 27, 29, 30, 31, 32, 33, 
  38, 39, 40, 42, 43, 44, 46, 59 ],
[ 1, 3, 4, 7, 12, 13, 15, 16, 17, 19, 20, 21, 22, 23, 26, 27, 29, 30, 31, 32, 
  33, 38, 42, 43, 45, 46, 57, 58 ],
[ 1, 3, 4, 7, 12, 13, 15, 16, 17, 19, 20, 21, 22, 23, 26, 27, 29, 30, 31, 32, 
  33, 38, 42, 43, 44, 46, 57, 59 ],
[ 1, 3, 4, 7, 12, 13, 14, 16, 18, 19, 20, 21, 22, 26, 29, 30, 31, 32, 37, 39, 
  42, 43, 45, 46, 51, 55, 58, 64 ],
[ 1, 3, 4, 7, 12, 13, 14, 16, 18, 19, 20, 21, 22, 26, 29, 30, 31, 32, 37, 39, 
  42, 43, 44, 46, 51, 55, 59, 64 ],
[ 1, 3, 4, 7, 12, 13, 14, 16, 18, 19, 20, 21, 22, 26, 29, 30, 31, 32, 37, 39, 
  42, 43, 44, 45, 46, 51, 55, 60 ],
[ 1, 3, 4, 7, 12, 13, 14, 16, 18, 19, 20, 21, 22, 23, 26, 29, 30, 31, 32, 37, 
  39, 42, 44, 45, 46, 51, 55, 64 ],
[ 1, 3, 4, 7, 11, 12, 15, 16, 19, 20, 21, 22, 26, 27, 29, 31, 35, 38, 39, 40, 
  42, 43, 45, 46, 52, 54, 59, 60 ],
[ 1, 3, 4, 7, 11, 12, 15, 16, 19, 20, 21, 22, 26, 27, 29, 31, 34, 36, 39, 40, 
  42, 44, 45, 48, 52, 55, 58, 60 ],
[ 1, 3, 4, 7, 11, 12, 15, 16, 19, 20, 21, 22, 23, 26, 27, 29, 31, 35, 38, 39, 
  40, 42, 45, 46, 52, 54, 59, 64 ],
[ 1, 3, 4, 7, 11, 12, 15, 16, 17, 19, 20, 21, 22, 26, 27, 29, 31, 35, 38, 42, 
  43, 45, 46, 52, 54, 57, 59, 60 ],
[ 1, 3, 4, 7, 11, 12, 15, 16, 17, 19, 20, 21, 22, 23, 26, 27, 29, 31, 35, 38, 
  42, 45, 46, 52, 54, 57, 59, 64 ],
[ 1, 3, 4, 7, 11, 12, 15, 16, 17, 19, 20, 21, 22, 23, 26, 27, 29, 31, 34, 36, 
  42, 44, 48, 52, 55, 57, 60, 64 ],
[ 1, 3, 4, 7, 11, 12, 13, 15, 16, 19, 20, 21, 22, 23, 26, 27, 29, 31, 33, 38, 
  39, 40, 42, 43, 45, 46, 52, 58 ],
[ 1, 3, 4, 7, 11, 12, 13, 15, 16, 19, 20, 21, 22, 23, 26, 27, 29, 31, 33, 38, 
  39, 40, 42, 43, 44, 46, 52, 59 ],
[ 1, 3, 4, 7, 11, 12, 13, 15, 16, 17, 19, 20, 21, 22, 23, 26, 27, 29, 31, 33, 
  38, 42, 43, 45, 46, 52, 57, 58 ],
[ 1, 3, 4, 7, 11, 12, 13, 15, 16, 17, 19, 20, 21, 22, 23, 26, 27, 29, 31, 33, 
  38, 42, 43, 44, 46, 52, 57, 59 ],
[ 1, 3, 4, 7, 10, 12, 15, 16, 19, 20, 21, 22, 23, 26, 29, 30, 32, 35, 38, 39, 
  40, 42, 43, 50, 54, 59, 60, 61 ],
[ 1, 3, 4, 7, 10, 12, 15, 16, 19, 20, 21, 22, 23, 26, 27, 29, 32, 34, 36, 39, 
  40, 42, 44, 48, 52, 55, 60, 64 ],
[ 1, 3, 4, 7, 10, 12, 15, 16, 17, 19, 20, 21, 22, 26, 29, 30, 32, 35, 38, 42, 
  43, 44, 45, 50, 54, 57, 59, 61 ],
[ 1, 3, 4, 7, 10, 12, 15, 16, 17, 19, 20, 21, 22, 26, 27, 29, 32, 34, 36, 42, 
  44, 45, 48, 52, 55, 57, 58, 60 ],
[ 1, 3, 4, 7, 10, 12, 14, 16, 18, 19, 20, 21, 22, 26, 29, 32, 34, 35, 37, 39, 
  42, 43, 45, 46, 51, 52, 58, 64 ],
[ 1, 3, 4, 7, 10, 12, 14, 16, 18, 19, 20, 21, 22, 26, 29, 32, 34, 35, 37, 39, 
  42, 43, 44, 46, 51, 52, 59, 64 ],
[ 1, 3, 4, 7, 10, 12, 14, 16, 18, 19, 20, 21, 22, 26, 29, 32, 34, 35, 37, 39, 
  42, 43, 44, 45, 46, 51, 52, 60 ],
[ 1, 3, 4, 7, 10, 12, 14, 16, 18, 19, 20, 21, 22, 23, 26, 29, 32, 34, 35, 37, 
  39, 42, 44, 45, 46, 51, 52, 64 ],
[ 1, 3, 4, 7, 10, 12, 13, 15, 16, 19, 20, 21, 22, 23, 26, 29, 30, 32, 33, 38, 
  39, 40, 42, 45, 50, 58, 59, 61 ],
[ 1, 3, 4, 7, 10, 12, 13, 15, 16, 17, 19, 20, 21, 22, 23, 26, 29, 30, 32, 33, 
  38, 42, 43, 45, 50, 57, 61, 64 ],
[ 1, 3, 4, 7, 10, 12, 13, 14, 16, 18, 19, 20, 21, 22, 26, 29, 32, 37, 39, 42, 
  43, 46, 51, 52, 55, 58, 59, 60 ],
[ 1, 3, 4, 7, 10, 12, 13, 14, 16, 18, 19, 20, 21, 22, 23, 26, 29, 32, 37, 39, 
  42, 46, 51, 52, 55, 58, 59, 64 ],
[ 1, 3, 4, 7, 10, 12, 13, 14, 16, 18, 19, 20, 21, 22, 23, 26, 29, 32, 37, 39, 
  42, 45, 46, 51, 52, 55, 58, 60 ],
[ 1, 3, 4, 7, 10, 12, 13, 14, 16, 18, 19, 20, 21, 22, 23, 26, 29, 32, 37, 39, 
  42, 44, 46, 51, 52, 55, 59, 60 ],
[ 1, 3, 4, 7, 10, 11, 12, 16, 19, 20, 21, 22, 23, 26, 27, 29, 30, 34, 38, 39, 
  40, 42, 44, 48, 55, 56, 60, 64 ],
[ 1, 3, 4, 7, 10, 11, 12, 16, 17, 19, 20, 21, 22, 26, 27, 29, 30, 34, 38, 42, 
  44, 45, 48, 55, 56, 57, 58, 60 ],
[ 1, 3, 4, 7, 8, 12, 16, 17, 19, 21, 25, 26, 29, 30, 31, 32, 33, 34, 36, 37, 
  39, 42, 48, 49, 50, 51, 55, 63 ],
[ 1, 3, 4, 7, 8, 12, 16, 17, 19, 21, 25, 26, 27, 29, 30, 31, 32, 34, 36, 37, 
  39, 42, 48, 51, 53, 54, 55, 62 ],
[ 1, 3, 4, 7, 8, 12, 15, 16, 17, 19, 20, 21, 22, 23, 26, 30, 31, 32, 34, 35, 
  37, 39, 42, 44, 51, 59, 60, 62 ],
[ 1, 3, 4, 7, 8, 12, 14, 16, 17, 19, 20, 21, 22, 23, 26, 29, 30, 31, 32, 34, 
  35, 38, 39, 42, 45, 50, 58, 60 ],
[ 1, 3, 4, 7, 8, 11, 12, 16, 19, 21, 25, 26, 27, 28, 29, 31, 33, 34, 36, 37, 
  40, 42, 48, 49, 52, 55, 57, 63 ],
[ 1, 3, 4, 7, 8, 11, 12, 16, 17, 19, 21, 25, 26, 28, 29, 31, 33, 34, 36, 37, 
  39, 42, 48, 50, 52, 55, 62, 63 ],
[ 1, 3, 4, 7, 8, 11, 12, 15, 16, 17, 19, 20, 21, 22, 26, 31, 34, 35, 37, 39, 
  42, 43, 44, 45, 51, 52, 60, 62 ],
[ 1, 3, 4, 7, 8, 11, 12, 14, 16, 17, 19, 20, 21, 22, 23, 26, 29, 31, 34, 35, 
  38, 39, 42, 44, 45, 50, 52, 64 ],
[ 1, 3, 4, 7, 8, 10, 12, 15, 16, 19, 20, 21, 22, 26, 28, 32, 34, 35, 37, 40, 
  42, 43, 44, 45, 49, 52, 57, 60 ],
[ 1, 3, 4, 7, 8, 10, 12, 15, 16, 17, 19, 20, 21, 22, 23, 26, 29, 32, 34, 35, 
  37, 39, 42, 44, 45, 50, 52, 64 ],
[ 1, 3, 4, 7, 8, 10, 11, 12, 15, 16, 19, 20, 21, 22, 26, 30, 34, 35, 37, 40, 
  42, 43, 44, 45, 51, 57, 60, 62 ],
[ 1, 3, 4, 7, 8, 10, 11, 12, 14, 16, 19, 20, 21, 22, 23, 26, 29, 30, 34, 35, 
  38, 40, 42, 44, 45, 50, 57, 64 ],
[ 1, 3, 4, 6, 7, 12, 16, 17, 19, 20, 21, 25, 26, 27, 29, 31, 32, 34, 36, 38, 
  42, 44, 45, 52, 55, 57, 58, 60 ],
[ 1, 3, 4, 6, 7, 12, 15, 16, 19, 21, 22, 23, 26, 27, 30, 31, 32, 34, 35, 36, 
  39, 41, 42, 43, 45, 51, 59, 61 ],
[ 1, 3, 4, 6, 7, 12, 15, 16, 19, 20, 21, 23, 25, 26, 27, 29, 31, 32, 34, 39, 
  40, 42, 44, 52, 55, 56, 60, 64 ],
[ 1, 3, 4, 6, 7, 12, 14, 15, 16, 18, 19, 21, 22, 23, 26, 28, 30, 31, 32, 34, 
  35, 40, 42, 45, 47, 58, 62, 64 ],
[ 1, 3, 4, 6, 7, 12, 14, 15, 16, 17, 19, 21, 22, 23, 26, 27, 29, 30, 31, 32, 
  34, 35, 41, 42, 45, 47, 58, 64 ],
[ 1, 3, 4, 6, 7, 11, 12, 14, 15, 16, 18, 19, 21, 22, 23, 26, 31, 34, 35, 40, 
  42, 45, 47, 49, 51, 52, 58, 64 ],
[ 1, 3, 4, 6, 7, 11, 12, 13, 14, 15, 16, 18, 19, 21, 22, 23, 26, 27, 29, 31, 
  40, 42, 45, 47, 52, 55, 58, 64 ],
[ 1, 3, 4, 6, 7, 10, 12, 16, 17, 19, 22, 24, 25, 26, 28, 29, 30, 32, 35, 36, 
  40, 49, 50, 54, 55, 56, 61, 63 ],
[ 1, 3, 4, 6, 7, 10, 12, 15, 16, 18, 19, 21, 22, 23, 26, 28, 32, 34, 35, 36, 
  42, 43, 45, 50, 52, 57, 59, 61 ],
[ 1, 3, 4, 6, 7, 10, 11, 12, 16, 19, 20, 21, 23, 26, 33, 37, 40, 42, 44, 45, 
  47, 51, 52, 55, 56, 57, 60, 62 ],
[ 1, 3, 4, 6, 7, 10, 11, 12, 16, 19, 20, 21, 23, 26, 29, 34, 37, 40, 42, 44, 
  45, 47, 50, 52, 54, 56, 57, 60 ],
[ 1, 3, 4, 6, 7, 10, 11, 12, 14, 16, 19, 20, 21, 23, 26, 28, 34, 36, 40, 42, 
  44, 45, 47, 49, 52, 54, 57, 60 ],
[ 1, 3, 4, 6, 7, 10, 11, 12, 14, 16, 17, 19, 20, 21, 23, 26, 29, 34, 36, 39, 
  42, 44, 45, 47, 50, 52, 54, 60 ],
[ 1, 3, 4, 6, 7, 10, 11, 12, 13, 14, 16, 19, 20, 21, 26, 29, 34, 37, 41, 42, 
  45, 46, 51, 52, 57, 58, 59, 64 ],
[ 1, 3, 4, 6, 7, 10, 11, 12, 13, 14, 16, 19, 20, 21, 26, 29, 34, 37, 41, 42, 
  44, 45, 46, 51, 52, 57, 59, 60 ],
[ 1, 3, 4, 6, 7, 10, 11, 12, 13, 14, 16, 18, 19, 20, 21, 23, 26, 29, 34, 37, 
  39, 42, 43, 46, 51, 52, 58, 64 ],
[ 1, 3, 4, 6, 7, 10, 11, 12, 13, 14, 16, 18, 19, 20, 21, 23, 26, 29, 34, 37, 
  39, 42, 43, 44, 46, 51, 52, 60 ],
[ 1, 3, 4, 6, 7, 8, 10, 11, 12, 15, 16, 19, 20, 21, 26, 28, 35, 37, 40, 42, 
  44, 45, 49, 52, 55, 57, 59, 60 ],
[ 1, 3, 4, 6, 7, 8, 10, 11, 12, 15, 16, 19, 20, 21, 23, 26, 35, 37, 40, 42, 
  44, 45, 51, 52, 55, 57, 58, 62 ],
[ 1, 3, 4, 6, 7, 8, 10, 11, 12, 15, 16, 19, 20, 21, 23, 26, 35, 37, 40, 42, 
  43, 44, 51, 52, 55, 57, 60, 62 ],
[ 1, 3, 4, 6, 7, 8, 10, 11, 12, 15, 16, 19, 20, 21, 23, 26, 29, 35, 37, 40, 
  42, 44, 45, 50, 52, 55, 57, 58 ],
[ 1, 3, 4, 6, 7, 8, 10, 11, 12, 15, 16, 19, 20, 21, 23, 26, 29, 35, 37, 40, 
  42, 43, 44, 50, 52, 55, 57, 60 ],
[ 1, 3, 4, 6, 7, 8, 10, 11, 12, 15, 16, 19, 20, 21, 23, 26, 28, 35, 37, 40, 
  42, 45, 49, 52, 55, 57, 60, 64 ],
[ 1, 3, 4, 6, 7, 8, 10, 11, 12, 15, 16, 17, 19, 20, 21, 26, 35, 37, 39, 42, 
  44, 45, 51, 52, 55, 59, 60, 62 ],
[ 1, 3, 4, 6, 7, 8, 10, 11, 12, 15, 16, 17, 19, 20, 21, 26, 29, 35, 37, 39, 
  42, 44, 45, 50, 52, 55, 59, 60 ],
[ 1, 3, 4, 6, 7, 8, 10, 11, 12, 15, 16, 17, 19, 20, 21, 23, 26, 35, 37, 39, 
  42, 45, 51, 52, 55, 60, 62, 64 ],
[ 1, 3, 4, 6, 7, 8, 10, 11, 12, 15, 16, 17, 19, 20, 21, 23, 26, 29, 35, 37, 
  39, 42, 45, 50, 52, 55, 60, 64 ],
[ 1, 3, 4, 6, 7, 8, 10, 11, 12, 15, 16, 17, 19, 20, 21, 23, 26, 28, 35, 37, 
  39, 42, 44, 45, 49, 52, 55, 58 ],
[ 1, 3, 4, 6, 7, 8, 10, 11, 12, 15, 16, 17, 19, 20, 21, 23, 26, 28, 35, 37, 
  39, 42, 43, 44, 49, 52, 55, 60 ],
[ 1, 3, 4, 6, 7, 8, 10, 11, 12, 14, 16, 19, 20, 21, 23, 26, 29, 35, 38, 40, 
  42, 44, 45, 50, 52, 55, 57, 58 ],
[ 1, 3, 4, 6, 7, 8, 10, 11, 12, 14, 16, 19, 20, 21, 23, 26, 29, 35, 38, 40, 
  42, 43, 44, 50, 52, 55, 57, 60 ],
[ 1, 3, 4, 6, 7, 8, 10, 11, 12, 14, 16, 17, 19, 20, 21, 26, 29, 35, 38, 39, 
  42, 44, 45, 50, 52, 55, 59, 60 ],
[ 1, 3, 4, 6, 7, 8, 10, 11, 12, 14, 16, 17, 19, 20, 21, 23, 26, 29, 35, 38, 
  39, 42, 45, 50, 52, 55, 60, 64 ],
[ 1, 3, 4, 5, 7, 12, 16, 19, 21, 22, 23, 26, 27, 28, 30, 31, 32, 36, 37, 40, 
  42, 44, 45, 46, 53, 55, 57, 60 ],
[ 1, 3, 4, 5, 7, 11, 12, 16, 19, 21, 22, 23, 26, 27, 28, 31, 34, 36, 37, 40, 
  42, 44, 45, 46, 52, 57, 60, 63 ],
[ 1, 3, 4, 5, 7, 11, 12, 16, 19, 20, 21, 22, 23, 26, 28, 30, 31, 35, 37, 39, 
  41, 43, 51, 55, 56, 58, 59, 61 ],
[ 1, 3, 4, 5, 7, 11, 12, 16, 18, 19, 21, 24, 26, 27, 28, 29, 30, 31, 35, 36, 
  41, 46, 48, 54, 55, 56, 62, 63 ],
[ 1, 3, 4, 5, 7, 11, 12, 16, 18, 19, 20, 21, 22, 23, 26, 28, 30, 31, 35, 37, 
  43, 44, 45, 51, 55, 56, 57, 61 ],
[ 1, 3, 4, 5, 7, 11, 12, 14, 16, 19, 20, 21, 22, 23, 26, 28, 30, 31, 35, 36, 
  39, 41, 45, 51, 55, 59, 60, 61 ],
[ 1, 3, 4, 5, 7, 11, 12, 14, 16, 18, 19, 20, 21, 22, 26, 28, 30, 31, 35, 36, 
  43, 45, 51, 55, 57, 59, 61, 64 ],
[ 1, 3, 4, 5, 7, 10, 12, 16, 18, 19, 21, 24, 25, 26, 28, 29, 30, 32, 35, 36, 
  41, 49, 50, 54, 55, 56, 61, 63 ],
[ 1, 3, 4, 5, 7, 10, 11, 12, 15, 16, 19, 21, 22, 26, 29, 35, 37, 39, 42, 44, 
  45, 48, 50, 52, 55, 57, 58, 60 ],
[ 1, 3, 4, 5, 7, 10, 11, 12, 14, 16, 19, 21, 22, 23, 26, 29, 35, 38, 39, 42, 
  44, 48, 50, 52, 55, 57, 60, 64 ],
[ 1, 3, 4, 5, 7, 10, 11, 12, 13, 15, 16, 19, 21, 22, 23, 26, 29, 34, 37, 39, 
  42, 44, 48, 50, 52, 57, 60, 64 ],
[ 1, 3, 4, 5, 7, 10, 11, 12, 13, 14, 16, 19, 21, 22, 26, 29, 34, 38, 39, 42, 
  44, 45, 48, 50, 52, 57, 58, 60 ],
[ 1, 3, 4, 5, 6, 7, 12, 14, 15, 16, 19, 21, 22, 26, 27, 29, 30, 31, 32, 34, 
  35, 41, 45, 46, 57, 58, 60, 64 ],
[ 1, 3, 4, 5, 6, 7, 12, 14, 15, 16, 19, 21, 22, 26, 27, 29, 30, 31, 32, 34, 
  35, 41, 44, 46, 57, 59, 60, 64 ],
[ 1, 3, 4, 5, 6, 7, 12, 14, 15, 16, 19, 21, 22, 26, 27, 29, 30, 31, 32, 34, 
  35, 41, 43, 44, 46, 57, 58, 60 ],
[ 1, 3, 4, 5, 6, 7, 12, 14, 15, 16, 19, 21, 22, 23, 26, 27, 29, 30, 31, 32, 
  34, 35, 41, 44, 46, 57, 58, 64 ],
[ 1, 3, 4, 5, 6, 7, 12, 14, 15, 16, 18, 19, 21, 22, 26, 27, 29, 30, 31, 32, 
  34, 35, 39, 45, 46, 58, 60, 64 ],
[ 1, 3, 4, 5, 6, 7, 12, 14, 15, 16, 18, 19, 21, 22, 26, 27, 29, 30, 31, 32, 
  34, 35, 39, 44, 46, 59, 60, 64 ],
[ 1, 3, 4, 5, 6, 7, 12, 14, 15, 16, 18, 19, 21, 22, 26, 27, 29, 30, 31, 32, 
  34, 35, 39, 43, 44, 46, 58, 60 ],
[ 1, 3, 4, 5, 6, 7, 12, 14, 15, 16, 18, 19, 21, 22, 23, 26, 27, 29, 30, 31, 
  32, 34, 35, 39, 44, 46, 58, 64 ],
[ 1, 3, 4, 5, 6, 7, 11, 12, 16, 19, 21, 22, 26, 27, 29, 31, 34, 35, 37, 38, 
  41, 45, 46, 52, 57, 58, 60, 64 ],
[ 1, 3, 4, 5, 6, 7, 11, 12, 16, 19, 21, 22, 26, 27, 29, 31, 34, 35, 37, 38, 
  41, 44, 46, 52, 57, 59, 60, 64 ],
[ 1, 3, 4, 5, 6, 7, 11, 12, 16, 19, 21, 22, 26, 27, 29, 31, 34, 35, 37, 38, 
  41, 43, 44, 46, 52, 57, 58, 60 ],
[ 1, 3, 4, 5, 6, 7, 11, 12, 16, 19, 21, 22, 23, 26, 27, 29, 31, 34, 35, 37, 
  38, 41, 44, 46, 52, 57, 58, 64 ],
[ 1, 3, 4, 5, 6, 7, 11, 12, 16, 18, 19, 21, 22, 26, 27, 29, 31, 34, 35, 37, 
  38, 39, 45, 46, 52, 58, 60, 64 ],
[ 1, 3, 4, 5, 6, 7, 11, 12, 16, 18, 19, 21, 22, 26, 27, 29, 31, 34, 35, 37, 
  38, 39, 44, 46, 52, 59, 60, 64 ],
[ 1, 3, 4, 5, 6, 7, 11, 12, 16, 18, 19, 21, 22, 26, 27, 29, 31, 34, 35, 37, 
  38, 39, 43, 44, 46, 52, 58, 60 ],
[ 1, 3, 4, 5, 6, 7, 11, 12, 16, 18, 19, 21, 22, 23, 26, 27, 29, 31, 34, 35, 
  37, 38, 39, 44, 46, 52, 58, 64 ],
[ 1, 3, 4, 5, 6, 7, 10, 12, 16, 19, 21, 22, 26, 27, 29, 32, 34, 35, 37, 38, 
  41, 45, 46, 52, 57, 58, 60, 64 ],
[ 1, 3, 4, 5, 6, 7, 10, 12, 16, 19, 21, 22, 26, 27, 29, 32, 34, 35, 37, 38, 
  41, 44, 46, 52, 57, 59, 60, 64 ],
[ 1, 3, 4, 5, 6, 7, 10, 12, 16, 19, 21, 22, 26, 27, 29, 32, 34, 35, 37, 38, 
  41, 43, 44, 46, 52, 57, 58, 60 ],
[ 1, 3, 4, 5, 6, 7, 10, 12, 16, 19, 21, 22, 23, 26, 27, 29, 32, 34, 35, 37, 
  38, 41, 44, 46, 52, 57, 58, 64 ],
[ 1, 3, 4, 5, 6, 7, 10, 12, 16, 18, 19, 21, 22, 26, 27, 29, 32, 34, 35, 37, 
  38, 39, 45, 46, 52, 58, 60, 64 ],
[ 1, 3, 4, 5, 6, 7, 10, 12, 16, 18, 19, 21, 22, 26, 27, 29, 32, 34, 35, 37, 
  38, 39, 44, 46, 52, 59, 60, 64 ],
[ 1, 3, 4, 5, 6, 7, 10, 12, 16, 18, 19, 21, 22, 26, 27, 29, 32, 34, 35, 37, 
  38, 39, 43, 44, 46, 52, 58, 60 ],
[ 1, 3, 4, 5, 6, 7, 10, 12, 16, 18, 19, 21, 22, 23, 26, 27, 29, 32, 34, 35, 
  37, 38, 39, 44, 46, 52, 58, 64 ],
[ 1, 3, 4, 5, 6, 7, 10, 11, 12, 16, 19, 21, 22, 26, 29, 35, 37, 41, 44, 45, 
  48, 50, 52, 53, 56, 57, 58, 60 ],
[ 1, 3, 4, 5, 6, 7, 10, 11, 12, 16, 19, 21, 22, 26, 27, 29, 30, 34, 35, 37, 
  38, 41, 45, 46, 57, 58, 60, 64 ],
[ 1, 3, 4, 5, 6, 7, 10, 11, 12, 16, 19, 21, 22, 26, 27, 29, 30, 34, 35, 37, 
  38, 41, 44, 46, 57, 59, 60, 64 ],
[ 1, 3, 4, 5, 6, 7, 10, 11, 12, 16, 19, 21, 22, 26, 27, 29, 30, 34, 35, 37, 
  38, 41, 43, 44, 46, 57, 58, 60 ],
[ 1, 3, 4, 5, 6, 7, 10, 11, 12, 16, 19, 21, 22, 23, 26, 27, 29, 30, 34, 35, 
  37, 38, 41, 44, 46, 57, 58, 64 ],
[ 1, 3, 4, 5, 6, 7, 10, 11, 12, 16, 18, 19, 21, 22, 26, 27, 29, 30, 34, 35, 
  37, 38, 39, 45, 46, 58, 60, 64 ],
[ 1, 3, 4, 5, 6, 7, 10, 11, 12, 16, 18, 19, 21, 22, 26, 27, 29, 30, 34, 35, 
  37, 38, 39, 44, 46, 59, 60, 64 ],
[ 1, 3, 4, 5, 6, 7, 10, 11, 12, 16, 18, 19, 21, 22, 26, 27, 29, 30, 34, 35, 
  37, 38, 39, 43, 44, 46, 58, 60 ],
[ 1, 3, 4, 5, 6, 7, 10, 11, 12, 16, 18, 19, 21, 22, 23, 26, 27, 29, 30, 34, 
  35, 37, 38, 39, 44, 46, 58, 64 ],
[ 1, 3, 4, 5, 6, 7, 10, 11, 12, 14, 16, 18, 19, 21, 22, 23, 26, 29, 35, 36, 
  39, 44, 48, 50, 52, 53, 60, 64 ],
[ 1, 2, 8, 9, 12, 15, 16, 19, 20, 21, 22, 25, 26, 27, 29, 30, 33, 35, 36, 37, 
  40, 41, 48, 50, 52, 53, 55, 57 ],
[ 1, 2, 8, 9, 12, 14, 16, 18, 19, 20, 21, 22, 25, 26, 27, 29, 30, 35, 36, 38, 
  39, 40, 48, 50, 52, 54, 55, 63 ],
[ 1, 2, 8, 9, 12, 13, 14, 16, 18, 19, 20, 21, 22, 25, 26, 27, 29, 30, 33, 34, 
  36, 38, 39, 40, 48, 50, 52, 53 ],
[ 1, 2, 7, 8, 10, 12, 14, 15, 16, 17, 19, 20, 25, 26, 29, 31, 34, 35, 39, 41, 
  42, 48, 50, 51, 53, 54, 56, 62 ],
[ 1, 2, 6, 7, 12, 13, 16, 17, 18, 19, 22, 25, 26, 27, 29, 30, 33, 35, 37, 38, 
  46, 47, 49, 51, 52, 54, 56, 57 ],
[ 1, 2, 6, 7, 9, 12, 14, 16, 17, 18, 19, 22, 25, 26, 27, 29, 30, 35, 36, 38, 
  46, 47, 50, 52, 54, 55, 57, 63 ],
[ 1, 2, 6, 7, 9, 12, 13, 16, 17, 18, 19, 22, 25, 26, 28, 30, 33, 35, 37, 38, 
  46, 47, 50, 52, 54, 56, 57, 62 ],
[ 1, 2, 6, 7, 8, 12, 14, 16, 18, 19, 22, 24, 26, 27, 28, 29, 30, 35, 36, 38, 
  39, 40, 47, 52, 54, 55, 62, 63 ],
[ 1, 2, 4, 7, 12, 15, 16, 17, 19, 20, 21, 22, 23, 26, 29, 30, 32, 35, 36, 37, 
  40, 42, 44, 48, 51, 59, 60, 63 ],
[ 1, 2, 4, 7, 12, 13, 15, 16, 17, 19, 20, 21, 22, 26, 29, 30, 32, 36, 37, 40, 
  42, 43, 44, 45, 48, 51, 53, 60 ],
[ 1, 2, 4, 7, 11, 12, 15, 16, 17, 19, 20, 21, 22, 26, 29, 35, 36, 37, 40, 42, 
  43, 44, 45, 48, 51, 52, 60, 63 ],
[ 1, 2, 4, 7, 11, 12, 13, 15, 16, 17, 19, 20, 21, 22, 23, 26, 29, 36, 37, 40, 
  42, 44, 48, 51, 52, 53, 59, 60 ],
[ 1, 2, 4, 7, 10, 12, 14, 15, 16, 18, 19, 20, 24, 26, 28, 29, 31, 35, 41, 42, 
  46, 48, 49, 50, 54, 55, 56, 63 ],
[ 1, 2, 4, 7, 8, 12, 14, 16, 19, 20, 21, 22, 26, 28, 29, 31, 32, 36, 38, 39, 
  40, 42, 44, 45, 55, 59, 60, 63 ],
[ 1, 2, 4, 7, 8, 12, 14, 16, 19, 20, 21, 22, 23, 26, 28, 29, 31, 32, 34, 36, 
  38, 39, 40, 42, 43, 44, 53, 60 ],
[ 1, 2, 4, 7, 8, 12, 14, 16, 17, 19, 20, 21, 22, 23, 26, 28, 29, 31, 32, 36, 
  38, 42, 45, 55, 57, 60, 63, 64 ],
[ 1, 2, 4, 7, 8, 12, 14, 16, 17, 19, 20, 21, 22, 23, 26, 28, 29, 31, 32, 34, 
  36, 38, 42, 44, 45, 53, 57, 58 ],
[ 1, 2, 4, 6, 7, 12, 14, 16, 18, 19, 20, 21, 26, 27, 29, 30, 31, 35, 38, 41, 
  42, 43, 44, 47, 56, 58, 60, 63 ],
[ 1, 2, 4, 6, 7, 10, 12, 13, 15, 16, 18, 19, 20, 21, 26, 27, 29, 37, 41, 42, 
  44, 47, 52, 53, 56, 59, 60, 64 ],
[ 1, 2, 4, 6, 7, 9, 12, 16, 18, 19, 20, 21, 22, 23, 26, 29, 30, 32, 33, 35, 
  37, 38, 40, 43, 46, 56, 59, 60 ],
[ 1, 2, 4, 6, 7, 9, 11, 12, 16, 17, 19, 20, 21, 22, 26, 29, 33, 35, 37, 38, 
  41, 43, 44, 45, 46, 52, 56, 59 ],
[ 1, 2, 4, 6, 7, 8, 12, 16, 19, 20, 21, 26, 28, 29, 31, 32, 36, 37, 38, 40, 
  42, 44, 45, 53, 55, 57, 59, 60 ],
[ 1, 2, 4, 6, 7, 8, 12, 16, 19, 20, 21, 23, 26, 28, 29, 31, 32, 36, 37, 38, 
  40, 42, 45, 53, 55, 57, 60, 64 ],
[ 1, 2, 4, 6, 7, 8, 12, 16, 19, 20, 21, 23, 26, 28, 29, 31, 32, 36, 37, 38, 
  40, 42, 44, 45, 53, 55, 57, 58 ],
[ 1, 2, 4, 6, 7, 8, 12, 16, 19, 20, 21, 23, 26, 28, 29, 31, 32, 36, 37, 38, 
  40, 42, 43, 44, 53, 55, 57, 60 ],
[ 1, 2, 4, 6, 7, 8, 12, 16, 17, 19, 20, 21, 26, 28, 29, 31, 32, 36, 37, 38, 
  39, 42, 44, 45, 53, 55, 59, 60 ],
[ 1, 2, 4, 6, 7, 8, 12, 16, 17, 19, 20, 21, 23, 26, 28, 29, 31, 32, 36, 37, 
  38, 39, 42, 45, 53, 55, 60, 64 ],
[ 1, 2, 4, 6, 7, 8, 12, 16, 17, 19, 20, 21, 23, 26, 28, 29, 31, 32, 36, 37, 
  38, 39, 42, 43, 44, 53, 55, 60 ],
[ 1, 2, 4, 6, 7, 8, 12, 15, 16, 19, 20, 21, 26, 28, 29, 31, 32, 34, 37, 40, 
  42, 44, 45, 56, 57, 59, 60, 63 ],
[ 1, 2, 4, 6, 7, 8, 12, 15, 16, 19, 20, 21, 23, 26, 28, 29, 31, 32, 34, 37, 
  40, 42, 44, 45, 56, 57, 58, 63 ],
[ 1, 2, 4, 6, 7, 8, 12, 15, 16, 17, 19, 20, 21, 26, 28, 29, 31, 32, 34, 37, 
  39, 42, 44, 45, 56, 59, 60, 63 ],
[ 1, 2, 4, 6, 7, 8, 12, 15, 16, 17, 19, 20, 21, 23, 26, 28, 29, 31, 32, 34, 
  37, 39, 42, 44, 45, 56, 58, 63 ],
[ 1, 2, 4, 6, 7, 8, 12, 15, 16, 17, 19, 20, 21, 23, 26, 28, 29, 31, 32, 34, 
  37, 39, 42, 43, 44, 56, 60, 63 ],
[ 1, 2, 4, 5, 7, 12, 14, 16, 19, 20, 21, 22, 23, 26, 29, 30, 31, 34, 35, 37, 
  38, 41, 44, 47, 51, 57, 59, 60 ],
[ 1, 2, 4, 5, 7, 12, 13, 14, 16, 19, 20, 21, 22, 26, 29, 30, 31, 37, 38, 41, 
  43, 44, 47, 51, 55, 57, 59, 64 ],
[ 1, 2, 4, 5, 7, 10, 12, 14, 16, 19, 20, 21, 22, 26, 29, 34, 35, 37, 38, 41, 
  43, 44, 47, 51, 52, 57, 59, 64 ],
[ 1, 2, 4, 5, 7, 10, 12, 13, 14, 16, 19, 20, 21, 22, 23, 26, 29, 37, 38, 41, 
  44, 47, 51, 52, 55, 57, 59, 60 ],
[ 1, 2, 4, 5, 6, 7, 11, 12, 14, 16, 19, 21, 22, 23, 26, 28, 29, 31, 35, 38, 
  39, 41, 44, 54, 56, 58, 61, 64 ],
[ 1, 2, 4, 5, 6, 7, 11, 12, 14, 16, 19, 21, 22, 23, 26, 28, 29, 31, 35, 38, 
  39, 41, 43, 44, 54, 56, 59, 61 ],
[ 1, 2, 4, 5, 6, 7, 11, 12, 14, 15, 16, 19, 21, 22, 26, 29, 31, 35, 41, 43, 
  44, 46, 51, 54, 56, 57, 58, 60 ],
[ 1, 2, 4, 5, 6, 7, 11, 12, 14, 15, 16, 19, 21, 22, 23, 26, 29, 31, 35, 41, 
  44, 46, 51, 54, 56, 57, 58, 64 ],
[ 1, 2, 4, 5, 6, 7, 11, 12, 14, 15, 16, 19, 21, 22, 23, 26, 29, 31, 35, 41, 
  43, 45, 46, 51, 54, 56, 57, 58 ],
[ 1, 2, 4, 5, 6, 7, 11, 12, 14, 15, 16, 19, 21, 22, 23, 26, 29, 31, 35, 41, 
  43, 44, 46, 51, 54, 56, 57, 59 ],
[ 1, 2, 4, 5, 6, 7, 11, 12, 14, 15, 16, 18, 19, 21, 22, 26, 29, 31, 35, 39, 
  45, 46, 51, 54, 56, 58, 60, 64 ],
[ 1, 2, 4, 5, 6, 7, 11, 12, 14, 15, 16, 18, 19, 21, 22, 26, 29, 31, 35, 39, 
  44, 46, 51, 54, 56, 59, 60, 64 ],
[ 1, 2, 4, 5, 6, 7, 11, 12, 14, 15, 16, 18, 19, 21, 22, 26, 29, 31, 35, 39, 
  43, 45, 46, 51, 54, 56, 59, 60 ],
[ 1, 2, 4, 5, 6, 7, 11, 12, 14, 15, 16, 18, 19, 21, 22, 23, 26, 29, 31, 35, 
  39, 45, 46, 51, 54, 56, 59, 64 ],
[ 1, 2, 4, 5, 6, 7, 11, 12, 13, 16, 18, 19, 21, 22, 26, 28, 29, 31, 33, 36, 
  37, 38, 45, 57, 58, 60, 61, 64 ],
[ 1, 2, 4, 5, 6, 7, 11, 12, 13, 16, 18, 19, 21, 22, 26, 28, 29, 31, 33, 36, 
  37, 38, 43, 45, 57, 59, 60, 61 ],
[ 1, 2, 4, 5, 6, 7, 11, 12, 13, 15, 16, 19, 21, 22, 26, 28, 29, 31, 33, 37, 
  39, 41, 45, 56, 58, 60, 61, 64 ],
[ 1, 2, 4, 5, 6, 7, 11, 12, 13, 15, 16, 19, 21, 22, 26, 28, 29, 31, 33, 37, 
  39, 41, 43, 45, 56, 59, 60, 61 ],
[ 1, 2, 4, 5, 6, 7, 11, 12, 13, 14, 15, 16, 19, 21, 22, 26, 29, 31, 33, 41, 
  45, 46, 51, 56, 57, 58, 60, 64 ],
[ 1, 2, 4, 5, 6, 7, 11, 12, 13, 14, 15, 16, 19, 21, 22, 26, 29, 31, 33, 41, 
  44, 46, 51, 56, 57, 59, 60, 64 ],
[ 1, 2, 4, 5, 6, 7, 11, 12, 13, 14, 15, 16, 19, 21, 22, 26, 29, 31, 33, 41, 
  43, 45, 46, 51, 56, 57, 59, 60 ],
[ 1, 2, 4, 5, 6, 7, 11, 12, 13, 14, 15, 16, 19, 21, 22, 23, 26, 29, 31, 33, 
  41, 45, 46, 51, 56, 57, 59, 64 ],
[ 1, 2, 4, 5, 6, 7, 11, 12, 13, 14, 15, 16, 19, 21, 22, 23, 26, 28, 29, 31, 
  33, 36, 39, 41, 44, 58, 61, 64 ],
[ 1, 2, 4, 5, 6, 7, 11, 12, 13, 14, 15, 16, 19, 21, 22, 23, 26, 28, 29, 31, 
  33, 36, 39, 41, 43, 44, 59, 61 ],
[ 1, 2, 4, 5, 6, 7, 11, 12, 13, 14, 15, 16, 18, 19, 21, 22, 26, 29, 31, 33, 
  39, 43, 44, 46, 51, 56, 58, 60 ],
[ 1, 2, 4, 5, 6, 7, 11, 12, 13, 14, 15, 16, 18, 19, 21, 22, 23, 26, 29, 31, 
  33, 39, 44, 46, 51, 56, 58, 64 ],
[ 1, 2, 4, 5, 6, 7, 11, 12, 13, 14, 15, 16, 18, 19, 21, 22, 23, 26, 29, 31, 
  33, 39, 43, 45, 46, 51, 56, 58 ],
[ 1, 2, 4, 5, 6, 7, 11, 12, 13, 14, 15, 16, 18, 19, 21, 22, 23, 26, 29, 31, 
  33, 39, 43, 44, 46, 51, 56, 59 ],
[ 1, 2, 3, 7, 12, 14, 16, 18, 19, 20, 21, 22, 23, 26, 29, 30, 32, 35, 37, 39, 
  40, 42, 44, 48, 51, 59, 60, 63 ],
[ 1, 2, 3, 7, 12, 13, 14, 16, 18, 19, 20, 21, 22, 26, 29, 30, 32, 37, 39, 40, 
  42, 43, 44, 45, 48, 51, 53, 60 ],
[ 1, 2, 3, 7, 11, 12, 14, 16, 18, 19, 20, 21, 22, 26, 29, 35, 37, 39, 40, 42, 
  43, 44, 45, 48, 51, 52, 60, 63 ],
[ 1, 2, 3, 7, 11, 12, 13, 14, 16, 18, 19, 20, 21, 22, 23, 26, 29, 37, 39, 40, 
  42, 44, 48, 51, 52, 53, 59, 60 ],
[ 1, 2, 3, 5, 7, 11, 12, 16, 19, 20, 21, 22, 23, 25, 26, 29, 31, 35, 36, 39, 
  40, 41, 44, 51, 54, 56, 58, 60 ],
[ 1, 2, 3, 5, 7, 11, 12, 16, 17, 19, 20, 21, 22, 23, 25, 26, 29, 31, 35, 36, 
  41, 43, 44, 45, 51, 54, 56, 57 ],
[ 1, 2, 3, 5, 7, 11, 12, 13, 16, 19, 20, 21, 22, 23, 25, 26, 29, 31, 33, 36, 
  39, 40, 41, 45, 51, 56, 59, 60 ],
[ 1, 2, 3, 5, 7, 11, 12, 13, 16, 17, 19, 20, 21, 22, 25, 26, 29, 31, 33, 36, 
  41, 44, 45, 51, 56, 57, 60, 64 ],
[ 1, 2, 3, 4, 6, 7, 12, 16, 18, 19, 20, 21, 22, 23, 26, 28, 30, 32, 35, 37, 
  40, 43, 47, 51, 56, 58, 60, 63 ],
[ 1, 2, 3, 4, 6, 7, 12, 14, 16, 17, 19, 20, 21, 22, 26, 28, 30, 32, 35, 36, 
  41, 45, 47, 51, 58, 59, 60, 63 ],
[ 1, 2, 3, 4, 6, 7, 9, 12, 16, 17, 19, 20, 21, 22, 23, 26, 29, 30, 32, 35, 
  37, 41, 44, 47, 56, 58, 59, 63 ],
[ 1, 2, 3, 4, 6, 7, 9, 12, 14, 16, 18, 19, 20, 21, 22, 23, 26, 29, 30, 32, 
  35, 36, 40, 47, 59, 60, 63, 64 ]
];

